hour,hour_simulation,demand,wind_gen_max,solar_gen_max,_onshore_wind_turbine,_small_hydroelectric,_solar_photovoltaic,biomass,conventional_hydroelectric,conventional_steam_coal,geothermal,natural_gas_fired_combined_cycle,natural_gas_fired_combustion_turbine,natural_gas_steam_turbine,nuclear,charge_power,discharge_power,soc,power,net_demand,price,discharge_price_offer,charge_price_offer
1,1,74416.0324,38842.82059199,0.0,38842.82059199,1221.308,0.0,593.212,18047.949726764902,13193.236424875937,74.364,0.0,0.0,0.0,7405.999,4962.857343630855,0.0,4714.714476449312,-4962.857343630855,35573.21180801,17.188680000000016,17.188680000000016,17.188680000000016
2,2,72210.50153,38030.06865743,0.0,38030.06865743,1221.308,0.0,593.212,18036.905239885982,7269.002,74.364,0.0,0.0,0.0,7405.999,420.35736731599303,0.0,5114.053975399505,-420.35736731599303,34180.432872569996,16.2426,16.2426,16.2426
3,3,70688.45404,37148.191790837,0.0,37148.191790837,1221.308,0.0,593.212,18025.524905809543,7269.002,74.364,0.0,0.0,0.0,7405.999,1049.147656646568,0.0,6110.744249213747,-1049.147656646568,33540.262249162995,16.242599999999882,16.242599999999882,16.242599999999882
4,4,69973.15749,37889.723658714,0.0,37889.723658714,1221.308,0.0,593.212,18017.667919064825,7269.001999999995,74.364,0.0,0.0,0.0,7405.999,2498.1190877788217,0.0,8483.957382603629,-2498.1190877788217,32083.433831285998,16.242599999999843,16.242599999999843,16.242599999999843
5,5,70349.88961,31431.005356941,0.0,31431.005356941,1221.308,0.0,593.212,18006.9520578499,11617.049195209069,74.364,0.0,0.0,0.0,7405.999,0.0,0.0,8483.957382603627,0.0,38918.884253059,17.188680000000094,17.188680000000094,17.188680000000094
6,6,72030.36286,31835.582653345,0.0,31835.582653345,1221.308,0.0,593.212,17996.167800270978,14329.467839996802,74.364,0.0,0.0,0.0,7405.999,1425.7384336159666,0.0,9838.408894538796,-1425.7384336159666,40194.78020665499,16.242599999999996,16.242599999999996,16.242599999999996
7,7,73936.67205,16268.848343098998,33.0779,16268.848343098998,1221.308,33.0779,593.212,17988.29562625226,24452.49,74.364,448.76800000000003,257.0,0.0,7405.999,0.0,5193.3091806487455,4371.7676517506425,5193.3091806487455,57634.745806900995,34.78556000000001,34.78556000000001,34.78556000000001
8,8,75321.38606,14303.055300616,7304.6025394055,14303.055300616,1221.308,7304.6025394055,593.212,17977.449130811336,23433.948570000004,74.364,448.76800000000185,257.0,0.0,5554.4992500000335,0.0,4153.179269167128,0.0,4153.179269167128,53713.7282199785,35.45800000000039,35.45800000000039,35.45800000000039
9,9,76832.36121,16278.302254305001,36024.592788723996,16278.302254305001,1221.308,36024.592788723996,0.0,17966.63437885413,6063.424409999969,74.364,0.0,0.0,0.0,3702.9995000000213,4499.264121883112,0.0,4274.300915784727,-4499.264121883112,24529.466166971004,0.0,0.0,0.0
10,10,77985.49089,14344.563245731002,53108.2567555805,14344.563245731002,1221.308,53108.256755582246,0.0,17958.740231801203,0.0,74.364,0.0,0.0,0.0,1851.4997500000104,10573.241093114702,0.0,14318.879954243694,-10573.241093114702,10532.670888686756,0.0,0.0,0.0
11,11,78394.49629,17215.597239955,63182.458611897004,17215.597239955,1221.308,63182.458611897004,0.0,17948.20715625913,0.0,74.364,0.0,0.0,0.0,0.0,21247.43871811127,0.0,34503.9467364494,-21247.43871811127,-2003.5595618520092,0.0,0.0,0.0
12,12,78031.48803,19072.22038935,69060.380104279,19072.22038935,1221.308,69060.380104279,0.0,17937.28857522981,0.0,74.364,0.0,0.0,0.0,0.0,29334.073038858827,0.0,62371.31612336564,-29334.073038858827,-10101.112463629004,0.0,0.0,0.0
13,13,77287.8205,15661.084060830999,70189.8084554805,15661.084060830999,1221.308,70189.8084554805,0.0,17929.063307827448,0.0,74.364,0.0,0.0,0.0,0.0,27787.807324138957,0.0,88769.7330813107,-27787.807324138957,-8563.07201631149,0.0,0.0,0.0
14,14,76473.94467,13598.763599336999,67785.12318033101,13598.763599336999,1221.308,67785.12318033101,0.0,17918.15993014874,0.0,74.364,0.0,0.0,0.0,0.0,24123.77403981673,0.0,111687.31841914955,-24123.77403981673,-4909.942109668009,0.0,0.0,0.0
15,15,75980.28909,22383.865397419002,62449.1984433235,22383.865397419002,1221.308,62449.1984433235,0.0,17907.360469256964,0.0,74.364,0.0,0.0,0.0,1851.499749984327,29907.306969984013,0.0,140099.26004063437,-29907.306969984013,-8852.774750742494,0.0,0.0,0.0
16,16,77018.23234,24430.846540467996,48368.855645042495,24430.846540467996,1221.308,48368.855645042495,0.0,17899.456433426563,0.0,74.364,0.0,0.0,0.0,3702.9995000000104,18679.59777893708,0.0,157844.87793062459,-18679.59777893708,4218.530154489512,0.0,0.0,0.0
17,17,82181.02026,26277.278344052997,26203.400013534003,26277.278344052997,1221.308,26203.400013534003,0.0,17888.78290898184,7081.965839999965,74.364,0.0,0.0,0.0,5554.499250000001,2120.5780965688464,0.0,159859.427122365,-2120.5780965688464,29700.341902413005,3.4639999975010864,3.4639999975010864,3.4639999975010864
18,18,89617.95699,26584.279540192005,0.0,26584.279540192005,1221.308,0.0,593.212,17877.753594828915,24452.49,74.364,448.7680000000001,257.0,0.0,7405.999,0.0,10702.782854979083,148593.33990659757,10702.782854979083,63033.677449808005,35.45800000253622,35.45800000253622,35.45800000253622
19,19,90055.31114,27718.772000594,0.0,27718.772000594,1221.308,0.0,593.212,17869.834386288,25028.690000000002,74.364,701.2,257.0,0.0,7405.999,0.0,9184.931753117986,138924.99069278914,9184.931753117986,62336.539139406006,35.45800000261076,35.45800000261076,35.45800000261076
20,20,88743.49052,26069.489804484,0.0,26069.489804484,1221.308,0.0,593.212,17859.35004643079,25028.690000000002,74.364,701.2,257.0,0.0,7405.999,0.0,9532.877669085228,128890.38262006786,9532.877669085228,62674.000715516006,35.458000000000176,35.458000000000176,35.458000000000176
21,21,86511.95497,26569.422804416,0.0,26569.422804416,1221.308,0.0,593.212,17848.399603615868,25028.690000000002,74.364,469.10800000000006,257.0,0.0,7405.999,0.0,7044.451561968142,121475.17044957507,7044.451561968142,59942.53216558401,35.45800000256597,35.45800000256597,35.45800000256597
22,22,83560.57283,29680.010992597,0.0,29680.010992597,1221.308,0.0,593.212,17840.552504213138,25028.690000000002,74.364,56.5,0.0,0.0,7405.999,0.0,1659.936333166117,119727.86904624233,1659.936333166117,53880.561837403,30.763719999999925,30.763719999999925,30.763719999999925
23,23,79970.32251,26358.378496764002,0.0,26358.378496764002,1221.308,0.0,593.212,17829.34448953071,24452.49,74.364,36.16,257.0,0.0,7405.999,0.0,1742.0665237053017,117894.11481076306,1742.0665237053017,53611.944013235996,33.44188001862372,33.44188001862372,33.44188001862372
24,24,76154.16408,27810.743539739,0.0,27810.743539739,1221.308,0.0,593.212,17818.482806815788,14329.467839999968,74.364,0.0,0.0,0.0,7405.999,0.0,6900.586893445243,110630.33913345227,6900.586893445243,48343.420540261,17.188679999999948,17.188679999999948,17.188679999999948
25,25,73078.79779,26172.450658497,0.0,26172.450658497,1221.308,0.0,593.212,17810.62582007107,7269.002,74.364,0.0,0.0,0.0,7405.999,0.0,12531.836311431929,97438.93248983972,12531.836311431929,46906.347131503,17.18868,17.18868,17.18868
26,26,71365.24453,26522.973896692994,0.0,26522.973896692994,1221.308,0.0,593.212,17799.73761511815,10990.036882855766,74.364,0.0,0.0,0.0,7405.999,0.0,6757.613135333085,90325.65550527857,6757.613135333085,44842.270633307,17.188680000000012,17.188680000000012,17.188680000000012
27,27,70814.64972,24731.650205541,0.0,24731.650205541,1221.308,0.0,593.212,17789.017041603223,18999.09947285576,74.364,0.0,0.0,0.0,7405.999,0.0,0.0,90325.65550527857,0.0,46082.99951445901,17.188679999999867,17.188679999999867,17.188679999999867
28,28,71453.33622,22402.110189836,0.0,22402.110189836,1221.308,0.0,593.212,17781.268707258503,21319.989,74.364,0.0,0.0,0.0,7405.999,0.0,655.0853229054937,89636.09200748331,655.0853229054937,49051.226030164,17.851080000000074,17.851080000000074,17.851080000000074
29,29,73598.62895,25319.527802705998,0.0,25319.527802705998,1221.308,0.0,593.212,17770.548133743578,18550.891379691668,74.364,0.0,0.0,0.0,7405.999,0.0,2662.7786338587357,86833.16712973728,2662.7786338587357,48279.101147294,17.18868,17.18868,17.18868
30,30,77347.53878,30083.209910150996,0.0,30083.209910150996,1221.308,0.0,593.212,17759.70697646466,13310.926409999993,74.364,0.0,0.0,0.0,7405.999,0.0,6898.812483384321,79571.25925249062,6898.812483384321,47264.32886984901,17.188680000000026,17.188680000000026,17.188680000000026
31,31,81068.75926,31527.022310408996,107.6266,31527.022310408996,1221.308,107.6266,593.212,17751.76577294593,21319.989,74.364,0.0,0.0,0.0,7405.999,0.0,1067.4725766450829,78447.60390865369,1067.4725766450829,49434.11034959101,17.85108,17.85108,17.85108
32,32,83522.98891,28230.375740871994,7329.6004462815,28230.375740871994,1221.308,7329.6004462815,593.212,17740.888799192526,16628.224159999998,74.364,0.0,0.0,0.0,7405.999,0.0,4299.0167636539845,73922.3231048074,4299.0167636539845,47963.0127228465,25.514080000138193,25.514080000138193,25.514080000138193
33,33,85817.90811,25794.296757762,32328.466695693,25794.296757762,1221.308,32328.466695693,593.212,17730.12651464781,21.5,74.364,0.0,0.0,0.0,5554.49925,0.0,2500.134891897207,71290.60216596823,2500.134891897207,27695.144656545002,8.86328000000001,8.86328000000001,8.86328000000001
34,34,87781.52762,21651.981095338997,50575.629055505,21651.981095338997,1221.308,50575.629055505,11.235,17721.416325107373,0.0,74.364,0.0,0.0,0.0,3702.9994999999954,7177.405355951385,0.0,78109.13725412205,-7177.405355951385,15553.917469155997,4.544639999861785,4.544639999861785,4.544639999861785
35,35,88892.26786,19636.216446647,61005.1657037055,19636.216446647,1221.308,61005.1657037055,0.0,17711.13300389245,0.0,74.364,0.0,0.0,0.0,1851.499749999989,12607.419044244918,0.0,90086.18534615471,-12607.419044244918,8250.885709647511,0.0,0.0,0.0
36,36,88452.56846,16510.869293126998,66822.422505285,16510.869293126998,1221.308,66822.422505285,0.0,17700.47465944773,0.0,74.364,0.0,0.0,0.0,0.0,13876.869997859758,0.0,103269.21184412148,-13876.869997859758,5119.27666158801,0.0,0.0,0.0
37,37,87132.84128,13333.026554233,67223.56559848049,13333.026554233,1221.308,67223.56559848049,0.0,17692.414334432808,0.0,74.364,0.0,0.0,0.0,0.0,12411.837207146309,0.0,115060.45719091049,-12411.837207146309,6576.249127286501,0.0,0.0,0.0
38,38,85969.37053,14648.315354775,66646.7629330135,14648.315354774995,1221.308,66646.7629330135,0.0,17681.67711725389,0.0,74.364,0.0,0.0,0.0,1851.4997499999863,16154.556625042373,0.0,130407.28598470073,-16154.556625042373,4674.292242211508,0.0,0.0,0.0
39,39,85535.23003,16801.72525716,57965.7492083315,16801.72525716,1221.307999999995,57965.7492083315,0.0,17670.85260503516,0.0,74.364,0.0,0.0,0.0,3702.9994999999917,11901.768540526624,0.0,141713.96609820102,-11901.768540526624,10767.755564508509,0.0,0.0,0.0
40,40,86735.63443,15931.495002787,43274.5606906755,15931.495002787,1221.308,43274.5606906755,0.0,17662.807460020238,7081.965839999965,74.364,0.0,0.0,0.0,5554.499250000006,4065.36581348274,0.0,145576.06362100964,-4065.36581348274,27529.5787365375,3.464000000000488,3.464000000000488,3.464000000000488
41,41,91742.18259,18168.444048144003,19997.7720464005,18168.444048144003,1221.308,19997.7720464005,593.212,17652.13393557552,24452.49,74.364,448.7680000000001,257.0,0.0,7405.999,0.0,1470.691559879977,144027.9672421886,1470.691559879977,53575.966495455505,35.45800000000037,35.45800000000037,35.45800000000037
42,42,97902.12457,23654.411797241002,0.0,23654.411797241002,1221.308,0.0,593.212,17641.495492222595,25028.690000000002,74.364,701.2,257.0,0.0,7405.999,0.0,21324.444280536405,121581.18378899239,21324.444280536405,74247.712772759,35.458000002121665,35.458000002121665,35.458000002121665
43,43,98096.3493,27135.731841922003,0.0,27135.731841922003,1221.308,0.0,593.212,17633.601334981675,25028.68999999998,74.364,701.2,257.0,0.0,7405.999,0.0,18045.24312309631,102586.19102783834,18045.24312309631,70960.61745807799,35.45800000076828,35.45800000076828,35.45800000076828
44,44,96215.93881,32446.339191758,0.0,32446.339191758,1221.308,0.0,593.212,17622.049422062955,25028.690000000002,74.364,701.2,257.0,0.0,7405.999,0.0,10865.777196179053,91148.53082133408,10865.777196179053,63769.599618242006,35.45800000076461,35.45800000076461,35.45800000076461
45,45,92918.09051,32621.706106701,0.0,32621.706106701,1221.308,0.0,593.212,17611.32074622203,25028.690000000002,74.364,469.10800000000006,257.0,0.0,7405.999,0.0,7635.382657076967,83111.28591914779,7635.382657076967,60296.384403298995,35.45800000260027,35.45800000260027,35.45800000260027
46,46,87642.60542,37325.664200053,0.0,37325.664200053,1221.308,0.0,593.212,17603.64595026911,22914.730430000003,74.364,20.33999999999984,0.0,0.0,7405.999,0.0,483.34183967791523,82602.5050352763,483.34183967791523,50316.94121994701,17.851079999999925,17.851079999999925,17.851079999999925
47,47,81354.59286,38740.651738686,0.0,38740.651738686,1221.308,0.0,593.212,17592.799456224388,15278.064589999998,74.364,0.0,0.0,0.0,7405.999,0.0,448.1940750896065,82130.72179833987,448.1940750896065,42613.941121314005,17.85107999999989,17.85107999999989,17.85107999999989
48,48,75821.24486,42440.681590498,0.0,42440.681590498,1221.308,0.0,593.212,17581.990122609466,6503.69014689252,74.364,0.0,0.0,0.0,7405.999,0.0,0.0,82130.72179833987,0.0,33380.563269502,16.24259999999998,16.24259999999998,16.24259999999998
49,49,72364.80636,38290.864908401,0.0,38290.864908401,1221.308,0.0,593.212,17574.117955864745,7204.94049573423,74.364,0.0,0.0,0.0,7405.999,0.0,0.0,82130.72179833987,0.0,34073.941451599,16.24259999999997,16.24259999999997,16.24259999999997
50,50,70740.04802,42527.258798698,0.0,42527.258798698,1221.308,0.0,593.212,17563.521214749824,1354.3850065521592,74.364,0.0,0.0,0.0,7405.999,0.0,0.0,82130.72179833987,0.0,28212.789221302002,16.2426,16.2426,16.2426
51,51,70364.37787,44311.522857781994,0.0,44311.522857781994,1221.308,0.0,593.212,17552.6648774709,21.5,74.364,0.0,0.0,0.0,7405.999,816.1928652529118,0.0,82906.10502033014,-816.1928652529118,26052.855012218002,9.730500000000069,9.730500000000069,9.730500000000069
52,52,71250.29214,42566.527551645006,0.0,42566.527551645006,1221.308,0.0,593.212,17544.864783152178,1844.016805202824,74.364,0.0,0.0,0.0,7405.999,0.0,0.0,82906.10502033014,0.0,28683.764588355,16.24259999999979,16.24259999999979,16.24259999999979
53,53,74812.66165,36133.406758373,0.0,36133.406758373,1221.308,0.0,593.212,17533.914340337255,11850.457551289695,74.364,0.0,0.0,0.0,7405.999,0.0,0.0,82906.10502033014,0.0,38679.254891626995,17.188680000000033,17.188680000000033,17.188680000000033
54,54,81510.5306,36275.23195232201,0.0,36275.23195232201,1221.308,0.0,593.212,17522.56587393482,18417.849773743175,74.364,0.0,0.0,0.0,7405.999,0.0,0.0,82906.10502033014,0.0,45235.29864767799,17.18868,17.18868,17.18868
55,55,88783.07715,33708.527507696,83.4353,33708.527507696,1221.308,83.4353,593.212,17514.530506643412,24452.49,74.364,36.16,257.0,0.0,7405.999,0.0,3436.050835660616,79289.20940384528,3436.050835660616,54991.114342304,33.44188000000007,33.44188000000007,33.44188000000007
56,56,91938.46222,28793.031900239002,5045.2956992115005,28793.031900239002,1221.308,5045.2956992115005,593.212,17503.564892498693,24452.49,74.364,448.7680000000001,257.0,0.0,7405.999,0.0,6143.428728050799,72822.44232168655,6143.428728050799,58100.1346205495,35.4580000011867,35.4580000011867,35.4580000011867
57,57,92012.43398,31741.871905086,32258.868902977003,31741.871905086,1221.308,32258.868902977003,0.0,17493.15630098377,7081.9658399999935,74.364,0.0,0.0,0.0,5554.499250000001,3413.6002190467866,0.0,76065.362529781,-3413.6002190467866,28011.693171936997,3.4639999971709177,3.4639999971709177,3.4639999971709177
58,58,91997.70879,30444.310601095,49843.726915684005,30444.310601095,1221.308,49843.726915684005,0.0,17485.528524639052,0.0,74.364,0.0,0.0,0.0,3702.9995000000104,10774.528751418067,0.0,86301.16484362817,-10774.528751418067,11709.671273221,0.0,0.0,0.0
59,59,91742.92381,23042.908975025002,62336.618964988,23042.908975025002,1221.308,62336.618964988,0.0,17474.635010986123,0.0,74.364,0.0,0.0,0.0,1851.4997500000104,14258.410890999177,0.0,99846.65519007739,-14258.410890999177,6363.395869986991,0.0,0.0,0.0
60,60,90866.23539,19245.207923503003,67140.635136122,19245.207923503003,1221.308,67140.635136122,0.0,17463.825684645206,0.0,74.36399999999276,0.0,0.0,0.0,0.0,14279.1053542702,0.0,113411.80527663408,-14279.1053542702,4480.392330375005,0.0,0.0,0.0
61,61,90016.63056,18010.717306546998,69511.40214557899,18010.717306546998,1221.308,69511.40214557899,0.0,17456.010410326486,0.0,74.364,0.0,0.0,0.0,0.0,16257.171302452509,0.0,128856.11801396395,-16257.171302452509,2494.5111078740156,0.0,0.0,0.0
62,62,89378.51582,15845.453047063002,67602.82228259949,15845.453047063002,1221.308,67602.82228259949,0.0,17445.248124385565,0.0,74.364,0.0,0.0,0.0,1851.499750000009,14662.179384048084,0.0,142785.18842880963,-14662.179384048084,5930.240490337514,0.0,0.0,0.0
63,63,88807.63632,16384.382551598,59736.48511227599,16384.382551598,1221.308,59736.48511227599,0.0,17434.218810232633,0.0,74.364,0.0,0.0,0.0,3702.9995000000204,9746.121654106671,0.0,152044.00400021096,-9746.121654106671,12686.76865612602,0.0,0.0,0.0
64,64,89036.0303,16180.747604156,45687.615092811,16180.747604156,1221.308,45687.615092811,593.212,17425.775643026405,7081.965839999965,74.364,0.0,0.0,0.0,5554.4992500000335,4783.4571299934,0.0,156588.2882737047,-4783.4571299934,27167.667603032998,8.158280000000008,8.158280000000008,8.158280000000008
65,65,93426.10019,21126.251340704002,24692.375279647997,21126.251340704002,1221.308,24692.375279647997,593.212,17415.216071011477,24452.49,74.364,36.160000000000004,0.0,0.0,7405.999,3591.2755013634655,0.0,160000.0,-3591.2755013634655,47607.47356964799,30.763719999999815,30.763719999999815,30.763719999999815
66,66,99541.34726,23873.759961245996,0.0,23873.759961245996,1221.308,0.0,593.212,17404.354396966763,25028.690000000002,74.364,469.1080000000015,257.0,0.0,7405.999,0.0,23213.551901787192,135564.68220864507,23213.551901787192,75667.58729875399,35.45800000000038,35.45800000000038,35.45800000000038
67,67,99590.30032,26236.035142370994,0.0,26236.035142370994,1221.308,0.0,593.212,17396.366070075353,25028.690000000002,74.364,701.2,257.0,0.0,7405.999,0.0,20676.1261075536,113800.33893753606,20676.1261075536,73354.265177629,35.45800000259193,35.45800000259193,35.45800000259193
68,68,97643.25466,25465.586241669,0.0,25465.586241669,1221.308,0.0,593.212,17385.645496560428,25028.690000000002,74.364,701.2,257.0,0.0,7405.999,0.0,19510.24992177054,93263.23375672496,19510.24992177054,72177.66841833101,35.458000000762325,35.458000000762325,35.458000000762325
69,69,94350.78845,24009.465041824,0.0,24009.465041824,1221.308,0.0,593.212,17374.69506241571,25028.690000000002,74.364,701.2,257.0,0.0,7405.999,0.0,17684.855345760294,74647.5965506615,17684.855345760294,70341.32340817599,35.45800000000036,35.45800000000036,35.45800000000036
70,70,88925.63148,26334.015642201994,0.0,26334.015642201994,1221.308,0.0,593.212,17367.091028200786,25028.690000000002,74.364,469.10800052788954,257.0,0.0,7405.999,0.0,10174.843809069313,63937.23464637802,10174.843809069313,62591.615837798,35.45800000257954,35.45800000257954,35.45800000257954
71,71,82658.25139,27924.484456137,0.0,27924.484456137,1221.308,0.0,593.212,17356.29159062187,24452.49,74.364,36.160000000000004,0.0,0.0,7405.999,0.0,3593.942343241157,60154.137442966276,3593.942343241157,54733.76693386301,30.76372000000002,30.76372000000002,30.76372000000002
72,72,77344.61807,27760.169852078998,0.0,27760.169852078998,1221.308,0.0,593.212,17345.63795120314,22338.530430000003,74.364,0.0,0.0,0.0,7405.999,0.0,605.3968367178529,59516.87761484222,605.3968367178529,49584.448217921,17.851079999987174,17.851079999987174,17.851079999987174
73,73,74220.2415,29538.225552877,0.0,29538.225552877,1221.308,0.0,593.212,17337.822682762227,14233.742753966126,74.364,0.0,0.0,0.0,7405.999,0.0,3815.56751039463,55500.49076179524,3815.56751039463,44682.015947123,17.188679999999856,17.188679999999856,17.188679999999856
74,74,72603.02909,25671.406296238005,0.0,25671.406296238005,1221.308,0.0,593.212,17326.338409981985,7269.002,74.364,0.0,0.0,0.0,7405.999,0.0,13041.399383780004,41772.70193676366,13041.399383780004,46931.62279376199,17.18868,17.18868,17.18868
75,75,72157.75363,24734.844004734998,0.0,24734.844004734998,1221.308,0.0,593.212,17315.460083603066,7269.002,74.364,0.0,0.0,0.0,7405.999,0.0,13543.564541661952,27516.318208698372,13543.564541661952,47422.909625265005,17.188679999999998,17.188679999999998,17.188679999999998
76,76,73131.69371,26745.195409329,0.0,26745.195409329,1221.308,0.0,593.212,17307.48012052234,13310.92640999997,74.364,0.0,0.0,0.0,7405.999,0.0,6473.2087701486935,20702.4142401208,6473.2087701486935,46386.49830067101,17.188680000000126,17.188680000000126,17.188680000000126
77,77,76638.89243,26780.781805672,0.0,26780.781805672,1221.308,0.0,593.212,17296.67079418142,22338.53042999998,74.364,0.0,0.0,0.0,7405.999,0.0,928.0264001466039,19725.54434522964,928.0264001466039,49858.11062432801,17.586279407371478,17.586279407371478,17.586279407371478
78,78,83432.83785,26921.839648506,0.0,26921.839648506,1221.308,0.0,593.212,17285.94480232422,24452.49,74.364,36.160000000000004,257.0,0.0,7405.999,0.0,5184.520399169802,14268.154451366689,5184.520399169802,56510.998201493996,33.44188059262865,33.44188059262865,33.44188059262865
79,79,90763.90787,29088.328854344996,12.342500000000001,29088.328854344996,1221.308,12.342500000000001,593.212,17277.82078597129,25028.690000000002,74.364,469.10799999999995,257.0,0.0,7405.999,0.0,9335.734729683707,4441.065262225946,9335.734729683707,61663.236515655,35.45800000258372,35.45800000258372,35.45800000258372
80,80,93489.8175,31960.850456909,6259.009842244,31960.850456909,1221.308,6259.009842244,593.212,17267.41220173037,24452.49,74.364,36.160000000000004,0.0,0.0,7405.999,0.0,4219.011999116634,0.0,4219.011999116634,55269.957200847006,30.763720000001648,30.763720000001648,30.763720000001648
81,81,92934.38708,21307.210110314998,35732.18794710199,21307.210110314998,1221.308,35732.18794710199,593.212,17256.863940311647,11194.74183227137,74.364,0.0,0.0,0.0,5554.499250000001,0.0,0.0,0.0,0.0,35894.98902258302,16.242600000000035,16.242600000000035,16.242600000000035
82,82,92412.87162,20842.577506274003,53097.621315142,20842.577506274003,1221.308,53097.621315142,0.0,17248.92274267073,0.0,74.364,0.0,0.0,0.0,3702.999500000012,3774.9214440867654,0.0,3586.1753718803375,-3774.9214440867654,18472.672798584004,0.0,0.0,0.0
83,83,91829.0457,20342.836151115,63223.790635384496,20342.836151115,1221.308,63223.790635384496,0.0,17238.06639811771,0.0,74.364,0.0,0.0,0.0,1851.4997500000231,12122.81923461723,0.0,15102.853644766707,-12122.81923461723,8262.418913500507,0.0,0.0,0.0
84,84,91161.71805,18476.480800121,69118.152698951,18476.480800121,1221.308,69118.152698951,0.0,17227.257073173085,0.0,74.364,0.0,0.0,0.0,0.0,14955.844522245094,0.0,29310.905940899545,-14955.844522245094,3567.0845509279898,0.0,0.0,0.0
85,85,90537.78401,18265.269509787002,69589.914789265,18265.269509786995,1221.308,69589.914789265,0.0,17218.687975370653,0.0,74.364,0.0,0.0,0.0,0.0,15831.760264422674,0.0,44351.078192101086,-15831.760264422674,2682.599710947994,0.0,0.0,0.0
86,86,90045.53845,17118.274098933998,67072.47105454851,17118.274098933998,1221.308,67072.47105454851,0.0,17207.86346315193,0.0,74.364,0.0,0.0,0.0,0.0,12648.742166634487,0.0,56367.383250403844,-12648.742166634487,5854.793296517484,0.0,0.0,0.0
87,87,89543.66021,15610.069704803002,62308.8472596605,15610.069704803002,1221.308,62308.8472596616,0.0,17197.328959899,0.0,74.364,0.0,0.0,0.0,1851.499749999999,8719.757464363876,0.0,64651.15284154953,-8719.757464363876,11624.743245535406,0.0,0.0,0.0
88,88,90232.54783,16588.440345599,48299.7210019475,16588.440345599,1221.308,48299.7210019475,593.212,17189.31568255808,1546.2109886751846,74.364,0.0,0.0,0.0,3702.999499999987,0.0,1016.9763112202413,63580.65146131769,1016.9763112202413,25344.386482453498,16.242600000000014,16.242600000000014,16.242600000000014
89,89,94252.66448,24130.045057091003,25870.087288854,24130.045057091003,1221.308,25870.087288854,593.212,17178.61029043936,7110.465839999985,74.364,0.0,0.0,0.0,5554.499250000001,0.0,12520.072753615663,50401.62751014331,12520.072753615663,44252.532134055,15.570159997310707,15.570159997310707,15.570159997310707
90,90,99924.32513,32806.657794215,0.0,32806.657794215,1221.308,0.0,593.212,17167.74849668595,24452.49,74.364,448.76799999920246,257.0,0.0,7405.999,0.0,15496.777839099967,34089.22978477492,15496.777839099967,67117.667335785,35.45800000268845,35.45800000268845,35.45800000268845
91,91,99673.17638,43964.873248776006,0.0,43964.873248776006,1221.308,0.0,593.212,17159.656348007033,25028.690000000002,74.364,56.5,257.0,0.0,7405.999,0.0,3911.5737832169725,29971.783697178107,3911.5737832169725,55708.303131224,33.44187999999997,33.44187999999997,33.44187999999997
92,92,97459.75217,41812.250561008,0.0,41812.250561008,1221.308,0.0,593.212,17148.950955888307,24452.49,74.364,36.16,257.0,0.0,7405.999,0.0,4458.017653103705,25279.133536016314,4458.017653103705,55647.50160899201,33.44188000000006,33.44188000000006,33.44188000000006
93,93,93992.60466,43032.479544457005,0.0,43032.479544457005,1221.308,0.0,593.212,17138.44974074739,14329.467839999948,74.364,0.0,0.0,0.0,7405.999,0.0,10197.324534795662,14545.10770991562,10197.324534795662,50960.12511554299,17.188680000000183,17.188680000000183,17.188680000000183
94,94,88212.86988,45425.406793743,0.0,45425.406793743,1221.308,0.0,593.212,17130.75829882866,7269.002,74.364,0.0,0.0,0.0,7405.999,0.0,9092.819787428347,4973.718459991043,9092.819787428347,42787.463086257,17.18868000000007,17.18868000000007,17.18868000000007
95,95,81927.86001,52255.625840344,0.0,52255.625840344,1221.308,0.0,593.212,17119.15669098823,50.0,74.364,0.0,0.0,0.0,7405.999,0.0,3208.194478667785,1596.6716403407438,3208.194478667785,29672.234169656003,16.242599999995505,16.242599999995505,16.242599999995505
96,96,76536.68586,48563.561158729004,0.0,48563.561158729004,1221.308,0.0,593.212,17111.403642992645,50.0,74.364,0.0,0.0,0.0,7405.999,0.0,1516.8380583237067,0.0,1516.8380583237067,27973.124701270994,16.242600000000063,16.242600000000063,16.242600000000063
97,1,73327.46093,54730.730893283006,0.0,54730.730893283006,1221.308,0.0,593.212,17100.594310728586,0.0,74.364,0.0,0.0,0.0,7405.999,7798.747274009258,0.0,7408.809910308795,-7798.747274009258,18596.730036716996,9.730499999999935,9.730499999999935,9.730499999999935
98,2,71539.65734,56467.099151413,0.0,56467.099151413,1221.308,0.0,593.212,17089.628687913664,0.0,74.364,0.0,0.0,0.0,7405.999,11311.953499325913,0.0,18155.165734671325,-11311.953499325913,15072.558188587005,9.730499999999864,9.730499999999864,9.730499999999864
99,3,70959.18473,52873.904405569,0.0,52873.904405569,1221.308,0.0,593.212,17081.796768534743,0.0,74.364,0.0,0.0,0.0,7405.999,8291.399444103752,0.0,26031.99520656989,-8291.399444103752,18085.28032443099,9.730499999999807,9.730499999999807,9.730499999999807
100,4,72036.23853,50744.221588961,0.0,50744.221588961,1221.308,0.0,0.0,17070.972256316014,0.0,74.364,0.0,0.0,0.0,5554.49925,2629.126565276047,0.0,28529.66544358576,-2629.126565276047,21292.016941039,3.218400000000729,3.218400000000729,3.218400000000729
101,5,75544.17,47036.279596821,0.0,47036.279596821,1221.308,0.0,593.212,17060.172801275097,2152.83460190388,74.364,0.0,0.0,0.0,7405.999,0.0,0.0,28529.665443586164,0.0,28507.890403179,16.24259999999979,16.24259999999979,16.24259999999979
102,6,82381.86334,41993.969353012,0.0,41993.969353012,1221.308,0.0,593.212,17052.46606831789,7269.002,74.364,0.0,0.0,0.0,7405.999,0.0,6771.542918670122,21401.725529196563,6771.542918670122,40387.893986988,17.188679999999707,17.188679999999707,17.188679999999707
103,7,89665.90621,42887.045508875,78.4983,42887.045508875,1221.308,78.4983,593.212,17041.666623464964,7269.002,74.364,0.0,0.0,0.0,5554.499250000001,0.0,14946.310527658195,5668.767079030043,14946.310527658195,46700.362401125,17.188680000000087,17.188680000000087,17.188680000000087
104,8,92201.90966,45348.211358417,6128.964010571999,45348.211358417,1221.308,6128.964010571999,593.212,17030.76322832405,12716.758837608393,74.364,0.0,0.0,0.0,3702.999500000011,0.0,5385.328725078541,0.0,5385.328725078541,40724.734291011,17.18867999999972,17.18867999999972,17.18867999999972
105,9,91866.82677,45510.09795057999,33129.0677958545,42398.070150579995,1003.6670000000001,30465.103075161784,0.0,16074.122794258243,0.0,74.364,0.0,0.0,0.0,1851.4997499999681,0.0,0.0,0.0,0.0,19003.65354425822,0.0,0.0,0.0
106,10,91573.68633,37950.894092497,52555.3186996815,37950.894092497,1215.1800000000003,38715.482962479065,0.0,13617.76527502394,0.0,74.364,0.0,0.0,0.0,0.0,0.0,0.0,0.0,0.0,14907.30927502393,0.0,0.0,0.0
107,11,91043.46514,30799.734105511,63687.2580945765,30797.742705511002,1215.1800000000003,63589.86901487255,0.0,16526.300326536988,0.0,74.364,0.0,0.0,0.0,0.0,21159.990906920568,0.0,20101.99136157454,-21159.990906920568,-3344.1465803835526,0.0,0.0,0.0
108,12,90203.64591,30284.992740800997,70814.567893762,30284.992740800997,1184.4859999999999,70814.567893762,0.0,16855.996941341553,0.0,74.364,0.0,0.0,0.0,0.0,29010.761665904585,0.0,47662.21494418389,-29010.761665904585,-10895.914724562987,0.0,0.0,0.0
109,13,89581.74171,39010.691103719,71592.016760255,38806.88563811898,1221.308,71592.016760255,0.0,16895.401649064323,0.0,74.364,0.0,0.0,0.0,0.0,39008.234337438305,0.0,84720.03756475028,-39008.234337438305,-20817.160688373988,0.0,0.0,0.0
110,14,89035.53981,35736.020992784,70122.40514517149,35736.020992784,1221.308,67848.1218232002,0.0,16970.6327305456,0.0,74.364,0.0,0.0,0.0,0.0,32814.9077365298,0.0,115894.19991445358,-32814.9077365298,-14548.603005984194,0.0,0.0,0.0
111,15,88570.35796,39711.071391667996,62014.261407971004,39711.071391667996,482.83,62014.261407971,0.0,16963.585284292676,0.0,74.364,0.0,0.0,0.0,1851.4997499999681,32527.253873931648,0.0,146795.09109468863,-32527.253873931648,-13154.974839638999,0.0,0.0,0.0
112,16,89000.64101,31942.920146202,49006.02653619649,31942.920146202,1221.308,49006.026536199955,0.0,16952.92693845176,0.0,74.364,0.0,0.0,0.0,3702.999499999984,13899.904110853417,0.0,160000.0,-13899.904110853417,8051.694327598052,0.0,0.0,0.0
113,17,92928.22044,29468.079388683997,27128.620706452002,29468.079388683997,1221.308,27128.620706452002,593.212,16942.049966094546,7088.96584,74.364,0.0,0.0,0.0,5554.49925,0.0,4857.121288769488,154887.2407486637,4857.121288769488,36331.52034486401,15.57015999884496,15.57015999884496,15.57015999884496
114,18,99191.98356,36282.312693356,0.0,36282.31269328,1221.308,0.0,593.212,16934.051861479624,24452.49,74.364,448.76800016836705,257.0,0.0,7405.999,0.0,11522.478004994948,142758.31653287954,11522.478004994948,62909.67086671999,35.45800000115463,35.45800000115463,35.45800000115463
115,19,99517.21318,26983.860993475,0.0,26983.860993475,1221.308,0.0,593.212,16922.656356073392,25028.690000000002,74.364,469.108000154136,257.0,0.0,7405.999,0.0,20561.014830296022,121115.14302730479,20561.014830296022,72533.35218652501,35.45800000075373,35.45800000075373,35.45800000075373
116,20,97698.19658,51241.998294909004,0.0,51241.998294909004,1221.308,0.0,593.212,16912.044409194474,14905.667839999964,74.364,20.33999999999984,0.0,0.0,7405.999,0.0,5323.263035896565,115511.70825267682,5323.263035896565,46456.198285091,17.188679999999785,17.188679999999785,17.188679999999785
117,21,94708.25258,50344.21601089199,0.0,50344.21601089199,1221.308,0.0,593.212,16904.40000627955,7269.002,74.364,0.0,0.0,0.0,7405.999,0.0,10895.75156282845,104042.49608127846,10895.75156282845,44364.03656910801,17.18868000000011,17.18868000000011,17.18868000000011
118,22,89821.10558,50226.947540504,0.0,50226.947540504,1221.308,0.0,593.212,16893.57550133483,7269.002,74.364,0.0,0.0,0.0,7405.999,0.0,6136.6975381594675,97582.81446216145,6136.6975381594675,39594.158039496004,17.18868000000007,17.18868000000007,17.18868000000007
119,23,83462.46173,43801.335599106,0.0,43801.335599106,1221.308,0.0,593.212,16882.8701078199,7269.002,74.364,0.0,0.0,0.0,7405.999,0.0,6214.3710230725,91041.37127998687,6214.3710230725,39661.126130893994,17.18868000000009,17.18868000000009,17.18868000000009
120,24,78163.36646,46365.769242127004,0.0,46365.769242127004,1221.308,0.0,593.212,16874.754669540987,5627.959548332003,74.364,0.0,0.0,0.0,7405.999,0.0,0.0,91041.37127998997,0.0,31797.597217873,16.242599999999733,16.242599999999733,16.242599999999733
121,25,75183.78452,48724.880904597994,0.0,48724.880904597994,1221.308,0.0,593.212,16863.94533732226,300.0752780778914,74.364,0.0,0.0,0.0,7405.999,0.0,0.0,91041.37127999106,0.0,26458.903615402007,16.242599999997836,16.242599999997836,16.242599999997836
122,26,73479.93128,49894.813048469994,0.0,49894.813048469994,1221.308,0.0,593.212,16853.271811481347,21.5,74.364,0.0,0.0,0.0,7405.998999642338,2584.5365795936814,0.0,93496.68103060625,-2584.5365795936814,23585.11823153001,9.730499999971304,9.730499999971304,9.730499999971304
123,27,73111.02178,49905.657451456005,0.0,49905.657451456005,1221.308,0.0,593.212,16845.22666786262,21.5,74.364,0.0,0.0,0.0,7405.999,2956.245339320377,0.0,96305.11410296173,-2956.245339320377,23205.36432854399,9.730499999999601,9.730499999999601,9.730499999999601
124,28,74129.57282,46792.085851223,0.0,46792.085851223,1221.308,0.0,593.212,16834.692164609693,1207.911804167292,74.364,0.0,0.0,0.0,7405.999,0.0,0.0,96305.11410296478,0.0,27337.486968777004,16.242599999999953,16.242599999999953,16.242599999999953
125,29,77796.81678,45102.095445349,0.0,45102.095445349,1221.308,0.0,593.212,16823.187297968772,3847.0224977676626,74.364,0.0,0.0,0.0,7405.999,0.0,2729.6285389145487,93431.82090410737,2729.6285389145487,32694.721334650996,16.242599999999953,16.242599999999953,16.242599999999953
126,30,84678.70502,42083.815407896,0.0,42083.815407896,1221.308,0.0,593.212,16815.246094450045,14329.467839999996,74.364,0.0,0.0,0.0,7405.999,0.0,2155.292677652369,91163.09176973645,2155.292677652369,42594.889612103994,17.18868000000022,17.18868000000022,17.18868000000022
127,31,91958.78307,39546.803298142004,76.02980000000001,39546.803298142004,1221.308,76.02980000000001,593.212,16804.46862850913,24452.49,74.364,36.15999999999996,257.0,0.0,7405.999,0.0,1490.948343348877,89593.67246094816,1490.948343348877,52335.949971858005,33.44187999999993,33.44187999999993,33.44187999999993
128,32,94904.8555,38151.272797914,6290.458851524,38151.272797914,1221.308,6290.458851524,593.212,16793.856674356208,17392.02415999998,74.364,36.16000000000011,257.0,0.0,5554.499250000028,0.0,8540.699766205778,80603.46218073156,8540.699766205778,50463.123850562,33.441879999997525,33.441879999997525,33.441879999997525
129,33,94864.63688,36329.915447933,35440.142568891,36329.915447933,1221.308,35440.142568891,0.0,16785.91547671529,21.5,74.364,0.0,0.0,0.0,3702.9995000000185,0.0,1288.4918864606952,79247.15493182556,1288.4918864606952,23094.578863176,0.9354800000000543,0.9354800000000543,0.9354800000000543
130,34,94179.2969,33918.221147532,54246.084530978995,33918.221147532,1221.308,54246.084530978995,0.0,16775.13800489839,0.0,74.364,0.0,0.0,0.0,1851.499750000009,13907.318533409874,0.0,92459.10753856493,-13907.318533409874,6014.991221489006,0.0,0.0,0.0
131,35,93269.57133,25066.516793503,65524.034450957,25066.516793503,1221.308,65524.034450957,0.0,16764.432618655646,0.0,74.3639999999893,0.0,0.0,0.0,0.0,15381.084533115647,0.0,107071.1378450248,-15381.084533115647,2679.0200855400035,0.0,0.0,0.0
132,36,92102.07397,15771.322756715,71910.72260016251,15771.322756715,1221.308,71910.72260016251,0.0,16756.68429310272,0.0,74.364,0.0,0.0,0.0,0.0,13632.327679980239,0.0,120021.84914100605,-13632.327679980239,4420.028613122486,0.0,0.0,0.0
133,37,90953.76652,14166.95609679,72959.4140051735,14166.95609679,1221.308,72959.4140051735,0.0,16745.884839458,0.0,74.364,0.0,0.0,0.0,0.0,14214.160421421533,0.0,133525.30154135652,-14214.160421421533,3827.3964180365,0.0,0.0,0.0
134,38,90228.23949,13722.872857284,70949.80549926551,13722.872857284,1221.308,70949.80549926551,0.0,16735.075505843077,0.0,74.364,0.0,0.0,0.0,1851.4997491847462,14326.68612241174,0.0,147135.65335764765,-14326.68612241174,5555.561133450494,0.0,0.0,0.0
135,39,89612.14825,12843.850890792,62934.86170181751,12843.850890792,1221.308,62934.86170181751,0.0,16727.203331824352,0.0,74.364,0.0,0.0,0.0,3702.999499184759,7892.439173621,0.0,154633.47057258763,-7892.439173621,13833.435657390488,0.0,0.0,0.0
136,40,90138.4604,14325.888953163998,49176.8872895045,14325.888953163998,1221.308,49176.8872895045,593.212,16715.603024483917,7081.965839999969,74.364,0.0,0.0,0.0,5554.49924918477,4605.267956339289,0.0,159008.47513110994,-4605.267956339289,26635.684157331496,8.158279999577811,8.158279999577811,8.158279999577811
137,41,93851.7668,16904.717261032,27297.0363018935,16904.717261032,1221.308,27297.0363018935,593.212,16704.72605073051,24452.49,74.364,36.160000000000004,0.0,0.0,7405.9989999966665,838.2458136526799,0.0,159804.80865407997,-838.2458136526799,49650.0132370745,30.763719999999942,30.763719999999942,30.763719999999942
138,42,99187.04764,21507.729650238998,0.0,21507.729650238998,1221.308,0.0,593.212,16696.97300408579,25028.690000000002,74.364,469.1080000000013,257.0,0.0,7405.999,0.0,25932.66398567414,132507.26761652823,25932.66398567414,77679.31798976101,35.45800000000027,35.45800000000027,35.45800000000027
139,43,98771.96499,27951.905948386,0.0,27951.905948386,1221.308,0.0,593.212,16686.548573670865,25028.690000000002,74.364,701.2,257.0,0.0,7405.999,0.0,18851.73746794417,112663.33343974489,18851.73746794417,70820.05904161399,35.458000001158595,35.458000001158595,35.458000001158595
140,44,96438.11004,29977.305853608003,0.0,29977.305853608003,1221.308,0.0,593.212,16675.74913609195,25028.690000000002,74.364,701.2,257.0,0.0,7405.999,0.0,14503.282050300022,97396.72075521856,14503.282050300022,66460.804186392,35.45800000000069,35.45800000000069,35.45800000000069
141,45,93903.98381,29420.916145615,0.0,29420.916145615,1221.308,0.0,593.212,16667.892142073226,25028.690000000002,74.364,701.2,257.0,0.0,7405.999,0.0,12533.402522311773,84203.66546857459,12533.402522311773,64483.067664385,35.45800000069414,35.45800000069414,35.45800000069414
142,46,89596.62248,28552.266240872,0.0,28552.266240872,1221.308,0.0,593.212,16656.926526532305,25028.690000000002,74.364,469.1080000000013,257.0,0.0,7405.999,0.0,9337.748712595687,74374.45629742123,9337.748712595687,61044.35623912801,35.458000000000126,35.458000000000126,35.458000000000126
143,47,84330.85567,29609.179710091,0.0,29609.179710091,1221.308,0.0,593.212,16646.26817481358,24452.49,74.364,36.159999999999656,0.0,0.0,7405.999,0.0,4291.874785096844,69856.69336574034,4291.874785096844,54721.675959909,30.763719999999957,30.763719999999957,30.763719999999957
144,48,79746.8387,30515.545297077002,0.0,30515.545297077002,1221.308,0.0,593.212,16638.261985334662,22338.530429999995,74.364,0.0,0.0,0.0,7405.999,0.0,959.6179875895707,68846.56916827764,959.6179875895707,49231.293402922995,17.851080000000096,17.851080000000096,17.851080000000096
145,49,76278.03557,35392.769944166,0.0,35392.769944166,1221.308,0.0,593.212,16627.40030261974,13310.92640999997,74.364,0.0,0.0,0.0,7405.999,0.0,1652.0559132142744,67107.56294384156,1652.0559132142744,40885.26562583399,17.188679999999934,17.188679999999934,17.188679999999934
146,50,74171.06822,34391.687942965,0.0,34391.687942965,1221.308,0.0,593.212,16615.963077513505,7269.002,74.364,0.0,0.0,0.0,7405.999,0.0,6599.532199519859,60160.68694434698,6599.532199519859,39779.380277035,17.188680000000193,17.188680000000193,17.188680000000193
147,51,73227.72237,35987.741708174,0.0,35987.741708174,1221.308,0.0,593.212,16608.39756339858,7269.002,74.364,0.0,0.0,0.0,7405.999,0.0,4067.698098425813,55878.899472319805,4067.698098425813,37239.980661826005,17.18868000000007,17.18868000000007,17.18868000000007
148,52,73359.73587,34957.98004968,0.0,34957.98004968,1221.308,0.0,593.212,16597.50393870717,7269.002,74.364,0.0,0.0,0.0,7405.999,0.0,5240.366881611106,50362.72380746601,5240.366881611106,38401.75582032,17.188680000000105,17.188680000000105,17.188680000000105
149,53,74703.6799,36295.193056840995,0.0,36295.193056840995,1221.308,0.0,593.212,16586.538324562454,7269.002,74.364,0.0,0.0,0.0,7405.999,0.0,5258.063518598156,44827.92010367848,5258.063518598156,38408.48684315901,17.18867999999967,17.18867999999967,17.18867999999967
150,54,77662.51517,36781.119757382,0.0,36781.119757382,1221.308,0.0,593.212,16578.73822884753,7269.002,74.364,0.0,0.0,0.0,7405.999,0.0,7738.772183770483,36681.84412076219,7738.772183770483,40881.395412617996,17.188679999999906,17.188679999999906,17.188679999999906
151,55,81391.5758,34370.010443479005,25.178700000000003,34370.010443479005,1221.308,25.178700000000003,593.212,16568.25219510281,7269.002,74.364,0.0,0.0,0.0,7405.999,0.0,13864.249461418196,22087.89731926935,13864.249461418196,46996.386656521005,17.18867999999982,17.18867999999982,17.18867999999982
152,56,83969.62345,34598.872658422,6424.1267115185,34598.872658422,1221.308,6424.1267115185,593.212,16557.311641049888,17392.024159999997,74.364,36.160000000000004,257.0,0.0,7405.999,590.7547209903998,0.0,22649.114304210227,-590.7547209903998,42946.6240800595,33.44188,33.44188,33.44188
153,57,86322.94968,32410.844497148,35682.0752992865,32410.844497148,1221.308,35682.0752992865,0.0,16549.407612508967,21.5,74.364,0.0,0.0,0.0,5554.49924999999,5191.048978943454,0.0,27580.61083420651,-5191.048978943454,18230.029883565505,0.9354800000002828,0.9354800000002828,0.9354800000002828
154,58,87737.78157,22905.735648953,53742.6320952355,22905.735648953,1221.308,53742.6320952355,11.235,16538.983842390244,0.0,74.364,0.0,0.0,0.0,3702.999499999987,10459.476516578714,0.0,37517.11352495629,-10459.476516578714,11089.413825811505,4.544640000000122,4.544640000000122,4.544640000000122
155,59,87700.36474,18554.046439303,65327.2568517565,18554.046439303,1221.3080000022146,65327.2568517565,0.0,16528.033406849325,0.0,74.364,0.0,0.0,0.0,1851.499749999999,15856.14370791147,0.0,52580.45004747217,-15856.14370791147,3819.061448940505,0.0,0.0,0.0
156,60,86689.36025,20195.380352973,71559.66298766,20195.380352973,1221.308,71559.66298766,0.0,16519.526546908874,0.0,74.364,0.0,0.0,0.0,0.0,22880.881637541865,0.0,74317.28760313694,-22880.881637541865,-5065.683090633014,0.0,0.0,0.0
157,61,85265.55215,20973.420455921998,72466.43559668749,20973.420455921998,1221.308,72466.43559668749,0.0,16508.702034690166,0.0,74.364,0.0,0.0,0.0,0.0,25978.677937299683,0.0,98997.03164357164,-25978.677937299683,-8174.3039026094775,0.0,0.0,0.0
158,62,84066.06633,21657.275709371,69858.469058852,21657.275709371,1221.308,69858.469058852,0.0,16497.75159187524,0.0,74.364,0.0,0.0,0.0,0.0,25243.102030098264,0.0,122977.97857216498,-25243.102030098264,-7449.678438222996,0.0,0.0,0.0
159,63,83421.69157,22024.531552287,62800.906399786996,22024.531552287,1221.308,62800.906399786996,0.0,16489.983365230524,0.0,74.364,0.0,0.0,0.0,1851.4997499999681,21040.901497304534,0.0,142966.8349946043,-21040.901497304534,-1403.7463820740013,0.0,0.0,0.0
160,64,84275.02049,23110.053845948,49386.307450560504,23110.053845948,1221.308,49386.307450560504,0.0,16479.04270013911,0.0,74.364,0.0,0.0,0.0,3702.999499999979,9699.055006647592,0.0,152180.9372509195,-9699.055006647592,11778.65919349149,0.0,0.0,0.0
161,65,88457.01311,21141.13439531,27507.589505620996,21141.13439531,1221.308,27507.589505620996,593.212,16468.44595902419,14884.16783999996,74.364,20.339999999999712,0.0,0.0,5554.49925,0.0,991.9521600466586,151136.77708244932,991.9521600466586,39808.289209069,17.188679999999845,17.188679999999845,17.188679999999845
162,66,94441.16456,23977.485756917995,0.0,23977.485756917995,1221.308,0.0,593.212,16460.57379227947,25028.690000000002,74.364,469.10799999999597,257.0,0.0,7405.999,0.0,18953.424010800973,131185.80443950093,18953.424010800973,70463.678803082,35.458000001163455,35.458000001163455,35.458000001163455
163,67,94451.46117,24729.593907091003,0.0,24729.593907091003,1221.308,0.0,593.212,16450.144649564547,25028.690000000002,74.364,701.2,257.0,0.0,7405.999,0.0,17989.949613344408,112249.01537282261,17989.949613344408,69721.86726290899,35.45800000080821,35.45800000080821,35.45800000080821
164,68,92745.41769,32206.970604828,0.0,32206.970604828,1221.308,0.0,593.212,16439.28831228563,25028.690000000002,74.364,469.10800000000006,257.0,0.0,7405.999,0.0,9049.477772887598,102723.24929609883,9049.477772887598,60538.447085172,35.458000000807566,35.458000000807566,35.458000000807566
165,69,90499.74989,36468.607501779006,0.0,36468.607501779006,1221.308,0.0,593.212,16431.243168666904,25028.690000000002,74.364,56.5,0.0,0.0,7405.999,0.0,3219.8262195526986,99333.95853867494,3219.8262195526986,54031.142388221,30.76372000000005,30.76372000000005,30.76372000000005
166,70,86981.17811,34979.169698797996,0.0,34979.169698797996,1221.308,0.0,593.212,16419.86284186447,24264.890000000003,74.364,20.339999999999883,0.0,0.0,7405.999,0.0,2002.0325693375576,97226.5558341091,2002.0325693375576,52002.008411202,25.51408000000012,25.51408000000012,25.51408000000012
167,71,82255.24198,29795.926389587996,0.0,29795.926389587996,1221.308,0.0,593.212,16409.085377319752,24452.49,74.364,36.1599999999968,257.0,0.0,7405.999,0.0,2009.6972130906179,95111.08508348737,2009.6972130906179,52459.31559041201,33.44188000000011,33.44188000000011,33.44188000000011
168,72,78071.13497,32893.429543017,0.0,32893.429543017,1221.308,0.0,593.212,16401.065301066825,14329.467839999948,74.364,0.0,0.0,0.0,7405.999,0.0,5152.289285917499,89687.62267725842,5152.289285917499,45177.705426983,17.188679999998605,17.188679999998605,17.188679999998605
169,73,75235.04456,29912.189245609,0.0,29912.189245609,1221.308,0.0,593.212,16390.514307125908,7269.002,74.364,0.0,0.0,0.0,7405.999,0.0,12368.4560072635,76668.19530119159,12368.4560072635,45322.855314390996,17.18867999999793,17.18867999999793,17.18867999999793
170,74,73310.40069,29707.555358956,0.0,29707.555358956,1221.308,0.0,593.212,16379.808915007183,7269.002,74.364,0.0,0.0,0.0,7405.999,0.0,10659.15141603801,65448.035915888424,10659.15141603801,43602.845331043995,17.18867999999803,17.18867999999803,17.18867999999803
171,75,72390.03555,30000.326040202996,0.0,30000.326040202996,1221.308,0.0,593.212,16371.711309853774,7269.002,74.364,0.0,0.0,0.0,7405.999,0.0,9454.113199943227,55496.33781068503,9454.113199943227,42389.709509797,17.188680000000105,17.188680000000105,17.188680000000105
172,76,72504.87632,34178.873743343,0.0,34178.873743343,1221.308,0.0,593.212,16360.854965300849,7269.002,74.364,0.0,0.0,0.0,7405.999,0.0,5401.2626113561655,49810.79821978381,5401.2626113561655,38326.002576656996,17.18868000000007,17.18868000000007,17.18868000000007
173,77,73683.42715,33054.130102878,0.0,33054.130102878,1221.308,0.0,593.212,16350.149580456131,7269.002,74.364,0.0,0.0,0.0,7405.999,0.0,7715.26246666587,41689.46930750394,7715.26246666587,40629.297047122,17.188679999999938,17.188679999999938,17.188679999999938
174,78,76134.64211,28988.367210303997,0.0,28988.367210303997,1221.308,0.0,593.212,16350.149580456131,14329.467839999965,74.364,0.0,0.0,0.0,7405.999,0.0,7171.77447923812,34140.23301356908,7171.77447923812,47146.274899696,17.188679999999984,17.188679999999984,17.188679999999984
175,79,79364.97818,25125.039508576003,0.0,25125.039508576003,1221.308,0.0,593.212,16350.149580456131,24452.49,74.364,36.160000000000004,257.0,0.0,7405.999,0.0,3849.256090967863,30088.384496760802,3849.256090967863,54239.938671424,33.44188000000003,33.44188000000003,33.44188000000003
176,80,81814.79513,28994.045257080998,6026.052331673001,28994.045257080998,1221.308,6026.052331673001,593.212,16350.149580456131,17392.02416000003,74.364,36.16000000000011,257.0,0.0,5554.49924999999,0.0,5315.980550787739,24492.6154959316,5315.980550787739,46794.697541245994,33.4418800000001,33.4418800000001,33.4418800000001
177,81,84138.40553,30167.340305539,34809.9503068775,30167.340305539,1221.308,34809.9503068775,0.0,16350.149580456131,21.5,74.364,0.0,0.0,0.0,3702.999499999979,2209.2061628726183,0.0,26591.361350660587,-2209.2061628726183,19161.1149175835,0.0,0.0,0.0
178,82,85067.81814,28629.186000620997,54561.97614978,28629.186000620997,1221.308000002386,54561.97614978,0.0,16350.149580456131,0.0,74.364,0.0,0.0,0.0,1851.4997499999681,17620.66534085993,0.0,43330.99342447752,-17620.66534085993,1876.6559895990067,0.0,0.0,0.0
179,83,84919.22907,25243.656799464,65702.3360092235,25243.656799464,1221.308,65702.3360092235,0.0,16350.149580456131,0.0,74.364,0.0,0.0,0.0,0.0,23672.585319143647,0.0,65819.94947766399,-23672.585319143647,-6026.763738687492,0.0,0.0,0.0
180,84,84148.69028,17841.96234636,71620.588888166,17841.96234636,1221.3079999999973,71620.588888166,0.0,16350.149580456131,0.0,74.364,0.0,0.0,0.0,0.0,22959.68253498213,0.0,87631.64788589701,-22959.68253498213,-5313.8609545260115,0.0,0.0,0.0
181,85,82953.94305,15252.922992981,71770.83845543601,15252.922992981,1221.308,71770.838455438,0.0,16350.149580456131,0.0,74.364,0.0,0.0,0.0,0.0,21715.63997887545,0.0,108261.50586582869,-21715.63997887545,-4069.8183984189964,0.0,0.0,0.0
182,86,81898.926,14871.996661221001,67995.08068444449,14871.996661221001,1221.308,67995.08068444446,0.0,16350.149580456131,0.0,74.364,0.0,0.0,0.0,0.0,18613.972926121598,0.0,125944.7801456442,-18613.972926121598,-968.1513456654502,0.0,0.0,0.0
183,87,81217.89119,16365.794498364998,59855.065313505,16365.794498364998,1221.308,59855.065313505,0.0,16350.149580456131,0.0,74.364,0.0,0.0,0.0,1851.4997499999654,14500.28995232612,0.0,139720.055600354,-14500.28995232612,4997.031378129999,0.0,0.0,0.0
184,88,82421.62555,13642.331048211001,48595.788025760005,13642.331048211001,1221.308,48595.788025760005,0.0,16350.149580456804,21.5,74.364,0.0,0.0,0.0,3702.9994999999763,1186.814604429463,0.0,140847.529474562,-1186.814604429463,20183.506476028997,0.0,0.0,0.0
185,89,87133.7625,12063.764756204999,27413.92296444,12063.764756204999,1221.308,27413.92296444,593.212,16350.149580456131,17392.02416000003,74.364,448.76800000000134,257.0,0.0,5554.499249999987,0.0,5764.74978889883,134779.3718020369,5764.74978889883,47656.074779354996,34.377359999999804,34.377359999999804,34.377359999999804
186,90,94838.35945,12462.707956761,0.0,12462.707956761,1221.308,0.0,593.212,16350.149580456131,25028.690000000002,74.364,701.2,257.0,0.0,7405.999,0.0,30743.728912782903,102417.55189384439,30743.728912782903,82375.651493239,35.458000000000574,35.458000000000574,35.458000000000574
187,91,96107.7855,13065.143189808,0.0,13065.143189808,1221.308,0.0,593.212,16350.149580456131,25028.690000000002,74.364,701.2,257.0,0.0,7405.999,0.0,31410.71972973438,69353.63638886083,31410.71972973438,83042.642310192,35.45800000074473,35.45800000074473,35.45800000074473
188,92,94709.06893,18308.055405080002,0.0,18308.055405080002,1221.308,0.0,593.212,16350.149580456131,25028.690000000002,74.364,701.2,257.0,0.0,7405.999,0.0,24769.09094446388,43280.909078898854,24769.09094446388,76401.01352492,35.458000000001235,35.458000000001235,35.458000000001235
189,93,91918.30357,25079.434104084,0.0,25079.434104084,1221.308,0.0,593.212,16350.149580456131,25028.690000000002,74.364,701.2,257.0,0.0,7405.999,0.0,15206.94688545989,27273.596567888446,15206.94688545989,66838.86946591601,35.45800000005455,35.45800000005455,35.45800000005455
190,94,87122.17576,24847.348347152998,0.0,24847.348347152998,1221.308,0.0,593.212,16350.149580456131,25028.690000000002,74.364,469.10800000000177,257.0,0.0,7405.999,0.0,10874.996832389414,15826.231481163595,10874.996832389414,62274.827412847,35.45800000115615,35.45800000115615,35.45800000115615
191,95,81491.65958,33269.429743846,0.0,33269.429743846,1221.308,0.0,593.212,16350.149580456131,14905.667839999995,74.364,20.33999999999981,0.0,0.0,7405.999,0.0,7651.189415696137,7772.347885694733,7651.189415696137,48222.22983615401,17.188680000000172,17.188680000000172,17.188680000000172
192,96,76964.91027,36667.145198132,0.0,36667.145198132,1221.308,0.0,593.212,16350.149580456131,7269.002,74.364,0.0,0.0,0.0,7405.999,0.0,7383.730491410159,0.0,7383.730491410159,40297.765071867994,17.188679999999945,17.188679999999945,17.188679999999945
193,1,74321.60111,39791.570590416,0.0,39791.570590416,1221.308,0.0,593.212,16350.149580456131,21319.988999997724,74.364,0.0,0.0,0.0,7405.999,12434.991060872127,0.0,11813.241507828521,-12434.991060872127,34530.030519584005,17.188679999999664,17.188679999999664,17.188679999999664
194,2,73105.73032,39555.582743254,0.0,39555.582743254,1221.308,0.0,593.212,16350.149580456131,21319.989,74.364,0.0,0.0,0.0,7405.999,13414.874003709992,0.0,24557.371811353143,-13414.874003709992,33550.147576746,17.188679999999323,17.188679999999323,17.188679999999323
195,3,72955.12123,41129.788547324,0.0,41129.788547324,1221.308,0.0,593.212,16350.149580456131,21319.988999997135,74.364,0.0,0.0,0.0,7405.999,15139.688897780126,0.0,38940.07626424441,-15139.688897780126,31825.332682676002,17.188679999999735,17.188679999999735,17.188679999999735
196,4,74392.43524,36642.739651316,0.0,36642.739651316,1221.308,0.0,593.212,16350.149580456131,21319.988999999983,74.364,0.0,0.0,0.0,7405.999,9215.325991772132,0.0,47694.635956427934,-9215.325991772132,37749.69558868401,17.188679999999728,17.188679999999728,17.188679999999728
197,5,78370.20317,32205.309556535,0.0,32205.309556535,1221.308,0.0,593.212,16350.149580456131,21487.35471476603,74.364,0.0,0.0,0.0,7405.999,967.4936817571688,0.0,48613.75495409725,-967.4936817571688,46164.89361346499,17.18868000000016,17.18868000000016,17.18868000000016
198,6,85946.83811,29713.860194064997,0.0,29713.860194064997,1221.308,0.0,593.212,16350.149580456131,24452.49,74.364,268.2519999999982,257.0,0.0,7405.999,0.0,5610.203335478875,42708.277758856326,5610.203335478875,56232.977915935,33.441879999999315,33.441879999999315,33.441879999999315
199,7,94173.00061,31573.097798413,0.0,31573.097798413,1221.308,0.0,593.212,16350.149580456131,25028.690000000002,74.364,701.2,257.0,0.0,7405.999,0.0,10967.980231130898,31163.035410297485,10967.980231130898,62599.902811587,35.457999999999686,35.457999999999686,35.457999999999686
200,8,96998.69175,33248.48245592,4495.8305424095,33248.48245592,1221.308,4495.8305424095,593.212,16350.149580456131,25028.690000000002,74.364,469.10799999996283,257.0,0.0,7405.999,0.0,7854.548171214403,22895.089966913903,7854.548171214403,59254.3787516705,35.457999999999785,35.457999999999785,35.457999999999785
201,9,96381.81386,34767.200856597,32221.044734415504,34767.200856597,1221.308,32221.044734415504,593.212,16350.149580456131,22914.730429999985,74.364,20.340000000000003,0.0,0.0,7405.999,19186.53474146864,0.0,41122.29797130911,-19186.53474146864,29393.56826898749,17.188679999999692,17.188679999999692,17.188679999999692
202,10,95289.54122,24294.330759266,51858.0943919835,24294.330759266,1221.308,51858.0943919835,593.212,16350.149580456131,15256.564589999994,74.364,0.0,0.0,0.0,5554.499249999986,19912.98135170564,0.0,60039.63025542947,-19912.98135170564,19137.116068750503,17.188679999998794,17.188679999998794,17.188679999998794
203,11,94126.78889,22332.700852559003,63259.257810278,22332.700852559003,1221.308,63259.257810278,11.235,16350.149580456131,0.0,74.364,0.0,0.0,0.0,3702.9994999999712,12825.225853293116,0.0,72223.59481605793,-12825.225853293116,8534.830227162987,4.544639999956457,4.544639999956457,4.544639999956457
204,12,92726.52868,20126.454399017,70227.91345124051,20126.454399017,1221.308,70227.91345124616,0.0,16350.149580456131,0.0,74.364,0.0,0.0,0.0,1851.49974999996,17125.160500719532,0.0,88492.49729174149,-17125.160500719532,2372.160829736851,0.0,0.0,0.0
205,13,91697.17072,18497.546201103003,71149.2029193515,18497.546201103003,1221.308,71149.20291936371,0.0,16350.14958044976,0.0,74.364,0.0,0.0,0.0,1851.4997499999572,17446.899730916855,0.0,105067.0520361125,-17446.899730916855,2050.421599533278,0.0,0.0,0.0
206,14,90652.71718,17644.32509459,69019.0481492905,17644.32509459,1221.308,69019.0481492905,11.235,16350.149580456131,0.0,74.364,0.0,0.0,0.0,3702.9994999999717,17370.71214433659,0.0,121569.22857323225,-17370.71214433659,3989.3439361195196,4.239699999999953,4.239699999999953,4.239699999999953
207,15,89956.18698,14530.409250888999,61366.104790935,14530.409251084999,1221.308,61366.104790935,593.212,16350.149580456131,13289.42640999997,74.364,0.0,0.0,0.0,5554.499249999988,23023.286302287022,0.0,143441.3505604049,-23023.286302287022,14059.672937979994,16.242599999999566,16.242599999999566,16.242599999999566
208,16,90652.5245,11992.380895654,47555.613890882996,11992.380895654,1221.308,47555.613890882996,593.212,16350.149580456131,22889.6544378438,74.364,0.0,0.0,0.0,7405.999,17430.157304836936,0.0,160000.0,-17430.157304836936,31104.529713463002,18.43970000000004,18.43970000000004,18.43970000000004
209,17,94873.43718,10638.069958320999,26238.180511781997,10638.069958320999,1221.308,26238.180511781997,593.212,16350.149580456131,24671.99586784381,74.364,268.2520000000001,257.0,0.0,7405.999,0.0,7154.906261595324,152468.5197246365,7154.906261595324,57997.186709897,32.58846000000027,32.58846000000027,32.58846000000027
210,18,101151.3893,13886.308340492,1.39355,13886.308340492,1221.308,1.39355,593.212,16350.149580456131,25028.690000000002,74.364,22031.637759999994,529.912,0.0,7405.999,0.0,14028.415069051884,137701.76702037136,14028.415069051884,87263.687409508,38.32754000000304,38.32754000000304,38.32754000000304
211,19,101386.9397,14978.065409565,0.0,14978.065409565,1221.308,0.0,593.212,16350.149580456131,25028.690000000002,74.364,701.2,257.0,0.0,7405.999,0.0,34776.95170997889,101094.44943091989,34776.95170997889,86408.87429043501,35.457999999999956,35.457999999999956,35.457999999999956
212,20,99497.24077,17471.151743159,0.0,17471.151743159,1221.308,0.0,593.212,16350.149580456131,25028.690000000002,74.364,701.2,257.0,0.0,7405.999,0.0,30394.166446384876,69100.59001367266,30394.166446384876,82026.089026841,35.457999999999785,35.457999999999785,35.457999999999785
213,21,96186.50052,21389.718240920003,0.0,21389.718240920003,1221.308,0.0,593.212,16350.149580456131,25028.690000000002,74.364,701.2,257.0,0.0,7405.999,0.0,23164.85969862388,44716.527173015886,23164.85969862388,74796.78227908,35.45799999998444,35.45799999998444,35.45799999998444
214,22,90557.6314,24200.021497989,0.0,24200.021497989,1221.308,0.0,593.212,16350.149580456131,25028.690000000002,74.364,701.2,257.0,0.0,7405.999,0.0,14725.687321554113,29215.80367664314,14725.687321554113,66357.609902011,35.45799999999963,35.45799999999963,35.45799999999963
215,23,83987.34812,26794.260108112,0.0,26794.260108112,1221.308,0.0,593.212,16350.149580456131,25028.690000000002,74.364,469.10800000000006,257.0,0.0,7405.999,0.0,5793.257431435679,23117.637959342606,5793.257431435679,57193.088011887994,35.45799999999965,35.45799999999965,35.45799999999965
216,24,78869.95082,30220.799396444996,0.0,30220.799396444996,1221.308,0.0,593.212,16350.149580456131,24264.890000000003,74.364,20.340000000000014,0.0,0.0,7405.999,1281.1111569014422,0.0,24334.693558398976,-1281.1111569014422,48649.151423555,17.851079999999158,17.851079999999158,17.851079999999158
217,25,75940.63216,25999.171856169,0.0,25999.171856169,1221.308,0.0,593.212,16350.149580456131,25028.690000000002,74.364,36.160000000000004,257.0,0.0,7405.999,1025.4222766251405,0.0,25308.844721192858,-1025.4222766251405,49941.460303830994,33.17707999999928,33.17707999999928,33.17707999999928
218,26,74406.89673,27058.657296225,0.0,27058.657296225,1221.308,0.0,593.212,16350.149580456131,24264.88999999999,74.364,0.0,0.0,0.0,7405.999,2561.6831466811345,0.0,27742.443710539937,-2561.6831466811345,47348.239433774994,17.851080000000373,17.851080000000373,17.851080000000373
219,27,74074.33744,25414.36845501,0.0,25414.36845501,1221.308,0.0,593.212,16350.14958045613,24264.88999999999,74.364,20.339999999999563,0.0,0.0,7405.999,1270.2935954661268,0.0,28949.222626232757,-1270.2935954661268,48659.96898499,17.851079999999143,17.851079999999143,17.851079999999143
220,28,75370.45112,25046.27434404,0.0,25046.27434404,1221.308,0.0,593.212,16350.149580456131,25028.690000000002,74.364,56.5,257.0,0.0,7405.999,663.0458044961357,0.0,29579.116140504084,-663.0458044961357,50324.17677596,33.423040000001556,33.423040000001556,33.423040000001556
221,29,79331.18022,30295.337096263,0.0,30295.337096263,1221.308,0.0,593.212,16350.149580456131,24264.890000000003,74.364,20.340000000000003,0.0,0.0,7405.999,894.4194567192997,0.0,30428.814624387418,-894.4194567192997,49035.843123736995,17.851079999999136,17.851079999999136,17.851079999999136
222,30,86811.42499,30006.599752828,0.0,30006.599752828,1221.308,0.0,593.212,16350.149580456131,25028.690000000002,74.364,469.10800000000006,257.0,0.0,7405.999,0.0,5404.994656715866,24739.346564686508,5404.994656715866,56804.825237172,35.4579999999861,35.4579999999861,35.4579999999861
223,31,94974.22361,30906.700098855003,0.0,30906.700098855003,1221.308,0.0,593.212,16350.149580456131,25028.690000000002,74.364,701.2,257.0,0.0,7405.999,0.0,12435.60093068582,11649.24032185586,12435.60093068582,64067.523511145,35.4579999999993,35.4579999999993,35.4579999999993
224,32,97804.18821,28553.868857153997,6783.7104666265,28553.868857153997,1221.308,6783.7104666265,593.212,16350.149580456131,25028.690000000002,74.364,469.10799999999995,257.0,0.0,7405.999,0.0,11066.778305763257,0.0,11066.778305763257,62466.608886219496,35.45800000000045,35.45800000000045,35.45800000000045
225,33,96526.28353,25121.077199025003,35817.0213955755,25121.077199025003,1221.308,35817.0213955755,593.212,16350.149580456131,14884.167839999951,74.364,20.339999999999854,0.0,0.0,5554.49924999999,3109.8557350565516,0.0,2954.3629483073782,-3109.8557350565516,35588.18493539949,16.24259999999886,16.24259999999886,16.24259999999886
226,34,94747.96249,21790.219299956,54461.52033717549,21790.219299956,1221.308,54461.52033717549,0.0,16350.149580456131,0.0,74.364,0.0,0.0,0.0,3702.999499999979,2852.598227587623,0.0,5664.33126451562,-2852.598227587623,18496.222852868523,0.0,0.0,0.0
227,35,93213.5369,19453.987798964,65814.1238368575,19453.987798964,1221.308,65814.12383685724,0.0,16350.149580456131,0.0,74.364,0.0,0.0,0.0,1851.4997499999681,11551.896066277364,0.0,16638.632527479116,-11551.896066277364,7945.425264178775,0.0,0.0,0.0
228,36,91926.88593,18505.226455363998,71840.708208386,18505.226455363998,1221.3079999959127,71840.708208386,0.0,16350.149580456131,0.0,74.364,0.0,0.0,0.0,0.0,16064.870314202039,0.0,31900.259325971056,-16064.870314202039,1580.9512662500056,0.0,0.0,0.0
229,37,90610.5756,17742.593956706998,72273.853707011,17742.593956706998,1221.308,72273.853707011,0.0,16350.149580456131,0.0,74.364,0.0,0.0,0.0,0.0,17051.693644174164,0.0,48099.36828793651,-17051.693644174164,594.1279362819914,0.0,0.0,0.0
230,38,89686.37683,18069.434857862,69736.40859635352,18069.434857862,1221.308,69736.40859635352,0.0,16350.149580456131,0.0,74.364,0.0,0.0,0.0,1851.4997499999681,17616.787954671607,0.0,64835.316844874535,-17616.787954671607,1880.5333757844783,0.0,0.0,0.0
231,39,88882.31793,18656.895551001995,63416.5395120825,18656.895551001995,1221.308,63416.5395120825,0.0,16350.14958045581,0.0,74.364,0.0,0.0,0.0,3702.9994999999717,14539.938213540638,0.0,78648.25814773771,-14539.938213540638,6808.882866915519,0.0,0.0,0.0
232,40,89667.94241,20502.130241071998,50068.1046917825,20502.130241071998,1221.3079999852405,50068.1046917825,0.0,16350.149580456131,7081.965840000005,74.364,0.0,0.0,0.0,5554.499249999982,11184.579193295864,0.0,89273.60838136807,-11184.579193295864,19097.707477145508,3.464000000000353,3.464000000000353,3.464000000000353
233,41,93904.89105,22859.744793378995,26605.303844985996,22859.744793378995,1221.308,26605.303844985996,593.212,16350.149580456131,24452.49,74.364,448.7679999999995,257.0,0.0,7405.999,6363.448168821102,0.0,95318.88414174812,-6363.448168821102,44439.842411635014,35.457999999996936,35.457999999996936,35.457999999996936
234,42,101031.4183,23891.112849172998,5.5071562575,23891.112849172998,1221.308,5.5071562575,593.212,16350.149580456131,25028.690000000002,74.364,701.2,257.0,0.0,7405.999,0.0,25502.8757141134,68473.75181110243,25502.8757141134,77134.7982945695,35.45800000000122,35.45800000000122,35.45800000000122
235,43,101921.1508,30415.150255218996,0.0,30415.150255218996,1221.308,0.0,593.212,16350.149580456131,25028.690000000002,74.364,701.2,257.0,0.0,7405.999,0.0,19874.077964311335,47553.66974340629,19874.077964311335,71506.00054478101,35.45799999999923,35.45799999999923,35.45799999999923
236,44,100446.2435,33257.572404159,0.0,33257.572404159,1221.308,0.0,593.212,16350.149580456131,25028.690000000002,74.364,701.2,257.0,0.0,7405.999,0.0,15556.748515384912,31178.14499036954,15556.748515384912,67188.671095841,35.45799999999875,35.45799999999875,35.45799999999875
237,45,97715.5882,33570.349759794,0.0,33570.349759794,1221.308,0.0,593.212,16350.149580456131,25028.690000000002,74.364,701.2,257.0,0.0,7405.999,0.0,12513.315859735983,18006.23355906849,12513.315859735983,64145.238440206,35.45799999999785,35.45799999999785,35.45799999999785
238,46,92445.14215,31578.623749314,0.0,31578.623749314,1221.308,0.0,593.212,16350.149580456131,25028.690000000002,74.364,469.10800000003655,257.0,0.0,7405.999,0.0,9466.687820229803,8041.299011458168,9466.687820229803,60866.518400686,35.458000000000055,35.458000000000055,35.458000000000055
239,47,86314.82949,36291.609507515,0.0,36291.609507515,1221.308,0.0,593.212,16350.149580456131,24264.890000000003,74.364,20.33999999999981,0.0,0.0,7405.999,0.0,92.95740202888987,7943.4491145856555,92.95740202888987,50023.219982485,25.514080000000064,25.514080000000064,25.514080000000064
240,48,81225.44725,39440.901003877996,0.0,39440.901003877996,1221.308,0.0,593.212,16350.149580456131,16139.513665665849,74.364,0.0,0.0,0.0,7405.999,0.0,0.0,7943.449114585634,0.0,41784.546246122,17.18868000000238,17.18868000000238,17.18868000000238
241,49,78255.44481,42210.335943508006,0.0,42210.335943508006,1221.308,0.0,593.212,16350.149580456131,13274.486650126359,74.364,0.0,0.0,0.0,7405.999,2874.410364090485,0.0,10674.138960471595,-2874.410364090485,36045.108866491995,17.18868000000007,17.18868000000007,17.18868000000007
242,50,76768.73467,42476.060693102,0.0,42476.060693102,1221.308,0.0,593.212,16350.149580456131,21283.54924012637,74.364,0.0,0.0,0.0,7405.999,12635.907843684497,0.0,22678.25141197187,-12635.907843684497,34292.673976898004,17.18868000000031,17.18868000000031,17.18868000000031
243,51,76703.30164,42400.334294372,0.0,42400.334294372,1221.308,0.0,593.212,16350.149580456131,13274.486650126368,74.364,0.0,0.0,0.0,7405.999,4616.551884954497,0.0,27063.97570267864,-4616.551884954497,34302.96734562801,17.188680000000552,17.188680000000552,17.188680000000552
244,52,78140.54352,45113.483960084,0.0,45113.483960084,1221.308,0.0,593.212,16350.149580456131,21283.549240126347,74.364,0.0,0.0,0.0,7405.999,13901.522260666497,0.0,40270.42185031182,-13901.522260666497,33027.05955991601,17.18867999999975,17.18867999999975,17.18867999999975
245,53,82271.21753,44214.624055917,0.0,44214.624055917,1221.308,0.0,593.212,16350.149580456131,13310.92641,74.364,0.0,0.0,0.0,7405.999,899.3655163731486,0.0,41124.81909086631,-899.3655163731486,38056.593474083,16.791079999999546,16.791079999999546,16.791079999999546
246,54,89607.702,42172.476704935,0.0,42172.476704935,1221.308,0.0,593.212,16350.149580456131,22338.530429999995,74.364,0.0,0.0,0.0,7405.999,548.3377153911525,0.0,41645.739920487904,-548.3377153911525,47435.22529506501,17.58627999999983,17.58627999999983,17.58627999999983
247,55,97905.69047,39389.264601382,25.178700000000003,39389.264601382,1221.308,25.178700000000003,593.212,16350.149580456131,24452.49,74.364,36.16000000000011,257.0,0.0,7405.999,0.0,8100.564588161816,33118.82982768599,8100.564588161816,58491.24716861801,33.44188000000047,33.44188000000047,33.44188000000047
248,56,100921.336,37670.20364859299,2633.3888972405,37670.20364859299,1221.308,2633.3888972405,593.212,16350.149580456131,25028.690000000002,74.364,469.1079999999861,257.0,0.0,7405.999,0.0,9217.9128737104,23415.763644832943,9217.9128737104,60617.743454166506,35.45799999999883,35.45799999999883,35.45799999999883
249,57,99981.54204,33459.040355193996,23834.690793448004,33459.040355193996,1221.308,23834.690793448004,593.212,16350.149580456131,24264.890000000003,74.364,20.33999999999984,0.0,0.0,7405.999,7242.451689098116,0.0,30296.092749476153,-7242.451689098116,42687.810891358,22.679400936095956,22.679400936095956,22.679400936095956
250,58,98776.40851,30849.037340365,44664.2713630095,30849.037340365,1221.308,44664.2713630095,593.212,16350.149580456131,14307.967425436318,74.364,0.0,0.0,0.0,5554.499250000002,14838.400449266957,0.0,44392.573176279766,-14838.400449266957,23263.09980662549,16.242599999999243,16.242599999999243,16.242599999999243
251,59,96897.13322,32008.413638883,56399.18619827551,32008.413638883,1221.308,56399.18619827551,0.0,16350.149580456131,0.0,74.364,0.0,0.0,0.0,3702.9995000000226,12859.287697614642,0.0,56608.89648901368,-12859.287697614642,8489.533382841495,0.0,0.0,0.0
252,60,94979.47906,35026.41050107,62099.154128466005,35026.41050107,1221.308,62099.15412846598,0.0,16350.149580456118,0.0,74.364,0.0,0.0,0.0,1851.4997500000231,21643.40689999215,0.0,77170.13304400622,-21643.40689999215,-2146.085569535986,0.0,0.0,0.0
253,61,93393.17386,40818.519200884,62321.1727819625,40818.519200884,1221.308,62321.1727819625,0.0,16350.149580456131,0.0,74.364,0.0,0.0,0.0,0.0,27392.339703302743,0.0,103192.85576214382,-27392.339703302743,-9746.518122846508,0.0,0.0,0.0
254,62,92121.76206,40718.139990353004,59395.37944862551,40718.139990353004,1221.308,59395.37944862551,0.0,16350.149580456131,0.0,74.364,0.0,0.0,0.0,0.0,25637.578959434788,0.0,127548.55577360687,-25637.578959434788,-7991.7573789785165,0.0,0.0,0.0
255,63,91435.69721,38522.950704684,54899.65945112,38522.95070469324,1221.308,54899.65945112,0.0,16350.149580456131,0.0,74.364,0.0,0.0,0.0,1851.4997500000104,21484.23427626975,0.0,147958.57833606313,-21484.23427626975,-1986.9129458132447,0.0,0.0,0.0
256,64,92250.40662,36602.45296046801,44039.778792893994,36602.45296046801,1221.308,44039.778792893936,0.0,16350.149580456131,0.0,74.364,0.0,0.0,0.0,3702.99950000002,9740.646213818132,0.0,157212.19223919028,-9740.646213818132,11608.174866638052,0.0,0.0,0.0
257,65,96915.80489,34073.705853841006,22420.885152312003,34073.705853841006,1221.308,22420.885152312003,593.212,16350.149580456131,16607.34105339084,74.364,20.339999999999872,0.0,0.0,5554.499250000029,0.0,0.0,157212.19223919028,0.0,40421.21388384699,17.188679999999522,17.188679999999522,17.188679999999522
258,66,104016.1395,32085.215303098004,13.204936250000001,32085.215303098004,1221.308,13.204936250000001,593.212,16350.149580456127,25028.690000000002,74.364,469.10800000000006,257.0,0.0,7405.999,0.0,20517.888680195887,135614.41468108943,20517.888680195887,71917.719260652,35.45799999999925,35.45799999999925,35.45799999999925
259,67,104773.5791,31606.625542183,0.0,31606.625542183,1221.308,0.0,593.212,16350.149580456131,25028.690000000002,74.364,701.2,257.0,0.0,7405.999,0.0,21535.030977360948,112945.96102070966,21535.030977360948,73166.953557817,35.45799999999962,35.45799999999962,35.45799999999962
260,68,103245.764,30487.267602659,0.0,30487.267602659,1221.308,0.0,593.212,16350.149580456131,25028.690000000002,74.364,701.2,257.0,0.0,7405.999,0.0,21126.573816884855,90707.46226609637,21126.573816884855,72758.49639734099,35.457999999998464,35.457999999998464,35.457999999998464
261,69,100428.8655,36907.517349913,0.0,36907.517349913,1221.308,0.0,593.212,16350.149580456131,25028.690000000002,74.364,469.10800000000006,257.0,0.0,7405.999,0.0,12121.51756963087,77947.97008753753,12121.51756963087,63521.348150087,35.458000000000176,35.458000000000176,35.458000000000176
262,70,94980.16566,43274.282199915004,0.0,43274.282199915004,1221.308,0.0,593.212,16350.149580456131,24452.49,74.364,36.160000000000004,0.0,0.0,7405.999,0.0,1572.2008796288656,76293.02179319135,1572.2008796288656,51705.883460084995,30.76372000000012,30.76372000000012,30.76372000000012
263,71,88724.61071,41892.614951332,0.0,41892.614951332,1221.308,0.0,593.212,16350.149580456131,22338.530430000003,74.364,0.0,0.0,0.0,7405.999,1151.5672517881358,0.0,77387.01068239009,-1151.5672517881358,46831.995758667996,17.18867999999935,17.18867999999935,17.18867999999935
264,72,83748.78988,37853.32369352601,0.0,37853.32369352601,1221.308,0.0,593.212,16350.149580456131,21319.989,74.364,0.0,0.0,0.0,7405.999,1069.5553939821486,0.0,78403.08830667363,-1069.5553939821486,45895.46618647399,17.188680000000062,17.188680000000062,17.188680000000062
265,73,80815.56118,36557.403549042996,0.0,36557.403549042996,1221.308,0.0,593.212,16350.149580456131,21319.988999998794,74.364,0.0,0.0,0.0,7405.999,2706.8639494979193,0.0,80974.60905869976,-2706.8639494979193,44258.15763095701,17.188679999999515,17.188679999999515,17.188679999999515
266,74,79369.98066,36900.883398419,0.0,36900.883398419,1221.308,0.0,593.212,16350.149580456131,21319.989,74.364,0.0,0.0,0.0,7405.999,4495.924318875885,0.0,85245.73716163226,-4495.924318875885,42469.097261581,17.18867999999948,17.18867999999948,17.18867999999948
267,75,79242.67486,39351.705853931,0.0,39351.705853931,1221.308,0.0,593.212,16350.149580456131,21319.989,74.364,0.0,0.0,0.0,7405.999,7074.052574382774,0.0,91966.08710729664,-7074.052574382774,39890.969006069,17.188679999998612,17.188679999998612,17.188679999998612
268,76,80554.15674,40424.82094392601,0.0,40424.82094392601,1221.308,0.0,593.212,16350.149580456131,21319.989,74.364,0.0,0.0,0.0,7405.999,6835.685784378554,0.0,98459.98860246305,-6835.685784378554,40129.335796073996,17.188679999999223,17.188679999999223,17.188679999999223
269,77,84370.99281,37661.800656222,0.0,37661.800656222,1221.308,0.0,593.212,16350.149580456131,22338.53042999997,74.364,0.0,0.0,0.0,7405.999,1274.3708566781206,0.0,99670.64091630728,-1274.3708566781206,46709.19215377799,17.1886800000011,17.1886800000011,17.1886800000011
270,78,91265.54897,37118.493542109,0.0,37118.493542109,1221.308,0.0,593.212,16350.149580456131,24452.49,74.364,36.160000000000004,0.0,0.0,7405.999,0.0,4013.372847434864,95446.03791900743,4013.372847434864,54147.055427891006,30.76372000000012,30.76372000000012,30.76372000000012
271,79,99132.65609,33373.804900205,0.0,33373.804900205,1221.308,0.0,593.212,16350.149580456131,25028.690000000002,74.364,469.1080000000013,257.0,0.0,7405.999,0.0,14359.02060933887,80331.2793828612,14359.02060933887,65758.85118979501,35.458000000000666,35.458000000000666,35.458000000000666
272,80,101595.0437,30220.93530769,3146.3373448754996,30220.93530769,1221.308,3146.3373448754996,593.212,16350.149580456131,25028.690000000002,74.364,469.10800000000006,257.0,0.0,7405.999,0.0,16827.94046697837,62617.657838673455,16827.94046697837,68227.7710474345,35.45800000000004,35.45800000000004,35.45800000000004
273,81,100744.3006,29008.295845238004,31733.364304915496,29008.295845238004,1221.308,31733.364304915496,593.212,16350.149580456131,24264.890000000003,74.364,20.340000000000003,0.0,0.0,7405.999,9927.62213060961,0.0,72048.89886275258,-9927.62213060961,40002.6404498465,22.67939999990701,22.67939999990701,22.67939999990701
274,82,99153.46479,23161.678102399004,51063.485752213994,23161.678102399004,1221.308,51063.485752213994,593.212,16350.149580456131,14307.967839966745,74.364,0.0,0.0,0.0,5554.49925000003,13173.199735042079,0.0,84563.43861104255,-13173.199735042079,24928.300935387,16.24259999997306,16.24259999997306,16.24259999997306
275,83,97422.20459,26574.127646747,61853.027559056005,26574.127646747,1221.3079999679744,61853.027559056005,0.0,16350.149580456131,0.0,74.364,0.0,0.0,0.0,3702.9995000000195,12353.771696227122,0.0,96299.52172245832,-12353.771696227122,8995.049384196987,0.0,0.0,0.0
276,84,95544.72751,26897.829456940002,66668.765099648,26897.829456940002,1221.308,66668.765099648,0.0,16350.149580424044,0.0,74.364,0.0,0.0,0.0,1851.4997500000281,17519.1883770121,0.0,112942.75068061937,-17519.1883770121,1978.1329534120014,0.0,0.0,0.0
277,85,93992.13506,24784.675046705,67603.7970465395,24784.675046705,1221.308,67603.7970465395,0.0,16350.149580456131,0.0,74.364,0.0,0.0,0.0,0.0,16042.158613700656,0.0,128182.80136363451,-16042.158613700656,1603.6629667554953,0.0,0.0,0.0
278,86,93103.01005,23634.516803053,66235.4258356505,23634.516803053,1221.308,66235.4258356505,0.0,16350.149580452091,0.0,74.364,0.0,0.0,0.0,1851.4997499983028,16264.253919153894,0.0,143633.84258683297,-16264.253919153894,3233.0674112964916,0.0,0.0,0.0
279,87,92412.84514,22297.172900675003,60053.11815648399,22297.172900675003,1221.308,60053.11815648399,0.0,16350.149580460034,0.0,74.364,0.0,0.0,0.0,3702.9994999879978,11286.266997607323,0.0,154355.79623457158,-11286.266997607323,10062.554082841016,0.0,0.0,0.0
280,88,93165.2284,19531.931846285996,48899.88116376999,19531.931846285996,1221.3079999982774,48899.88116376999,0.0,16350.149580456131,7081.965839999999,74.364,0.0,0.0,0.0,5554.4992499879845,5548.871280498424,0.0,159627.2239510451,-5548.871280498424,24733.41538994402,3.463999999998789,3.463999999998789,3.463999999998789
281,89,97237.01278,17557.790456983,29268.327583554,17557.790456983,1221.308,29268.327583554,593.212,16350.149580456131,24452.49,74.364,448.76800000000003,257.0,0.0,7405.99899998797,392.3958409811033,0.0,160000.0,-392.3958409811033,50410.89473946301,35.4579999999992,35.4579999999992,35.4579999999992
282,90,103512.9788,19848.078203871002,50.83078625,19848.078203871002,1221.308,50.83078625,593.212,16350.149580456131,25028.690000000002,74.364,701.2,257.0,0.0,7405.999,0.0,31982.147229421767,126334.58186374372,31982.147229421767,83614.069809879,35.457999999999736,35.457999999999736,35.457999999999736
283,91,104379.2179,21113.101545771,0.0,21113.101545771,1221.308,0.0,593.212,16350.149580456131,25028.690000000002,74.364,701.2,257.0,0.0,7405.999,0.0,31634.19377377289,93035.43052293015,31634.19377377289,83266.116354229,35.45799999999911,35.45799999999911,35.45799999999911
284,92,102768.2526,20846.268253759,0.0,20846.268253759,1221.308,0.0,593.212,16350.149580456131,25028.690000000002,74.364,701.2,257.0,0.0,7405.999,0.0,30290.061765784874,61151.15497999871,30290.061765784874,81921.984346241,35.458000000000574,35.458000000000574,35.458000000000574
285,93,99962.67057,21577.895358187998,0.0,21577.895358187998,1221.308,0.0,593.212,16350.149580456131,25028.690000000002,74.364,701.2,257.0,0.0,7405.999,0.0,26752.85263135588,32990.25747330832,26752.85263135588,78384.775211812,35.4580000000002,35.4580000000002,35.4580000000002
286,94,94687.166,21307.970110322,0.0,21307.970110322,1221.308,0.0,593.212,16350.149580456131,25028.690000000002,74.364,2929.6871385193363,257.0,0.0,7405.999,0.0,19518.78617070253,12444.166767305665,19518.78617070253,73379.195889678,35.45799999998823,35.45799999998823,35.45799999998823
287,95,88434.38297,24980.501960572998,0.0,24980.501960572998,1221.308,0.0,593.212,16350.149580456131,25028.690000000002,74.364,701.2,257.0,0.0,7405.999,0.0,11821.95842897088,0.0,11821.95842897088,63453.88100942701,35.457999999999466,35.457999999999466,35.457999999999466
288,96,83391.36874,31746.436745943,0.0,31746.436745943,1221.308,0.0,593.212,16350.149580456131,25028.690000000002,74.364,714.2094136008537,257.0,0.0,7405.999,0.0,0.0,0.0,0.0,51644.931994057006,35.457999999999984,35.457999999999984,35.457999999999984
289,1,80295.80115,32678.592157709,0.0,32678.592157709,1221.308,0.0,593.212,16350.149580456131,23688.690000000002,74.364,0.0,0.0,0.0,7405.999,1716.5135881652557,0.0,1630.687908756993,-1716.5135881652557,47617.208992290995,17.851079999999914,17.851079999999914,17.851079999999914
290,2,79057.88503,37654.014143277,0.0,37654.014143277,1221.308,0.0,593.212,16350.149580456131,23688.689999999944,74.364,0.0,0.0,0.0,7405.999,7929.851693733165,0.0,9164.047017803408,-7929.851693733165,41403.870886723,17.85108000000006,17.85108000000006,17.85108000000006
291,3,78881.44967,36858.828599221,0.0,36858.828599221,1221.308,0.0,593.212,16350.149580456131,23688.689999997165,74.364,0.0,0.0,0.0,7405.999,7311.1015096742885,0.0,16109.593451996545,-7311.1015096742885,42022.621070779,17.851080000029782,17.851080000029782,17.851080000029782
292,4,80292.94202,36488.137249301,0.0,36488.137249301,1221.308,0.0,593.212,16350.149580456131,24264.890000000003,74.364,0.0,0.0,0.0,7405.999,6105.117809757121,0.0,21909.45537126626,-6105.117809757121,43804.804770699004,17.851079999999676,17.851079999999676,17.851079999999676
293,5,84087.47537,33953.921756179,0.0,33953.921756179,1221.308,0.0,593.212,16350.149580456131,25028.690000000002,74.364,268.252,257.0,0.0,7405.999,1065.4209666340587,0.0,22921.60528957328,-1065.4209666340587,50133.553613821,33.17708000000032,33.17708000000032,33.17708000000032
294,6,91090.04574,35951.17430537399,0.0,35951.17430537399,1221.308,0.0,593.212,16350.149580456131,25028.690000000002,74.364,4208.148854169859,257.0,0.0,7405.999,0.0,0.0,22921.60528957355,0.0,55138.87143462601,35.457999999999856,35.457999999999856,35.457999999999856
295,7,99251.33946,34013.922503518,0.0,34013.922503518,1221.308,0.0,593.212,16350.149580456131,25028.690000000002,74.364,701.2,257.0,0.0,7405.999,0.0,13605.494376025865,8600.03226217959,13605.494376025865,65237.416956482004,35.4580000000001,35.4580000000001,35.4580000000001
296,8,102403.1085,34349.478747779,6879.776129069,34349.478747779,1221.308,6879.776129069,593.212,16350.149580456131,24452.49,74.364,2649.3003936251794,257.0,0.0,7405.999,0.0,8170.030649070665,0.0,8170.030649070665,61173.853623152,35.458,35.458,35.458
297,9,101171.3264,39694.696643837,36401.12419518,39694.696643837,1221.308,36401.12419518,0.0,16350.149580456131,7081.965840000001,74.364,0.0,0.0,0.0,5554.49925,5206.781109472354,0.0,4946.442053998737,-5206.781109472354,25075.50556098301,3.4639999999999986,3.4639999999999986,3.4639999999999986
298,10,99278.42013,31437.546694709996,56160.4722111895,31437.546694709996,1221.308,56160.4722111895,0.0,16350.149580454323,0.0,74.364,0.0,0.0,0.0,3702.9995,9668.419856356631,0.0,14131.440917537537,-9668.419856356631,11680.401224100504,0.0,0.0,0.0
299,11,97426.24485,26041.271840219,68183.144942991,26041.271840219,1221.308,68183.144942991,0.0,16350.149580456131,0.0,74.364,0.0,0.0,0.0,1851.499749999999,16295.493263666125,0.0,29612.15951802036,-16295.493263666125,3201.828066790011,0.0,0.0,0.0
300,12,95112.34649,23325.366038660002,74866.659166759,23325.366038660002,1221.308,74866.659166759,0.0,16350.149580456131,0.0,74.364,0.0,0.0,0.0,0.0,20725.500295875143,0.0,49301.38479910174,-20725.500295875143,-3079.678715418995,0.0,0.0,0.0
301,13,93175.78731,25787.778702539996,76185.866149548,25787.778702539996,1221.308,76185.866149548,0.0,16350.149580456131,0.0,74.364,0.0,0.0,0.0,0.0,26443.67912254414,0.0,74422.87996551867,-26443.67912254414,-8797.857542087993,0.0,0.0,0.0
302,14,91914.34613,24877.39415074,74161.741803282,24877.39415074,1221.308,74161.741803282,0.0,16350.149580456131,0.0,74.364,0.0,0.0,0.0,0.0,24770.61140447817,0.0,97954.96079977293,-24770.61140447817,-7124.789824021995,0.0,0.0,0.0
303,15,91017.08169,27559.379310131997,67006.741798595,27559.379310131997,1221.308,67006.741798595,0.0,16350.149580456131,0.0,74.364,0.0,0.0,0.0,1851.4997500000177,23046.360749183143,0.0,119849.00351149692,-23046.360749183143,-3549.039418726992,0.0,0.0,0.0
304,16,91303.83196,23095.150795153,53427.438949947,23095.150795153,1221.3079999972679,53427.438949947,0.0,16350.149580456131,21.5,74.364,0.0,0.0,0.0,3702.9995000000185,6589.078865556148,0.0,126108.62843377526,-6589.078865556148,14781.24221489999,0.0,0.0,0.0
305,17,94600.10363,20811.433057771,31785.362357714,20811.433057771,1221.308,31785.362357714,593.212,16350.149580456131,17392.02416,74.364,36.16000000000004,0.0,0.0,5554.499250000019,0.0,781.5912240588408,125285.90082950993,781.5912240588408,42003.308214515,30.76372000000002,30.76372000000002,30.76372000000002
306,18,100476.8307,23333.437699552003,432.29223616499996,23333.437699552003,1221.308,432.29223616499996,593.212,16350.149580456131,25028.690000000002,74.364,469.10800000000006,257.0,0.0,7405.999,0.0,25311.27018382689,98642.45853074479,25311.27018382689,76711.10076428301,35.458,35.458,35.458
307,19,100595.5008,28829.124901979998,0.0,28829.124901979998,1221.308,0.0,593.212,16350.149580456131,25028.690000000002,74.364,701.2,257.0,0.0,7405.999,0.0,20134.45331756242,77448.29714383699,20134.45331756242,71766.37589802,35.45800000080567,35.45800000080567,35.45800000080567
308,20,98782.27928,32422.351006099998,0.0,32422.351006099998,1221.308,0.0,593.212,16350.149580456131,25028.690000000002,74.364,701.2,257.0,0.0,7405.999,0.0,14728.005693442443,61945.13325600283,14728.005693442443,66359.9282739,35.458000000749905,35.458000000749905,35.458000000749905
309,21,96506.17145,33595.308099468,0.0,33595.308099468,1221.308,0.0,593.212,16350.149580456131,25028.690000000002,74.364,701.2,257.0,0.0,7405.999,0.0,11278.94077007443,50072.564024345535,11278.94077007443,62910.863350531996,35.458000000749685,35.458000000749685,35.458000000749685
310,22,92159.90694,34126.38160978701,0.0,34126.38160978701,1221.308,0.0,593.212,16350.149580456131,25028.690000000002,74.364,469.10800000000006,257.0,0.0,7405.999,0.0,6633.694749756864,43089.72744565427,6633.694749756864,58033.52533021299,35.458000000661315,35.458000000661315,35.458000000661315
311,23,86911.67333,39476.686152384995,0.0,39476.686152384995,1221.308,0.0,593.212,16350.149580456131,14905.667839999978,74.364,20.339999999999975,0.0,0.0,7405.999,0.0,6863.946757149091,35864.52033286576,6863.946757149091,47434.98717761501,17.188679999999902,17.188679999999902,17.188679999999902
312,24,82063.74361,40571.96995128801,0.0,40571.96995128801,1221.308,0.0,593.212,16350.149580456131,15278.064589999445,74.364,0.0,0.0,0.0,7405.999,0.0,568.6764882564066,35265.91350312274,568.6764882564066,41491.773658711994,17.188679999999916,17.188679999999916,17.188679999999916
313,25,78841.87269,39224.451990729,0.0,39224.451990729,1221.308,0.0,593.212,16350.149580456131,7269.002,74.364,0.0,0.0,0.0,7405.999,0.0,6703.38611881488,28209.717588580766,6703.38611881488,39617.420699271,17.188680000000133,17.188680000000133,17.188680000000133
314,26,77123.5365,35870.925694971,0.0,35870.925694971,1221.308,0.0,593.212,16350.149580456131,7269.002,74.364,0.0,0.0,0.0,7405.999,0.0,8338.57622457288,19432.268931135513,8338.57622457288,41252.610805029,17.18868000000004,17.18868000000004,17.18868000000004
315,27,76399.88364,36515.441359049,0.0,36515.441359049,1221.308,0.0,593.212,16350.149580456131,9655.216909828174,74.364,0.0,0.0,0.0,7405.999,0.0,4584.192790666696,14606.802835696877,4584.192790666696,39884.442280951,17.18868000000013,17.18868000000013,17.18868000000013
316,28,76741.29914,32863.787999936,0.0,32863.787999936,1221.308,0.0,593.212,16350.149580456131,17664.27949982819,74.364,0.0,0.0,0.0,7405.999,0.0,568.1990597796539,14008.698562244637,568.1990597796539,43877.511140064,17.18868,17.18868,17.18868
317,29,78404.05898,34176.126042276,0.0,34176.126042276,1221.308,0.0,593.212,16350.149580456131,13310.926409999971,74.364,0.0,0.0,0.0,7405.999,0.0,5271.973947267895,8459.252301962611,5271.973947267895,44227.932937724,17.18868000000012,17.18868000000012,17.18868000000012
318,30,81405.66662,32729.286851791003,0.0,32729.286851791003,1221.308,0.0,593.212,16350.149580456131,22338.530429999995,74.364,0.0,0.0,0.0,7405.999,0.0,692.8167577528967,7729.971504327983,692.8167577528967,48676.379768209,17.586280000000002,17.586280000000002,17.586280000000002
319,31,85448.56146,28646.022843551003,108.1203,28646.022843551003,1221.308,108.1203,593.212,16350.149580456131,24452.49,74.364,36.16000000000001,257.0,0.0,7405.999,0.0,6303.735735992712,1094.4602032830248,6303.735735992712,56694.41831644899,33.441880000000005,33.441880000000005,33.441880000000005
320,32,88450.23298,30628.614559775997,6391.198646649,30628.614559775997,1221.308,6391.198646649,593.212,16350.149580456131,24452.49,74.364,36.160000000000004,257.0,0.0,7405.998999999991,0.0,1039.7371931188736,0.0,1039.7371931188736,51430.419773575006,33.441880000000026,33.441880000000026,33.441880000000026
321,33,90863.22424,30006.753558794004,33081.8092697835,30006.753558794004,1221.308,33081.8092697835,163.998,16350.149580456131,7081.965839999996,74.364,0.0,0.0,0.0,5554.499249999989,2671.623259033567,0.0,2538.0420960818888,-2671.623259033567,27774.661411422487,5.480119999999599,5.480119999999599,5.480119999999599
322,34,91727.65572,30559.730140036,49918.688023749004,30559.730140036,1221.308,49918.688023749004,0.0,16350.149580456131,0.0,74.364,0.0,0.0,0.0,3702.999499999989,10099.583524241134,0.0,12132.646444110966,-10099.583524241134,11249.23755621499,0.0,0.0,0.0
323,35,91281.1345,33180.533756986,60818.1732519235,33180.533756986,1221.308,60818.1732519235,0.0,16350.149580456131,0.0,74.364,0.0,0.0,0.0,1851.4997499999881,22214.89383936573,0.0,33236.79559150842,-22214.89383936573,-2717.5725089094994,0.0,0.0,0.0
324,36,89706.56193,32618.232848362004,62316.138801729496,32618.232848362004,1221.308,62316.138801729496,0.0,16350.149580456131,0.0,74.364,0.0,0.0,0.0,0.0,22873.631300547633,0.0,54966.745327028664,-22873.631300547633,-5227.809720091507,0.0,0.0,0.0
325,37,87816.79108,33642.56380675601,61105.613118262,33642.56380675601,1221.308,61105.613118262,0.0,16350.149580456131,0.0,74.364,0.0,0.0,0.0,0.0,24577.207425473527,0.0,78315.09238122852,-24577.207425473527,-6931.385845018012,0.0,0.0,0.0
326,38,86247.41428,38327.208460353,54552.312118584494,38327.208460353,1221.308,54552.312118584494,0.0,16350.149580456131,0.0,74.364,0.0,0.0,0.0,0.0,24277.927879394505,0.0,101379.12386665329,-24277.927879394505,-6632.106298937499,0.0,0.0,0.0
327,39,85183.15884,43003.393607113,47497.7023875325,43003.393607113,1221.308,47497.702330377724,0.0,16350.149580456131,0.0,74.364,0.0,0.0,0.0,0.0,22963.758677946855,0.0,123194.6946107028,-22963.758677946855,-5317.9370974907215,0.0,0.0,0.0
328,40,85792.48849,46217.32999236999,36979.440290293496,46217.32999236999,1221.308,36979.440290293496,0.0,16350.149580456131,0.0,74.364,0.0,0.0,0.0,1851.499750000029,16901.603123119625,0.0,139251.21757766645,-16901.603123119625,2595.7182073365184,0.0,0.0,0.0
329,41,89640.42954,49793.820791047,19608.2090552245,49793.820791047,1221.308,19608.2090552245,163.998,16350.149580456131,0.0,74.364,0.0,0.0,0.0,3702.999500000031,1274.4193867281574,0.0,140461.9159950582,-1274.4193867281574,20238.399693728497,5.490719672136432,5.490719672136432,5.490719672136432
330,42,95634.7618,53826.46469953799,26.47745,53826.46469953799,1221.308,26.47745,593.212,16350.149580456131,28.50014346485718,74.364,0.0,0.0,0.0,5554.499250000032,0.0,17959.786676540964,121556.87738817297,17959.786676540964,41781.81965046201,16.242600327863386,16.242600327863386,16.242600327863386
331,43,96390.47747,51887.512447002,0.0,51887.512447002,1221.308,0.0,593.212,16350.149580456131,7269.002,74.364,0.0,0.0,0.0,7405.999,0.0,11588.930442541829,109358.00323812895,11588.930442541829,44502.965022997996,17.18868000000017,17.18868000000017,17.18868000000017
332,44,94782.80618,50702.421398237,0.0,50702.421398237,1221.308,0.0,593.212,16350.149580456131,50.0,74.364,0.0,0.0,0.0,7405.999,0.0,18385.35220130683,90005.00092096387,18385.35220130683,44080.384781763,16.24260000000009,16.24260000000009,16.24260000000009
333,45,92763.00899,48555.880790915005,0.0,48555.880790915005,1221.308,0.0,593.212,16350.149580456131,7269.0019999999895,74.364,0.0,0.0,0.0,7405.999,0.0,11293.093618628885,78117.53395398609,11293.093618628885,44207.128199085,17.18868,17.18868,17.18868
334,46,88910.84228,51453.73545505201,0.0,51453.73545505201,1221.308,0.0,593.212,16350.149580456131,50.0,74.364,0.0,0.0,0.0,7405.999,0.0,11762.07424449187,65736.40317031043,11762.07424449187,37457.10682494799,16.2426,16.2426,16.2426
335,47,84115.60335,47516.55165263099,0.0,47516.55165263099,1221.308,0.0,593.212,16350.149580456131,50.0,74.364,0.0,0.0,0.0,7405.999,0.0,10904.019116912887,54258.48831040209,10904.019116912887,36599.05169736902,16.242599999999904,16.242599999999904,16.242599999999904
336,48,79656.24038,49138.601652918005,0.0,49138.601652918005,1221.308,0.0,593.212,16350.149580456131,50.0,74.364,0.0,0.0,0.0,7405.999,0.0,4822.606146625868,49182.06078763802,4822.606146625868,30517.638727081998,16.242600000000095,16.242600000000095,16.242600000000095
337,49,76537.32616,47282.840094237996,0.0,47282.840094237996,1221.308,0.0,593.212,16350.149580456131,50.0,74.364,0.0,0.0,0.0,7405.999,0.0,3559.4534853058594,45435.267645210806,3559.4534853058594,29254.486065762,16.242600000000095,16.242600000000095,16.242600000000095
338,50,74748.56223,49347.372400067004,0.0,49347.372400067004,1221.308,0.0,593.212,16350.149580456131,28.499999999999996,74.364,0.0,0.0,0.0,7405.999,272.34275052312296,0.0,45693.993258207774,-272.34275052312296,25401.18982993299,12.948899999999398,12.948899999999398,12.948899999999398
339,51,73875.61817,51995.35524343901,0.0,51995.35524343901,1221.308,0.0,0.0,16350.149580456131,0.0,74.364,0.0,0.0,0.0,5554.49925,1320.0579038951319,0.0,46948.04826690815,-1320.0579038951319,21880.262926560994,0.0,0.0,0.0
340,52,73966.72104,48353.29000233299,0.0,48353.29000233299,1221.308,0.0,593.212,16350.149580456131,28.499999999999996,74.364,0.0,0.0,0.0,7405.999,60.10154278911614,0.0,47005.14473255655,-60.10154278911614,25613.43103766701,16.2426,16.2426,16.2426
341,53,75004.72895,46226.320796563,0.0,46226.320796563,1221.308,0.0,593.212,16350.149580456131,50.0,74.364,0.0,0.0,0.0,7405.999,0.0,3083.375572979676,43759.48623468321,3083.375572979676,28778.408153437005,16.242600000000095,16.242600000000095,16.242600000000095
342,54,77525.17888,44788.174841444,0.0,44788.174841444,1221.308,0.0,593.212,16350.149580456131,50.0,74.364,0.0,0.0,0.0,7405.999,0.0,7041.971458099899,36346.88469984121,7041.971458099899,32737.004038556006,16.242600000000003,16.242600000000003,16.242600000000003
343,55,80821.5396,45510.061991382,0.0,45510.061991382,1221.308,0.0,593.212,16350.149580456131,50.0,74.364,0.0,0.0,0.0,5554.49924999999,0.0,11467.944778161902,24275.36388072342,11467.944778161902,35311.477608618006,16.242600000000024,16.242600000000024,16.242600000000024
344,56,83684.7041,47224.749142188004,2483.9655085815,47224.749142188004,1221.308,2483.9655085815,593.212,16350.149580456131,28.499999999999996,74.364,0.0,0.0,0.0,3702.999499999988,0.0,12005.456368774387,11638.041387276699,12005.456368774387,33975.989449230496,16.24260000000012,16.24260000000012,16.24260000000012
345,57,86621.42501,51548.735449823995,27442.5308625795,51548.735449823995,1221.308,27442.5308625795,0.0,16350.149580456131,0.0,74.364,0.0,0.0,0.0,1851.4997499999881,11867.162632859685,0.0,22911.8458884934,-11867.162632859685,7630.158697596511,0.0,0.0,0.0
346,58,88025.52004,43910.26799059,45042.026292463495,43910.26799059,1221.308,45042.026292463495,0.0,16350.149580456131,0.0,74.364,0.0,0.0,0.0,0.0,18572.595823509677,0.0,40555.81192082759,-18572.595823509677,-926.7742430534927,0.0,0.0,0.0
347,59,87959.71612,33814.237003174,55646.8436049645,33814.23700292423,1221.308,55646.8436049645,0.0,16350.149580456131,0.0,74.364,0.0,0.0,0.0,0.0,19147.186068594645,0.0,58745.6386859925,-19147.186068594645,-1501.3644878887353,0.0,0.0,0.0
348,60,87178.81295,30868.205559128994,59308.031506307,30868.205559128994,1221.308,59308.031506307,0.0,16350.149580456131,0.0,74.364,0.0,0.0,0.0,0.0,20643.245695892132,0.0,78356.72209709002,-20643.245695892132,-2997.4241154359916,0.0,0.0,0.0
349,61,86253.94715,33697.72259578,58226.9495717875,33697.72259578,1221.308,58226.9495717875,0.0,16350.149580456131,0.0,74.364,0.0,0.0,0.0,0.0,23316.546598025114,0.0,100507.44136521377,-23316.546598025114,-5670.725017567493,0.0,0.0,0.0
350,62,85484.90059,32920.698792438,55670.2493541685,32920.698792438,1221.308,55670.2493541685,0.0,16350.149580456131,0.0,74.364,0.0,0.0,0.0,0.0,20751.869137064077,0.0,120221.71704542465,-20751.869137064077,-3106.0475566064997,0.0,0.0,0.0
351,63,85011.92867,35380.44249003,51119.285351713996,35380.442490022135,1221.308,51119.285351720806,0.0,16350.149580456131,0.0,74.364,0.0,0.0,0.0,1851.499750000025,20985.120502201607,0.0,140157.58152251618,-20985.120502201607,-1487.7991717429468,0.0,0.0,0.0
352,64,86251.13933,36718.120992008,39377.152674865,36718.120992008,1221.308,39377.15267486085,0.0,16350.149580456131,0.0,74.364,0.0,0.0,0.0,3702.999500000014,11192.955417324978,0.0,150790.8891689749,-11192.955417324978,10155.865663131153,0.0,0.0,0.0
353,65,90807.47309,33536.639497503995,19603.480910181,33536.639497503995,1221.308,19603.480910181,593.212,16350.149580456131,7088.965839999965,74.364,0.0,0.0,0.0,5554.499250000001,0.0,6784.854011858937,143648.93757754448,6784.854011858937,37667.352682315,15.570160000000008,15.570160000000008,15.570160000000008
354,66,97623.46375,30639.961650451,108.6969,30639.961650451,1221.308,108.6969,593.212,16350.149580456131,24452.49,74.364,448.7680000000001,257.0,0.0,7405.999,0.0,16071.514619092868,126731.55376797303,16071.514619092868,66874.805199549,35.458,35.458,35.458
355,67,97960.50405,31207.663707637003,0.0,31207.663707637003,1221.308,0.0,593.212,16350.149580456131,25028.690000000002,74.364,701.2,257.0,0.0,7405.999,0.0,15120.917761906887,110814.79822912272,15120.917761906887,66752.840342363,35.458000001169054,35.458000001169054,35.458000001169054
356,68,96037.76266,36244.45424617799,0.0,36244.45424617799,1221.308,0.0,593.212,16350.149580456131,24452.49,74.364,448.768,257.0,0.0,7405.999,0.0,8990.017833365855,101351.62156242183,8990.017833365855,59793.308413822,34.78556000000152,34.78556000000152,34.78556000000152
357,69,93393.58194,40296.76910157599,0.0,40296.76910157599,1221.308,0.0,593.212,16350.149580456131,7110.4658399999835,74.364,0.0,0.0,0.0,7405.999,0.0,20341.31441796788,79939.71164877142,20341.31441796788,53096.81283842401,16.24259999999848,16.24259999999848,16.24259999999848
358,70,89111.02859,41932.554354907006,0.0,41932.554354907006,1221.308,0.0,593.212,16350.149580456131,7269.002,74.364,0.0,0.0,0.0,7405.999,0.0,14264.439654636928,64924.5120123117,14264.439654636928,47178.474235092996,17.18868,17.18868,17.18868
359,71,83942.37329,44276.71826109399,0.0,44276.71826109399,1221.308,0.0,593.212,16350.149580456131,50.0,74.364,0.0,0.0,0.0,7405.999,0.0,13970.622448449873,50218.593645522364,13970.622448449873,39665.65502890601,16.24260000000024,16.24260000000024,16.24260000000024
360,72,79208.26121,47833.880047160004,0.0,47833.880047160004,1221.308,0.0,593.212,16350.149580456131,28.5,74.364,0.0,0.0,0.0,7405.998999999519,0.0,5700.848582383871,44217.70040090727,5700.848582383871,31374.381162839993,16.24260000000025,16.24260000000025,16.24260000000025
361,73,76112.54372,54121.24864841,0.0,54121.24864841,1221.308,0.0,0.0,16350.149580456131,0.0,74.364,0.0,0.0,0.0,5554.499249999506,1209.0257588675095,0.0,45366.2748718314,-1209.0257588675095,21991.29507159,3.218399999999747,3.218399999999747,3.218399999999747
362,74,74658.3203,55282.065402379994,0.0,55282.065402379994,1221.308,0.0,593.212,16350.149580456131,0.0,74.364,0.0,0.0,0.0,6999.289444974184,5862.068127810319,0.0,50935.23959325121,-5862.068127810319,19376.254897620012,9.73050000000018,9.73050000000018,9.73050000000018
363,75,74516.46301,53267.74639969601,0.0,53267.74639969601,1221.308,0.0,0.0,16350.149580456131,0.0,74.364,0.0,0.0,0.0,5554.499249999996,1951.6042201518803,0.0,52789.263602395455,-1951.6042201518803,21248.716610304,3.218399999999999,3.218399999999999,3.218399999999999
364,76,75646.99251,49437.86139845399,0.0,49437.86139845399,1221.308,0.0,593.212,16350.149580456131,28.499999999999996,74.364,0.0,0.0,0.0,7405.998999999998,0.0,535.5985310898681,52225.47567493214,535.5985310898681,26209.131111546005,16.24260000000009,16.24260000000009,16.24260000000009
365,77,78925.3368,40920.067745289,0.0,40920.067745289,1221.308,0.0,593.212,16350.149580456131,50.0,74.364,0.0,0.0,0.0,7405.999,0.0,12310.236474254387,39267.33201782226,12310.236474254387,38005.269054711,16.242600000000202,16.242600000000202,16.242600000000202
366,78,84300.45305,36543.91904968,0.0,36543.91904968,1221.308,0.0,593.212,16350.149580456131,7110.46584,74.364,0.0,0.0,0.0,7405.999,0.0,15001.035579863874,23476.768249544497,15001.035579863874,47756.534000319996,16.24259999999991,16.24259999999991,16.24259999999991
367,79,90538.41294,32240.456801583998,0.0,32240.456801583998,1221.308,0.0,593.212,16350.149580456131,24452.49,74.364,448.76800000000003,257.0,0.0,7405.998999999994,0.0,7494.66555795987,15587.64660958674,7494.66555795987,58297.956138416,34.78556000000004,34.78556000000004,34.78556000000004
368,80,94418.23206,31852.235347761998,2786.6816972274996,31852.235347761998,1221.308,2786.6816972274996,593.212,16350.149580456131,24452.49,74.364,448.76800000000003,257.0,0.0,7405.999,0.0,8976.02443455434,6139.199836198389,8976.02443455434,59779.3150150105,35.45799999999862,35.45799999999862,35.45799999999862
369,81,97072.06841,34196.630052609995,32496.293035271,34196.630052609995,1221.308,32496.293035271,593.212,16350.149580456131,7081.96584,74.364,0.0,0.0,0.0,5554.499250000001,496.3533483370902,0.0,6610.735517118625,-496.3533483370902,30379.145322119013,7.528999999999885,7.528999999999885,7.528999999999885
370,82,98585.85956,34385.492559653,52958.578053606005,34385.492559653,1221.308,52958.578053606005,0.0,16350.149580456131,0.0,74.364,0.0,0.0,0.0,3702.9995000000104,10107.03213371519,0.0,16212.416044148056,-10107.03213371519,11241.788946740991,0.0,0.0,0.0
371,83,98927.67898,30986.574508748003,65119.2603641565,30986.574508748003,1221.308,65119.2603641565,0.0,16350.149580456131,0.0,74.364,0.0,0.0,0.0,1851.4997500000209,16675.477223360656,0.0,32054.11940634068,-16675.477223360656,2821.844107095494,0.0,0.0,0.0
372,84,97983.76257,29154.782791512,71313.124099465,29154.782791327598,1221.308,71313.124099465,0.0,16350.149580456131,0.0,74.364,0.0,0.0,0.0,0.0,20129.96590125022,0.0,51177.58701270213,-20129.96590125022,-2484.1443207925913,0.0,0.0,0.0
373,85,96736.49668,33007.303651586,72665.08129053102,33007.30365157439,1221.308,72665.08129053102,0.0,16350.149580455938,0.0,74.364,0.0,0.0,0.0,0.0,26581.709842561333,0.0,76430.2113631354,-26581.709842561333,-8935.888262105407,0.0,0.0,0.0
374,86,95729.51265,32745.527606187,71206.62828099051,32745.527606149542,1221.308,71206.62828099051,0.0,16350.149580456131,0.0,74.364,0.0,0.0,0.0,0.0,25868.46481759791,0.0,101005.25293989947,-25868.46481759791,-8222.643237140044,0.0,0.0,0.0
375,87,95019.95017,31176.799395136997,64693.633753247,31176.799395136997,1221.308,64693.633753247,0.0,16350.149580456131,0.0,74.364,0.0,0.0,0.0,0.0,18496.30455884018,0.0,118576.74227079764,-18496.30455884018,-850.4829783840032,0.0,0.0,0.0
376,88,95595.03915,33884.127754766,52710.633796635004,33884.127754766,1221.308,52710.633796634895,0.0,16350.149580449774,0.0,74.364,0.0,0.0,0.0,1851.4997499999708,10497.04373185712,0.0,128548.9338160619,-10497.04373185712,9000.277598599103,0.0,0.0,0.0
377,89,99685.22038,39955.031343293005,31722.8390034015,39955.03134329275,1221.308,31722.8390034015,0.0,16350.149580456131,21.5,74.364,0.0,0.0,0.0,3702.9994999999753,0.0,6637.028952848901,121562.58754990516,6637.028952848901,28007.35003330575,0.0,0.0,0.0
378,90,106388.9842,42132.455244352,245.77219297250002,42132.455244352,1221.308,245.77219297250002,593.212,16350.149580456131,17392.02416,74.364,448.76800000000134,257.0,0.0,5554.49924999999,0.0,22119.431772143616,98278.97515817505,22119.431772143616,64010.756762675504,35.323439999962716,35.323439999962716,35.323439999962716
379,91,107021.4362,48364.913642531006,0.0,48364.913642531006,1221.308,0.0,593.212,16350.149580456131,50.0,74.364,0.0,0.0,0.0,7405.999,0.0,32961.48997701289,63582.66991921412,32961.48997701289,58656.52255746899,16.242599999999953,16.242599999999953,16.242599999999953
380,92,105177.5359,49551.716940487,0.0,49551.716940487,1221.308,0.0,593.212,16350.149580456131,7269.002,74.364,0.0,0.0,0.0,7405.999,0.0,22711.784379056873,39675.5284675753,22711.784379056873,55625.818959513,17.188680000000016,17.188680000000016,17.188680000000016
381,93,101870.1311,57449.60800167701,0.0,57449.60800167701,1221.308,0.0,593.212,16350.149580456131,7269.002,74.364,0.0,0.0,0.0,7405.999,0.0,11506.48851786686,27563.43529087334,11506.48851786686,44420.52309832299,17.18868000000003,17.18868000000003,17.18868000000003
382,94,95803.04957,53518.04829143299,0.0,53518.04829143299,1221.308,0.0,593.212,16350.149580456131,50.0,74.364,0.0,0.0,0.0,7405.999,0.0,16589.96869811088,10100.310345490587,16589.96869811088,42285.00127856701,16.24260000000002,16.24260000000002,16.24260000000002
383,95,89133.89875,56864.586100954,0.0,56864.586100954,1221.308,0.0,593.212,16350.149580456131,50.0,74.364,0.0,0.0,0.0,7405.999,0.0,6574.280068588596,3180.015536450068,6574.280068588596,32269.31264904599,16.2426,16.2426,16.2426
384,96,83552.4767,54836.429359915004,0.0,54836.429359915004,1221.308,0.0,593.212,16350.149580456131,50.0,74.364,0.0,0.0,0.0,7405.999,0.0,3021.0147596276,0.0,3021.0147596276,28716.047340084995,16.242600000000046,16.242600000000046,16.242600000000046
385,1,80202.15619,52410.625407707,0.0,52410.625407707,1221.308,0.0,593.212,16350.149580456131,7269.002,74.364,0.0,0.0,0.0,7405.999,5122.503798163281,0.0,4866.378608255118,-5122.503798163281,27791.530782292997,16.2426,16.2426,16.2426
386,2,78651.67951,51961.85759028001,0.0,51961.85759028001,1221.308,0.0,593.212,16350.149580456131,7269.001999999971,74.364,0.0,0.0,0.0,7405.999,6224.2126607361315,0.0,10779.380635954443,-6224.2126607361315,26689.821919719994,16.2426,16.2426,16.2426
387,3,78411.1067,43339.37209643201,0.0,43339.37209643201,1221.308,0.0,593.212,16350.149580456131,15278.064590000035,74.364,0.0,0.0,0.0,7405.999,5851.362566888163,0.0,16338.175074498198,-5851.362566888163,35071.734603567995,17.18868,17.18868,17.18868
388,4,79640.1439,39275.652258745,0.0,39275.652258745,1221.308,0.0,593.212,16350.149580456131,16725.387955491995,74.364,0.0,0.0,0.0,7405.999,2005.9288946931626,0.0,18243.8075244567,-2005.9288946931626,40364.491641254994,17.18868,17.18868,17.18868
389,5,83653.56735,34861.349556593,0.0,34861.349556593,1221.308,0.0,593.212,16350.149580456131,23147.18521295088,74.364,0.0,0.0,0.0,7405.999,0.0,0.0,18243.8075244567,0.0,48792.217793407,18.513479999999998,18.513479999999998,18.513479999999998
390,6,91178.88106,38105.228156279,0.0,38105.228156279,1221.308,0.0,593.212,16350.149580456131,24452.49,74.364,36.159999999999975,0.0,0.0,7405.999,0.0,2939.970323265452,15149.101921019384,2939.970323265452,53073.652903721,30.763719999999978,30.763719999999978,30.763719999999978
391,7,99399.05225,41787.693296222,24.685000000000002,41787.693296222,1221.308,24.685000000000002,593.212,16350.149580456131,25028.690000000002,74.364,469.10800000000177,257.0,0.0,7405.999,0.0,6186.843373320393,8636.635212261077,6186.843373320393,57586.673953777994,35.45800000117059,35.45800000117059,35.45800000117059
392,8,102390.4106,43747.33869863501,7588.733998385499,43747.33869863501,1221.308,7588.733998385499,593.212,16350.149580456131,18350.233620875355,74.364,448.7680000000014,257.0,0.0,5554.499250000004,0.0,8204.803451648024,0.0,8204.803451648024,51054.337902979496,34.37736000024172,34.37736000024172,34.37736000024172
393,9,101680.5961,41859.013106529,37493.052452139505,41859.013106529,1221.308,37493.052452139505,0.0,16350.149580456131,979.7094608753541,74.364,0.0,0.0,0.0,3702.9995000000104,0.0,0.0,0.0,0.0,22328.530541331493,0.0,0.0,0.0
394,10,100558.7106,42256.032440568,56625.0003208745,24436.38894866934,1221.308,56625.0003208745,0.0,16350.149580456131,0.0,74.364,0.0,0.0,0.0,1851.4997500000154,0.0,0.0,0.0,0.0,19497.321330456172,0.0,0.0,0.0
395,11,99083.63318,42676.163708575994,68539.755550449,41465.26957335637,274.882,62682.769300449,0.0,16350.149580456131,0.0,0.0,0.0,0.0,0.0,0.0,21689.43727426151,0.0,20604.965410548433,-21689.43727426151,-5064.405693805362,0.0,0.0,0.0
396,12,97584.26951,44195.633699857004,75165.898632603,44195.633699857004,1221.308,75165.898632603,0.0,16350.149580456131,0.0,74.364,0.0,0.0,0.0,0.0,39423.08440291615,0.0,58056.89559331878,-39423.08440291615,-21777.262822460005,0.0,0.0,0.0
397,13,96074.6174,46201.721355495,76641.580758652,46022.17046529189,807.2750000000001,75557.179558652,0.0,13687.99237605612,0.0,0.0,0.0,0.0,0.0,0.0,40000.0,0.0,96056.89559331878,-40000.0,-25504.73262394389,0.0,0.0,0.0
398,14,94995.01931,48845.661854386,74685.92681190101,48543.846199608,911.2,72272.35848533805,0.0,13267.614625053968,0.0,0.0,0.0,0.0,0.0,0.0,40000.0,0.0,134056.8955933188,-40000.0,-25821.185374946042,0.0,0.0,0.0
399,15,94162.27676,50003.020091672995,67904.250933613,23761.749949912,33.21,55144.623644974,0.0,15222.693165114013,0.0,0.0,0.0,0.0,0.0,0.0,0.0,0.0,134056.8955933188,0.0,15255.903165113989,0.0,0.0,0.0
400,16,94735.90777,47899.989895142,54647.1274988015,47899.98989514344,1221.308,54647.1274988015,0.0,16350.149580456131,0.0,74.364,0.0,0.0,0.0,1851.4997500000086,27308.53095440127,0.0,160000.0,-27308.53095440127,-7811.209623944931,0.0,0.0,0.0
401,17,98756.05934,45817.279552370994,32408.206879411,44977.531380132874,1221.308,32408.206879411,0.0,16350.149580456131,21.5,74.364,0.0,0.0,0.0,3702.9995000000044,0.0,0.0,160000.0,0.0,21370.321080456135,0.0,0.0,0.0
402,18,105716.5098,44783.423551967004,513.2989112500001,44783.423551967004,1221.308,513.2989112500001,593.212,16350.149580456131,17392.024159999994,74.364,448.7680000000001,257.0,0.0,5554.499250000003,0.0,18528.462346326865,140496.35542491908,18528.462346326865,60419.787336782996,34.37736,34.37736,34.37736
403,19,106731.3203,40404.138349535,0.0,40404.138349535,1221.308,0.0,593.212,16350.149580456131,25028.690000000002,74.364,701.2,257.0,0.0,7405.999,0.0,14695.259370008878,125027.66135122554,14695.259370008878,66327.181950465,35.45799999999977,35.45799999999977,35.45799999999977
404,20,104934.4806,36125.600543244,0.0,36125.600543244,1221.308,0.0,593.212,16350.149580456131,25028.690000000002,74.364,701.2,257.0,0.0,7405.999,0.0,17176.957476299856,106946.65348143622,17176.957476299856,68808.880056756,35.45800000000012,35.45800000000012,35.45800000000012
405,21,101661.0566,34484.316854783996,0.0,34484.316854783996,1221.308,0.0,593.212,16350.149580456131,25028.690000000002,74.364,701.2,257.0,0.0,7405.999,0.0,15544.817164759867,90583.68804484689,15544.817164759867,67176.73974521601,35.458000001173076,35.458000001173076,35.458000001173076
406,22,95784.7037,32324.427142446002,0.0,32324.427142446002,1221.308,0.0,593.212,16350.149580456131,25028.690000000002,74.364,701.2,257.0,0.0,7405.999,0.0,11828.353977097871,78132.78912158597,11828.353977097871,63460.276557553996,35.45800000080956,35.45800000080956,35.45800000080956
407,23,88890.5213,31398.388261276,0.0,31398.388261276,1221.308,0.0,593.212,16350.149580456131,25028.690000000002,74.364,469.10800000000006,257.0,0.0,7405.999,0.0,6092.302458267878,71719.83916551452,6092.302458267878,57492.133038723994,35.45800000117171,35.45800000117171,35.45800000117171
408,24,83422.59541,32709.848855019998,0.0,32709.848855019998,1221.308,0.0,593.212,16350.149580456131,24452.49,74.364,36.160000000000004,0.0,0.0,7405.999,0.0,579.0639745238766,71110.29813969991,579.0639745238766,50712.746554979996,30.763719999999914,30.763719999999914,30.763719999999914
409,25,80085.45579,33604.217546205,0.0,33604.217546205,1221.308,0.0,593.212,16350.149580456131,14329.467839999965,74.364,0.0,0.0,0.0,7405.999,0.0,6506.737823338914,64261.1004309221,6506.737823338914,46481.23824379501,17.188680000000076,17.188680000000076,17.188680000000076
410,26,78512.90835,31694.194097651998,0.0,31694.194097651998,1221.308,0.0,593.212,16350.149580456131,7269.002,74.364,0.0,0.0,0.0,7405.999,0.0,13904.67967189187,49624.5955131412,13904.67967189187,46818.714252348,17.188680000000083,17.188680000000083,17.188680000000083
411,27,78337.29109,30135.1833088,0.0,30135.1833088,1221.308,0.0,593.212,16350.149580456131,13478.246854823663,74.364,0.0,0.0,0.0,7405.999,0.0,9078.828345920194,40067.9340963831,9078.828345920194,48202.1077812,17.18868,17.18868,17.18868
412,28,79695.79577,30531.243444750995,0.0,30531.243444750995,1221.308,0.0,593.212,16350.149580456131,22670.14857,74.364,0.0,0.0,0.0,7405.999,0.0,849.3711747928555,39173.85917554869,849.3711747928555,49164.552325249,18.513479999999998,18.513479999999998,18.513479999999998
413,29,83668.26904,29137.008794125002,0.0,29137.008794125002,1221.308,0.0,593.212,16350.149580456131,24452.49,74.364,36.16,0.0,0.0,7405.999,0.0,4397.577665418878,34544.830054055135,4397.577665418878,54531.260245875,30.763720000002486,30.763720000002486,30.763720000002486
414,30,90842.69099,29035.59501043,0.0,29035.59501043,1221.308,0.0,593.212,16350.149580456131,25028.690000000002,74.364,469.10800023914686,257.0,0.0,7405.999,0.0,10407.265398874702,23589.813844713346,10407.265398874702,61807.095979570004,35.45800000116874,35.45800000116874,35.45800000116874
415,31,98719.29327,32524.346041660996,102.6896,32524.346041660996,1221.308,102.6896,593.212,16350.149580456131,25028.690000000002,74.364,701.2,257.0,0.0,7405.999,0.0,14460.335047882874,8368.408531152429,14460.335047882874,66092.25762833901,35.458000000809434,35.458000000809434,35.458000000809434
416,32,101351.8129,40458.103592571,5682.859214556001,40458.103592571,1221.308,5682.859214556001,593.212,16350.149580456131,23433.94857,74.364,448.76799999999986,257.0,0.0,5554.4992499999835,0.0,7277.600692416911,707.7762233451532,7277.600692416911,55210.850092873,35.45800000117302,35.45800000117302,35.45800000117302
417,33,100706.2618,39170.704608266,33450.9242891,39170.704608266,1221.308,33450.9242891,0.0,16350.149580456131,6063.424409999916,74.364,0.0,0.0,0.0,3702.9994999999935,0.0,672.3874121778956,0.0,672.3874121778956,28084.632902633988,0.24415999882698003,0.24415999882698003,0.24415999882698003
418,34,99735.60783,37028.349714153,53863.410857714,37028.349714153,1221.308,53863.410857714,0.0,16120.86141645613,0.0,74.364,0.0,0.0,0.0,1851.4997499999981,10424.18590832314,0.0,9902.976612906981,-10424.18590832314,8843.847258132992,0.0,0.0,0.0
419,35,98726.50923,36140.814754506,66679.2532607605,36140.814754506,796.258,64138.887346220516,0.0,15891.573252456128,0.0,74.364,0.0,0.0,0.0,0.0,18315.388123182624,0.0,27302.595329930475,-18315.388123182624,-1553.1928707265179,0.0,0.0,0.0
420,36,97468.38414,33670.928443092,72116.5685413045,33670.928443091994,1221.308,72116.5685413045,0.0,15760.077871656133,0.0,74.364,0.0,0.0,0.0,0.0,25374.862716052645,0.0,51408.71491018048,-25374.862716052645,-8319.112844396499,0.0,0.0,0.0
421,37,96167.66282,38264.043958192,74957.653247067,38264.043958192,1221.308,74957.653247067,0.0,15891.573252456132,0.0,74.364,0.0,0.0,0.0,0.0,34241.27963771512,0.0,83937.93056600989,-34241.27963771512,-17054.03438525901,0.0,0.0,0.0
422,38,95124.60504,38029.167608845004,72979.84909698901,38029.167608845004,1221.308,72979.84909698901,0.0,15760.077871656133,0.0,74.364,0.0,0.0,0.0,0.0,32940.16153749015,0.0,115231.08402662553,-32940.16153749015,-15884.41166583402,0.0,0.0,0.0
423,39,94384.26787,41707.944293646,65685.69395801499,41707.944293646,1221.307999999999,65685.69395801499,0.0,15989.366035656132,0.0,74.364,0.0,0.0,0.0,1851.4997499999972,32145.908167317142,0.0,145769.69678557682,-32145.908167317142,-13009.370381660992,0.0,0.0,0.0
424,40,95033.64008,39537.052956199,51266.191883643,39537.052956199,1221.308,49375.64860164296,0.0,16101.533563656132,0.0,74.364,0.0,0.0,0.0,3702.999499999997,14979.266541498095,0.0,160000.0,-14979.266541498095,6120.938522158038,0.0,0.0,0.0
425,41,98416.87908,38306.322092865004,28913.262170388996,38306.322092865004,1221.308,28913.262170388996,593.212,16350.149580456131,7088.965839999999,74.364,0.0,0.0,0.0,5554.499249999998,0.0,314.796146289903,159668.6356354843,314.796146289903,31197.294816745998,15.57015999883334,15.57015999883334,15.57015999883334
426,42,104503.1405,40931.730556571994,11.677549944999999,40931.730556571994,1221.308,11.677549944999999,593.212,16350.149580456131,24452.49,74.364,448.7680002373458,257.0,0.0,7405.999,0.0,12756.441812788064,146240.80214833896,12756.441812788064,63559.732393483,35.45800000116667,35.45800000116667,35.45800000116667
427,43,105068.7031,47807.706310598995,0.0,47807.706310598995,1221.308,0.0,593.212,16350.149580456131,25028.690000000002,74.364,56.5,257.0,0.0,7405.999,0.0,6273.774208944858,139636.82929681806,6273.774208944858,57260.996789401004,33.441880000000054,33.441880000000054,33.441880000000054
428,44,103179.5973,47808.757155193,0.0,47808.757155193,1221.308,0.0,593.212,16350.149580456131,25028.690000000002,74.364,56.5,257.0,0.0,7405.999,0.0,4383.617564350876,135022.49501855398,4383.617564350876,55370.84014480699,33.441880000000026,33.441880000000026,33.441880000000026
429,45,100033.7777,44157.263697461,0.0,44157.263697461,1221.308,0.0,593.212,16350.149580456131,25028.690000000002,74.364,56.5,257.0,0.0,7405.999,0.0,4889.291422082874,129875.87246899307,4889.291422082874,55876.51400253901,33.44188,33.44188,33.44188
430,46,94330.28379,41257.128959956,0.0,41257.128959956,1221.308,0.0,593.212,16350.149580456131,24452.49,74.364,36.159999999999954,257.0,0.0,7405.999,0.0,2682.4722495878673,127052.21746942689,2682.4722495878673,53073.154830044004,33.44188,33.44188,33.44188
431,47,87630.62233,41617.488668325,0.0,41617.488668325,1221.308,0.0,593.212,16350.149580456131,14329.467839999967,74.364,0.0,0.0,0.0,7405.999,0.0,6038.633241218895,120695.76142603857,6038.633241218895,46013.133661675,17.188680000000062,17.188680000000062,17.188680000000062
432,48,82288.61314,40161.780257529004,0.0,40161.780257529004,1221.308,0.0,593.212,16350.149580456131,9940.218939427383,74.364,0.0,0.0,0.0,7405.999,0.0,6541.581362587467,113809.88630752545,6541.581362587467,42126.832882471,17.188679999999902,17.188679999999902,17.188679999999902
433,49,79098.11989,42375.879996678006,0.0,42375.879996678006,1221.308,0.0,593.212,16350.149580456131,7269.002,74.364,0.0,0.0,0.0,7405.999,0.0,3808.205312865872,109801.24913608769,3808.205312865872,36722.239893321996,17.18868,17.18868,17.18868
434,50,77553.58891,41781.410097395,0.0,41781.410097395,1221.308,0.0,593.212,16350.149580456131,10127.146232148842,74.364,0.0,0.0,0.0,7405.999,0.0,0.0,109801.24913608769,0.0,35772.17881260501,17.188680000000076,17.188680000000076,17.188680000000076
435,51,77147.70105,34309.15635997,0.0,34309.15635997,1221.308,0.0,593.212,16350.149580456131,7269.002,74.364,0.0,0.0,0.0,7405.999,0.0,9924.510109573874,99354.39638916783,9924.510109573874,42838.54469003,17.18868000000014,17.18868000000014,17.18868000000014
436,52,78271.81509,33543.341592875004,0.0,33543.341592875004,1221.308,0.0,593.212,16350.149580456131,15278.064589999994,74.364,0.0,0.0,0.0,7405.999,0.0,3805.3763266688666,95348.73709793744,3805.3763266688666,44728.473497125,17.18867999999989,17.18867999999989,17.18867999999989
437,53,81990.04412,32984.179547064996,0.0,32984.179547064996,1221.308,0.0,593.212,16350.149580456131,22914.73043,74.364,20.33999999999999,0.0,0.0,7405.999,0.0,425.76156247889617,94900.56703217018,425.76156247889617,49005.86457293501,17.85108000116627,17.85108000116627,17.85108000116627
438,54,88869.24202,30443.904660046002,0.0,30443.904660046002,1221.308,0.0,593.212,16350.149580456131,25028.690000000002,74.364,469.108000239074,256.999999815739,0.0,7405.999,0.0,7025.50677944298,87505.29673801968,7025.50677944298,58425.33735995401,35.45800000000216,35.45800000000216,35.45800000000216
439,55,96218.67057,30624.820444229,6.4181,30624.820444229,1221.308,6.4181,593.212,16350.149580456131,25028.690000000002,74.364,701.2000002360741,257.0,0.0,7405.999,0.0,13955.509445073772,72815.28679583875,13955.509445073772,65587.432025771,35.45800000117772,35.45800000117772,35.45800000117772
440,56,98979.95981,30772.39139572,6353.4077518335,30772.39139572,1221.308,6353.4077518335,593.212,16350.149580456131,24452.49,74.364,448.7680000000024,257.0,0.0,7405.999,0.0,11050.870081990335,61182.79197269103,11050.870081990335,61854.160662446506,35.4580000000027,35.4580000000027,35.4580000000027
441,57,98162.66605,29613.535843267,32849.4001328635,29613.535843267,1221.308,32849.4001328635,593.212,16350.149580456131,7110.46583999994,74.364,0.0,0.0,0.0,7405.999,0.0,2944.2316534134006,58083.600758571665,2944.2316534134006,35699.7300738695,15.570159999997308,15.570159999997308,15.570159999997308
442,58,97787.51915,22352.234754201003,50354.751240517,22352.234754201003,1221.308,50354.751240517,593.212,16350.149580456131,1287.000324825849,74.364,0.0,0.0,0.0,5554.499250000002,0.0,0.0,58083.600758571665,0.0,25080.533155281984,16.2426,16.2426,16.2426
443,59,97291.35299,18617.201206235,60981.380024944505,18617.201206235,1221.308,60981.380024944505,593.2119998231724,16350.149580456131,21.5,74.364,0.0,0.0,0.0,3702.999500000006,4270.761321458817,0.0,62140.82401395754,-4270.761321458817,17692.771758820498,7.528999998295067,7.528999998295067,7.528999998295067
444,60,96289.99005,18027.826841124,65197.398518657,18027.826841124,1221.308,65197.398518657,0.0,16350.149580456131,0.0,74.364,0.0,0.0,0.0,1851.499750000004,6432.5566402223585,0.0,68251.75282216878,-6432.5566402223585,13064.764690218995,0.0,0.0,0.0
445,61,95211.92874,19440.817692789,65290.510012568004,19440.817692789,1221.308,65290.510012568004,0.0,16350.149580456131,0.0,74.364,0.0,0.0,0.0,0.0,7165.220545813115,0.0,75058.71234069124,-7165.220545813115,10480.601034642998,0.0,0.0,0.0
446,62,94182.40184,21412.075759935997,62527.9069870355,21412.075759935997,1221.308,62527.9069870355,1.5759273158954396e-5,16350.149580456131,0.0,74.364,0.0,0.0,0.0,1851.4997500000245,9254.902253186938,0.0,83850.86948121883,-9254.902253186938,10242.419093028511,3.319571568738411e-6,3.319571568738411e-6,3.319571568738411e-6
447,63,93502.71755,30767.893352391002,53847.415770370004,30767.893352391002,1221.308,53847.415770370004,0.0,16350.149580456131,0.0,74.364,0.0,0.0,0.0,3702.9995000000145,12461.412653217165,0.0,95689.21150177513,-12461.412653217165,8887.408427238996,0.0,0.0,0.0
448,64,93787.67035,32358.674493144,36750.464048800495,32358.674493144,1221.308,36750.464048800495,0.0,16350.149580456131,7081.959012783824,74.364,0.0,0.0,0.0,5554.499250000026,5603.7480351955755,0.0,101012.77213521094,-5603.7480351955755,24678.5318080555,3.4639966806112383,3.4639966806112383,3.4639966806112383
449,65,96834.73768,31092.583053973998,16413.961808923497,31092.583053973998,1221.308,16413.961808923497,593.212,16350.149580456131,24452.48317278382,74.364,448.76799976201596,257.0,0.0,7405.999,1475.0950161694568,0.004080269963072953,102414.1081055509,-1475.0909358994938,49328.19281710251,35.45799999981719,35.45799999981719,35.45799999981719
450,66,102357.407,40784.35859071,17.5373562025,40784.35859071,1221.308,17.5373562025,593.212,16350.149580456131,25028.690000000002,74.364,701.2,257.0,0.0,7405.999,0.0,9923.58847263137,91968.22550278103,9923.58847263137,61555.51105308751,35.45800000116284,35.45800000116284,35.45800000116284
451,67,102431.7144,38603.287999515,0.0,38603.287999515,1221.308,0.0,593.212,16350.149580456131,25028.690000000002,74.364,701.2,257.0,0.0,7405.999,0.0,12196.50382002887,79129.80042906644,12196.50382002887,63828.426400485,35.45800000071445,35.45800000071445,35.45800000071445
452,68,100367.7827,41916.314561474006,0.0,41916.314561474006,1221.308,0.0,593.212,16350.149580456131,25028.690000000002,74.364,469.10799999999955,257.0,0.0,7405.999,0.0,7051.637558069874,71707.02405215078,7051.637558069874,58451.46813852599,35.458000001165495,35.458000001165495,35.458000001165495
453,69,97058.49477,43529.953039368,0.0,43529.953039368,1221.308,0.0,593.212,16350.149580456131,24452.49,74.364,36.16,0.0,0.0,7405.999,0.0,3394.8591501758656,68133.48810459724,3394.8591501758656,53528.541730632,30.763719999999925,30.763719999999925,30.763719999999925
454,70,91552.50237,45700.311896257,0.0,45700.311896257,1221.308,0.0,593.212,16350.149580456131,14329.467839999968,74.364,0.0,0.0,0.0,7405.999,0.0,5877.690053286913,61946.445943242594,5877.690053286913,45852.190473743,17.18868,17.18868,17.18868
455,71,85104.25573,45207.594460089,0.0,45207.594460089,1221.308,0.0,593.212,16350.149580456131,7269.002,74.364,0.0,0.0,0.0,7405.999,0.0,6982.626689454872,54596.31258592168,6982.626689454872,39896.661269911005,17.188680000000062,17.188680000000062,17.188680000000062
456,72,79870.04239,34291.237490634,0.0,34291.237490634,1221.308,0.0,593.212,16350.149580456131,7269.002,74.364,0.0,0.0,0.0,7405.999,0.0,12664.770318909876,41264.97540812181,12664.770318909876,45578.804899366005,17.18868000000009,17.18868000000009,17.18868000000009
457,73,76498.96553,35135.779903315,0.0,35135.779903315,1221.308,0.0,593.212,16350.149580456131,7269.002,74.364,0.0,0.0,0.0,7405.999,0.0,8449.151046228875,32371.1322015651,8449.151046228875,41363.185626685,17.18868000000009,17.18868000000009,17.18868000000009
458,74,74869.35102,37352.426149647,0.0,37352.426149647,1221.308,0.0,593.212,16350.149580456131,7269.002,74.364,0.0,0.0,0.0,7405.999,0.0,4602.890289896874,27525.984527989443,4602.890289896874,37516.924870353,17.18867999999989,17.18867999999989,17.18867999999989
459,75,74301.50925,36878.106502561,0.0,36878.106502561,1221.308,0.0,593.212,16350.149580456131,7269.002,74.364,0.0,0.0,0.0,7405.999,0.0,4509.368166982875,22779.28119432326,4509.368166982875,37423.402747439,17.18868,17.18868,17.18868
460,76,75137.45177,36529.944646271004,0.0,36529.944646271004,1221.308,0.0,593.212,16350.149580456131,7269.002,74.364,0.0,0.0,0.0,7405.999,0.0,5693.472543272878,16786.152201404442,5693.472543272878,38607.507123728996,17.18868,17.18868,17.18868
461,77,78419.65477,36229.390390333,0.0,36229.390390333,1221.308,0.0,593.212,16350.149580456131,14329.467839999965,74.364,0.0,0.0,0.0,7405.999,0.0,2215.7639592109017,14453.7690864456,2215.7639592109017,42190.264379666995,17.18868,17.18868,17.18868
462,78,84958.79962,34497.846445638,0.0,34497.846445638,1221.308,0.0,593.212,16350.149580456131,24452.49,74.364,36.15999999999447,0.0,0.0,7405.999,0.0,327.27059390589574,14109.273724439394,327.27059390589574,50460.953174362,30.763720000000003,30.763720000000003,30.763720000000003
463,79,92044.77062,33100.71845333,67.6369,33100.71845333,1221.308,67.6369,593.212,16350.149580456131,25028.690000000002,74.364,469.10800023629525,257.0,0.0,7405.999,0.0,7476.584685977545,6239.18458130847,7476.584685977545,58876.415266669996,35.45800000117019,35.45800000117019,35.45800000117019
464,80,95177.63165,34754.775690256,3929.953296602,34754.775690256,1221.308,3929.953296602,593.212,16350.149580456131,24452.49,74.364,448.7680006056896,257.0,0.0,7405.999,0.0,5689.612082078163,250.1192317525094,5689.612082078163,56492.902663142,34.78556000000002,34.78556000000002,34.78556000000002
465,81,95217.42953,28492.816505544004,28385.499083835,28492.816505544004,1221.308,28385.499083835,593.212,16350.149580456131,14307.967839999968,74.364,0.0,0.0,0.0,5554.499249999988,0.0,237.61327016488394,0.0,237.61327016488394,38339.11394062099,16.24259999999999,16.24259999999999,16.24259999999999
466,82,94974.1656,32728.315705581,49585.3630376465,32728.315705581,1221.308,49585.3630376465,0.0,16350.149580456131,0.0,74.364,0.0,0.0,0.0,3702.999499999976,8688.334223683598,0.0,8253.917512499418,-8688.334223683598,12660.486856772492,0.0,0.0,0.0
467,83,94461.00403,33012.215752129,61448.337046512,33012.215752129,1221.3079999999989,61448.337046512,0.0,16350.149580456131,0.0,74.364,0.0,0.0,0.0,1851.499749999964,19496.870099097094,0.0,26775.944106641655,-19496.870099097094,0.45123135899484623,0.0,0.0,0.0
468,84,93602.92288,21386.940495805,62873.93259731251,21386.940495805,1221.308,62873.93259731251,0.0,16350.149580456131,0.0,74.364,0.0,0.0,0.0,0.0,8303.77179357364,0.0,34664.527310536614,-8303.77179357364,9342.04978688249,0.0,0.0,0.0
469,85,92805.27445,22962.990241612002,62385.766034536,22962.990241612002,1221.3079999999964,62385.766034536,0.0,16350.149580456131,0.0,74.364,0.0,0.0,0.0,0.0,10189.303406604167,0.0,44344.36554681057,-10189.303406604167,7456.518173851997,0.0,0.0,0.0
470,86,92089.25422,27658.112708550005,56547.626566675,27658.112708550005,1221.308,56547.626566675,0.0,16350.149580456131,0.0,74.364,0.0,0.0,0.0,0.0,9762.306635681152,0.0,53618.5568507077,-9762.306635681152,7883.514944775001,0.0,0.0,0.0
471,87,91395.81765,31347.369954881,52632.16886264,31347.369954881,1221.308,52632.16886264,0.0,16350.149580456131,0.0,74.364,0.0,0.0,0.0,1851.4997500000181,12081.042497977152,0.0,65095.547223785994,-12081.042497977152,7416.278832479002,0.0,0.0,0.0
472,88,91650.97483,33849.909944308005,36957.850203851995,33849.909944308005,1221.308,36957.850203851995,0.0,16350.149580456131,21.5,74.364,0.0,0.0,0.0,3702.999500000019,527.1063986161271,0.0,65596.29830247132,-527.1063986161271,20843.214681840007,0.0,0.0,0.0
473,89,94516.66542,29193.694251872,17121.91825658,29193.694251872,1221.308,17121.91825658,593.212,16350.149580456131,17392.024159999997,74.364,448.7679997745597,257.0,0.0,5554.499250000019,0.0,6309.727921317318,58954.47943792677,6309.727921317318,48201.052911548,34.37736,34.37736,34.37736
474,90,99394.65073,39497.454845657005,0.0,39497.454845657005,1221.308,0.0,593.212,16350.149580456131,25028.690000000002,74.364,701.2,257.0,0.0,7405.999,0.0,8265.273303886866,50254.191749624806,8265.273303886866,59897.19588434299,35.45799999999946,35.45799999999946,35.45799999999946
475,91,98911.88987,36175.575301507,0.0,36175.575301507,1221.308,0.0,593.212,16350.149580456131,25028.690000000002,74.364,701.2,257.0,0.0,7405.999,0.0,11104.391988037365,38565.35807800653,11104.391988037365,62736.314568493,35.45800000005533,35.45800000005533,35.45800000005533
476,92,96696.51805,37470.417350823,0.0,37470.417350823,1221.308,0.0,593.212,16350.149580456131,25028.690000000002,74.364,701.2,257.0,0.0,7405.999,0.0,7594.178118720888,30571.486374089807,7594.178118720888,59226.100699177,35.45800000045518,35.45800000045518,35.45800000045518
477,93,93946.03634,34359.71570143101,0.0,34359.71570143101,1221.308,0.0,593.212,16350.149580456131,25028.690000000002,74.364,469.1079999993448,257.0,0.0,7405.999,0.0,8186.4900581135735,21954.128418180782,8186.4900581135735,59586.320638569,35.45800000116691,35.45800000116691,35.45800000116691
478,94,89461.35078,38744.202541705,0.0,38744.202541705,1221.308,0.0,593.212,16350.149580456131,17204.42416013529,74.364,20.33999999999999,0.0,0.0,7405.999,0.0,7847.351497703559,13693.75842059809,7847.351497703559,50717.14823829499,18.134760000000092,18.134760000000092,18.134760000000092
479,95,84223.30251,44865.166455247,0.0,44865.166455247,1221.308,0.0,593.212,16350.149580456131,2681.18330047553,74.364,0.0,0.0,0.0,7405.999,0.0,11031.920173821305,2081.2108692072425,11031.920173821305,39358.13605475299,16.2426,16.2426,16.2426
480,96,79165.91411,44274.729203797,0.0,44274.729203797,1221.308,0.0,593.212,16350.149580456131,7269.002,74.364,0.0,0.0,0.0,7405.999,0.0,1977.1503257468812,0.0,1977.1503257468812,34891.184906203,17.188680000000033,17.188680000000033,17.188680000000033
481,1,75681.00021,42278.26034172499,0.0,42278.26034172499,1221.308,0.0,593.212,16350.149580456131,9609.207037818813,74.364,0.0,0.0,0.0,5554.4992500000335,0.0,0.0,0.0,0.0,33402.739868275006,17.188680000000037,17.188680000000037,17.188680000000037
482,2,73507.97939,49720.58499042401,0.0,49720.58499042401,1221.308,0.0,593.212,16350.149580456131,1845.3613191198126,74.364,0.0,0.0,0.0,3702.9995000000245,0.0,0.0,0.0,0.0,23787.394399575984,16.24260000000007,16.24260000000007,16.24260000000007
483,3,72254.29386,53077.322195774,0.0,52915.135163173996,1221.308,0.0,0.0,16191.986946825986,0.0,74.364,0.0,0.0,0.0,1851.4997500000113,0.0,0.0,0.0,0.0,19339.15869682601,0.0,0.0,0.0
484,4,71934.55023,56176.608048761,0.0,56176.608048760994,1221.308,0.0,0.0,16350.149580456131,0.0,74.364,0.0,0.0,0.0,0.0,1887.879399217124,0.0,1793.4854292562677,-1887.879399217124,15757.942181239,0.0,0.0,0.0
485,5,73149.80316,66911.587043168,0.0,59892.187443583,675.0810019608489,0.0,0.0,12508.170714456124,0.0,74.364,0.0,0.0,0.0,0.0,0.0,0.0,1793.4854292562677,0.0,13257.615716416993,0.0,0.0,0.0
486,6,75839.4157,76130.05784389,0.0,65977.43572574388,0.0,0.0,0.0,9787.61597425612,0.0,74.364,0.0,0.0,0.0,0.0,0.0,0.0,1793.4854292562677,0.0,9861.979974256115,0.0,0.0,0.0
487,7,79291.97313,73216.410455377,0.0,68562.67930093357,0.0,0.0,0.0,10654.929829066436,0.0,74.364,0.0,0.0,0.0,0.0,0.0,0.0,1793.4854292562677,0.0,10729.293829066431,0.0,0.0,0.0
488,8,82741.79044,67963.879608955,2188.3029,67959.75352595498,1113.9650000000001,2188.3029,0.0,11405.405014044998,0.0,74.364,0.0,0.0,0.0,0.0,0.0,0.0,1793.4854292562677,0.0,12593.73401404502,0.0,0.0,0.0
489,9,86150.87112,63164.030992575994,11017.2563584505,63155.21992119336,798.113,11017.2563584505,0.0,11105.91784035612,0.0,74.364,0.0,0.0,0.0,0.0,0.0,0.0,1793.4854292562677,0.0,11978.394840356133,0.0,0.0,0.0
490,10,88338.72382,64380.943093927,27291.5417969205,50491.186693927004,94.191,26155.80974774299,0.0,11523.172378329999,0.0,74.364,0.0,0.0,0.0,0.0,0.0,0.0,1793.4854292562677,0.0,11691.727378330004,0.0,0.0,0.0
491,11,88763.13174,66521.244441153,46078.418196217,66521.244441153,814.526161999977,46078.418196217,0.0,15274.578940630006,0.0,74.364,0.0,0.0,0.0,0.0,40000.0,0.0,39793.48542925627,-40000.0,-23836.53089737,0.0,0.0,0.0
492,12,88068.29896,68188.370010032,58411.68148610499,22460.13115,192.0,53708.36361861201,0.0,11633.440191387997,0.0,74.364,0.0,0.0,0.0,0.0,0.0,0.0,39793.48542925627,0.0,11899.804191387986,0.0,0.0,0.0
493,13,86508.15285,75344.108401559,65007.666721662,53732.88528811001,270.541,23147.17423589,0.0,9357.552325999986,0.0,0.0,0.0,0.0,0.0,0.0,0.0,0.0,39793.48542925627,0.0,9628.093325999987,0.0,0.0,0.0
494,14,84704.85347,74942.59714642,65206.348064282,30012.76086582501,100.697,45193.367355875,0.0,9398.028248300003,0.0,0.0,0.0,0.0,0.0,0.0,0.0,0.0,39793.48542925627,0.0,9498.72524829999,0.0,0.0,0.0
495,15,83733.3438,74902.112255488,61302.200144561,49892.059850735,0.0,21435.083749608846,0.0,12331.836199656149,0.0,74.364,0.0,0.0,0.0,0.0,0.0,0.0,39793.48542925627,0.0,12406.200199656156,0.0,0.0,0.0
496,16,84111.07223,75428.95250372501,48224.214162053,66856.997003725,0.0,4671.540511818888,0.0,12508.17071445612,0.0,74.364,0.0,0.0,0.0,0.0,0.0,0.0,39793.48542925627,0.0,12582.534714456115,0.0,0.0,0.0
497,17,87613.33554,71594.62155722501,25969.948794267497,71594.62155722501,0.0,24088.29483699569,0.0,16350.149580456131,0.0,74.364,0.0,0.0,0.0,0.0,24494.094434676823,0.0,63062.87514219925,-24494.094434676823,-8069.580854220698,0.0,0.0,0.0
498,18,93945.98559,75844.12124229399,79.231187375,75844.12124229399,1221.308,79.231187375,26.917,16350.149580456131,0.0,74.364,0.0,0.0,0.0,0.0,0.0,349.8945798748682,62694.56505812044,349.8945798748682,18022.63316033101,5.323000000000055,5.323000000000055,5.323000000000055
499,19,94779.69917,77550.686250013,0.0,77550.686250013,1221.308,0.0,0.0,16350.149580456131,0.0,74.364,0.0,0.0,0.0,0.0,416.8086604691125,0.0,63090.533285566096,-416.8086604691125,17229.012919987013,0.0,0.0,0.0
500,20,93299.23698,70171.396605178,0.0,70171.396605178,1221.308,0.0,593.212,16350.149580456131,28.499999999999996,74.364,0.0,0.0,0.0,1851.49975,0.0,3008.8070443658717,59923.36797570728,3008.8070443658717,23127.840374822,16.242600000000262,16.242600000000262,16.242600000000262
501,21,90996.97786,72747.691442636,0.0,72747.691442636,1221.308,0.0,26.917,16350.149580456131,0.0,74.364,0.0,0.0,0.0,0.0,0.0,576.547836907871,59316.47551580426,576.547836907871,18249.286417363997,5.323,5.323,5.323
502,22,87201.32287,65075.86534555701,0.0,65075.86534555701,1221.308,0.0,593.212,16350.149580456131,0.0,74.364,0.0,0.0,0.0,0.0,0.0,3886.423943986866,55225.502943186504,3886.423943986866,22125.457524442994,9.7305,9.7305,9.7305
503,23,82636.00524,57734.517400064,0.0,57734.517400064,1221.308,0.0,593.212,16350.149580456131,0.0,74.364,0.0,0.0,0.0,0.0,0.0,6662.454259479865,48212.3931963656,6662.454259479865,24901.487839935995,9.73049999999989,9.73049999999989,9.73049999999989
504,24,78168.08204,57482.13735657399,0.0,57482.13735657399,1221.308,0.0,0.0,16350.149580456131,0.0,74.364,0.0,0.0,0.0,0.0,0.0,3040.1231029698693,45012.26361429205,3040.1231029698693,20685.944683426,3.218399999999766,3.218399999999766,3.218399999999766
505,25,75065.03889,49824.105956455,0.0,49824.105956455,1221.308,0.0,593.212,16350.149580456131,28.499999999999996,74.364,0.0,0.0,0.0,1851.4997499999954,0.0,5121.899603088866,39620.79034788272,5121.899603088866,25240.932933544995,16.242600000000124,16.242600000000124,16.242600000000124
506,26,73081.54739,50397.69644671801,0.0,50397.69644671801,1221.308,0.0,593.212,16350.149580456131,0.0,74.364,0.0,0.0,0.0,0.0,0.0,4444.817362825875,34942.03522911864,4444.817362825875,22683.850943282,9.7305,9.7305,9.7305
507,27,72212.37804,52900.461202653,0.0,52900.461202653,1221.308,0.0,593.212,16350.149580456131,0.0,74.364,0.0,0.0,0.0,0.0,0.0,1072.8832568908608,33812.68443239142,1072.8832568908608,19311.916837346995,9.7305,9.7305,9.7305
508,28,72169.46187,49232.60654595,0.0,49232.60654595,1221.308,0.0,0.0,16350.149580456131,0.0,74.364,0.0,0.0,0.0,0.0,0.0,5291.033743593891,28243.175228608376,5291.033743593891,22936.855324049997,3.2183999999998463,3.2183999999998463,3.2183999999998463
509,29,73312.87577,45596.677007564,0.0,45596.677007564,1221.308,0.0,593.212,16350.149580456131,28.5,74.364,0.0,0.0,0.0,1851.4997499999995,0.0,7597.165431979867,20246.158984419042,7597.165431979867,27716.198762435997,16.242600000000152,16.242600000000152,16.242600000000152
510,30,75702.36888,47855.85554998601,0.0,47855.85554998601,1221.308,0.0,593.212,16350.149580456131,0.0,74.364,0.0,0.0,0.0,0.0,0.0,9607.479749557866,10133.02240593708,9607.479749557866,27846.513330013986,9.73050000001303,9.73050000001303,9.73050000001303
511,31,79045.06108,51669.14990712401,4.937,51669.14990712401,1221.308,4.937,593.212,16350.149580456131,28.499999999999996,74.364,0.0,0.0,0.0,1851.49975,0.0,7251.94084241986,2499.4004665477532,7251.94084241986,27370.974172875987,16.24260000000017,16.24260000000017,16.24260000000017
512,32,82120.25569,57687.087808111,4412.9158582125,57687.087808111,1221.308,4412.9158582125,0.0,16350.149580456131,0.0,74.364,0.0,0.0,0.0,0.0,0.0,2374.4304432203658,0.0,2374.4304432203658,20020.252023676505,3.218399999986797,3.218399999986797,3.218399999986797
513,33,85131.84608,55911.08519689,22693.6089687455,55911.085196891305,1221.308,22693.6089687455,0.0,16350.149580456131,0.0,74.364,0.0,0.0,0.0,0.0,11118.669666093216,0.0,10562.736182788554,-11118.669666093216,6527.1519143631995,0.0,0.0,0.0
514,34,86952.75278,48176.858904345005,39415.625845866,48176.858904345005,1221.308,39415.62584586752,0.0,16350.149580456131,0.0,74.364,0.0,0.0,0.0,0.0,18285.553550668905,0.0,27934.012055924013,-18285.553550668905,-639.7319702125315,0.0,0.0,0.0
515,35,87826.47407,40245.30410115,51799.210209444,40085.060100994,50.739000000000004,50500.44418041646,0.0,16350.149580456131,0.0,0.0,0.0,0.0,0.0,0.0,19159.918791866607,0.0,46135.93490819729,-19159.918791866607,-2759.0302114104634,0.0,0.0,0.0
516,36,87748.53254,38285.873308226,57263.4472178475,38285.873308227616,1221.308,57263.4472178475,0.0,16350.149580456131,0.0,74.364,0.0,0.0,0.0,0.0,25446.609566531493,0.0,70310.21399640224,-25446.609566531493,-7800.787986075113,0.0,0.0,0.0
517,37,87162.9112,41622.419257651,60509.61965716149,41622.419257650996,1221.308,60509.61965716314,0.0,16350.149580456131,0.0,74.364,0.0,0.0,0.0,0.0,32614.949295270475,0.0,101294.41582690919,-32614.949295270475,-14969.12771481413,0.0,0.0,0.0
518,38,86476.30111,43969.932597445004,58317.732225495005,43969.932597445004,1221.3079999999995,58317.73222549654,0.0,16350.149580456018,0.0,74.364,0.0,0.0,0.0,0.0,33457.185293397764,0.0,133078.74185563705,-33457.185293397764,-15811.363712941544,0.0,0.0,0.0
519,39,86042.76412,46834.118753304996,52459.849632499005,46802.985453304995,506.7540915273847,22308.510994711505,0.0,16350.149580456131,0.0,74.364,0.0,0.0,0.0,0.0,0.0,0.0,133078.74185563705,0.0,16931.267671983507,0.0,0.0,0.0
520,40,86806.26642,50964.96389492,44682.1476623725,50964.96389492168,1221.308,44682.1476623725,0.0,16350.149580456018,0.0,74.364,0.0,0.0,0.0,1851.4997500000095,28338.166467750467,0.0,160000.0,-28338.166467750467,-8840.845137294185,0.0,0.0,0.0
521,41,90582.22846,53089.078409361995,24794.753433803504,53089.078409361995,391.58099999999996,20794.534836181876,0.0,12508.1707144561,21.5,74.364,0.0,0.0,0.0,3702.9995000000067,0.0,0.0,160000.0,0.0,16698.615214456127,0.0,0.0,0.0
522,42,96921.173,49835.803756261,11.366962515,49835.803756261,1221.308,11.366962515,593.212,16350.149580456131,17392.02415999999,74.364,36.160000000000245,257.0,0.0,5554.499250000003,0.0,5595.285290767821,154110.22600971808,5595.285290767821,47074.002281224,33.44188,33.44188,33.44188
523,43,97322.91965,48430.02694267099,0.0,48430.02694267099,1221.308,0.0,593.212,16350.149580456131,21319.989,74.364,0.0,0.0,0.0,7405.999,0.0,1927.8711268712905,152080.8879814325,1927.8711268712905,48892.892707329,17.85108000000009,17.85108000000009,17.85108000000009
524,44,95847.8702,50592.107499155,0.0,50592.107499155,1221.308,0.0,593.212,16350.149580456131,13310.92640999997,74.364,0.0,0.0,0.0,7405.999,0.0,6299.8037103889,145449.51565470733,6299.8037103889,45255.76270084501,17.1886799999999,17.1886799999999,17.1886799999999
525,45,93948.99779,50984.13771024099,0.0,50984.13771024099,1221.308,0.0,593.212,16350.149580456131,7269.002,74.364,0.0,0.0,0.0,7405.999,0.0,10050.825499302873,134869.69933965168,10050.825499302873,42964.860079759004,17.188679999999874,17.188679999999874,17.188679999999874
526,46,88848.74692,45392.254092261,0.0,45392.254092261,1221.308,0.0,593.212,16350.149580456131,7269.002,74.364,0.0,0.0,0.0,7405.999,0.0,10542.458247282877,123772.3748688276,10542.458247282877,43456.492827739006,17.188680000000122,17.188680000000122,17.188680000000122
527,47,82732.17454,43167.873297487,0.0,43167.873297487,1221.308,0.0,593.212,16350.149580456131,7269.002,74.364,0.0,0.0,0.0,7405.999,0.0,6650.266662056879,116772.09417192561,6650.266662056879,39564.30124251301,17.188679999999863,17.188679999999863,17.188679999999863
528,48,77810.05794,47893.982151211,0.0,47893.982151211,1221.308,0.0,593.212,16350.149580456131,4271.043208332848,74.364,0.0,0.0,0.0,7405.999,0.0,0.0,116772.09417192561,0.0,29916.075788789,16.242600000000134,16.242600000000134,16.242600000000134
529,49,74776.38519,45609.639050432,0.0,45609.639050432,1221.308,0.0,593.212,16350.149580456131,3521.713559111843,74.364,0.0,0.0,0.0,7405.999,0.0,0.0,116772.09417192561,0.0,29166.746139568,16.242599999999797,16.242599999999797,16.242599999999797
530,50,73330.24093,43813.312156322005,0.0,43813.312156322005,1221.308,0.0,593.212,16350.149580456131,3871.896193221855,74.364,0.0,0.0,0.0,7405.999,0.0,0.0,116772.09417192561,0.0,29516.928773677995,16.242600000000095,16.242600000000095,16.242600000000095
531,51,72986.03794,41414.284157468,0.0,41414.284157468,1221.308,0.0,593.212,16350.149580456131,5926.7212020758425,74.364,0.0,0.0,0.0,7405.999,0.0,0.0,116772.09417192561,0.0,31571.753782531996,16.242600000000085,16.242600000000085,16.242600000000085
532,52,74241.43971,40716.069693633,0.0,40716.069693633,1221.308,0.0,593.212,16350.149580456131,7412.637146017137,74.364,0.0,0.0,0.0,7405.999,0.0,467.7002898937154,116279.77807730064,467.7002898937154,33525.37001636701,17.188680000000076,17.188680000000076,17.188680000000076
533,53,78231.13785,38842.758442781,0.0,38842.758442781,1221.308,0.0,593.212,16350.149580456131,13743.346826762858,74.364,0.0,0.0,0.0,7405.999,0.0,0.0,116279.77807730192,0.0,39388.379407219,17.188680000000712,17.188680000000712,17.188680000000712
534,54,85843.09773,39193.554447126,0.0,39193.554447126,1221.308,0.0,593.212,16350.149580456131,14329.467839999968,74.364,0.0,0.0,0.0,7405.999,0.0,6675.042862417906,109253.4171694936,6675.042862417906,46649.543282873994,17.188680000000083,17.188680000000083,17.188680000000083
535,55,94101.4806,39102.011196948,36.5338,39102.011196948,1221.308,36.5338,593.212,16350.149580456131,24452.49,74.364,36.15999999999998,257.0,0.0,7405.999,0.0,4572.253022595876,104440.51925097163,4572.253022595876,54962.935603052,33.44188,33.44188,33.44188
536,56,97601.23873,36693.069809587,3858.7204495799997,36693.069809587,1221.308,3858.7204495799997,593.212,16350.149580456131,24452.49,74.364,448.7680000000001,257.0,0.0,7405.999,0.0,6246.157890376885,97865.61620846964,6246.157890376885,57049.448470833,34.78555999999966,34.78555999999966,34.78555999999966
537,57,97355.13964,35796.944444662004,20576.4997008885,35796.944444662004,1221.308,20576.4997008885,593.212,16350.149580456131,14329.467839999952,74.364,0.0,0.0,0.0,7405.999,0.0,1007.1950739934227,96805.41086742394,1007.1950739934227,40981.695494449494,16.242600000000344,16.242600000000344,16.242600000000344
538,58,96978.13371,24445.83483912,33860.4408854785,24445.83483912,1221.308,33860.4408854785,593.212,16350.149580456131,13026.82540494535,74.364,0.0,0.0,0.0,7405.999,0.0,0.0,96805.41086742395,0.0,38671.8579854015,17.18868,17.18868,17.18868
539,59,96365.51953,26641.211948368997,47790.132296828,26641.211948368997,1221.308,47790.132296828,593.212,16350.149580456131,21.5,74.364,0.0,0.0,0.0,7405.998999999977,3732.357295653097,0.0,100351.1502982944,-3732.357295653097,21934.175284803,9.7305,9.7305,9.7305
540,60,95083.11117,24927.127808111003,50288.5491831815,24927.127808111003,1221.308,50288.5491831815,593.212,16350.149580456131,28.5,74.364,0.0,0.0,0.0,7405.999,5806.098401748622,0.0,105866.94377995559,-5806.098401748622,19867.434178707495,12.948900000245132,12.948900000245132,12.948900000245132
541,61,93737.08901,26094.322600624997,52115.4804581175,26094.322600624997,1221.308,52115.4804581175,0.0,16350.149580456131,0.0,74.364,0.0,0.0,0.0,5554.499249999999,7673.034879198631,0.0,113156.32691519428,-7673.034879198631,15527.285951257509,0.0,0.0,0.0
542,62,92420.85238,20076.584800238998,51442.461189448,20076.584800238998,1221.308,51442.461189448,593.212,16350.149580456131,28.5,74.364,0.0,0.0,0.0,7405.999,4771.726190143132,0.0,117689.46679583026,-4771.726190143132,20901.806390313002,16.24260000000008,16.24260000000008,16.24260000000008
543,63,91705.97266,20045.234990863002,44777.0275532935,20045.234990863002,1221.308,44777.0275532935,593.212,16350.149580456131,1238.677535387358,74.364,0.0,0.0,0.0,7405.999,0.0,0.0,117689.46679583025,0.0,26883.710115843503,16.24260000000009,16.24260000000009,16.24260000000009
544,64,92517.34028,24775.529994304,38644.013243871996,24775.529994304,1221.308,38644.013243871996,593.2116427430715,16350.149580456131,7081.9645569863205,74.364,0.0,0.0,0.0,7405.996667743848,3629.1974061053625,0.0,121137.20433163035,-3629.1974061053625,29097.797041824007,9.730487742899514,9.730487742899514,9.730487742899514
545,65,96374.38569,21732.271644147,21436.452502452,21732.271644147,1221.308,21436.452502452,593.212,16350.149580456131,24452.488716986318,74.364,36.16051974486277,0.0003237320580069536,0.0,7405.999,0.0,3071.979402481598,117903.54180270236,3071.979402481598,53205.661543401,30.763725913186484,30.763725913186484,30.763725913186484
546,66,102770.2666,30661.450346278,164.30481251499998,30661.450346278,1221.308,164.30481251499998,593.212,16350.149580456131,25028.690000000002,74.364,469.1082923564392,257.0,0.0,7405.999,0.0,20544.680568394408,96277.56225702404,20544.680568394408,71944.51144120701,35.45800000075628,35.45800000075628,35.45800000075628
547,67,103936.2331,30315.522045214002,0.0,30315.522045214002,1221.308,0.0,593.212,16350.149580456131,25028.690000000002,74.364,701.2,257.0,0.0,7405.999,0.0,21988.78847432947,73131.4691261509,21988.78847432947,73620.71105478599,35.458000000758325,35.458000000758325,35.458000000758325
548,68,102322.0562,33929.632108764,0.0,33929.632108764,1221.308,0.0,593.212,16350.149580456131,25028.690000000002,74.364,701.2,257.0,0.0,7405.999,0.0,16760.50151077839,55488.835956910494,16760.50151077839,68392.424091236,35.45800000252632,35.45800000252632,35.45800000252632
549,69,98856.4718,35594.162652105995,0.0,35594.162652105995,1221.308,0.0,593.212,16350.149580456131,25028.690000000002,74.364,701.2,257.0,0.0,7405.999,0.0,11630.386567436417,43246.32378066163,11630.386567436417,63262.309147894004,35.45800000075784,35.45800000075784,35.45800000075784
550,70,92931.44919,36536.998250146,0.0,36536.998250146,1221.308,0.0,593.212,16350.149580456131,24452.49,74.364,268.2519999999988,257.0,0.0,7405.999,0.0,5771.676359397872,37170.87498129545,5771.676359397872,56394.450939853996,33.44188,33.44188,33.44188
551,71,85897.91602,36843.911853288,0.0,36843.911853288,1221.308,0.0,593.212,16350.149580456131,22338.53043,74.364,0.0,0.0,0.0,7405.999,0.0,1070.4411562558778,36044.09481681558,1070.4411562558778,49054.004166712,17.58628000000001,17.58628000000001,17.58628000000001
552,72,80246.14462,31918.002056750003,0.0,31918.002056750003,1221.308,0.0,593.212,16350.149580456131,22338.53043,74.364,0.0,0.0,0.0,7405.999,0.0,344.57955279388216,35681.37949808518,344.57955279388216,48328.14256325,17.85108,17.85108,17.85108
553,73,76667.30399,26567.380444742004,0.0,26567.380444742004,1221.308,0.0,593.212,16350.149580456131,23688.690000000002,74.364,0.0,0.0,0.0,7405.999,0.0,766.2009648018666,34874.852166714794,766.2009648018666,50099.923545257996,25.51408000000009,25.51408000000009,25.51408000000009
554,74,75129.97148,28639.203403801,0.0,28639.203403801,1221.308,0.0,593.212,16350.149580456131,20845.735495742854,74.364,0.0,0.0,0.0,7405.999,0.0,0.0,34874.85216671624,0.0,46490.76807619899,17.188680000000076,17.188680000000076,17.188680000000076
555,75,74590.35423,28419.323403594,0.0,28419.323403594,1221.308,0.0,593.212,16350.149580456131,20525.99824594985,74.364,0.0,0.0,0.0,7405.999,0.0,0.0,34874.852166718985,0.0,46171.030826406,17.188680000000108,17.188680000000108,17.188680000000108
556,76,75557.82611,28979.129604043996,0.0,28979.129604043996,1221.308,0.0,593.212,16350.149580456131,20933.663925499837,74.364,0.0,0.0,0.0,7405.999,0.0,0.0,34874.852166718985,0.0,46578.696505956,17.188679999999902,17.188679999999902,17.188679999999902
557,77,79324.9532,30791.108439202002,0.0,30791.108439202002,1221.308,0.0,593.212,16350.149580456131,22338.530429999995,74.364,0.0,0.0,0.0,7405.999,0.0,550.2817503418812,34295.60821899069,550.2817503418812,48533.844760798005,17.58628000000001,17.58628000000001,17.58628000000001
558,78,86856.89249,30111.727308095,0.0,30111.727308095,1221.308,0.0,593.212,16349.442327832616,24452.49,74.364,268.251999999999,257.0,0.0,7405.999,0.0,6123.097854072388,27850.242056809235,6123.097854072388,56745.165181905,33.44188,33.44188,33.44188
559,79,94995.29485,30580.563850279,0.0,30580.563850279,1221.308,0.0,593.212,16346.739300966814,25028.690000000002,74.364,701.2,257.0,0.0,7405.999,0.0,12786.218698752735,14391.06447917478,12786.218698752735,64414.73099972101,35.45800000075991,35.45800000075991,35.45800000075991
560,80,97846.13807,32681.71229248,3924.1169513140003,32681.71229248,1221.308,3924.1169513140003,593.212,16345.956298604815,24452.49,74.364,448.7680000000019,257.0,0.0,7405.999,0.0,10441.211527599551,3400.315502754199,10441.211527599551,61240.308826206005,35.458000002648774,35.458000002648774,35.458000002648774
561,81,97398.15122,31250.775598924003,32042.383046608,31250.775598924003,1221.308,32042.383046608,593.212,16342.343756851504,7088.965839999961,74.364,0.0,0.0,0.0,5554.499250000034,0.0,3230.2997276164892,0.0,3230.2997276164892,34104.99257446801,15.570159997351233,15.570159997351233,15.570159997351233
562,82,96583.21828,30011.57344433,50984.581527673,30011.573444331258,1221.308,50984.581527673,0.0,16342.221808277014,0.0,74.364,0.0,0.0,0.0,3702.999500000023,5753.830000282291,0.0,5466.138500268176,-5753.830000282291,15587.063307995748,0.0,0.0,0.0
563,83,95860.41665,26391.022703398998,62950.070558460495,26391.022703398998,1221.308,62950.070558461455,0.0,16338.670013789506,0.0,74.364,0.0,0.0,0.0,1851.499750000009,12966.518375650738,0.0,17784.33095713638,-12966.518375650738,6519.32338813955,0.0,0.0,0.0
564,84,94804.80314,26035.591295757997,69682.285487926,26035.591295759554,1221.308,69682.285487926,0.0,16338.561946111215,0.0,74.364,0.0,0.0,0.0,0.0,18547.307589797005,0.0,35404.273167443534,-18547.307589797005,-913.0736436855514,0.0,0.0,0.0
565,85,93682.91062,26329.257897867003,68209.0604300935,26329.257897867003,1221.3080000016857,68209.0604300935,0.0,16334.922913761704,0.0,74.364,0.0,0.0,0.0,0.0,18486.002621724125,0.0,52965.975658081436,-18486.002621724125,-855.4077079605049,0.0,0.0,0.0
566,86,92938.1683,28407.214191811,66007.12223546201,28407.214191811,1221.308,66007.12223546201,0.0,16334.828382695907,0.0,74.364,0.0,0.0,0.0,0.0,19106.668509970455,0.0,71117.31074255337,-19106.668509970455,-1476.1681272730057,0.0,0.0,0.0
567,87,92342.8437,31603.770145275994,59861.475653759495,31603.770145275994,1221.308,59861.475653759495,0.0,16331.140082533906,0.0,74.364,0.0,0.0,0.0,1851.4997500000118,18600.71393157106,0.0,88787.98897754587,-18600.71393157106,877.5979009645089,0.0,0.0,0.0
568,88,92704.86611,32318.673495858005,45141.921504841994,32318.673495858005,1221.308,45141.921504841994,0.0,16330.432831306589,21.5,74.364,0.0,0.0,0.0,3702.9995000000067,6106.33322200847,0.0,94589.00553845392,-6106.33322200847,15244.271109300003,0.0,0.0,0.0
569,89,95818.67556,31218.990505315,20706.358451293505,31218.990505315,1221.308,20706.358451293505,593.212,16327.503509968104,17392.02415999999,74.364,36.160000000000004,0.0,0.0,5554.499250000003,0.0,2694.2556834234024,91752.94692432402,2694.2556834234024,43893.3266033915,30.763719999999957,30.763719999999957,30.763719999999957
570,90,101962.678,36105.198906176,28.333106202499998,36105.198906176,1221.308,28.333106202499998,593.212,16324.165789906589,25028.690000000002,74.364,469.10799999987705,257.0,0.0,7405.999,0.0,14455.29919771505,76536.8425056766,14455.29919771505,65829.1459876215,35.45800000000075,35.45800000000075,35.45800000000075
571,91,102458.0442,40567.331510025,0.0,40567.331510025,1221.308,0.0,593.212,16324.11018824459,24452.49,74.364,448.7679999999995,257.0,0.0,7405.999,0.0,11113.461501730424,64838.46197753931,11113.461501730424,61890.71268997501,34.78555999999955,34.78555999999955,34.78555999999955
572,92,100582.5357,42044.449441978,0.0,42044.449441978,1221.308,0.0,593.212,16320.153748278788,7110.465839999952,74.364,0.0,0.0,0.0,7405.999,0.0,25812.583669743242,37667.32127254642,25812.583669743242,58538.08625802199,16.242600000000245,16.242600000000245,16.242600000000245
573,93,97311.40948,53302.758391494004,0.0,53302.758391494004,1221.308,0.0,593.212,16320.121436216788,3247.8838792796323,74.364,0.0,0.0,0.0,7405.999,0.0,15145.762773009572,21724.41309043108,15145.762773009572,44008.651088506,16.242599999999857,16.242599999999857,16.242599999999857
574,94,91154.02583,53022.205101613996,0.0,53022.205101613996,1221.308,0.0,593.212,16316.433137450991,50.0,74.364,0.0,0.0,0.0,7405.999,0.0,12470.504590935017,8597.566152604746,12470.504590935017,38131.820728386,16.24260000000043,16.24260000000043,16.24260000000043
575,95,84159.10719,52203.49969266199,0.0,52203.49969266199,1221.308,0.0,593.212,16316.03640236348,28.499999999999996,74.364,0.0,0.0,0.0,5554.499250000003,0.0,8167.687844974509,0.0,8167.687844974509,31955.607497338002,16.24260000000013,16.24260000000013,16.24260000000013
576,96,78665.60641,59628.612548427,0.0,59628.612548427,1221.308,0.0,0.0,16313.098792501482,0.0,74.364,0.0,0.0,0.0,3702.9995000000026,2274.7764309284976,0.0,2161.037609382073,-2274.7764309284976,19036.99386157299,0.0,0.0,0.0
577,1,75522.80369,58609.495844692996,0.0,58609.495844692996,1221.308,0.0,0.0,16312.44302123568,0.0,74.364,0.0,0.0,0.0,0.0,694.8071759286833,0.0,660.0668171322491,-694.8071759286833,16913.307845307005,0.0,0.0,0.0
578,2,73813.55114,60540.217844431994,0.0,60540.217844431994,1221.308,0.0,0.0,16309.48212177368,0.0,74.364,0.0,0.0,0.0,0.0,4331.820826205717,0.0,4775.296602027682,-4331.820826205717,13273.333295568002,0.0,0.0,0.0
579,3,73232.19546,59788.981093932,0.0,59788.981093932,1221.308,0.0,0.0,16308.707230407881,0.0,74.364,0.0,0.0,0.0,0.0,4161.164864339886,0.0,8728.403223150559,-4161.164864339886,13443.214366068001,0.0,0.0,0.0
580,4,73954.55475,60662.273697402,0.0,60662.273697402,1221.308,0.0,0.0,16305.696090945881,0.0,74.364,0.0,0.0,0.0,0.0,4309.087038347903,0.0,12822.035909581044,-4309.087038347903,13292.281052597995,0.0,0.0,0.0
581,5,77475.8265,65367.878392187995,0.0,65367.878392187995,1221.308,0.0,0.0,16304.965550118563,0.0,74.364,0.0,0.0,0.0,0.0,5492.689442306572,0.0,18040.09087977748,-5492.689442306572,12107.948107812,0.0,0.0,0.0
582,6,84755.06001,61697.092145220005,0.0,61697.092145220005,1221.308,0.0,593.212,16301.361288218564,28.499999999999996,74.364,0.0,0.0,0.0,1851.49975,0.0,2987.722826561429,14895.119483397026,2987.722826561429,23057.967864779996,16.2426,16.2426,16.2426
583,7,92725.38534,63188.90089871701,0.0,63188.90089871701,1221.308,0.0,593.212,16298.282569156563,28.5,74.364,0.0,0.0,0.0,1884.3962451959833,0.0,9436.42162693042,4962.044086628164,9436.42162693042,29536.484441282984,16.242600000000024,16.242600000000024,16.242600000000024
584,8,95231.0209,67126.748942175,5764.1347824415,67126.748942175,1221.308,5764.1347824415,0.0,16297.626797890764,0.0,74.364,0.0,0.0,0.0,32.896495195981515,0.0,4713.941882296756,0.0,4713.941882296756,22340.137175383497,3.2183999999999298,3.2183999999999298,3.2183999999999298
585,9,94102.87478,53882.36670036999,34740.060729098,53882.36670036999,1221.308,34740.060729098,0.0,16294.665898428762,0.0,74.364,0.0,0.0,0.0,0.0,12109.890547896768,0.0,11504.39602050193,-12109.890547896768,5480.447350532013,0.0,0.0,0.0
586,10,92850.34209,44489.37179347301,54922.51796473551,44489.37179347301,1221.308,54922.51796473551,0.0,16294.19322740525,0.0,74.364,0.0,0.0,0.0,0.0,24151.412895613885,0.0,34448.23827133512,-24151.412895613885,-6561.547668208514,0.0,0.0,0.0
587,11,92027.69577,45368.738557837,67702.46318997549,45368.73855783721,1221.308,67702.46318997549,0.0,16291.124286066768,0.0,74.364,0.0,0.0,0.0,0.0,38630.30226387964,0.0,71147.02542202083,-38630.30226387964,-21043.505977812696,0.0,0.0,0.0
588,12,91119.50165,45376.270153392994,74528.864658643,43218.60055113843,452.13199999999995,73478.281308643,0.0,13970.487790218574,0.0,0.0,0.0,0.0,0.0,0.0,40000.0,0.0,109147.02542202099,-40000.0,-25577.38020978142,0.0,0.0,0.0
589,13,90262.62911,45715.00150455201,76142.886311548,45626.117304624,86.11,73807.3432730276,0.0,10743.058532348405,0.0,0.0,0.0,0.0,0.0,0.0,40000.0,0.0,147147.02542202122,-40000.0,-29170.831467651602,0.0,0.0,0.0
590,14,89466.62968,49222.251799424994,75425.745048591,44417.060650355,0.0,35573.02194237094,0.0,9476.547087274063,0.0,0.0,0.0,0.0,0.0,0.0,0.0,0.0,147147.02542202122,0.0,9476.547087274055,0.0,0.0,0.0
591,15,88847.34917,46552.560409678,68934.4949513735,32638.97595991,1221.308,55619.4509892186,0.0,12822.697145059583,0.0,74.364,0.0,0.0,0.0,0.0,13529.446924188187,0.0,160000.0,-13529.446924188187,588.9222208713982,0.0,0.0,0.0
592,16,89277.39895,46691.771753369,55569.419795213005,23909.588302614,1221.308,45937.54006603634,0.0,16283.09883134965,0.0,74.364,0.0,0.0,0.0,1851.4997500000027,0.0,0.0,160000.0,0.0,19430.270581349665,0.0,0.0,0.0
593,17,92272.56857,46103.995249996005,34420.4562591165,37798.436400375,839.832,33555.95038002867,0.0,16279.486289596342,21.5,74.364,0.0,0.0,0.0,3702.9995000000017,0.0,0.0,160000.0,0.0,20918.181789596332,0.0,0.0,0.0
594,18,98331.06175,48015.486254179006,1663.9181988325001,48015.486254179006,1221.308,1663.9181988325001,593.212,16279.46225878385,17392.024159999997,74.364,448.76800000000094,257.0,0.0,5554.499250000003,0.0,6831.019628204629,152809.45302294244,6831.019628204629,48651.65729698849,35.323440000000055,35.323440000000055,35.323440000000055
595,19,99760.19735,55101.097690746996,0.0,55101.097690746996,1221.308,0.0,593.212,16275.503134834338,50.0,74.364,0.0,0.0,0.0,7405.999,0.0,19038.713524418672,132768.701944607,19038.713524418672,44659.09965925301,16.242599999999946,16.242599999999946,16.242599999999946
596,20,97856.64174,38065.820241115005,0.0,38065.820241115005,1221.308,0.0,593.212,16272.087887268537,50.0,74.364,0.0,0.0,0.0,7405.999,0.0,34173.85061161653,96796.22761658959,34173.85061161653,59790.821498885,16.242600000000014,16.242600000000014,16.242600000000014
597,21,94874.74332,56092.203399922,0.0,56092.203399922,1221.308,0.0,593.212,16272.05557520654,50.0,74.364,0.0,0.0,0.0,7405.999,0.0,13165.601344871451,82937.69988514595,13165.601344871451,38782.539920077994,16.242600000000017,16.242600000000017,16.242600000000017
598,22,89441.50114,49109.31154847199,0.0,49109.31154847199,1221.308,0.0,593.212,16268.546966279224,50.0,74.364,0.0,0.0,0.0,7405.999,0.0,14718.759625248793,67444.26870067354,14718.759625248793,40332.189591528004,16.242600000000017,16.242600000000017,16.242600000000017
599,23,82902.58431,43211.596240554,0.0,43211.596240554,1221.308,0.0,593.212,16268.423724478742,50.0,74.364,0.0,0.0,0.0,7405.999,0.0,14077.681344967306,52625.656758602694,14077.681344967306,39690.98806944601,16.242600000000017,16.242600000000017,16.242600000000017
600,24,77650.40013,41839.470309361,0.0,41839.470309361,1221.308,0.0,593.212,16264.871922717226,50.0,74.364,0.0,0.0,0.0,5674.301039339307,0.0,11932.872858582476,40064.737960094826,11932.872858582476,35810.929820638994,16.24260000000001,16.24260000000001,16.24260000000001
601,25,74499.70544,46491.251805673004,0.0,46491.251805673004,1221.308,0.0,593.212,16265.036913512939,28.499999999999996,74.364,0.0,0.0,0.0,3822.801289339307,0.0,6003.231431474746,33745.54697959509,6003.231431474746,28008.453634327,16.242600000000007,16.242600000000007,16.242600000000007
602,26,72734.02146,52787.602345096995,0.0,52787.602345096995,1221.308,0.0,348.123,16261.401073489424,0.0,74.364,0.0,0.0,0.0,1971.3015393393052,0.0,69.92150207427585,33671.945398464275,69.92150207427585,19946.41911490301,6.436800000000801,6.436800000000801,6.436800000000801
603,27,72079.17443,57477.64020449,0.0,57477.64020449,1221.308,0.0,0.0,16260.417578736115,0.0,74.364,0.0,0.0,0.0,119.80178933930347,3074.357142565409,0.0,36592.58468390141,-3074.357142565409,14601.534225509997,0.0,0.0,0.0
604,28,73036.21997,58643.318055512,0.0,58643.318055512,1221.308,0.0,0.0,16257.348630123624,0.0,74.364,0.0,0.0,0.0,0.0,3160.1187156355545,0.0,39594.69746375519,-3160.1187156355545,14392.901914488008,0.0,0.0,0.0
605,29,76645.37477,51687.29730546499,0.0,51687.29730546499,1221.308,0.0,593.212,16256.500275574113,28.499999999999996,74.364,0.0,0.0,0.0,1851.4997499999445,0.0,4932.693438960941,34402.38858063842,4932.693438960941,24958.077464535003,12.948900000000712,12.948900000000712,12.948900000000712
606,30,84093.64602,54791.789608383006,0.0,54791.789608383006,1221.308,0.0,593.212,16253.886179061621,50.0,74.364,0.0,0.0,0.0,3702.999499999959,0.0,7406.086732555432,26606.50780952744,7406.086732555432,29301.856411616995,16.24260000000004,16.24260000000004,16.24260000000004
607,31,91945.63592,52566.919139911006,179.70680000000002,52566.919139911006,1221.308,179.70680000000002,593.212,16253.178935108313,50.0,74.364,0.0,0.0,0.0,5554.499249999975,0.0,15452.44779498073,10340.773288494998,15452.44779498073,39199.009980088995,16.242600000000007,16.242600000000007,16.242600000000007
608,32,94702.12316,54618.678657867,8389.085052816501,54618.678657867,1221.308,8389.085052816501,593.212,16250.241325246312,28.499999999999996,74.364,0.0,0.0,0.0,3702.999499999987,0.0,9823.734624070237,0.0,9823.734624070237,31694.3594493165,16.24260000000002,16.24260000000002,16.24260000000002
609,33,93945.61438,50619.016698634,36971.97471165349,50619.016698634,1221.308,36971.97471165349,0.0,16246.553026480515,0.0,74.364,0.0,0.0,0.0,1851.499749999999,13039.101806767992,0.0,12387.146716429592,-13039.101806767992,6354.622969712509,0.0,0.0,0.0
610,34,92905.55292,46173.542255561,55046.0060386775,20761.849655713002,1221.308,54602.232530830035,0.0,16245.798733457,0.0,74.364,0.0,0.0,0.0,0.0,0.0,0.0,12387.14671642955,0.0,17541.47073345697,0.0,0.0,0.0
611,35,92347.93217,47227.881199562995,67708.111174079,47211.04657956299,1221.308,67708.111174079,0.0,16133.10241635802,0.0,74.364,0.0,0.0,0.0,0.0,40000.0,0.0,50387.146716429546,-40000.0,-22571.225583641986,0.0,0.0,0.0
612,36,91057.74954,46662.886356816,72726.7417620875,28796.856984494796,519.619,49278.9321178525,0.0,12387.97743765271,0.0,74.364,0.0,0.0,0.0,0.0,0.0,0.0,50387.146716429546,0.0,12981.960437652713,0.0,0.0,0.0
613,37,89766.07338,53255.36344759799,74385.57348020752,46705.130248478,1029.308,72659.79277145362,0.0,9297.478360068386,0.0,74.364,0.0,0.0,0.0,0.0,40000.0,0.0,88387.14671642955,-40000.0,-29598.84963993162,0.0,0.0,0.0
614,38,89364.30091,57432.510849069,72368.8612129395,52806.073997957996,19.125,67238.83652913562,0.0,9300.265382906384,0.0,0.0,0.0,0.0,0.0,0.0,40000.0,0.0,126387.14671642956,-40000.0,-30680.609617093607,0.0,0.0,0.0
615,39,88939.38704,63663.97764554199,64627.38303862401,51957.76914554199,450.536,62180.253371020925,0.0,9732.779348248074,0.0,0.0,0.0,0.0,0.0,0.0,35381.950824811,0.0,160000.0,-35381.950824811,-25198.635476562915,0.0,0.0,0.0
616,40,89131.34883,66093.326260658,49329.116196847004,49832.311391751384,556.441,8587.639856362,0.0,12389.629724186081,0.0,0.0,0.0,0.0,0.0,0.0,0.0,17765.326857700544,141299.6559392626,17765.326857700544,30711.397581886617,0.0,0.0,0.0
617,41,91873.60753,63899.52244997601,28280.065596951,63899.52244997599,1221.308,28280.065596951,0.0,16231.420428586087,0.0,74.364,0.0,0.0,0.0,1851.4997499999681,19684.572695513067,0.0,160000.0,-19684.572695513067,-305.9805169270003,0.0,0.0,0.0
618,42,98033.9783,61393.007691425,706.415636875,61393.007691425,1221.308,706.415636875,593.212,16231.172614386087,28.499999999999996,74.364,0.0,0.0,0.0,3702.999499999979,0.0,14082.998857313953,145175.7906765115,14082.998857313953,35934.5549717,16.242600000000024,16.242600000000024,16.242600000000024
619,43,99657.65342,57943.97929341601,0.0,57943.97929341601,1221.308,0.0,593.212,16227.492425220289,50.0,74.364,0.0,0.0,0.0,5554.49924999999,0.0,17992.798451363782,126236.00283297033,17992.798451363782,41713.674126583996,16.242600000000017,16.242600000000017,16.242600000000017
620,44,98058.55739,60478.372191696,0.0,60478.372191696,1221.308,0.0,593.212,16224.635465858291,50.0,74.364,0.0,0.0,0.0,7405.999,0.0,12010.666732445701,113593.19574618422,12010.666732445701,37580.185198304,16.24260000000002,16.24260000000002,16.24260000000002
621,45,95378.63253,63528.94119955399,0.0,63528.94119955399,1221.308,0.0,593.212,16223.796881758293,50.0,74.364,0.0,0.0,0.0,7405.999,0.0,6281.011448687124,106981.6047475662,6281.011448687124,31849.69133044601,16.2426,16.2426,16.2426
622,46,90219.69894,58535.644399449,0.0,58535.644399449,1221.308,0.0,593.212,16221.109034892492,50.0,74.364,0.0,0.0,0.0,5554.499249999992,0.0,7969.562255658528,98592.59184687301,7969.562255658528,31684.054540551006,16.2426,16.2426,16.2426
623,47,84105.16193,57950.510543405995,0.0,57950.510543405995,1221.308,0.0,593.212,16220.378492668977,28.499999999999996,74.364,0.0,0.0,0.0,3702.999499999991,0.0,4313.889393925041,94051.65564274139,4313.889393925041,26154.651386594007,16.242600000000092,16.242600000000092,16.242600000000092
624,48,79207.75425,58620.895696486994,0.0,58620.895696486994,1221.308,0.0,0.0,16216.666443103173,0.0,74.364,0.0,0.0,0.0,1851.499749999985,0.0,1223.0203604098465,92764.2657896784,1223.0203604098465,20586.858553513004,0.0,0.0,0.0
625,49,76001.73497,56424.493042161004,0.0,56424.493042161004,1221.308,0.0,348.123,16216.694879703173,0.0,74.364,0.0,0.0,0.0,0.0,0.0,1716.7520481358274,90957.15837058805,1716.7520481358274,19577.241927839,6.43680000000076,6.43680000000076,6.43680000000076
626,50,74491.64019,54910.223399826005,0.0,54910.223399826005,1221.308,0.0,593.212,16212.738438341174,0.0,74.364,0.0,0.0,0.0,0.0,0.0,1479.7943518328273,89399.48010550086,1479.7943518328273,19581.416790174,9.730500000000086,9.730500000000086,9.730500000000086
627,51,74269.15784,53228.250905923,0.0,53228.250905923,1221.308,0.0,0.0,16212.895430575374,0.0,74.364,0.0,0.0,0.0,1042.7273467515688,0.0,2489.6121567500504,86778.83572997448,2489.6121567500504,21040.906934077,0.0,0.0,0.0
628,52,75333.50355,52064.164202783,0.0,52064.164202783,1221.308,0.0,348.123,16209.282880151857,0.0,74.364,0.0,0.0,0.0,2894.2270967515706,0.0,2522.0343703135536,84124.0627085918,2522.0343703135536,23269.339347216992,6.436800000000245,6.436800000000245,6.436800000000245
629,53,79216.25519,51453.135653200996,0.0,51453.135653200996,1221.308,0.0,593.212,16209.198109347573,28.499999999999996,74.364,0.0,0.0,0.0,4745.7268467515705,0.0,4890.8105806998465,78975.84104469721,4890.8105806998465,27763.119536799,16.24260000000009,16.24260000000009,16.24260000000009
630,54,86126.85735,45888.862088814,0.0,45888.862088814,1221.308,0.0,593.212,16205.56226932406,50.0,74.364,0.0,0.0,0.0,6597.226596751572,0.0,15496.322395110346,62663.922734054744,15496.322395110346,40237.995261186006,16.242600000000017,16.242600000000017,16.242600000000017
631,55,93619.75411,39810.273889836,224.6335,39810.273889836,1221.308,224.6335,593.212,16204.863305224058,50.0,74.364,0.0,0.0,0.0,5554.499249999974,0.0,29886.60016493996,31204.343613065317,29886.60016493996,53584.846720163994,16.242600000000042,16.242600000000042,16.242600000000042
632,56,96480.44468,43532.07490669,5859.3377617555,43532.07490669,1221.308,5859.3377617555,593.212,16202.175458358259,28.5,74.364,0.0,0.0,0.0,3702.999499999988,0.0,25266.47305319627,4608.056188648192,25266.47305319627,47089.0320115545,16.24260000000001,16.24260000000001,16.24260000000001
633,57,96372.99093,45880.923309399,26420.624223589,45880.923309399,1221.308,26420.624223589,348.123,16198.495267796257,0.0,74.364,0.0,0.0,0.0,1851.499749999999,0.0,4377.6533792157825,0.0,4377.6533792157825,24071.443397012004,6.436799999999945,6.436799999999945,6.436799999999945
634,58,95508.98976,52627.673390237,45932.145448987,45283.43910682258,1029.308,32923.611296347,0.0,16198.267356830456,0.0,74.364,0.0,0.0,0.0,0.0,0.0,0.0,0.0,0.0,17301.939356830415,0.0,0.0,0.0
635,59,94369.6349,50916.380594539005,57238.009211455,35003.071602055155,1221.308,56384.921211454996,0.0,16194.654813680949,0.0,74.364,0.0,0.0,0.0,0.0,14508.684727191096,0.0,13783.25049083154,-14508.684727191096,2981.6420864898537,0.0,0.0,0.0
636,60,92776.38507,50260.814304011,67315.08191517749,49719.641253815,1221.308,66296.60782598903,0.0,15464.463990195953,0.0,74.364,0.0,0.0,0.0,0.0,40000.0,0.0,51783.25049083154,-40000.0,-23239.864009804034,0.0,0.0,0.0
637,61,91185.20301,48919.532109605,69944.00359667,48769.268909605,1221.308,69145.82211939906,0.0,11974.439980995947,0.0,74.364,0.0,0.0,0.0,0.0,40000.0,0.0,89783.25049083156,-40000.0,-26729.888019004065,0.0,0.0,0.0
638,62,89821.05477,48178.579494075995,67930.755153523,47448.11461587905,1221.308,67170.392403523,0.0,13906.875750597952,0.0,74.364,0.0,0.0,0.0,0.0,40000.0,0.0,127783.25049083156,-40000.0,-24797.45224940205,0.0,0.0,0.0
639,63,88884.90713,42353.450702666996,62960.73085296751,42353.450702667,1221.308,62960.73085296751,0.0,16187.42147875315,0.0,74.364,0.0,0.0,0.0,0.0,33912.36790438784,0.0,160000.0,-33912.36790438784,-16429.274425634503,0.0,0.0,0.0
640,64,88971.86321,39638.325552162,52090.324218792004,27590.197883154164,1189.694,42079.431818920006,0.0,16186.675757925834,0.0,74.364,0.0,0.0,0.0,1851.4997499999965,0.0,0.0,160000.0,0.0,19302.233507925826,0.0,0.0,0.0
641,65,91700.0399,35385.361046756,32505.963193809,35385.361046755985,1221.308,32505.963193809,0.0,16183.409437125347,21.5,74.364,0.0,0.0,0.0,3702.999500000001,0.0,2605.134722309632,157257.7529238846,2605.134722309632,23808.71565943502,0.0,0.0,0.0
642,66,97471.12658,29170.667904543,4670.043195541,29170.667904543,1221.308,4670.043195541,593.212,16182.806125998033,17392.024159999997,74.364,448.7680000000001,257.0,0.0,5554.499250000001,0.0,21906.433943917964,134198.34877239203,21906.433943917964,63630.41547991599,34.37736000000033,34.37736000000033,34.37736000000033
643,67,98735.21137,27088.550708461,0.0,27088.550708461,1221.308,0.0,593.212,16180.126566259549,25028.690000000002,74.364,701.2,257.0,0.0,7405.999,0.0,20184.761095279493,112951.23182999255,20184.761095279493,71646.660661539,35.45800000117947,35.45800000117947,35.45800000117947
644,68,97133.78523,31911.438599729,0.0,31911.438599729,1221.308,0.0,593.212,16179.396024036034,25028.690000000002,74.364,701.2,257.0,0.0,7405.999,0.0,13761.177606234982,98465.78171816625,13761.177606234982,65222.34663027099,35.4580000011685,35.4580000011685,35.4580000011685
645,69,94700.81982,36609.531597824,0.0,36609.531597824,1221.308,0.0,593.212,16175.783482282723,24452.49,74.364,448.7680000000001,257.0,0.0,7405.999,0.0,7462.363739893261,90610.66199196283,7462.363739893261,58091.288222176,34.78555999999996,34.78555999999996,34.78555999999996
646,70,90712.69031,40264.044841922,0.0,40264.044841922,1221.308,0.0,593.212,16172.778225008233,9559.315229865277,74.364,0.0,0.0,0.0,7405.999,0.0,15421.66901320447,74377.32618858971,15421.66901320447,50448.64546807801,16.24260000000001,16.24260000000001,16.24260000000001
647,71,85661.95306,40550.030756114,0.0,40550.030756114,1221.308,0.0,593.212,16172.047691454924,7269.002,74.364,0.0,0.0,0.0,7405.999,0.0,12375.989612431073,61349.96870182016,12375.989612431073,45111.922303886,17.18867999999996,17.18867999999996,17.18867999999996
648,72,81230.69594,43567.218750529,0.0,43567.218750529,1221.308,0.0,593.212,16169.16626658043,50.0,74.364,0.0,0.0,0.0,7405.999,0.0,12149.427922890569,48561.09720404061,12149.427922890569,37663.47718947101,16.242600000000028,16.242600000000028,16.242600000000028
649,73,78055.79631,42862.186544797005,0.0,42862.186544797005,1221.308,0.0,593.212,16168.347459192923,50.0,74.364,0.0,0.0,0.0,7405.999,0.0,9680.379306010109,38371.22425034578,9680.379306010109,35193.609765203,16.242600000000003,16.242600000000003,16.242600000000003
650,74,76197.7698,44663.716501914,0.0,44663.716501914,1221.308,0.0,593.212,16165.409850727125,50.0,74.364,0.0,0.0,0.0,7405.999,0.0,6023.760447358812,32030.423779441706,6023.760447358812,31534.053298085993,16.242600000000024,16.242600000000024,16.242600000000024
651,75,75414.959,48006.424807660005,0.0,48006.424807660005,1221.308,0.0,593.212,16164.626848365124,50.0,74.364,0.0,0.0,0.0,7405.999,0.0,1899.0243439747696,30031.450785783953,1899.0243439747696,27408.534192339997,16.24260000000003,16.24260000000003,16.24260000000003
652,76,75423.70857,48909.672790628996,0.0,48909.672790628996,1221.308,0.0,593.212,16161.014299337805,50.0,74.364,0.0,0.0,0.0,7405.999,0.0,1008.1384800331164,28970.252385749023,1008.1384800331164,26514.035779371006,16.242600000000028,16.242600000000028,16.242600000000028
653,77,76991.01234,52203.940908634,0.0,52203.940908634,1221.308,0.0,593.212,16161.117068337322,21.5,74.364,0.0,0.0,0.0,7405.999,690.4286369713209,0.0,29626.15959087178,-690.4286369713209,24787.071431366,9.7305,9.7305,9.7305
654,78,80138.0773,50292.763093859,0.0,50292.763093859,1221.308,0.0,593.212,16157.481229710005,50.0,74.364,0.0,0.0,0.0,7405.999,0.0,4342.949976430957,25054.63329989177,4342.949976430957,29845.314206141004,16.242600000000017,16.242600000000017,16.242600000000017
655,79,83776.1795,47356.26809102499,33.5716,47356.26809102499,1221.308,33.5716,593.212,16157.430793575808,50.0,74.364,0.0,0.0,0.0,5554.499249999992,0.0,12735.525765399188,11648.81670473473,12735.525765399188,36386.339808975004,16.24259999999988,16.24259999999988,16.24259999999988
656,80,86815.88604,45438.92364533,8536.333300662001,45438.92364533,1221.308,8536.333300662001,593.212,16153.869724510007,28.499999999999996,74.364,0.0,0.0,0.0,3702.9994999999954,0.0,11066.375869497995,0.0,11066.375869497995,32840.62909400799,16.24259999999997,16.24259999999997,16.24259999999997
657,81,89382.35285,45592.09305288301,38329.7952496965,45592.09305288301,1221.308,38329.7952496965,0.0,16153.561161648007,0.0,74.364,0.0,0.0,0.0,1851.4997499999986,13840.268364227511,0.0,13148.254946016135,-13840.268364227511,5460.464547420488,0.0,0.0,0.0
658,82,90502.79409,39649.809704401996,59363.6234890525,26053.606954386,1221.308,47003.64227273178,0.0,16149.872862882206,0.0,74.364,0.0,0.0,0.0,0.0,0.0,0.0,13148.254946016135,0.0,17445.54486288222,0.0,0.0,0.0
659,83,90132.58567,35673.17004832,71884.11719832699,35673.17004832,1221.308,71884.11719832699,0.0,16146.510081332699,0.0,74.364,0.0,0.0,0.0,0.0,34866.88365797989,0.0,46271.79442109703,-34866.88365797989,-17424.701576646985,0.0,0.0,0.0
660,84,88469.96228,36745.528600048,78954.86072145749,36500.29233999454,1221.308,75079.9586714575,0.0,13375.931286070696,0.0,74.364,0.0,0.0,0.0,0.0,37781.892017522725,0.0,82164.59183774362,-37781.892017522725,-23110.288731452034,0.0,0.0,0.0
661,85,86372.81601,37239.765796968,81119.6955672105,34994.738396744,1221.308,79466.62469465713,0.0,10615.78091859889,0.0,74.364,0.0,0.0,0.0,0.0,40000.0,0.0,120164.59183774362,-40000.0,-28088.547081401135,0.0,0.0,0.0
662,86,84635.24823,33283.428588268995,80343.488693048,21672.511138472997,1188.098,49681.493414603,0.0,12018.781676924,0.0,74.364,0.0,0.0,0.0,0.0,0.0,0.0,120164.59183774362,0.0,13281.243676924001,0.0,0.0,0.0
663,87,83719.76776,34189.566795319,74072.89074711301,34189.566795318984,1221.308,74072.89074711301,0.0,14161.638217568005,0.0,74.364,0.0,0.0,0.0,0.0,40000.0,0.0,158164.59183774362,-40000.0,-24542.68978243199,0.0,0.0,0.0
664,88,84046.53927,33229.977255081,60742.6853810665,30042.037961157075,1221.308,36685.207288644,0.0,16023.622020198898,0.0,74.364,0.0,0.0,0.0,0.0,0.0,0.0,158164.59183774362,0.0,17319.29402019892,0.0,0.0,0.0
665,89,86744.56394,31010.885191672,39321.444697186,30132.988741776004,1221.308,37444.35651938661,0.0,16020.046928837382,0.0,74.364,0.0,0.0,0.0,1851.4997500000004,0.0,0.0,158164.59183774362,0.0,19167.21867883738,0.0,0.0,0.0
666,90,92593.61974,34461.352256532,6096.5900436375,34461.352256532,1221.308,6096.5900436375,593.212,16134.787305387785,28.5,74.364,0.0,0.0,0.0,3702.9994999999917,0.0,30280.50663444271,126290.37432780393,30280.50663444271,52035.67743983049,16.24259999999992,16.24259999999992,16.24259999999992
667,91,94334.43956,38216.502540187,0.0,38216.502540187,1221.308,0.0,593.212,16131.834515525783,50.0,74.364,0.0,0.0,0.0,5554.499249999978,0.0,32492.719254287244,92087.51195486999,32492.719254287244,56117.937019813,16.242599999999946,16.242599999999946,16.242599999999946
668,92,92571.51777,39012.82255391001,0.0,39012.82255391001,1221.308,0.0,593.212,16131.065221425783,50.0,74.364,0.0,0.0,0.0,7405.999,0.0,28082.746994664227,62526.725644697115,28082.746994664227,53558.69521609,16.242600000000113,16.242600000000113,16.242600000000113
669,93,90279.19818,40626.788600375,0.0,40626.788600375,1221.308,0.0,593.212,16128.377374559985,50.0,74.364,0.0,0.0,0.0,7405.999,0.0,24179.149205065016,37074.98963936553,24179.149205065016,49652.409579625004,16.242599999999882,16.242599999999882,16.242599999999882
670,94,86525.23547,46630.53901102099,0.0,46630.53901102099,1221.308,0.0,593.212,16127.580492697984,50.0,74.364,0.0,0.0,0.0,5554.499249999988,0.0,16273.732716281076,19944.744674859136,16273.732716281076,39894.69645897901,16.24260000000016,16.24260000000016,16.24260000000016
671,95,82097.70408,48851.257094014,0.0,48851.257094014,1221.308,0.0,593.212,16124.642884232182,28.499999999999996,74.364,0.0,0.0,0.0,3702.9994999999863,0.0,11501.42060175383,7837.986146697203,11501.42060175383,33246.446985986,12.948899999999934,12.948899999999934,12.948899999999934
672,96,78109.73491,51395.824398567,0.0,51395.824398567,1221.308,0.0,0.0,16120.651922070667,0.0,74.364,0.0,0.0,0.0,1851.4997499999863,0.0,7446.086839362343,0.0,7446.086839362343,26713.910511433,0.0,0.0,0.0
673,1,75026.60992,47649.289801950006,0.0,47649.289801950006,1221.308,0.0,593.212,16119.877029308667,1962.5600887413057,74.364,0.0,0.0,0.0,7405.999,0.0,0.0,0.0,0.0,27377.320118049996,16.24260000000006,16.24260000000006,16.24260000000006
674,2,73221.29152,48864.421140428,0.0,48864.421140428,1221.308,0.0,593.2119999999994,16117.249929708667,28.5,74.364,0.0,0.0,0.0,7405.999,1083.7625501381603,0.0,1029.5744226312522,-1083.7625501381603,24356.870379572,16.242600000000103,16.242600000000103,16.242600000000103
675,3,72234.4053,55179.307402811995,0.0,55179.307402810795,1221.308,0.0,0.0,16116.466928742864,0.0,74.364,0.0,0.0,0.0,5554.499250001191,5911.540281555153,0.0,6645.537690108647,-5911.540281555153,17055.097897189204,0.0,0.0,0.0
676,4,72285.87043,48545.273289834004,0.0,48545.273289834004,1221.308,0.0,593.212,16113.529318880865,28.5,74.364,0.0,0.0,0.0,7405.999,1696.3151787150648,0.0,8257.037109889196,-1696.3151787150648,23740.59714016599,12.948899999999153,12.948899999999153,12.948899999999153
677,5,73294.27519,46887.37299666401,0.0,46887.37299666401,1221.308,0.0,593.212,16112.822074927559,621.7385237036744,74.364,0.0,0.0,0.0,7405.999,0.0,377.4585947047465,7859.7122733578835,377.4585947047465,26406.90219333599,16.242600000000103,16.242600000000103,16.242600000000103
678,6,75440.63087,50226.721647258,0.0,50226.721647258,1221.308,0.0,593.212,16109.935937753067,21.5,74.364,0.0,0.0,0.0,7405.998999999985,212.40971501108015,0.0,8061.50150261841,-212.40971501108015,25213.909222741997,9.730500000000125,9.730500000000125,9.730500000000125
679,7,78282.4916,44930.741344955,227.102,44930.741344955,1221.308,227.102,593.212,16109.455165799758,7269.002,74.364,0.0,0.0,0.0,5554.499249999988,0.0,2302.807839245248,5637.493250781307,2302.807839245248,33124.648255044995,17.18867999999999,17.18867999999999,17.18867999999999
680,8,80708.8369,45489.224044016,8138.051294641999,45489.224044016,1221.308,8138.051294641999,593.212,16105.559473099758,28.499999999999996,74.364,0.0,0.0,0.0,3702.9994999999926,0.0,5355.618588242242,0.0,5355.618588242242,27081.561561341994,16.24260000000008,16.24260000000008,16.24260000000008
681,9,82822.61909,45785.231248758,34926.065157482,45628.466848833,574.4019999999999,21074.934137429205,0.0,13618.952353737775,0.0,74.364,0.0,0.0,0.0,1851.4997499999972,0.0,0.0,0.0,0.0,16119.218103737789,0.0,0.0,0.0
682,10,83634.43538,40532.022044583,56149.552113168,40532.022044583,1221.308,56149.552113168,0.0,13432.029947856483,0.0,74.36399999999995,0.0,0.0,0.0,0.0,27774.840725607522,0.0,26386.098689327144,-27774.840725607522,-13047.138777751003,0.0,0.0,0.0
683,11,83633.94454,32012.102949652,68133.1731324835,32012.102949652,1221.308,68133.1731324835,0.0,10934.02279805599,0.0,74.364,0.0,0.0,0.0,0.0,28741.026340191496,0.0,53690.07371250907,-28741.026340191496,-16511.3315421355,0.0,0.0,0.0
684,12,83109.28927,31765.569058893,74949.3374495955,31765.569058893,1221.308,74949.3374495955,0.0,8099.091134828667,0.0,74.364,0.0,0.0,0.0,0.0,33000.380373317166,0.0,85040.43506716038,-33000.380373317166,-23605.617238488514,0.0,0.0,0.0
685,13,82285.40439,32545.175749570997,75671.0705055945,24626.730551005,0.0,52796.4128088606,0.0,4862.261030134376,0.0,0.0,0.0,0.0,0.0,0.0,0.0,0.0,85040.43506716038,0.0,4862.261030134396,0.0,0.0,0.0
686,14,81617.73406,28654.045302236,73332.9550048325,28654.045302236,1221.308,73332.9550048325,0.0,8084.774248666668,0.0,74.364,0.0,0.0,0.0,0.0,29749.712495735163,0.0,113302.66193810878,-29749.712495735163,-20369.266247068503,0.0,0.0,0.0
687,15,81502.52366,28604.014941644,67348.2248381505,28604.014941644,1221.3079999999973,67348.2248381505,0.0,10833.669965613366,0.0,74.364,0.0,0.0,0.0,0.0,26579.05808540786,0.0,138552.76711924624,-26579.05808540786,-14449.716119794495,0.0,0.0,0.0
688,16,82598.3324,29521.470607775,56365.0953923425,29521.470607775,1221.3079999999973,56365.0953923425,0.0,13343.64416293888,0.0,74.364,0.0,0.0,0.0,0.0,17927.549763056373,0.0,155583.93939414978,-17927.549763056373,-3288.233600117499,0.0,0.0,0.0
689,17,86274.8765,35516.539757124,36419.355507688,35516.539757124,1221.308,36419.35550768799,0.0,15840.294333451377,0.0,74.364,0.0,0.0,0.0,1851.499749999999,4648.484848263391,0.0,160000.0,-4648.484848263391,14338.981235188003,0.0,0.0,0.0
690,18,92645.68589,37633.803306277005,5510.208694184999,37633.803306277005,1221.308,5510.208694184999,593.212,16087.302326327042,28.5,74.364,0.0,0.0,0.0,3702.999499999987,0.0,27793.98806321096,130743.17045977793,27793.98806321096,49501.67388953799,16.242600000000195,16.242600000000195,16.242600000000195
691,19,94515.52231,37787.317550826,0.0,37787.317550826,1221.308,0.0,593.212,16083.689783177531,50.0,74.364,0.0,0.0,0.0,5554.499250000003,0.0,33151.13172599646,95847.24232715007,33151.13172599646,56728.204759174,16.242599999999857,16.242599999999857,16.242599999999857
692,20,92963.11797,38448.543247757996,0.0,38448.543247757996,1221.308,0.0,593.212,16083.681050677533,50.0,74.364,0.0,0.0,0.0,7405.999,0.0,29086.010671564465,65230.388988661165,29086.010671564465,54514.57472224201,16.2426,16.2426,16.2426
693,21,89802.37165,42670.454643977995,0.0,42670.454643977995,1221.308,0.0,593.212,16079.977571911732,50.0,74.364,0.0,0.0,0.0,6008.286661630814,0.0,23104.768772479445,40909.57975447227,23104.768772479445,47131.917006022006,16.2426,16.2426,16.2426
694,22,84853.07703,47951.766800567,0.0,47951.766800567,1221.308,0.0,593.212,16079.270319288216,28.499999999999996,74.364,0.0,0.0,0.0,4156.786911630814,0.0,14747.868998513964,25385.507124457574,14747.868998513964,36901.310229433,16.2426,16.2426,16.2426
695,23,79070.04619,56873.410298266004,0.0,56873.410298266004,1221.308,0.0,348.123,16076.253761483931,0.0,74.364,0.0,0.0,0.0,2305.287161630814,0.0,2171.2999686192406,23099.92821012083,2171.2999686192406,22196.63589173399,6.436799999999998,6.436799999999998,6.436799999999998
696,24,74754.20435,60316.042597077,0.0,60316.042597077,1221.308,0.0,0.0,16075.523219260416,0.0,74.364,0.0,0.0,0.0,453.78741163081213,3386.8208779682277,0.0,26317.408044190648,-3386.8208779682277,14438.161752922999,0.0,0.0,0.0
697,25,71937.15026,62542.247040765,0.0,62542.24704076509,1221.308,0.0,0.0,16072.538570394614,0.0,74.364,0.0,0.0,0.0,0.0,7973.307351159994,0.0,33892.05002779264,-7973.307351159994,9394.903219234904,0.0,0.0,0.0
698,26,70503.8338,63550.61719321499,0.0,63550.61719321502,1221.308,0.0,0.0,16068.934308494612,0.0,74.364,0.0,0.0,0.0,0.0,10411.389701709932,0.0,43782.87024441708,-10411.389701709932,6953.216606784976,0.0,0.0,0.0
699,27,70256.18199,69184.8589464,0.0,69184.85894640014,1221.308,0.0,0.0,16069.005936532616,0.0,74.364,0.0,0.0,0.0,1851.4997499999959,18144.854642933078,0.0,61020.48215520351,-18144.854642933078,1071.3230435998557,0.0,0.0,0.0
700,28,71419.10152,45480.878809612,0.0,45480.878809612,1221.308,0.0,593.212,16065.552219366818,28.499999999999996,74.364,0.0,0.0,0.0,3702.9995000000044,0.0,4252.2869910211775,56544.39058570753,4252.2869910211775,25938.222710388,16.2426000000001,16.2426000000001,16.2426000000001
701,29,75526.57248,44739.626139481,0.0,44739.626139481,1221.308,0.0,593.212,16064.844974017307,50.0,74.364,0.0,0.0,0.0,5554.499250000004,0.0,7228.718116501698,48935.2136209689,7228.718116501698,30786.946340519004,16.2426000000001,16.2426000000001,16.2426000000001
702,30,82968.87636,49071.564107497994,0.0,49071.564107497994,1221.308,0.0,593.212,16061.907365551508,50.0,74.364,0.0,0.0,0.0,7405.999,0.0,8490.521886948925,39997.82216102266,8490.521886948925,33897.312252502,16.242600000000103,16.242600000000103,16.242600000000103
703,31,90836.99068,45161.159946691005,227.102,45161.159946691005,1221.308,227.102,593.212,16060.848112389509,50.0,74.364,0.0,0.0,0.0,5554.499249999988,0.0,21894.49737091951,16950.982823212646,21894.49737091951,45448.728733309,16.242599999999868,16.242599999999868,16.242599999999868
704,32,93920.64615,46590.838808721994,9548.0189080365,46590.838808721994,1221.308,9548.0189080365,593.212,16057.971251189509,28.5,74.364,0.0,0.0,0.0,3702.9994999999926,0.0,16103.433682052013,0.0,16103.433682052013,37781.788433241505,16.24260000000018,16.24260000000018,16.24260000000018
705,33,93268.1814,38107.027041326,37743.9791932655,38107.027041326,1221.308,35956.77106885031,0.0,16057.211539823707,0.0,74.364,0.0,0.0,0.0,1851.4997499999972,0.0,0.0,0.0,0.0,19204.383289823694,0.0,0.0,0.0
706,34,92659.71398,36873.943054659,53613.5668842105,36873.943054659,1221.308,53613.56688421217,0.0,16054.548760323707,0.0,74.364,0.0,0.0,0.0,0.0,15178.016719195084,0.0,14419.115883235332,-15178.016719195084,2172.2040411288326,0.0,0.0,0.0
707,35,91803.66494,40841.204249109,62118.72167510449,40841.204249108996,1221.308,62118.72167510449,0.0,16053.75057796171,0.0,74.36400000155452,0.0,0.0,0.0,0.0,28505.683562176993,0.0,41499.515267303475,-28505.683562176993,-11156.260984213484,0.0,0.0,0.0
708,36,90657.6486,44022.43416044999,65304.616622713496,44022.43416045032,1221.308,65304.616622713496,0.0,16050.138028934389,0.0,74.364,0.0,0.0,0.0,0.0,36015.21221209841,0.0,75713.96686879697,-36015.21221209841,-18669.402183163817,0.0,0.0,0.0
709,37,89662.61167,44628.434306447,65227.211843062505,44628.434306447,1221.3079999999995,65227.211843063924,0.0,16050.10571687239,0.0,74.364,0.0,0.0,0.0,0.0,37538.812196383515,0.0,111375.83845536131,-37538.812196383515,-20193.034479510927,0.0,0.0,0.0
710,38,88642.98013,43159.323890700995,63938.9158913625,43159.323890700995,1221.3079999999995,63938.91589136251,0.0,16046.141167306592,0.0,74.364,0.0,0.0,0.0,0.0,35797.07281937032,0.0,145383.05763376312,-35797.07281937032,-18455.259652063505,0.0,0.0,0.0
711,39,87909.11975,41894.723741174996,58772.76154469601,27257.791259952024,1221.308,58772.76154469601,0.0,16043.514067706594,0.0,0.0,0.0,0.0,0.0,0.0,15386.25512235461,0.0,160000.0,-15386.25512235461,1878.5669453519658,0.0,0.0,0.0
712,40,88151.97713,37133.221389104,47675.277896219,37133.221389104,1221.308,31828.87667635141,0.0,16042.707314544592,0.0,74.364,0.0,0.0,0.0,1851.4997499999972,0.0,0.0,160000.0,0.0,19189.879064544588,0.0,0.0,0.0
713,41,90659.40659,26428.550096548995,30409.2228276835,26428.550096548995,1221.308,30409.2228276835,593.212,16039.628596878792,925.2379125091393,74.364,0.0,0.0,0.0,3702.9994999999853,0.0,11264.883656379592,148142.22773012673,11264.883656379592,33821.633665767506,16.24260000000008,16.24260000000008,16.24260000000008
714,42,97212.59941,42402.899095481,6881.9229989265,42402.899095481,1221.308,6881.9229989265,593.212,16038.986814755275,7269.002,74.364,0.0,0.0,0.0,5554.499250000003,0.0,17176.405250837204,130061.8011502981,17176.405250837204,47927.777315592495,17.188680000000012,17.188680000000012,17.188680000000012
715,43,98936.9199,49245.15469563699,0.0,49245.15469563699,1221.308,0.0,593.212,16035.321805589476,7269.002,74.364,0.0,0.0,0.0,7405.999,0.0,17092.558398774847,112069.63441474563,17092.558398774847,49691.765204363,17.188680000000208,17.188680000000208,17.188680000000208
716,44,97187.79998,56552.011043112,0.0,56552.011043112,1221.308,0.0,593.212,16035.539255127476,50.0,74.364,0.0,0.0,0.0,7405.999,0.0,15255.366681762087,96011.35369710132,15255.366681762087,40635.788936888,16.242599999999857,16.242599999999857,16.242599999999857
717,45,93796.73853,62126.282646746,0.0,62126.282646746,1221.308,0.0,593.212,16031.911703627475,50.0,74.364,0.0,0.0,0.0,7405.999,0.0,6293.661179627401,89386.44719223038,6293.661179627401,31670.455883254,16.24259999999987,16.24259999999987,16.24259999999987
718,46,88082.15016,60408.577004716986,0.0,60408.577004716986,1221.308,0.0,593.212,16031.603142161674,50.0,74.364,0.0,0.0,0.0,7405.999,0.0,2297.0870131213233,86968.46086262897,2297.0870131213233,27673.57315528302,16.24260000000009,16.24260000000009,16.24260000000009
719,47,81740.71771,53979.701749504,0.0,53979.701749504,1221.308,0.0,593.212,16027.990599012166,50.0,74.364,0.0,0.0,0.0,7405.999,0.0,2388.142361485683,84454.6267979072,2388.142361485683,27761.015960496,16.24260000000012,16.24260000000012,16.24260000000012
720,48,76781.32163,50924.42231103101,0.0,50924.42231103101,1221.308,0.0,593.212,16027.890640933874,50.0,74.364,0.0,0.0,0.0,7405.999,0.0,484.1256780358817,83945.02082102733,484.1256780358817,25856.899318968994,16.242599999999857,16.242599999999857,16.242599999999857
721,49,73866.45522,51712.537848208005,0.0,51712.537848208005,1221.308,0.0,593.212,16024.608509884365,21.5,74.364,0.0,0.0,0.0,7405.999,3187.074138092369,0.0,86972.74125221507,-3187.074138092369,22153.917371792,9.7305,9.7305,9.7305
722,50,72081.17483,51370.71305594401,0.0,51370.71305594401,1221.308,0.0,593.212,16023.848798518567,0.0,74.364,0.0,0.0,0.0,7405.998999999985,4608.27002446257,0.0,91350.59777545452,-4608.27002446257,20710.46177405599,9.7305,9.7305,9.7305
723,51,71687.41404,49262.872806039,0.0,49262.872806039,1221.308,0.0,593.212,16020.893064584368,0.0,74.364,0.0,0.0,0.0,7405.998999999971,2891.234830623358,0.0,94097.2708645467,-2891.234830623358,22424.541233961005,9.7305,9.7305,9.7305
724,52,72605.85133,49530.41520791399,0.0,49530.41520791399,1221.308,0.0,593.212,16017.257225957053,21.5,74.364,0.0,0.0,0.0,7405.998999999971,2258.204103871045,0.0,96242.5647632242,-2258.204103871045,23075.436122086016,9.7305,9.7305,9.7305
725,53,76323.48172,46907.59405177601,0.0,46907.59405177601,1221.308,0.0,593.212,16017.172453756566,50.0,74.364,0.0,0.0,0.0,7405.999,0.0,4053.832214467422,91975.37295852162,4053.832214467422,29415.887668223986,16.24259999999986,16.24259999999986,16.24259999999986
726,54,83685.84291,45622.04025500899,0.0,45622.04025500899,1221.308,0.0,593.212,16013.486375129249,50.0,74.364,0.0,0.0,0.0,7405.999,0.0,12705.433279860194,78601.23266393195,12705.433279860194,38063.802654991014,16.24260000000009,16.24260000000009,16.24260000000009
727,55,91447.35619,46611.128059344,314.48690000000005,46611.128059344,1221.308,314.48690000000005,593.212,16013.363133328767,16628.22415999999,74.364,0.0,0.0,0.0,7405.999,0.0,2585.270937327204,75879.89483516647,2585.270937327204,44521.741230656,19.080840000000062,19.080840000000062,19.080840000000062
728,56,94139.56942,47175.621249421,14228.584852917,47175.621249421,1221.308,14228.584852917,593.212,16009.854524401448,28.499999999999996,74.364,0.0,0.0,0.0,5554.4992500000035,0.0,9253.625543260536,66139.23636857647,9253.625543260536,32735.363317662002,16.242599999999854,16.242599999999854,16.242599999999854
729,57,93326.92983,38615.298307369005,43062.2940886585,38615.298307369005,1221.308,43062.2940886585,11.235,16009.20802771394,0.0,74.364,0.0,0.0,0.0,3702.999500000035,9369.777093741477,0.0,75040.52460763088,-9369.777093741477,11649.33743397249,3.598560000000223,3.598560000000223,3.598560000000223
730,58,92062.35206,30551.027948007002,60436.3332961525,30551.027948007002,1221.308,60436.333296152494,0.0,16006.21795043945,0.0,74.364,0.0,0.0,0.0,1851.4997500000102,18078.398884598966,0.0,92215.00354799988,-18078.398884598966,1074.9908158405087,0.0,0.0,0.0
731,59,90708.31477,19954.874796686,69856.9341236415,19954.874796686,1221.308,69856.93412364161,0.0,16005.48741688614,0.0,74.364,0.0,0.0,0.0,0.0,16404.65356721397,0.0,107799.42443685315,-16404.65356721397,896.5058496723941,0.0,0.0,0.0
732,60,89478.28445,15695.362857678001,73293.66844006199,15695.362857678001,1221.308,73293.66844006213,0.0,16002.74710121165,0.0,74.364,0.0,0.0,0.0,0.0,16809.165948952,0.0,123768.13208835755,-16809.165948952,489.2531522598729,0.0,0.0,0.0
733,61,88483.17487,12582.86035569,73309.35309808652,12582.86035569,1221.308,73309.35309808663,0.0,16001.763605062144,0.0,74.364,0.0,0.0,0.0,0.0,14706.474188838993,0.0,137739.2825677546,-14706.474188838993,2590.961416223363,0.0,0.0,0.0
734,62,87783.99186,12837.123693952999,70053.3645186945,12837.123693952999,1221.308,70053.3645186945,0.0,15998.787526996344,0.0,74.364,0.0,0.0,0.0,1851.499749999999,14252.455629643839,0.0,151279.11541591625,-14252.455629643839,4893.503647352496,0.0,0.0,0.0
735,63,87139.94158,12326.271358061,62985.590837704505,12326.271358061,1221.308,62985.590837704505,11.235,15998.051393796342,0.0,74.364,0.0,0.0,0.0,3702.9995,9179.878509561848,0.0,160000.0,-9179.878509561848,11828.079384234494,4.544639999992796,4.544639999992796,4.544639999992796
736,64,87507.94042,12047.162050136,51908.7861553625,12047.162050136,1221.308,51908.7861553625,11.235,15994.438843372827,696.1471211286753,74.364,0.0,0.0,0.0,5554.499250000001,0.0,0.0,160000.0,0.0,23551.9922145015,3.613639999999638,3.613639999999638,3.613639999999638
737,65,90232.47605,10249.901744997002,32590.718089489,10249.901744997002,1221.308,32590.718089489,593.212,15991.69853636854,18066.671281128678,74.364,36.16,0.0,0.0,7405.999,0.0,4002.443398016774,155786.90168629814,4002.443398016774,47391.856215513995,30.76372000000003,30.76372000000003,30.76372000000003
738,66,96573.17388,9791.020954929998,3971.8263507190004,9791.020954929998,1221.308,3971.8263507190004,593.212,15990.967994145025,25028.690000000002,74.364,469.1079999999999,257.0,0.0,7405.999,0.0,31769.677580207375,122345.13581239563,31769.677580207375,82810.326574351,35.45799999999994,35.45799999999994,35.45799999999994
739,67,98426.4364,11657.301150157999,0.0,11657.301150157999,1221.308,0.0,593.212,15987.977925540743,25028.690000000002,74.364,701.2,257.0,0.0,7405.999,0.0,35499.38432430216,84977.36283944598,35499.38432430216,86769.135249842,35.45800000000023,35.45800000000023,35.45800000000023
740,68,97003.43746,20440.359309706,0.0,20440.359309706,1221.308,0.0,593.212,15987.191801579225,25028.690000000002,74.364,701.2,257.0,0.0,7405.999,0.0,25294.11334871448,58351.98036711496,25294.11334871448,76563.078150294,35.45800000000001,35.45800000000001,35.45800000000001
741,69,93848.41645,28941.413902294,0.0,28941.413902294,1221.308,0.0,593.212,15983.953179579228,25028.690000000002,74.364,701.2,257.0,0.0,7405.999,0.0,13641.276368125302,43992.7420848778,13641.276368125302,64907.002547706004,35.45800000000046,35.45800000000046,35.45800000000046
742,70,88273.68805,27865.986738637002,0.0,27865.986738637002,1221.308,0.0,593.212,15983.547168517227,25028.690000000002,74.364,469.10799999999915,257.0,0.0,7405.999,0.0,9374.473142845774,34124.875618724356,9374.473142845774,60407.701311362995,35.458000000000716,35.458000000000716,35.458000000000716
743,71,81951.06147,32700.885505290997,0.0,32700.885505290997,1221.308,0.0,593.212,15979.93461948991,23246.348570000002,74.364,20.34000000000002,0.0,0.0,7405.999,0.0,708.6697752175678,33378.9074342848,708.6697752175678,49250.17596470901,18.513479999999998,18.513479999999998,18.513479999999998
744,72,77047.73173,35489.241802025,0.0,35489.241802025,1221.308,0.0,593.212,15979.849847289426,16283.757080685564,74.364,0.0,0.0,0.0,7405.999,0.0,0.0,33378.90743428639,0.0,41558.489927975,17.18868,17.18868,17.18868
745,73,74048.25758,29731.637550744,0.0,29731.637550744,1221.308,0.0,593.212,15976.214008662111,12850.803765227975,74.364,0.0,0.0,0.0,7405.999,0.0,6194.719255365891,26858.150323374924,6194.719255365891,44316.62002925601,17.18868,17.18868,17.18868
746,74,72478.90189,26905.381843993,0.0,26905.381843993,1221.308,0.0,593.212,15976.18169660011,20302.455349406864,74.364,0.0,0.0,0.0,7405.999,0.0,0.0,26858.150323374924,0.0,45573.52004600699,17.18868,17.18868,17.18868
747,75,71984.53872,25768.515692492998,0.0,25768.515692492998,1221.308,0.0,593.212,15972.81201630011,20948.32801120686,74.364,0.0,0.0,0.0,7405.999,0.0,0.0,26858.150323374935,0.0,46216.023027507,17.18868,17.18868,17.18868
748,76,72802.44132,25707.747694229,0.0,25707.747694229,1221.308,0.0,593.212,15972.0814827468,21319.989,74.364,0.0,0.0,0.0,7405.999,0.0,507.74014302419346,26323.687014928415,507.74014302419346,47094.693625771,17.85108,17.85108,17.85108
749,77,76424.57213,27876.405194509,0.0,27876.405194509,1221.308,0.0,593.212,15968.81515467231,21319.989,74.364,0.0,0.0,0.0,7405.999,0.0,1964.4797808186881,24255.813561435058,1964.4797808186881,48548.166935491,17.85108,17.85108,17.85108
750,78,83375.77663,37011.879253045,0.0,37011.879253045,1221.308,0.0,593.212,15965.306553019002,21103.707823935973,74.364,0.0,0.0,0.0,7405.999,0.0,0.0,24255.813561435058,0.0,46363.89737695499,17.188679999999874,17.188679999999874,17.188679999999874
751,79,90941.85508,39606.359742625005,224.6335,39606.359742625005,1221.308,224.6335,593.212,15965.274240957002,24452.49,74.364,36.159999999999954,0.0,0.0,7405.999,0.0,1362.0545964192606,22822.07188099373,1362.0545964192606,51110.861837374985,30.7637200000008,30.7637200000008,30.7637200000008
752,80,93537.96851,23237.789693401,6518.977385982001,23237.789693401,1221.308,6518.977385982001,593.212,15961.835703791201,17989.246189881775,74.364,448.76800000000003,257.0,0.0,5554.4992500000035,0.0,21680.968286944044,0.0,21680.968286944044,63781.20143061702,34.37736000000011,34.37736000000011,34.37736000000011
753,81,92557.16035,36343.030260579995,34634.933167809,36343.030260579995,1221.308,34634.933167809,0.0,15961.8033917292,618.7220298817793,74.364,0.0,0.0,0.0,3702.9995000000154,0.0,0.0,0.0,0.0,21579.19692161101,0.0,0.0,0.0
754,82,91553.45495,36544.490849783,53465.850545605004,36544.490849783,1221.308,53266.53340467809,0.0,12984.376738429193,0.0,74.364,0.0,0.0,0.0,1851.4997500000204,14389.117792890313,0.0,13669.661903245797,-14389.117792890313,1742.430695538911,0.0,0.0,0.0
755,83,90447.42352,44475.342142302994,64271.183597542,26276.416642523,1221.308,53661.677314877015,0.0,9213.657562599985,0.0,74.364,0.0,0.0,0.0,0.0,0.0,0.0,13669.661903245797,0.0,10509.329562599982,0.0,0.0,0.0
756,84,89543.07185,45492.754090552,71023.9315073115,30485.9437,0.0,53569.56485340002,0.0,5487.563296599976,0.0,0.0,0.0,0.0,0.0,0.0,0.0,0.0,13669.661903245797,0.0,5487.563296599968,0.0,0.0,0.0
757,85,88591.33756,45293.09780559199,70536.5554741065,45293.09780559199,1221.307999999998,70536.5554741065,0.0,8385.626966564198,0.0,74.364,0.0,0.0,0.0,0.0,36919.61468626269,0.0,48743.29585519535,-36919.61468626269,-27238.31571969849,0.0,0.0,0.0
758,86,87744.62694,50486.707990095,72030.5418297335,21832.312739305,418.922,56217.547573836404,0.0,9275.844626858614,0.0,0.0,0.0,0.0,0.0,0.0,0.0,0.0,48743.29585519535,0.0,9694.766626858589,0.0,0.0,0.0
759,87,87157.7665,49548.131399531994,67098.02324829849,49394.19093204812,576.7840000000001,64882.44894829849,0.0,12304.342619653382,0.0,0.0,0.0,0.0,0.0,0.0,40000.0,0.0,86743.29585519535,-40000.0,-27118.873380346617,0.0,0.0,0.0
760,88,87473.16502,47387.418241346,56454.53959357,47387.41824134599,1221.308,56454.53959357,0.0,15944.214298212079,0.0,74.364,0.0,0.0,0.0,0.0,33608.67911312806,0.0,118671.541012667,-33608.67911312806,-16368.792814915992,0.0,0.0,0.0
761,89,89938.81356,49931.386105004996,37855.234085696,49931.38610500677,1221.308,37855.234085696,0.0,15836.079601771173,0.0,74.364,0.0,0.0,0.0,1851.4997499999909,16831.057982474176,0.0,134661.04609601747,-16831.057982474176,2152.1933692972234,0.0,0.0,0.0
762,90,96323.08445,47454.826143602004,9821.989017512,47454.826143602004,1221.308,9821.989017512,593.212,15942.558320196777,28.499999999999996,74.364,0.0,0.0,0.0,3702.9994999999863,0.0,17483.327468689233,116257.54349739722,17483.327468689233,39046.26928888599,16.2426,16.2426,16.2426
763,91,98729.03962,50976.89120891401,0.0,50976.89120891401,1221.308,0.0,593.212,15939.870473330975,50.0,74.364,0.0,0.0,0.0,5554.49925,0.0,24318.894687756918,90658.70698396889,24318.894687756918,47752.14841108599,16.242600000000138,16.242600000000138,16.242600000000138
764,92,97293.2053,47635.929999190004,0.0,47635.929999190004,1221.308,0.0,593.212,15938.938449868972,50.0,74.364,0.0,0.0,0.0,7405.999,0.0,24373.45385094235,65002.43977245063,24373.45385094235,49657.27530081,16.242599999999857,16.242599999999857,16.242599999999857
765,93,94547.66252,49583.731404472,0.0,49583.731404472,1221.308,0.0,593.212,15936.000841403176,50.0,74.364,0.0,0.0,0.0,7405.999,0.0,19683.04727412482,44283.442641792935,19683.04727412482,44963.931115528,16.242600000000188,16.242600000000188,16.242600000000188
766,94,89162.3679,45658.387399457,0.0,45658.387399457,1221.308,0.0,593.212,15935.331047841659,50.0,74.364,0.0,0.0,0.0,7405.999,0.0,18223.766452701344,25100.530586317836,18223.766452701344,43503.980500542995,16.242600000000266,16.242600000000266,16.242600000000266
767,95,82953.11837,45925.43924723701,0.0,45925.43924723701,1221.308,0.0,593.212,15932.340977841177,50.0,74.364,0.0,0.0,0.0,7405.999,0.0,11750.455144921809,12731.630433768565,11750.455144921809,37027.67912276299,16.242599999999733,16.242599999999733,16.242599999999733
768,96,78047.71676,40675.916539706,0.0,40675.916539706,1221.308,0.0,593.212,15931.86830821386,50.0,74.364,0.0,0.0,0.0,7405.999,0.0,12095.048912080138,0.0,12095.048912080138,37371.800220294,16.2426,16.2426,16.2426
769,1,74872.55823,40900.240948954,0.0,40900.240948954,1221.308,0.0,593.212,15928.180008051859,21319.988999999972,74.364,0.0,0.0,0.0,7405.999,12570.734727005853,0.0,11942.19799065556,-12570.734727005853,33972.317281045995,17.18868,17.18868,17.18868
770,2,73310.62024,39447.027349441996,0.0,39447.027349441996,1221.308,0.0,593.212,15928.100656986058,21319.989,74.364,0.0,0.0,0.0,7405.999,12679.379766428074,0.0,23987.608768762228,-12679.379766428074,33863.59289055801,17.18868,17.18868,17.18868
771,3,72915.09239,38285.615496321,0.0,38285.615496321,1221.308,0.0,593.212,15924.59205393655,21319.988999999987,74.364,0.0,0.0,0.0,7405.999,11909.987160257553,0.0,35302.0965710069,-11909.987160257553,34629.476893679006,17.18868,17.18868,17.18868
772,4,73967.5486,38394.990406424,0.0,38394.990406424,1221.308,0.0,593.212,15924.291772324059,20611.927272751367,74.364,0.0,0.0,0.0,7405.999,10258.543851499455,0.0,45047.71322993138,-10258.543851499455,35572.55819357599,17.188680000000115,17.188680000000115,17.188680000000115
773,5,77896.0778,26491.515991172993,0.0,26491.515991172993,1221.308,0.0,593.212,15920.90570257075,24452.49,74.364,36.1599999993867,0.0,0.0,7405.999,0.0,1700.123106282521,43258.109960160305,1700.123106282521,51404.561808827006,30.763720000000895,30.763720000000895,30.763720000000895
774,6,85456.19957,25346.150653215,0.0,25346.150653215,1221.308,0.0,593.212,15920.72687175826,25028.690000000002,74.364,469.1079999967869,257.0,0.0,7405.999,0.0,9139.641045029968,33637.43517591823,9139.641045029968,60110.048916784996,35.458,35.458,35.458
775,7,93470.63677,22971.657692536,27.153499999999998,22971.657692536,1221.308,27.153499999999998,593.212,15917.11432860875,25028.690000000002,74.364,701.2,257.0,0.0,7405.999,0.0,19272.938248855247,13350.131756070601,19272.938248855247,70471.825577464,35.458,35.458,35.458
776,8,95921.14869,21487.020457583003,10788.396034307,21487.020457583003,1221.308,10788.396034307,593.212,15913.42602984295,25028.690000000002,74.364,469.10799999999995,257.0,0.0,7405.999,0.0,12682.625168267072,0.0,12682.625168267072,63645.73219811,35.457999999999984,35.457999999999984,35.457999999999984
777,9,94945.78284,17812.415743666,39087.3561800725,17812.415743666,1221.308,39087.3561800725,593.212,15913.393717780951,14668.893948480545,74.364,20.339999999999982,0.0,0.0,5554.499250000005,0.0,0.0,0.0,0.0,38046.0109162615,16.2426,16.2426,16.2426
778,10,93346.54575,17983.259102781998,56923.653261123494,17983.259102781998,1221.308,56923.653261123494,0.0,15909.841916019435,0.0,74.364,0.0,0.0,0.0,3702.9995000000035,2468.880029924862,0.0,2345.4360284286186,-2468.880029924862,18439.63338609451,0.0,0.0,0.0
779,11,92190.96002,19858.10595006,68270.426542749,19858.10595006,1221.308,68270.426542749,0.0,15909.69348691515,0.0,74.364,0.0,0.0,0.0,1851.4997500000018,14994.437709712356,0.0,16590.151852655355,-14994.437709712356,4062.427527191001,0.0,0.0,0.0
780,12,90538.60356,18862.255203487002,72841.1707393805,18862.255203487002,1221.308,72841.1707393805,0.0,15906.057646891635,0.0,74.364,0.0,0.0,0.0,0.0,18366.552029700135,0.0,34038.37628087048,-18366.552029700135,-1164.8223828674963,0.0,0.0,0.0
781,13,89241.33722,18466.04360748,74508.78514378301,18466.04360748,1221.308,74508.78514378301,0.0,15905.957696087351,0.0,74.364,0.0,0.0,0.0,0.0,20935.121227353746,0.0,53926.74144685654,-20935.121227353746,-3733.4915312630037,0.0,0.0,0.0
782,14,88316.92933,20046.000897537,74311.1870213025,20046.000897537,1221.308,74311.1870213025,0.0,15902.345145663836,0.0,74.364,0.0,0.0,0.0,0.0,23238.27573450331,0.0,76003.10339463469,-23238.27573450331,-6040.258588839497,0.0,0.0,0.0
783,15,87441.11242,19407.779207298998,69459.288351033,19407.779207298998,1221.308,69459.288351033,0.0,15901.61460483652,0.0,74.364,0.0,0.0,0.0,1851.4997500000018,20474.74149316848,0.0,95454.10781314474,-20474.74149316848,-1425.9551383319922,0.0,0.0,0.0
784,16,87671.3048,20053.286508865,58159.237996839496,20053.286508865,1221.308,58159.237996839496,0.0,15898.935045098035,0.0,74.364,0.0,0.0,0.0,3702.9995000000017,11438.826250802525,0.0,106320.99275140715,-11438.826250802525,9458.780294295502,0.0,0.0,0.0
785,17,89814.27694,23135.391452723998,39932.495847413506,23135.391452723998,1221.308,39932.495847413506,3.4090158729909064,15898.180752074517,7081.965839999966,74.364,0.0,0.0,0.0,5554.499249999999,3087.3372180849838,0.0,109253.96310858788,-3087.3372180849838,26746.389639862493,3.4639999999468962,3.4639999999468962,3.4639999999468962
786,18,96049.45279,25108.481653305,11050.980757325,25108.481653305,1221.308,11050.980757325,593.212,15895.294623570235,24452.49,74.364,448.76800000048934,257.0,0.0,7405.999000000001,0.0,9541.554755799261,99210.22126037814,9541.554755799261,59889.99037936999,35.458,35.458,35.458
787,19,98968.77316,31039.812739806002,0.0,31039.812739806002,1221.308,0.0,593.212,15894.287830546718,25028.690000000002,74.364,701.2,257.0,0.0,7405.999000000002,0.0,16752.899589647015,81575.59011338127,16752.899589647015,67928.960420194,35.458,35.458,35.458
788,20,97700.03013,27616.760152067996,0.0,27616.760152067996,1221.308,0.0,593.212,15891.33504208092,25028.69000000732,74.364,701.2,257.0,0.0,7405.999,0.0,18910.16193582461,61670.156496723794,18910.16193582461,70083.26997793201,35.458000000054604,35.458000000054604,35.458000000054604
789,21,95041.77069,28216.465402782997,0.0,28216.465402782997,1221.308,0.0,593.212,15887.91979311892,25028.690000000002,74.364,469.1079999886698,257.0,0.0,7405.999,0.0,15887.70449410942,44946.257029240194,15887.70449410942,66825.30528721701,35.45799999994538,35.45799999994538,35.45799999994538
790,22,90146.87502,36785.576905871,0.0,36785.576905871,1221.308,0.0,593.212,15887.250006831411,24452.48999873066,74.364,36.160000000000004,1.3570064538726e-7,0.0,7405.999,0.0,3690.5151084311924,41061.50428352315,3690.5151084311924,53361.29811412901,30.763720001532644,30.763720001532644,30.763720001532644
791,23,83965.52131,40704.914640989,0.0,40704.914640989,1221.308,0.0,593.212,15884.181058218921,14329.467838730652,74.364,0.0,0.0,0.0,7405.999,0.0,3752.074772061419,37111.95189187955,3752.074772061419,43260.606669010995,17.18868,17.18868,17.18868
792,24,79205.57813,40962.137346144,0.0,40962.137346144,1221.308,0.0,593.212,15883.473814265612,13065.083969590367,74.364,0.0,0.0,0.0,7405.999,0.0,0.0,37111.95189187955,0.0,38243.44078385599,17.18868,17.18868,17.18868
793,25,76359.20272,39886.347008383,0.0,39886.347008383,1221.308,0.0,593.212,15880.64014450361,11297.332567113375,74.364,0.0,0.0,0.0,7405.999,0.0,0.0,37111.95189187955,0.0,36472.855711617,17.18868,17.18868,17.18868
794,26,74930.82426,31898.919959334,0.0,31898.919959334,1221.308,0.0,593.212,15880.091725137809,17856.929575528182,74.364,0.0,0.0,0.0,7405.999,0.0,0.0,37111.95189187955,0.0,43031.90430066599,17.18868,17.18868,17.18868
795,27,74626.93527,35572.11699856699,0.0,35572.11699856699,1221.308,0.0,593.212,15876.87786447581,11208.219240606522,74.364,0.0,0.0,0.0,7405.999,0.0,2674.8381663506557,34296.33276940518,2674.8381663506557,39054.81827143301,17.18868,17.18868,17.18868
796,28,75681.86157,38259.116045185,0.0,38259.116045185,1221.308,0.0,593.212,15876.11815311001,7269.002,74.364,0.0,0.0,0.0,7405.999,0.0,4982.742371704983,29051.340799189406,4982.742371704983,37422.74552481499,17.18868,17.18868,17.18868
797,29,79573.75778,37634.060450316,0.0,37634.060450316,1221.308,0.0,593.212,15872.543061748493,13310.92640999997,74.364,0.0,0.0,0.0,7405.999,0.0,3461.344857935542,25407.81989609936,3461.344857935542,41939.697329684,17.18868,17.18868,17.18868
798,30,86667.27016,37401.747699964995,0.0,37401.747699964995,1221.308,0.0,593.212,15872.510749686491,23246.348570000002,74.364,20.339999999999975,0.0,0.0,7405.999,0.0,831.4401403485037,24532.619748364094,831.4401403485037,49265.522460035005,18.513479999999998,18.513479999999998,18.513479999999998
799,31,94337.00915,29881.752209851,202.9107,29881.752209851,1221.308,202.9107,593.212,15869.048461720695,25028.690000000002,74.364,469.10799999999995,257.0,0.0,7405.999,0.0,13333.616778428262,10497.233665808028,13333.616778428262,64252.346240148996,35.458,35.458,35.458
800,32,97134.863,34793.434407284,11422.750918204,34793.434407284,1221.308,11422.750918204,593.212,15868.978980558693,17392.02416000073,74.364,448.7679999999999,257.0,0.0,5554.499250000005,0.0,9508.523283938532,488.26178797799577,9508.523283938532,50918.67767451199,34.37736,34.37736,34.37736
801,33,96417.0807,34945.413099622005,40122.371900006,34945.413099622005,1221.308,40122.371900006,0.0,15865.275501792894,21.5,74.364,0.0,0.0,0.0,3702.9995000000035,0.0,463.848698579096,0.0,463.848698579096,21349.295700372,0.0,0.0,0.0
802,34,94587.84877,32508.672591111004,58794.5620208705,32364.402791303,311.704,58794.5620208705,0.0,15862.061641130895,0.0,0.0,0.0,0.0,0.0,1851.4997500000018,14596.381433304407,0.0,13866.562361639186,-14596.381433304407,3428.883957826496,0.0,0.0,0.0
803,35,92721.3824,32336.904846247005,69945.978757797,32215.330946235004,0.0,69945.978757797,0.0,15861.415144443385,0.0,0.0,0.0,0.0,0.0,0.0,25301.342448475396,0.0,37902.837687690815,-25301.342448475396,-9439.927304031997,0.0,0.0,0.0
804,36,90818.30386,30204.549893489002,75215.87667634651,29021.238643815286,539.693,75215.87667634651,0.0,15857.726845677584,0.0,0.0,0.0,0.0,0.0,0.0,29816.231305839396,0.0,66228.25742823824,-29816.231305839396,-13418.8114601618,0.0,0.0,0.0
805,37,89022.13751,31039.829658864994,76464.2251642375,31005.421658960997,19.125,76464.2251642375,0.0,15857.944295215584,0.0,0.0,0.0,0.0,0.0,0.0,34324.5786084141,0.0,98836.60710623163,-34324.5786084141,-18447.509313198505,0.0,0.0,0.0
806,38,87456.44017,30331.520243903997,75430.73538433299,30313.57764376,0.0,41307.89031998641,0.0,15834.972206253586,0.0,0.0,0.0,0.0,0.0,0.0,0.0,0.0,98836.60710623163,0.0,15834.972206253595,0.0,0.0,0.0
807,39,86439.36217,32707.746141078,70646.20220113701,32680.010241114,0.0,70646.20220113701,0.0,15854.350914087783,0.0,0.0,0.0,0.0,0.0,0.0,32741.201186338796,0.0,129940.74823325349,-32741.201186338796,-16886.850272251017,0.0,0.0,0.0
808,40,86072.18112,34687.065691428,59028.59509679751,34621.287491372,0.0,59028.59509679751,0.0,15850.621022726269,0.0,0.0,0.0,0.0,0.0,1851.4997499999936,25279.82224089575,0.0,153956.57936210444,-25279.82224089575,-7577.701468169515,0.0,0.0,0.0
809,41,87826.21773,34206.386642065,40570.6318803395,34149.485242009,0.0,40570.6318803395,0.0,15743.096515962585,21.5,0.0,0.0,0.0,0.0,3702.9994999999954,6361.495408311127,0.0,160000.0,-6361.495408311127,13106.100607651504,0.0,0.0,0.0
810,42,93620.31433,33290.71454649299,11586.447844950999,33290.71454649299,1221.308,11586.447844950999,593.212,15846.957959564272,17392.024159999994,74.364,448.7679999999999,257.0,0.0,5554.499249999997,0.0,7355.0185689916925,152257.87519053507,7355.0185689916925,48743.151938556,34.37736,34.37736,34.37736
811,43,95943.66883,36367.221091850006,0.0,36367.221091850006,1221.308,0.0,593.212,15846.174958598469,25028.690000000002,74.364,701.2,257.0,0.0,7405.999,0.0,8448.49977955152,143364.71752784925,8448.49977955152,59576.44773814999,35.458,35.458,35.458
812,44,94378.86149,34538.83324206,0.0,34538.83324206,1221.308,0.0,593.212,15843.23734873647,25028.69,74.364,701.2,257.0,0.0,7405.999,0.0,8715.017899203449,134191.01447605615,8715.017899203449,59840.02824794,35.458,35.458,35.458
813,45,92345.41627,35123.274441546004,0.0,35123.274441546004,1221.308,0.0,593.212,15842.477637370672,25028.69,74.364,469.10799999995436,257.0,0.0,7405.999,0.0,6329.983191083388,127527.87427491574,6329.983191083388,57222.141828454,35.458,35.458,35.458
814,46,88426.90646,35659.059047516996,0.0,35659.059047516996,1221.308,0.0,593.212,15839.49298710867,24452.49000000373,74.364,36.15999999749406,0.0,0.0,7405.999,0.0,3144.8214253730825,124217.53593241776,3144.8214253730825,52767.847412483,30.76371999999995,30.76371999999995,30.76371999999995
815,47,83751.85017,34315.135441453,0.0,34315.135441453,1221.308,0.0,593.212,15836.25642472116,15970.245332953986,74.364,0.0,0.0,0.0,7405.999,0.0,8335.329970871855,115443.5043841316,8335.329970871855,49436.714728547006,17.18868,17.18868,17.18868
816,48,79608.26231,35880.180495765,0.0,35880.180495765,1221.308,0.0,593.212,15836.17164664287,7269.002,74.364,0.0,0.0,0.0,7405.999,0.0,11328.025167592119,103519.26736561357,11328.025167592119,43728.081814235,17.18868,17.18868,17.18868
817,49,76592.48764,35525.342153931,0.0,35525.342153931,1221.308,0.0,593.212,15832.55910349336,7269.002,74.364,0.0,0.0,0.0,7405.999,0.0,8670.701382575642,94392.21327869185,8670.701382575642,41067.14548606901,17.18868,17.18868,17.18868
818,50,74893.18188,28824.627847994,0.0,28824.627847994,1221.308,0.0,593.212,15831.49985172756,7269.002,74.364,0.0,0.0,0.0,7405.999,0.0,13673.169180278446,79999.40361524085,13673.169180278446,46068.554032006,17.18868,17.18868,17.18868
819,51,74282.89625,29040.338805728,0.0,29040.338805728,1221.308,0.0,593.212,15828.56224186556,7269.002,74.364,0.0,0.0,0.0,7405.999,0.0,12850.110202406433,66472.97182323408,12850.110202406433,45242.55744427201,17.18868,17.18868,17.18868
820,52,74424.60214,30290.448496222,0.0,30290.448496222,1221.308,0.0,593.212,15828.104752238243,7269.002,74.364,0.0,0.0,0.0,7405.999,0.0,11742.163891539762,54112.799305823806,11742.163891539762,44134.153643778,17.18868,17.18868,17.18868
821,53,76128.13206,31447.855291176995,0.0,31447.855291176995,1221.308,0.0,593.212,15825.136961299759,7269.002,74.364,0.0,0.0,0.0,7405.999,0.0,12291.254807523252,41174.63635053617,12291.254807523252,44680.27676882301,17.18868,17.18868,17.18868
822,54,79339.75142,31417.104296826994,0.0,31417.104296826994,1221.308,0.0,593.212,15824.392539576245,7269.002,74.364,0.0,0.0,0.0,7405.999,0.0,15534.369583596765,24822.66836780274,15534.369583596765,47922.64712317301,17.18868,17.18868,17.18868
823,55,83395.02441,30987.576243683005,0.0,30987.576243683005,1221.308,0.0,593.212,15821.402470971962,7269.002,74.364,0.0,0.0,0.0,5554.4992500000035,0.0,21873.66044534504,1797.7626358605908,21873.66044534504,52407.44816631699,17.18868,17.18868,17.18868
824,56,86422.20566,34830.225046934,11864.803230649999,34830.225046934,1221.308,11864.803230649999,593.212,15820.695218348445,16606.724159999998,74.364,0.0,0.0,0.0,3702.9995000000035,0.0,1707.8745040675612,0.0,1707.8745040675612,39727.177382416005,21.733319999999996,21.733319999999996,21.733319999999996
825,57,88587.44409,31717.946593402998,41549.9718369315,31632.738393555,1221.308,41549.9718369315,0.0,15816.70425618693,0.0,74.364,0.0,0.0,0.0,1851.4997500000018,3559.1421466734205,0.0,3381.1850393397494,-3559.1421466734205,15404.7338595135,0.0,0.0,0.0
826,58,88746.81339,22472.083804424,59540.435012765,22472.083804424,1221.308,59540.435012765,0.0,15816.869246982646,0.0,74.364,0.0,0.0,0.0,0.0,10378.246674171625,0.0,13240.519379802792,-10378.246674171625,6734.294572810984,0.0,0.0,0.0
827,59,87297.12832,21468.679797761997,70872.63816621549,21468.679797761997,1221.308,70872.63816621549,0.0,15813.317445221128,0.0,74.364,0.0,0.0,0.0,0.0,22153.17908919861,0.0,34286.03951454147,-22153.17908919861,-5044.189643977486,0.0,0.0,0.0
828,60,85136.47108,20532.957105937,75808.981882275,20532.957105937,1221.308,75808.981882275,0.0,15790.981827220645,0.0,74.364,0.0,0.0,0.0,0.0,28292.12173543264,0.0,61163.55516320248,-28292.12173543264,-11205.467908211991,0.0,0.0,0.0
829,61,82758.19976,19999.445798593,76553.679782091,19999.445798593,1221.308,76553.679782091,0.0,15809.638554093328,0.0,74.364,0.0,0.0,0.0,0.0,30900.236374777334,0.0,90518.77971924095,-30900.236374777334,-13794.925820683995,0.0,0.0,0.0
830,62,80772.90305,20517.683995748997,75915.32520966801,20517.683995748997,1221.308,75915.32520966801,0.0,15806.700944231327,0.0,74.364,0.0,0.0,0.0,0.0,32762.47909964833,0.0,121643.13486390686,-32762.47909964833,-15660.106155417016,0.0,0.0,0.0
831,63,79579.51499,17745.431093268,70202.412331892,17745.431093268,1221.308,70202.412331892,0.0,15806.190994465524,0.0,74.364,0.0,0.0,0.0,0.0,25470.191429625535,0.0,145839.81672205112,-25470.191429625535,-8368.328435160001,0.0,0.0,0.0
832,64,79803.25936,17995.058845286,58202.841615693505,17662.35356585491,1221.308,58202.841615693505,0.0,15696.348510503018,0.0,74.364,0.0,0.0,0.0,1851.4997500000018,14905.456082051449,0.0,160000.0,-14905.456082051449,3938.064178451583,0.0,0.0,0.0
833,65,82408.87792,17178.969802203,39739.89159788,16468.409902203,1221.308,39076.11722769349,0.0,15802.25488010353,6063.424409999969,74.364,0.0,0.0,0.0,3702.9995000000035,0.0,0.0,160000.0,0.0,26864.350790103512,0.0,0.0,0.0
834,66,88917.30918,19348.458738743,10828.834749067999,19348.458738743,1221.308,10828.834749067999,593.212,15798.642338350219,23433.94857,74.364,448.7680000000001,257.0,0.0,5554.4992500000035,0.0,11358.273533838792,148043.92259595916,11358.273533838792,58740.015692189,35.458,35.458,35.458
835,67,92073.56157,22603.988693084,0.0,22603.988693084,1221.308,0.0,593.212,15798.571556688219,25028.690000000002,74.364,701.2,257.0,0.0,7405.999,0.0,18389.22832022782,128686.84015361409,18389.22832022782,69469.572876916,35.458,35.458,35.458
836,68,91088.10575,22519.230105418,0.0,22519.230105418,1221.308,0.0,593.212,15795.26024922242,25028.690000000002,74.364,701.2,257.0,0.0,7405.999,0.0,17491.84239535958,110274.37447428821,17491.84239535958,68568.875644582,35.45799999999676,35.45799999999676,35.45799999999676
837,69,89168.96341,21758.429992198,0.0,21758.429992198,1221.308,0.0,593.212,15795.227937160418,25028.690000000002,74.364,701.2,257.0,0.0,7405.999,0.0,16333.53248064127,93081.18238940266,16333.53248064127,67410.533417802,35.458000000006486,35.458000000006486,35.458000000006486
838,70,85666.90723,24595.056956826997,0.0,24595.056956826997,1221.308,0.0,593.212,15791.562927994619,25028.690000000002,74.364,701.2,257.0,0.0,7405.999,0.0,9998.514345178397,82556.43044710961,9998.514345178397,61071.850273173,35.458,35.458,35.458
839,71,81501.41796,24482.187055171,0.0,24482.187055171,1221.308,0.0,593.212,15790.893134433103,25028.690000000002,74.364,701.2,257.0,0.0,7405.999,0.0,5946.564770395901,76296.88858353498,5946.564770395901,57019.230904829004,35.45799999999807,35.45799999999807,35.45799999999807
840,72,77847.49489,23547.601645843002,0.0,23547.601645843002,1221.308,0.0,593.212,15787.9555245711,25028.690000000002,74.364,701.2,257.0,0.0,7405.999,0.0,3230.164719585887,72896.7151944972,3230.164719585887,54299.893244157,35.457999999999984,35.457999999999984,35.457999999999984
841,73,75216.22354,20232.48835262,0.0,20232.48835262,1221.308,0.0,593.212,15784.264026205303,25028.690000000002,74.364,701.2,257.0,0.0,7405.999,0.0,3917.698161174702,68772.82239326068,3917.698161174702,54983.73518738001,35.45800000004388,35.45800000004388,35.45800000004388
842,74,73643.86516,19265.581798749998,0.0,19265.581798749998,1221.308,0.0,593.212,15784.114373205302,25028.690000000002,74.364,701.2,257.0,0.0,7405.999,0.0,3312.395988044705,65286.08977426625,3312.395988044705,54378.28336125,35.458,35.458,35.458
843,75,73079.95687,17646.493560389,0.0,17646.493560389,1221.308,0.0,593.212,15780.506262343302,25028.690000000002,74.364,1886.7899055801843,257.0,0.0,7405.999,0.0,3185.594141687496,61932.83278301625,3185.594141687496,55433.46330961099,35.458,35.458,35.458
844,76,73341.67611,16923.573608904,0.0,16923.573608904,1221.308,0.0,593.212,15780.332842477503,25028.690000000002,74.364,701.2,257.0,0.0,7405.999,0.0,5355.996658618488,56294.941563417844,5355.996658618488,56418.102501096,35.458,35.458,35.458
845,77,74749.19525,15359.184039392998,0.0,15359.184039392998,1221.308,0.0,593.212,15776.720299327993,25028.690000000002,74.364,701.2,257.0,0.0,7405.999,0.0,8331.517911279007,47524.92270943995,8331.517911279007,59390.01121060701,35.458,35.458,35.458
846,78,77427.08102,16214.491500899003,0.0,16214.491500899003,1221.308,0.0,593.212,15776.247807227994,25028.690000000002,74.364,701.2,257.0,0.0,7405.999,0.0,10154.568711873004,36835.90301273152,10154.568711873004,61212.58951910099,35.458,35.458,35.458
847,79,80779.12745,17050.655640647,132.35170000000002,17050.655640647,1221.308,132.35170000000002,593.212,15773.310198762196,25028.690000000002,74.364,701.2,257.0,0.0,7405.999,0.0,12541.036910590818,23634.811527899077,12541.036910590818,63596.120109352996,35.458,35.458,35.458
848,80,83493.68719,14944.265056133,13242.514126882,14944.265056133,1221.308,13242.514126882,593.212,15772.259055200195,25028.690000000002,74.364,469.1080000000013,257.0,0.0,7405.999,0.0,4484.967951784803,18913.792631283497,4484.967951784803,55306.908006985,35.458,35.458,35.458
849,81,85698.60693,12405.147591489,41967.977632098,12405.147591489,1221.308,41967.977632098,593.212,15769.298157134393,16851.30602000003,74.364,20.340000000000003,0.0,0.0,5554.499250000001,8758.845720721427,0.0,27234.696065968852,-8758.845720721427,31325.48170641299,17.188680000000005,17.188680000000005,17.188680000000005
850,82,85860.02428,9225.299689766,60255.5369451125,9225.299689766,1221.308,60255.5369451125,0.0,15768.538444372392,0.0,74.364,0.0,0.0,0.0,3702.9995000000017,4388.022299249452,0.0,31403.31725025583,-4388.022299249452,16379.187645121492,0.0,0.0,0.0
851,83,84561.05264,7453.364761207,71396.9957870465,7453.364761207,1221.308,71396.9957870465,0.0,15765.704776006593,0.0,74.364,0.0,0.0,0.0,1851.4997500000018,13202.184434260096,0.0,43945.39246280292,-13202.184434260096,5710.692091746489,0.0,0.0,0.0
852,84,83310.54011,7566.2398060119995,76529.25345700051,7566.2398060119995,1221.308,76529.25345700051,0.0,15762.402735845078,0.0,74.364,0.0,0.0,0.0,0.0,17843.02788886205,0.0,60896.268957221866,-17843.02788886205,-784.9531530125096,0.0,0.0,0.0
853,85,82059.31746,5591.587557556,76860.9090517305,5591.587557556,1221.308,76860.9090517305,0.0,15761.61973348308,0.0,74.364,0.0,0.0,0.0,0.0,17450.470882844456,0.0,77474.2162959241,-17450.470882844456,-393.17914928650134,0.0,0.0,0.0
854,86,80906.66705,5834.6826597009995,76132.83320449751,5834.6826597009995,1221.308,76132.83320449751,0.0,15758.682125017278,0.0,74.364,0.0,0.0,0.0,0.0,18115.202939215804,0.0,94683.6590881791,-18115.202939215804,-1060.8488141985,0.0,0.0,0.0
855,87,80060.07301,6437.312746447001,70978.37051844501,6437.312746447001,1221.308,70978.37051844501,0.0,15757.90723225528,0.0,74.364,0.0,0.0,0.0,1851.499750000009,16260.689237147342,0.0,110131.31386346908,-16260.689237147342,2644.389745107983,0.0,0.0,0.0
856,88,79290.16325,5662.131147590001,58866.684444559505,5662.131147590001,1221.308,58866.684444559505,0.0,15754.67008338948,0.0,74.364,0.0,0.0,0.0,3702.9995000000185,5991.993925539039,0.0,115823.70809273118,-5991.993925539039,14761.347657850492,0.0,0.0,0.0
857,89,80379.28773,5482.5340061060015,39224.8504544635,5482.5340061060015,1221.308,39224.8504544635,593.212,15754.212599639972,17182.924159999977,74.364,20.340000000000003,0.0,0.0,5554.499250000021,4728.956740209465,0.0,120316.21699593017,-4728.956740209465,35671.9032694305,17.851079999999996,17.851079999999996,17.851079999999996
858,90,86310.06487,7763.111248894,10385.796547719501,7763.111248894,1221.308,10385.796547719501,593.212,15751.340170727479,25028.690000000002,74.364,469.10800000000006,257.0,0.0,7405.999,0.0,17360.135902659018,102042.3897299733,17360.135902659018,68161.15707338651,35.45800000000007,35.45800000000007,35.45800000000007
859,91,89263.83011,10410.362703804998,0.0,10410.362703804998,1221.308,0.0,593.212,15750.554054039967,25028.690000000002,74.364,701.2,257.0,0.0,7405.999,0.0,27821.140352155035,72756.97883296802,27821.140352155035,78853.46740619499,35.458,35.458,35.458
860,92,90701.79336,12852.064955756,0.0,12852.064955756,1221.308,0.0,593.212,15746.86575527417,25028.690000000002,74.364,701.2,257.0,0.0,7405.999,0.0,26821.089648969835,44524.252886683986,26821.089648969835,77849.728404244,35.458,35.458,35.458
861,93,89618.87878,17207.266858622002,0.0,17207.266858622002,1221.308,0.0,593.212,15746.833443212168,25028.690000000002,74.364,701.2,257.0,0.0,7405.999,0.0,21383.005478165825,22015.82606756207,21383.005478165825,72411.611921378,35.458,35.458,35.458
862,94,85454.45139,22274.483357605997,0.0,22274.483357605997,1221.308,0.0,593.212,15743.455475784853,25028.690000000002,74.364,701.2,257.0,0.0,7405.999,0.0,12154.73955660916,9221.363376394534,12154.73955660916,63179.968032394005,35.458,35.458,35.458
863,95,79865.41585,22908.99259661,0.0,22908.99259661,1221.308,0.0,593.212,15743.347413984366,25028.690000000002,74.364,701.2,257.0,0.0,7405.999,0.0,5931.302839405636,2977.88670333597,5931.302839405636,56956.42325339001,35.458,35.458,35.458
864,96,75701.17373,21850.889000408002,0.0,21850.889000408002,1221.308,0.0,593.212,15739.519361422852,25028.690000000002,74.364,701.2,257.0,0.0,7405.999,0.0,2828.9923681691716,0.0,2828.9923681691716,53850.28472959199,35.458,35.458,35.458
865,1,73104.21698,19929.251694246,0.0,19929.251694246,1221.308,0.0,593.212,15736.492123718568,25028.690000000002,74.364,2857.9001620354074,257.0,0.0,7405.999,0.0,0.0,0.0,0.0,53174.965285754,35.458,35.458,35.458
866,2,72233.09331,18063.977245558,0.0,18063.977245558,1221.308,0.0,593.212,15735.784871095057,25028.690000000002,74.364,3852.7581933469164,257.0,0.0,7405.999,0.0,0.0,0.0,0.0,54169.116064442,35.458,35.458,35.458
867,3,72376.25213,16620.223947325,0.0,16620.223947325,1221.308,0.0,593.212,15732.398794067736,25028.690000000002,74.364,5443.056388607253,257.0,0.0,7405.999,0.0,0.0,0.0,0.0,55756.02818267499,35.458,35.458,35.458
868,4,73955.51977,15224.618645976,0.0,15224.618645976,1221.308,0.0,593.212,15732.314021867252,25028.690000000002,74.364,8418.014102156716,257.0,0.0,7405.999,0.0,0.0,0.0,0.0,58730.901124024,35.458,35.458,35.458
869,5,78075.76422,14335.310257034,0.0,14335.310257034,1221.308,0.0,593.212,15728.686292839937,25028.690000000002,74.364,13431.194670126048,257.0,0.0,7405.999,0.0,0.0,0.0,0.0,63740.453962966,35.458,35.458,35.458
870,6,85678.11767,16355.790751876,0.0,16355.790751876,1221.308,0.0,593.212,15728.638979701453,25028.690000000002,74.364,19013.114938422532,257.0,0.0,7405.999,0.0,0.0,0.0,0.0,69322.326918124,35.458,35.458,35.458
871,7,93606.90162,21063.724847891,137.24859999999998,21063.724847891,1221.308,137.24859999999998,593.212,15724.750178477936,25028.690000000002,74.364,22100.604993631034,257.0,0.0,7405.999,0.0,0.0,0.0,0.0,72405.928172109,35.458,35.458,35.458
872,8,96561.14993,23367.239940997002,10264.212360639502,23367.239940997002,1221.308,10264.212360639502,593.212,15725.024529112135,25028.690000000002,74.364,12624.100099251364,257.0,0.0,7405.999,0.0,0.0,0.0,0.0,62929.6976283635,35.458,35.458,35.458
873,9,95910.85795,18998.100293524996,34389.761053348004,18998.100293524996,1221.308,34389.761053348004,593.212,15721.359518550136,22914.730430000003,74.364,20.339999999999996,0.0,0.0,7405.999,5428.316345423137,0.0,5156.90052815198,-5428.316345423137,42522.996603127,17.18868,17.18868,17.18868
874,10,94574.4809,15219.529146443,51215.325637818,15219.529146443,1221.308,51215.325637818,593.212,15720.628984996829,21319.988999999972,74.364,0.0,0.0,0.0,7405.999,18195.874869257816,0.0,22442.981653946903,-18195.874869257816,28139.62611573899,17.18868,17.18868,17.18868
875,11,93102.73034,14660.361146081998,58968.190708988994,14660.361146081998,1221.308,58968.190708988994,593.212,15717.623727722337,15256.564589999984,74.364,0.0,0.0,0.0,7405.999,20794.89283279333,0.0,42198.12984510057,-20794.89283279333,19474.178484929005,17.18868,17.18868,17.18868
876,12,91405.81634,17392.010756046,60686.11513443201,17392.010756046,1221.308,60686.11513443201,0.0,15716.898359696826,0.0,74.364,0.0,0.0,0.0,5554.49925,9239.379160174818,0.0,50975.54004726665,-9239.379160174818,13327.690449521993,0.0,0.0,0.0
877,13,89961.61416,17087.709794928,58593.170079241,17087.709794928,1221.308,58593.170079241,593.212,15713.937460234827,15256.564589999998,74.364,0.0,0.0,0.0,7405.999,25984.65076440379,0.0,75660.95827345025,-25984.65076440379,14280.734285831,17.18868,17.18868,17.18868
878,14,88530.49882,19500.689008839,55740.5140575335,19500.689008839,1221.308,55740.5140575335,0.0,15710.522212669026,0.0,74.364,0.0,0.0,0.0,5554.49925,9271.397709041545,0.0,84468.78609703972,-9271.397709041545,13289.295753627484,0.0,0.0,0.0
879,15,87458.41812,21452.730497065997,51893.09576525,21452.730497065997,1221.308,51893.09576525,593.212,15710.317589907027,15256.564589999984,74.364,0.0,0.0,0.0,7405.999,26149.173322223014,0.0,109310.50075315157,-26149.173322223014,14112.591857683998,17.18868,17.18868,17.18868
880,16,87462.81515,20824.540996308002,44081.620899442,20824.540996308002,1221.308,44081.620899442,593.212,15706.652580741227,22062.587962201746,74.364,0.0,0.0,0.0,7405.999,24507.47028869295,0.0,132592.5975274099,-24507.47028869295,22556.65325424999,17.18868,17.18868,17.18868
881,17,90562.25555,21456.441903217004,25182.105301633,21456.441903217004,1221.308,25182.105301633,593.212,15705.92203851771,23988.947532201746,74.364,20.339999999999996,0.0,0.0,7405.999,5086.384225569438,0.0,137424.66254170088,-5086.384225569438,43923.70834515001,18.513479999999998,18.513479999999998,18.513479999999998
882,18,97173.78214,27916.848503603,3091.6526267850004,27916.848503603,1221.308,3091.6526267850004,593.212,15703.029997317712,25028.690000000002,74.364,469.10800000000006,257.0,0.0,7405.999,0.0,15412.570012294278,121200.90463402268,15412.570012294278,66165.281009612,35.458,35.458,35.458
883,19,99920.43206,31421.052553104997,0.0,31421.052553104997,1221.308,0.0,593.212,15702.520046155712,25028.690000000002,74.364,701.2,257.0,0.0,7405.999,0.0,17515.0864607393,102763.971517455,17515.0864607393,68499.37950689501,35.458,35.458,35.458
884,20,98378.77717,31604.615545126,0.0,31604.615545126,1221.308,0.0,593.212,15699.559148089913,25028.690000000002,74.364,701.2,257.0,0.0,7405.999,0.0,15792.829476784098,86139.94048926121,15792.829476784098,66774.161624874,35.458,35.458,35.458
885,21,95243.07934,28702.611093791995,0.0,28702.611093791995,1221.308,0.0,593.212,15698.799435327914,25028.690000000002,74.364,701.2,257.0,0.0,7405.999,0.0,15559.89581088007,69761.10279359798,15559.89581088007,66540.46824620801,35.458,35.458,35.458
886,22,89444.81642,32745.106097491,0.0,32745.106097491,1221.308,0.0,593.212,15695.861826862112,25028.690000000002,74.364,469.10800000000006,257.0,0.0,7405.999,0.0,5954.167495646905,63493.55806133808,5954.167495646905,56699.710322509,35.458,35.458,35.458
887,23,83054.73108,39031.68164769199,0.0,39031.68164769199,1221.308,0.0,593.212,15694.74165380011,24264.890000000003,74.364,20.339999999999996,0.0,0.0,7405.999,5251.805221492103,0.0,68482.77302175558,-5251.805221492103,44023.049432308006,17.85108,17.85108,17.85108
888,24,77758.83915,38907.416305194005,0.0,38907.416305194005,1221.308,0.0,593.212,15691.355584046802,23688.690000000002,74.364,0.0,0.0,0.0,7405.999,9823.505739240778,0.0,77815.10347403432,-9823.505739240778,38851.422844805995,17.85108,17.85108,17.85108
889,25,74487.31042,32650.739795207995,0.0,32650.739795207995,1221.308,0.0,593.212,15691.368840646803,23688.690000000002,74.364,0.0,0.0,0.0,7405.999,6838.371215854826,0.0,84311.5561290964,-6838.371215854826,41836.570624792,17.85108,17.85108,17.85108
890,26,72912.33781,33421.743702948,0.0,33421.743702948,1221.308,0.0,593.212,15687.703830084803,23688.690000000002,74.364,0.0,0.0,0.0,7405.999,9180.68272303281,0.0,93033.20471597757,-9180.68272303281,39490.594107052,17.85108,17.85108,17.85108
891,27,72428.24543,31576.200293909,0.0,31576.200293909,1221.308,0.0,593.212,15684.742932019004,23688.689999999973,74.364,0.0,0.0,0.0,7405.999,7816.270795928003,0.0,100458.66197210917,-7816.270795928003,40852.045136090994,17.85108,17.85108,17.85108
892,28,73540.80417,31150.465194145003,0.0,31150.465194145003,1221.308,0.0,593.212,15683.983219257003,23688.690000000002,74.364,0.0,0.0,0.0,7405.999,6277.217243401992,0.0,106422.01835334106,-6277.217243401992,42390.338975855004,17.85108,17.85108,17.85108
893,29,77322.88527,30631.32069895,0.0,30631.32069895,1221.308,0.0,593.212,15681.216499657006,24264.890000000003,74.364,20.339999999999996,0.0,0.0,7405.999,2569.7649286070177,0.0,108863.29503551773,-2569.7649286070177,46691.564571049996,17.85108,17.85108,17.85108
894,30,84746.90965,27204.815198078,0.0,27204.815198078,1221.308,0.0,593.212,15680.336937729688,25028.690000000002,74.364,469.10800000000006,257.0,0.0,7405.999,0.0,6812.076514192331,101692.68817847317,6812.076514192331,57542.09445192201,35.458,35.458,35.458
895,31,92706.00696,25267.257349312997,136.2612,25267.257349312997,1221.308,136.2612,593.212,15676.709386229686,25028.690000000002,74.364,701.2,257.0,0.0,7405.999,0.0,16344.006024457323,84488.47131062335,16344.006024457323,67302.488410687,35.458,35.458,35.458
896,32,95835.01077,23398.370906949,5847.035865410001,23398.370906949,1221.308,5847.035865410001,593.212,15676.661894167686,25028.690000000002,74.364,469.10800000000006,257.0,0.0,7405.999,0.0,15863.26110347331,67790.30172801987,15863.26110347331,66589.603997641,35.458,35.458,35.458
897,33,95354.42452,23074.484495056997,21096.678735915502,23074.484495056997,1221.308,21096.678735915502,593.212,15672.996885001885,24452.49,74.364,36.160000000000004,0.0,0.0,7405.999,0.0,1726.7314040256222,65972.68972378237,1726.7314040256222,51183.261289027505,30.76372,30.76372,30.76372
898,34,94481.04237,21548.08779677,36570.4235872405,21548.08779677,1221.308,36570.4235872405,593.212,15672.941283339886,22338.530430000003,74.364,0.0,0.0,0.0,7405.999,10943.823727350366,0.0,76369.32226476521,-10943.823727350366,36362.530985989506,17.18868,17.18868,17.18868
899,35,93367.73503,18882.092608618997,43863.02613410149,18882.092608618997,1221.308,43863.02613410149,593.212,15669.57849591257,21319.989,74.364,0.0,0.0,0.0,7405.999,15661.834208633056,0.0,91248.06476296662,-15661.834208633056,30622.616287279503,17.18868,17.18868,17.18868
900,36,91890.33282,18146.320108638,45552.98874887801,18146.320108638,1221.308,45552.98874887801,593.212,15669.493723712087,21319.989,74.364,0.0,0.0,0.0,7405.999,18093.34176122806,0.0,108436.73943613327,-18093.34176122806,28191.02396248399,17.18868,17.18868,17.18868
901,37,90675.09232,17060.315394395,46959.131843421,17060.315394395,1221.308,46959.131843421,593.212,15666.04586205057,21319.988999999987,74.364,0.0,0.0,0.0,7405.999,19625.272779866547,0.0,127080.7485770065,-19625.272779866547,26655.645082183997,17.18868,17.18868,17.18868
902,38,89698.99296,15062.084903151002,43590.3297885955,15062.084903151002,1221.308,43590.3297885955,593.212,15664.92438988477,21319.989,74.364,0.0,0.0,0.0,7405.999,15233.218121631271,0.0,141552.3057925562,-15233.218121631271,31046.5782682535,17.18868,17.18868,17.18868
903,39,89069.5431,15347.265099557,39401.2581103905,15347.265099557,1221.308,39401.2581103905,593.212,15661.98678002277,22338.530430000003,74.364,0.0,0.0,0.0,7405.999,12974.38031997028,0.0,153877.96709652798,-12974.38031997028,34321.01989005249,17.18868,17.18868,17.18868
904,40,89458.56373,17666.265641092,28997.806250587997,17666.265641092,1221.308,28997.806250587997,593.212,15658.623999869462,24264.890000000003,74.364,20.339999999999996,0.0,0.0,7405.999,6444.2451615494865,0.0,160000.0,-6444.2451615494865,42794.49183832,18.513479999999998,18.513479999999998,18.513479999999998
905,41,92237.79028,17152.629294929,14008.572654290501,17152.629294929,1221.308,14008.572654290501,593.212,15658.51593079497,25028.690000000002,74.364,3736.928127477604,257.0,0.0,7405.999,0.0,7100.571272507908,152525.71444999168,7100.571272507908,61076.588330780505,35.458,35.458,35.458
906,42,98398.0704,20502.550552986002,103.45164985000001,20502.550552986002,1221.308,103.45164985000001,593.212,15654.903389041661,25028.690000000002,74.364,12699.571240000001,257.0,0.0,7405.999,0.0,14857.020568122329,136886.74543091553,14857.020568122329,77792.06819716399,35.458,35.458,35.458
907,43,100214.3842,15111.481491762,0.0,15111.481491762,1221.308,0.0,593.212,15654.87935822917,25028.690000000002,74.364,34030.009,529.912,0.0,7405.999,0.0,564.5293500088314,136292.5040098536,564.5293500088314,85102.902708238,38.32754,38.32754,38.32754
908,44,98497.42942,13783.362807884001,0.0,13783.362807884001,1221.308,0.0,593.212,15651.370755179662,25028.690000000002,74.364,34030.009,529.912,0.0,7405.999,0.0,179.20185693635136,136103.8704762364,179.20185693635136,84714.066612116,38.32754,38.32754,38.32754
909,45,94976.70592,17186.107643449002,0.0,17186.107643449002,1221.308,0.0,593.212,15650.733686752346,25028.690000000002,74.364,12699.571240000001,257.0,0.0,7405.999,0.0,14859.720349798676,120462.05958171148,14859.720349798676,77790.598276551,35.458,35.458,35.458
910,46,89192.98608,16817.072989416,0.0,16817.072989416,1221.308,0.0,593.212,15647.38849461386,25028.690000000002,74.364,701.2,257.0,0.0,7405.999,0.0,21446.75159597014,97886.53158595343,21446.75159597014,72375.913090584,35.458,35.458,35.458
911,47,82250.09243,13961.367391945001,0.0,13961.367391945001,1221.308,0.0,593.212,15646.681241990345,25028.690000000002,74.364,701.2,257.0,0.0,7405.999,0.0,17360.27079606465,79612.56232693802,17360.27079606465,68288.72503805501,35.458,35.458,35.458
912,48,76725.69965,12987.819043041003,0.0,12987.819043041003,1221.308,0.0,593.212,15643.667883786062,25028.690000000002,74.364,13513.639723172922,257.0,0.0,7405.999,0.0,0.0,79612.56232693802,0.0,63737.88060695899,35.458,35.458,35.458
913,49,73290.22681,14286.998851354001,0.0,14286.998851354001,1221.308,0.0,593.212,15643.021379824546,25028.690000000002,74.364,701.2,257.0,0.0,7405.999,0.0,8078.4335788214685,71108.94803344173,8078.4335788214685,59003.22795864599,35.458,35.458,35.458
914,50,71633.62178,15824.225408102,0.0,15824.225408102,1221.308,0.0,593.212,15640.333531562545,25028.690000000002,74.364,5588.48984033545,257.0,0.0,7405.999,0.0,0.0,71108.94803344173,0.0,55809.396371898,35.458,35.458,35.458
915,51,71165.85551,18478.530242776,0.0,18478.530242776,1221.308,0.0,593.212,15639.654470696745,25028.690000000002,74.364,701.2,257.0,0.0,7405.999,0.0,1765.8977965272295,69250.10824762359,1765.8977965272295,52687.32526722399,35.458,35.458,35.458
916,52,71984.72544,16541.401796471,0.0,16541.401796471,1221.308,0.0,593.212,15635.979707147237,25028.690000000002,74.364,701.2,257.0,0.0,7405.999,0.0,4525.570936381768,64486.34936722172,4525.570936381768,55443.323643528995,35.458,35.458,35.458
917,53,75498.79824,15703.063747689997,0.0,15703.063747689997,1221.308,0.0,593.212,15632.713380468944,25028.690000000002,74.364,701.2,257.0,0.0,7405.999,0.0,8881.248111841034,55137.66714423116,8881.248111841034,59795.73449231,35.458,35.458,35.458
918,54,82584.7025,14484.509010206999,0.0,14484.509010206999,1221.308,0.0,593.212,15632.713380468944,25028.690000000002,74.364,701.2,257.0,0.0,7405.999,0.0,17185.707109324037,37047.44913441639,17185.707109324037,68100.193489793,35.458,35.458,35.458
919,55,90312.36661,15246.833045499001,221.6713,15246.833045499001,1221.308,221.6713,593.212,15632.713380468944,25028.690000000002,74.364,701.2,257.0,0.0,7405.999,0.0,23929.375884032037,11858.632414382666,23929.375884032037,74843.86226450099,35.458,35.458,35.458
920,56,93054.46923,22986.085497843,8120.2885580245,22986.085497843,1221.308,8120.2885580245,593.212,15632.713380468944,25028.690000000002,74.364,469.10800000000006,257.0,0.0,7405.999,0.0,11265.700793663533,0.0,11265.700793663533,61948.095174132504,35.458,35.458,35.458
921,57,92581.96954,25216.468304741,35125.029940644505,25216.468304741,1221.308,35125.029940644505,593.212,15632.713380468944,22914.730430000003,74.364,20.339999999999996,0.0,0.0,7405.999,15622.195515854437,0.0,14841.085740061715,-15622.195515854437,32240.471294614494,17.18868,17.18868,17.18868
922,58,91881.54649,15197.845957569,54208.3215431385,15197.845957569,1221.308,54208.3215431385,593.212,15632.713380468944,21319.989,74.364,0.0,0.0,0.0,7405.999,23772.206391176453,0.0,37424.681811679344,-23772.206391176453,22475.378989292483,17.18868,17.18868,17.18868
923,59,91349.25149,10773.460102312001,64246.841761747004,10773.460102312001,1221.308,64246.841761747004,593.212,15632.713380468944,21319.989,74.364,0.0,0.0,0.0,7405.999,29918.635754527953,0.0,65847.3857784809,-29918.635754527953,16328.949625940986,17.18868,17.18868,17.18868
924,60,90598.13525,8088.135850433,69113.450317081,8088.135850433,1221.308,69113.450317081,593.212,15632.713380468944,15256.564589999998,74.364,0.0,0.0,0.0,7405.999,26787.611887982945,0.0,91295.61707206469,-26787.611887982945,13396.549082486003,17.18868,17.18868,17.18868
925,61,89717.86364,8433.028742625,70715.052932222,8433.028742625,1221.308,70715.052932222,0.0,15632.713380468944,0.0,74.364,0.0,0.0,0.0,5554.49925,11913.102665315944,0.0,102613.06460411484,-11913.102665315944,10569.781965153,0.0,0.0,0.0
926,62,89105.37455,9069.776847293,71241.3744978075,9069.776847293,1221.308,71241.3744978075,593.212,15632.713380468944,12658.255266067441,74.364,0.0,0.0,0.0,7405.999,28791.62844163689,0.0,129965.11162366989,-28791.62844163689,8794.223204899492,17.18868,17.18868,17.18868
927,63,88692.03943,10300.098596708,66439.40389626849,10300.098596708,1221.308,66439.40389626849,0.0,15632.713380468944,0.0,74.364,0.0,0.0,0.0,5554.49925,10530.347693445427,0.0,139968.94193244303,-10530.347693445427,11952.536937023513,0.0,0.0,0.0
928,64,88862.18559,11320.28779525,55651.135746468,11320.28779525,1221.308,55651.135746468,593.212,15632.713380468944,13289.42641,74.364,0.0,0.0,0.0,7405.999,16326.260742186965,0.0,155478.88963752065,-16326.260742186965,21890.762048282,16.2426,16.2426,16.2426
929,65,90974.6113,10159.025651274,37380.364237709,10159.025651274,1221.308,37380.364237709,593.212,15632.713380468944,23246.348570000002,74.364,20.339999999999996,0.0,0.0,7405.999,4759.063539451941,0.0,160000.0,-4759.063539451941,43435.221411017,18.134760000000004,18.134760000000004,18.134760000000004
930,66,96018.22781,11205.884343672002,11477.7349859815,11205.884343672002,1221.308,11477.7349859815,593.212,15632.713380468944,25028.690000000002,74.364,21799.54576,529.912,0.0,7405.999,0.0,1048.8643398775507,158895.93227381312,1048.8643398775507,73334.60848034649,38.32754,38.32754,38.32754
931,67,98794.19573,10959.339305455998,0.0,10959.339305455998,1221.308,0.0,593.212,15632.713380468944,25028.690000000002,74.364,701.2,257.0,0.0,7405.999,0.0,36920.37004407507,120032.38485899725,36920.37004407507,87834.856424544,35.458,35.458,35.458
932,68,96943.95641,13231.624141002998,0.0,13231.624141002998,1221.308,0.0,593.212,15632.713380468944,25028.690000000002,74.364,701.2,257.0,0.0,7405.999,0.0,32797.84588852803,85508.33655528355,32797.84588852803,83712.33226899701,35.458,35.458,35.458
933,69,93724.54746,14804.666152327,0.0,14804.666152327,1221.308,0.0,593.212,15632.713380468944,25028.690000000002,74.364,701.2,257.0,0.0,7405.999,0.0,28005.394927204034,56028.973474016144,28005.394927204034,78919.881307673,35.458,35.458,35.458
934,70,88128.99836,16928.100840607,0.0,16928.100840607,1221.308,0.0,593.212,15632.713380468944,25028.690000000002,74.364,701.2,257.0,0.0,7405.999,0.0,20286.411138924042,34674.856485675045,20286.411138924042,71200.897519393,35.458,35.458,35.458
935,71,81371.94148,22462.860504057,0.0,22462.860504057,1221.308,0.0,593.212,15632.713380468944,25028.690000000002,74.364,2612.7679142752577,257.0,0.0,7405.999,0.0,6083.026681198775,28271.67050546581,6083.026681198775,58909.080975943,35.458,35.458,35.458
936,72,75907.0929,20465.499550262,0.0,20465.499550262,1221.308,0.0,593.212,15632.713380468944,25028.690000000002,74.364,5228.306969269052,257.0,0.0,7405.999,0.0,0.0,28271.67050546581,0.0,55441.593349738,35.458,35.458,35.458
937,73,72393.68335,22429.387907554003,0.0,22429.387907554003,1221.308,0.0,593.212,15632.713380468944,25028.690000000002,74.364,288.592,257.0,0.0,7405.999,537.5829380229533,0.0,28782.374296587615,-537.5829380229533,49964.295442446004,33.42304,33.42304,33.42304
938,74,70723.22847,24254.212802466,0.0,24254.212802466,1221.308,0.0,593.212,15632.713380468944,24264.88999999999,74.364,20.339999999999996,0.0,0.0,7405.999,2743.8107129349573,0.0,31388.994473875824,-2743.8107129349573,46469.015667534,17.85108,17.85108,17.85108
939,75,70091.90612,22106.107797267,0.0,22106.107797267,1221.308,0.0,593.212,15632.713380468944,24264.890000000003,74.364,20.339999999999996,0.0,0.0,7405.999,1227.028057735961,0.0,32554.671128724985,-1227.028057735961,47985.798322733,17.85108,17.85108,17.85108
940,76,70925.19145,20433.627305803,0.0,20433.627305803,1221.308,0.0,593.212,15632.713380468944,25028.690000000002,74.364,288.592,257.0,0.0,7405.999,10.31423627196858,0.0,32564.469653183354,-10.31423627196858,50491.564144197,33.42304,33.42304,33.42304
941,77,74296.53699,22413.110146742998,0.0,22413.110146742998,1221.308,0.0,593.212,15632.713380468944,25028.690000000002,74.364,701.2,257.0,0.0,7405.999,0.0,968.9404627880151,31544.532323932814,968.9404627880151,51883.426843256995,35.458,35.458,35.458
942,78,81497.2793,22233.043658423,0.0,22233.043658423,1221.308,0.0,593.212,15632.713380468944,25028.690000000002,74.364,701.2,257.0,0.0,7405.999,0.0,8349.749261108023,22755.32257539805,8349.749261108023,59264.23564157699,35.458,35.458,35.458
943,79,89275.53731,23309.04520958,233.5201,23309.04520958,1221.308,233.5201,593.212,15632.713380468944,25028.690000000002,74.364,701.2,257.0,0.0,7405.999,0.0,14818.485619951081,7156.916659660073,14818.485619951081,65732.97200042,35.458,35.458,35.458
944,80,91832.47629,20231.155639441,14119.855443413002,20231.155639441,1221.308,14119.855443413002,593.212,15632.713380468944,25028.690000000002,74.364,469.10800000000006,257.0,0.0,7405.999,0.0,6799.070826677069,0.0,6799.070826677069,57481.465207146,35.458,35.458,35.458
945,81,91297.99745,16923.804502909,41651.4723303285,16923.804502909,1221.308,41651.4723303285,593.212,15632.713380468944,14905.667840000002,74.364,20.339999999999996,0.0,0.0,7405.999,7130.883603706447,0.0,6774.3394235211235,-7130.883603706447,32722.720616762497,17.18868,17.18868,17.18868
946,82,90917.21629,12129.913896594,58942.5023029925,12129.913896594,1221.308,58942.5023029925,593.212,15632.713380468944,7247.502,74.364,0.0,0.0,0.0,5554.49925,10478.798540055443,0.0,16729.19803657379,-10478.798540055443,19844.80009041349,16.410319999999995,16.410319999999995,16.410319999999995
947,83,90699.2459,11969.404464045001,68816.8216570385,11969.404464045001,1221.308,68816.8216570385,163.998,15632.713380468944,0.0,74.364,0.0,0.0,0.0,3702.9995,10882.363101552455,0.0,27067.442983048622,-10882.363101552455,9913.019778916496,5.323,5.323,5.323
948,84,90057.20873,15162.466789348,73915.57270173001,15162.466789348,1221.308,73915.57270173001,0.0,15632.713380468944,0.0,74.364,0.0,0.0,0.0,1851.49975,17800.71589154694,0.0,43978.12308001822,-17800.71589154694,979.1692389219825,0.0,0.0,0.0
949,85,89478.8812,20879.270890184,75332.275574914,20879.270890184,1221.308,75332.275574914,0.0,15632.713380468944,0.0,74.364,0.0,0.0,0.0,0.0,23661.05064556695,0.0,66456.12119330681,-23661.05064556695,-6732.66526509801,0.0,0.0,0.0
950,86,89043.10345,21747.548443939,74510.2917072495,21747.548443939,1221.308,74510.2917072495,0.0,15632.713380468944,0.0,74.364,0.0,0.0,0.0,0.0,24143.122081657453,0.0,89392.0871708814,-24143.122081657453,-7214.736701188507,0.0,0.0,0.0
951,87,88617.25616,19607.785592150998,70481.54708614749,19607.785592150998,1221.308,70481.54708614749,0.0,15632.713380468944,0.0,74.364,0.0,0.0,0.0,1851.49975,20251.961648767443,0.0,108631.45073721046,-20251.961648767443,-1472.0765182984906,0.0,0.0,0.0
952,88,88741.0087,19095.455957751,59265.941804357,19095.455957751,1221.308,59265.941804357,0.0,15632.713380468944,0.0,74.364,0.0,0.0,0.0,3702.9995,10251.773942576954,0.0,118370.63598265857,-10251.773942576954,10379.610937892015,0.0,0.0,0.0
953,89,90589.49603,17115.2127041,41113.0012523605,17115.2127041,1221.308,41113.0012523605,593.212,15632.713380468944,12736.94881645239,74.364,20.339999999999996,0.0,0.0,5554.49925,3472.1033733818485,0.0,121669.13418737132,-3472.1033733818485,32361.282073539507,16.2426,16.2426,16.2426
954,90,95374.47282,15604.570342936,13806.7750157755,15604.570342936,1221.308,13806.7750157755,593.212,15632.713380468944,25028.690000000002,74.364,469.10800000000006,257.0,0.0,7405.999,0.0,15280.733080819524,105584.15199703499,15280.733080819524,65963.1274612885,35.458,35.458,35.458
955,91,97833.5475,13832.116846603001,0.0,13832.116846603001,1221.308,0.0,593.212,15632.713380468944,25028.690000000002,74.364,701.2,257.0,0.0,7405.999,0.0,33086.94427292803,70755.78960447917,33086.94427292803,84001.430653397,35.458,35.458,35.458
956,92,95935.54621,17647.485157707,0.0,17647.485157707,1221.308,0.0,593.212,15632.713380468944,25028.690000000002,74.364,701.2,257.0,0.0,7405.999,0.0,27373.574671824026,41941.50047624335,27373.574671824026,78288.061052293,35.458,35.458,35.458
957,93,92780.04303,20726.854992823002,0.0,20726.854992823002,1221.308,0.0,593.212,15632.713380468944,25028.690000000002,74.364,701.2,257.0,0.0,7405.999,0.0,21138.701656708072,19690.235574445385,21138.701656708072,72053.188037177,35.458,35.458,35.458
958,94,87176.22478,22398.345207908,0.0,22398.345207908,1221.308,0.0,593.212,15632.713380468944,25028.690000000002,74.364,469.10800000000006,257.0,0.0,7405.999,0.0,14095.485191623038,4852.882741157978,14095.485191623038,64777.879572092,35.458,35.458,35.458
959,95,80491.90511,26859.032242287998,0.0,26859.032242287998,1221.308,0.0,593.212,15632.713380468944,24452.49,74.364,36.160000000000004,0.0,0.0,7405.999,0.0,4216.626487243046,414.32854406003474,4216.626487243046,53632.87286771201,30.76372,30.76372,30.76372
960,96,75165.52995,26155.631452674003,0.0,26155.631452674003,1221.308,0.0,593.212,15632.713380468944,23688.690000000002,74.364,0.0,0.0,0.0,7405.999,0.0,393.612116857033,0.0,393.612116857033,49009.898497325994,20.264440000000008,20.264440000000008,20.264440000000008
961,1,71808.52971,26406.141810438,0.0,26406.141810438,1221.308,0.0,593.212,15632.713380468944,23688.689999999973,74.364,0.0,0.0,0.0,7405.999,3213.8984809069398,0.0,3053.203556861593,-3213.8984809069398,45402.387899562,17.85107999999989,17.85107999999989,17.85107999999989
962,2,70053.39418,27056.200040383002,0.0,27056.200040383002,1221.308,0.0,593.212,15632.713380468944,23688.689999999973,74.364,0.0,0.0,0.0,7405.999,5619.092240851942,0.0,8391.341185670939,-5619.092240851942,42997.194139617,17.851080000000124,17.851080000000124,17.851080000000124
963,3,69470.64202,25342.960045909,0.0,25342.960045909,1221.308,0.0,593.212,15632.713380468944,23688.689999999973,74.364,0.0,0.0,0.0,7405.999,4488.604406377948,0.0,12655.51537172999,-4488.604406377948,44127.681974091,17.851080000000163,17.851080000000163,17.851080000000163
964,4,70277.78559,24331.820653677998,0.0,24331.820653677998,1221.308,0.0,593.212,15632.713380468944,24264.890000000003,74.364,0.0,0.0,0.0,7405.999,3246.5214441469516,0.0,15739.710743669595,-3246.5214441469516,45945.964936322,17.851079999999754,17.851079999999754,17.851079999999754
965,5,73363.14044,24552.335292454,0.0,24552.335292454,1221.308,0.0,593.212,15632.713380468944,25028.690000000002,74.364,268.252,257.0,0.0,7405.999,1670.7332329229419,0.0,17326.90731494639,-1670.7332329229419,48810.805147546,33.17708000000025,33.17708000000025,33.17708000000025
966,6,80428.64395,22535.308696120002,0.0,22535.308696120002,1221.308,0.0,593.212,15632.713380468944,25028.690000000002,74.364,701.2,257.0,0.0,7405.999,0.0,6978.848873411056,9980.750606092648,6978.848873411056,57893.335253879995,35.458000000000105,35.458000000000105,35.458000000000105
967,7,87976.23212,17905.65415286,252.58769999999998,17905.65415286,1221.308,252.58769999999998,593.212,15632.713380468944,25028.690000000002,74.364,10122.990810883019,257.0,0.0,7405.999,0.0,9481.713075788017,0.0,9481.713075788017,69817.99026714,35.45799999999971,35.45799999999971,35.45799999999971
968,8,90724.98631,19238.691153197,16348.335782512499,19238.691153197,1221.308,16348.335782512499,593.212,15632.713380468944,25028.690000000002,74.364,4924.672993821503,257.0,0.0,7405.999,0.0,0.0,0.0,0.0,55137.9593742905,35.45799999999988,35.45799999999988,35.45799999999988
969,9,90467.65583,18148.362955509,43569.991696428,18148.362955509,1221.308,43569.991696428,593.212,15632.713380468944,14905.667839999973,74.364,20.340000000000003,0.0,0.0,7405.999,11104.303042405942,0.0,10549.087890285644,-11104.303042405942,28749.301178063004,16.242600000000685,16.242600000000685,16.242600000000685
970,10,90311.54487,11057.426496664999,60956.855210899,11057.426496664999,1221.308,60956.855210899,593.212,15632.713380468944,7247.502,74.364,0.0,0.0,0.0,5554.499250000011,12026.335468033003,0.0,21974.106584916997,-12026.335468033003,18297.263162436007,16.242600000000103,16.242600000000103,16.242600000000103
971,11,90055.69335,6643.8700573099995,71564.2398518715,6643.8700573099995,1221.308,71564.2398518715,348.123,15632.713380468944,0.0,74.364,0.0,0.0,0.0,3702.999500000009,9131.924439650451,0.0,30649.434802584925,-9131.924439650451,11847.583440818504,6.436800000238094,6.436800000238094,6.436800000238094
972,12,89272.22461,5332.721056013999,75907.435958817,5332.721056013999,1221.308,75907.435958817,0.0,15632.713380468944,0.0,74.364,0.0,0.0,0.0,1851.499750000009,10747.817535299986,0.0,40859.861461119915,-10747.817535299986,8032.067595169006,0.0,0.0,0.0
973,13,88567.95769,6980.280093269999,76325.219733661,6980.280093269999,1221.308,76325.219733661,0.0,15632.713380468944,0.0,74.36399999999776,0.0,0.0,0.0,0.0,11665.927517399978,0.0,51942.492602649894,-11665.927517399978,5262.457863068994,0.0,0.0,0.0
974,14,87942.17185,9701.917188293,77183.77543718,9701.917188293,1221.308,77183.77543718173,0.0,15632.713380468944,0.0,74.364,0.0,0.0,0.0,0.0,15871.906155943896,0.0,67020.8034507966,-15871.906155943896,1056.4792245252756,0.0,0.0,0.0
975,15,87375.21297,15627.333443440997,71535.5824826325,15627.333443440997,1221.308,71535.5824826325,0.0,15632.713380468944,0.0,74.364,0.0,0.0,0.0,1851.4997500000122,18567.588086542502,0.0,84660.01213301197,-18567.588086542502,212.29704392650456,0.0,0.0,0.0
976,16,87124.21229,18286.069042401,60454.212105007,18286.069042401,1221.308,60454.212105007,0.0,15632.713380468944,0.0,74.364,0.0,0.0,0.0,3702.999500000007,12247.453737877018,0.0,96295.09318399514,-12247.453737877018,8383.931142592002,0.0,0.0,0.0
977,17,88822.06737,19521.408504174,42697.3152012245,19521.408504174,1221.308,42697.3152012245,0.0,15632.713380468944,7081.965839999955,74.364,0.0,0.0,0.0,5554.499250000003,2961.5068058673696,0.0,99108.52464956914,-2961.5068058673696,26603.343664601503,3.4639999990654644,3.4639999990654644,3.4639999990654644
978,18,93146.65331,20480.427751769,14212.3820914785,20480.427751769,1221.308,14212.3820914785,593.212,15632.713380468944,24452.49,74.364,448.7679999999995,257.0,0.0,7405.999,0.0,8367.989086283553,90300.11508506014,8367.989086283553,58453.8434667525,35.45800000117465,35.45800000117465,35.45800000117465
979,19,94929.66551,21120.900100983,0.0,21120.900100983,1221.308,0.0,593.212,15632.713380468944,25028.690000000002,74.364,701.2,257.0,0.0,7405.999,0.0,22894.27902854806,66200.87400237797,22894.27902854806,73808.76540901701,35.458,35.458,35.458
980,20,93081.57279,18538.124903235002,0.0,18538.124903235002,1221.308,0.0,593.212,15632.713380468944,25028.690000000002,74.364,701.2,257.0,0.0,7405.999,0.0,23628.961506296055,41328.282943118975,23628.961506296055,74543.447886765,35.458,35.458,35.458
981,21,90413.71847,20739.073445484002,0.0,20739.073445484002,1221.308,0.0,593.212,15632.713380468944,25028.690000000002,74.364,701.2,257.0,0.0,7405.999,0.0,18760.158644048402,21580.747528331183,18760.158644048402,69674.64502451601,35.458000000000084,35.458000000000084,35.458000000000084
982,22,86215.04313,23294.534539839,0.0,23294.534539839,1221.308,0.0,593.212,15632.713380468944,25028.690000000002,74.364,701.2,257.0,0.0,7405.999,0.0,12006.022209690283,8942.829412867724,12006.022209690283,62920.508590161,35.45800000000028,35.45800000000028,35.45800000000028
983,23,80963.60743,23921.70249158,0.0,23921.70249158,1221.308,0.0,593.212,15632.713380468944,25028.690000000002,74.364,469.10800000000006,257.0,0.0,7405.999,0.0,6359.510557951061,2248.6077729192393,6359.510557951061,57041.904938420004,35.45800000117161,35.45800000117161,35.45800000117161
984,24,76159.80827,27000.413443183003,0.0,27000.413443183003,1221.308,0.0,593.212,15632.713380468944,23506.746868878825,74.364,20.33999999999999,0.0,0.0,7405.999,0.0,704.7115774692239,1506.8061124253186,704.7115774692239,49159.39482681699,18.513480000000254,18.513480000000254,18.513480000000254
985,25,72693.25632,26185.272640652,0.0,26185.272640652,1221.308,0.0,593.212,15632.713380468944,21580.38729887882,74.364,0.0,0.0,0.0,7405.999,0.0,0.0,1506.8061124250924,0.0,46507.983679348,17.18867999999987,17.18867999999987,17.18867999999987
986,26,70722.00125,22956.277452371996,0.0,22956.277452371996,1221.308,0.0,593.212,15632.713380468944,22765.034984598446,74.364,0.0,0.0,0.0,7405.999,0.0,73.09243256061518,1429.866709729708,73.09243256061518,47765.723797628,18.513480000000335,18.513480000000335,18.513480000000335
987,27,69764.0066,23646.530890581,0.0,23646.530890581,1221.308,0.0,593.212,15632.713380468944,21189.879328950017,74.364,0.0,0.0,0.0,7405.999,0.0,0.0,1429.866709729708,0.0,46117.47570941899,17.18867999999988,17.18867999999988,17.18867999999988
988,28,69667.8448,24051.453909603,0.0,24051.453909603,1221.308,0.0,593.212,15632.713380468944,20688.794509928033,74.364,0.0,0.0,0.0,7405.999,0.0,0.0,1429.866709729708,0.0,45616.39089039701,17.18868000000009,17.18868000000009,17.18868000000009
989,29,70837.10846,22261.833648634,0.0,22261.833648634,1221.308,0.0,593.212,15632.713380468944,23647.678430898013,74.364,0.0,0.0,0.0,7405.999,0.0,0.0,1429.866709730712,0.0,48575.274811366005,18.513480000000197,18.513480000000197,18.513480000000197
990,30,73928.72199,26756.820107965003,0.0,26756.820107965003,1221.308,0.0,593.212,15632.713380468944,22244.305501566054,74.364,0.0,0.0,0.0,7405.999,0.0,0.0,1429.866709730712,0.0,47171.901882035,17.18868000000013,17.18868000000013,17.18868000000013
991,31,77409.22925,26187.770895286,446.83859999999993,26187.770895286,1221.308,446.83859999999993,593.212,15632.713380468944,24452.49,74.364,36.160000000000004,0.0,0.0,7405.999,0.0,1358.373374245056,0.0,1358.373374245056,50774.619754714004,30.76372,30.76372,30.76372
992,32,80708.08896,26275.638540278,13233.468592334499,26275.638540278,1221.308,13233.468592334499,593.212,15632.713380468944,18122.885196919404,74.364,0.0,0.0,0.0,5554.499250000004,0.0,0.0,0.0,0.0,41198.9818273875,18.134760000000394,18.134760000000394,18.134760000000394
993,33,83852.09071,22107.413409124,36865.150054207,22107.413409124,1221.308,36865.150054207,593.212,15632.713380468944,3654.930366200055,74.364,0.0,0.0,0.0,3702.9995000000085,0.0,0.0,0.0,0.0,24879.527246669008,16.24259999999984,16.24259999999984,16.24259999999984
994,34,85382.33252,19848.690144043005,53232.150190369,19848.690144043005,1221.308,53232.15019037066,0.0,15632.713380468944,0.0,74.364,0.0,0.0,0.0,1851.4997499999972,6478.3929448828285,0.0,6154.473297638687,-6478.3929448828285,12301.492185586329,0.0,0.0,0.0
995,35,85444.11978,19205.345247155998,64403.235514035,19205.345247155998,1221.308,64403.235514036656,0.0,15632.713380468944,0.0,74.364,0.0,0.0,0.0,0.0,15092.846361661806,0.0,20492.677341217433,-15092.846361661806,1835.539018807336,0.0,0.0,0.0
996,36,84497.80325,23615.237005235,68084.3244979585,23615.237005235,1221.308,68084.32449795995,0.0,15632.713380468944,0.0,74.364,0.0,0.0,0.0,0.0,24130.143633664124,0.0,43416.31379319835,-24130.143633664124,-7201.758253194959,0.0,0.0,0.0
997,37,83027.13096,27921.237397434994,66096.87058516449,27921.237397436453,1221.308,66096.87058516449,0.0,15632.713380468944,0.0,74.364,0.0,0.0,0.0,0.0,27919.3624030701,0.0,69939.70807611494,-27919.3624030701,-10990.97702260095,0.0,0.0,0.0
998,38,81451.11005,35220.147208806,63555.3568197865,35220.147208806,1221.308,63555.356819787914,0.0,15632.713380468944,0.0,74.364,0.0,0.0,0.0,0.0,34252.77935906306,0.0,102479.84846722485,-34252.77935906306,-17324.393978593915,0.0,0.0,0.0
999,39,80555.20717,38261.85349644799,60506.724853907,38261.85349644799,1221.307999999999,60506.72485390871,0.0,15632.713380468944,0.0,74.364,0.0,0.0,0.0,0.0,35141.756560825845,0.0,135864.5172000094,-35141.756560825845,-18213.371180356706,0.0,0.0,0.0
1000,40,80844.61339,36856.69375774,50276.529342550995,36856.69375774,1221.3080000016957,50276.529342550995,0.0,15632.713380468833,0.0,74.364,0.0,0.0,0.0,0.0,23216.995090761742,0.0,157920.66253623305,-23216.995090761742,-6288.609710290999,0.0,0.0,0.0
1001,41,83217.07109,36104.953593173,36406.74913078,36104.953593173,1188.098,30554.218644007484,0.0,15632.713380468944,0.0,74.364,0.0,0.0,0.0,1851.4997499999927,2188.7762776494187,0.0,160000.0,-2188.7762776494187,16557.898852819515,0.0,0.0,0.0
1002,42,88699.07675,38404.770304522,12341.250599279,38404.770304522,1221.308,12341.250599279,593.212,15632.713380468944,28.5,74.364,0.0,0.0,0.0,3702.999499999988,0.0,16699.95896573007,142421.0958255473,16699.95896573007,37953.055846199,16.2426,16.2426,16.2426
1003,43,91514.80681,37356.321358573994,0.0,37356.321358573994,1221.308,0.0,593.212,15632.713380468944,16628.224159999998,74.364,0.0,0.0,0.0,5554.49925,0.0,14454.164660957033,127206.18565611885,14454.164660957033,54158.485451426,19.080840000000006,19.080840000000006,19.080840000000006
1004,44,90205.83048,39711.809753026995,0.0,39711.809753026995,1221.308,0.0,593.212,15632.713380468944,50.0,74.364,0.0,0.0,0.0,7405.999,0.0,25516.424346504056,100346.79160716721,25516.424346504056,50494.02072697301,16.2426,16.2426,16.2426
1005,45,87978.456,41197.44894300001,0.0,41197.44894300001,1221.308,0.0,593.212,15632.713380468944,50.0,74.364,0.0,0.0,0.0,7405.999,0.0,21803.410676531057,77395.83300029242,21803.410676531057,46781.007056999995,16.2426,16.2426,16.2426
1006,46,84357.57375,42981.705760923,0.0,42981.705760923,1221.308,0.0,593.212,15632.713380468944,3514.128076698653,74.364,0.0,0.0,0.0,7405.999,0.0,12934.143531909387,63780.94507196675,12934.143531909387,41375.86798907699,16.2426,16.2426,16.2426
1007,47,79825.752,44692.671906685,0.0,44692.671906685,1221.308,0.0,593.212,15632.713380468944,50.0,74.364,0.0,0.0,0.0,7405.999,0.0,10155.483712846055,53090.96221633933,10155.483712846055,35133.080093314995,16.2426,16.2426,16.2426
1008,48,75580.39029,42241.603799018005,0.0,42241.603799018005,1221.308,0.0,593.212,15632.713380468944,50.0,74.364,0.0,0.0,0.0,7405.999,0.0,8361.190110513056,44289.70946843085,8361.190110513056,33338.78649098199,16.2426,16.2426,16.2426
1009,49,72408.95597,41796.191792452,0.0,41796.191792452,1221.308,0.0,593.212,15632.713380468944,50.0,74.364,0.0,0.0,0.0,7405.999,0.0,5635.167797080692,38357.953892556434,5635.167797080692,30612.764177547993,16.242600000000095,16.242600000000095,16.242600000000095
1010,50,70478.55566,43456.389103924,0.0,43456.389103924,1221.308,0.0,593.212,15632.713380468944,50.0,74.364,0.0,0.0,0.0,7405.999,0.0,2044.5701756088974,36205.77476033654,2044.5701756088974,27022.166556076,16.242599999999854,16.242599999999854,16.242599999999854
1011,51,69555.84619,41692.594896190996,0.0,41692.594896190996,1221.308,0.0,593.212,15632.713380468944,50.0,74.364,0.0,0.0,0.0,7405.999,0.0,2885.6549133410135,33168.24327260916,2885.6549133410135,27863.251293809,16.24259999999986,16.24259999999986,16.24259999999986
1012,52,69443.68294,41721.957740804995,0.0,41721.957740804995,1221.308,0.0,593.212,15632.713380468944,50.0,74.364,0.0,0.0,0.0,7405.999,0.0,2744.128818727008,30279.68662131757,2744.128818727008,27721.725199195003,16.24260000000009,16.24260000000009,16.24260000000009
1013,53,70414.38195,40862.999142146,0.0,40862.999142146,1221.308,0.0,593.212,15632.713380468944,50.0,74.364,0.0,0.0,0.0,7405.999,0.0,4573.786427386638,25465.17459248953,4573.786427386638,29551.382807853995,16.24260000000009,16.24260000000009,16.24260000000009
1014,54,72773.46942,41398.269444435,0.0,41398.269444435,1221.308,0.0,593.212,15632.713380468944,50.0,74.364,0.0,0.0,0.0,7405.999,0.0,6397.60359509676,18730.855018703467,6397.60359509676,31375.199975564996,16.24259999999984,16.24259999999984,16.24259999999984
1015,55,75632.05468,40913.861491116,1.9748,40913.861491116,1221.308,1.9748,593.212,15632.713380468944,50.0,74.364,0.0,0.0,0.0,5554.499249999988,0.0,11590.121758416495,6530.726851949263,11590.121758416495,34716.218388884,16.242600000000095,16.242600000000095,16.242600000000095
1016,56,78479.88436,38736.459989773,12286.1369804075,38736.459989773,1221.308,12286.1369804075,593.212,15632.713380468944,28.499999999999996,74.364,0.0,0.0,0.0,3702.9994999999926,0.0,6204.1905093518,0.0,6204.1905093518,27457.287389819496,16.242599999999868,16.242599999999868,16.242599999999868
1017,57,81274.73319,36985.282439613,38841.7821662995,36985.282439613,754.426,26050.81161991805,0.0,15632.713380468944,0.0,0.0,0.0,0.0,0.0,1851.4997499999972,0.0,0.0,0.0,0.0,18238.639130468946,0.0,0.0,0.0
1018,58,82639.15493,35085.400207675004,56349.399547698,35085.400207675004,1165.3609999999999,30681.316341856047,0.0,15632.713380468944,0.0,74.364,0.0,0.0,0.0,0.0,0.0,0.0,0.0,0.0,16872.438380468953,0.0,0.0,0.0
1019,59,82435.23403,33946.502789403,66455.0398648705,33493.587239403,1221.308,55539.93023397695,0.0,15632.713380468944,0.0,74.364,0.0,0.0,0.0,0.0,23526.66882384887,0.0,22350.335382656434,-23526.66882384887,-6598.2834433799435,0.0,0.0,0.0
1020,60,81522.58734,32266.408649784,70484.14885610102,32266.408649783996,1221.3080000015566,70484.14885610102,0.0,15632.713380468944,0.0,74.364,0.0,0.0,0.0,0.0,38156.35554635571,0.0,58598.87315169436,-38156.35554635571,-21227.970165885017,0.0,0.0,0.0
1021,61,80463.50157,32084.232492314,70953.31934002551,32084.232492314,1221.3080000017524,70953.31934002551,0.0,15632.713380468944,0.0,74.364,0.0,0.0,0.0,0.0,39502.43564281041,0.0,96126.18701236424,-39502.43564281041,-22574.050262339515,0.0,0.0,0.0
1022,62,79650.40366,32651.272954032003,71662.14360839949,32651.272954032003,1015.868,71660.65574939948,0.0,14248.24295656852,0.0,74.364,0.0,0.0,0.0,0.0,40000.0,0.0,134126.18701236424,-40000.0,-24661.52504343148,0.0,0.0,0.0
1023,63,79532.54962,33805.591591218,65954.52305067799,14437.282198963998,604.133,52510.15130656707,0.0,11906.619114468938,0.0,74.364,0.0,0.0,0.0,0.0,0.0,0.0,134126.18701236424,0.0,12585.116114468932,0.0,0.0,0.0
1024,64,80673.25388,32804.113156625004,56324.84821147001,32804.113156625,1221.308,56324.84821147001,0.0,15632.713380468944,0.0,74.364,0.0,0.0,0.0,1851.4997499999972,27235.592618563966,0.0,160000.0,-27235.592618563966,-8455.707488095002,0.0,0.0,0.0
1025,65,83908.05203,32589.994657585004,39593.348245967,30345.656257585004,1081.2730000000001,33049.54589194606,0.0,15632.713380468944,21.5,74.364,0.0,0.0,0.0,3702.999499999998,0.0,0.0,160000.0,0.0,20512.849880468944,0.0,0.0,0.0
1026,66,90255.65047,32328.621700859,12433.24420559,32328.621700859,1221.308,12433.24420559,593.212,15632.713380468944,17392.02415999999,74.364,36.160000000000004,0.0,0.0,5554.499249999998,0.0,4989.503773082233,154747.8907651766,4989.503773082233,45493.78456355099,30.763720000000497,30.763720000000497,30.763720000000497
1027,67,93555.21214,30387.388153358996,0.0,30387.388153358996,1221.308,0.0,593.212,15632.713380468944,25028.690000000002,74.364,469.1079999997264,257.0,0.0,7405.999,0.0,12485.429606172333,141605.3332849952,12485.429606172333,63167.82398664101,35.45800000117638,35.45800000117638,35.45800000117638
1028,68,92385.16977,31514.778249762006,0.0,31514.778249762006,1221.308,0.0,593.212,15632.713380468944,25028.690000000002,74.364,701.2,257.0,0.0,7405.999,0.0,9955.905139769042,131125.4331378699,9955.905139769042,60870.39152023799,35.458000001170866,35.458000001170866,35.458000001170866
1029,69,89570.78661,33597.443843715,0.0,33597.443843715,1221.308,0.0,593.212,15632.713380468944,24452.49,74.364,448.76799999999423,257.0,0.0,7405.999,0.0,5887.488385816853,124928.07694227318,5887.488385816853,55973.34276628499,34.785559999994405,34.785559999994405,34.785559999994405
1030,70,84929.22469,35029.330255458,0.0,35029.330255458,1221.308,0.0,593.212,15632.713380468944,7110.465839999979,74.364,0.0,0.0,0.0,7405.999,0.0,17861.832214073125,106126.14829588041,17861.832214073125,49899.894434542,16.2426,16.2426,16.2426
1031,71,79595.77166,37245.240047087005,0.0,37245.240047087005,1221.308,0.0,593.212,15632.713380468944,7269.002,74.364,0.0,0.0,0.0,7405.999,0.0,10153.933232444055,95437.79752488669,10153.933232444055,42350.53161291299,17.188680000000097,17.188680000000097,17.188680000000097
1032,72,74760.57066,37574.75406071999,0.0,37574.75406071999,1221.308,0.0,593.212,15632.713380468944,50.0,74.364,0.0,0.0,0.0,7405.999,0.0,12208.220218812365,82587.03939982103,12208.220218812365,37185.816599280006,16.24260000000026,16.24260000000026,16.24260000000026
1033,73,71365.28794,36180.72209249,0.0,36180.72209249,1221.308,0.0,593.212,15632.713380468944,50.0,74.364,0.0,0.0,0.0,7405.999,0.0,10206.969467042352,71842.86101346067,10206.969467042352,35184.56584750999,16.242599999999843,16.242599999999843,16.242599999999843
1034,74,69885.79835,37326.972558402005,0.0,37326.972558402005,1221.308,0.0,593.212,15632.713380468944,50.0,74.364,0.0,0.0,0.0,7405.999,0.0,7581.229411129058,63862.61952806167,7581.229411129058,32558.825791597992,16.242599999999847,16.242599999999847,16.242599999999847
1035,75,69463.86392,36405.180992598995,0.0,36405.180992598995,1221.308,0.0,593.212,15632.713380468944,50.0,74.364,0.0,0.0,0.0,7405.999,0.0,8081.086546932061,55356.21263655422,8081.086546932061,33058.68292740101,16.24260000000024,16.24260000000024,16.24260000000024
1036,76,70717.19704,33772.954699792,0.0,33772.954699792,1221.308,0.0,593.212,15632.713380468944,50.0,74.364,0.0,0.0,0.0,7405.999,0.0,11966.645959740523,42759.7432052484,11966.645959740523,36944.242340208,16.24260000000024,16.24260000000024,16.24260000000024
1037,77,74234.17208,31272.778959815998,0.0,31272.778959815998,1221.308,0.0,593.212,15632.713380468944,50.0,74.364,0.0,0.0,0.0,7405.999,0.0,17983.796739715064,23829.430847653595,17983.796739715064,42961.393120184,16.2426,16.2426,16.2426
1038,78,81849.10054,32616.251049056,0.0,32616.251049056,1221.308,0.0,593.212,15632.713380468944,16296.606019999992,74.364,0.0,0.0,0.0,7405.999,0.0,8008.6470904750495,15399.276015574595,8008.6470904750495,49232.849490944,17.851080000000096,17.851080000000096,17.851080000000096
1039,79,89213.11501,34691.028842936,264.731,34691.028842936,1221.308,264.731,593.212,15632.713380468944,24452.49,74.364,36.160000000000004,257.0,0.0,7405.999,0.0,4584.10878659507,10573.898345474521,4584.10878659507,54257.35516706399,33.1770799999999,33.1770799999999,33.1770799999999
1040,80,92098.15259,35233.911953778996,10398.411394802,35233.911953778996,1221.308,10398.411394802,593.212,15632.713380468944,17392.024159999997,74.364,36.160000000000004,257.0,0.0,5554.499250000002,0.0,5704.548450950037,4569.110502369221,5704.548450950037,46465.829241419,33.44187999999962,33.44187999999962,33.44187999999962
1041,81,92729.07604,33726.774952734995,37578.35178025749,33726.774952734995,1221.308,37578.35178025749,0.0,15632.713380468944,21.5,74.364,0.0,0.0,0.0,3702.9995000000017,0.0,771.0644265385313,3757.463737591819,771.0644265385313,21423.94930700751,0.935480000000382,0.935480000000382,0.935480000000382
1042,82,92589.9101,39830.561345350994,54022.738509005,39830.561345350994,1221.308,54022.73850900495,0.0,15632.713380468944,0.0,74.364,0.0,0.0,0.0,1851.4997500000009,20043.274884824936,0.0,22798.57487817551,-20043.274884824936,-1263.3897543559506,0.0,0.0,0.0
1043,83,92336.33987,38913.177400464,62985.42829627,38913.177400464,1221.308,62985.42829627,0.0,15632.713380468944,0.0,74.364,0.0,0.0,0.0,0.0,26490.651207202944,0.0,47964.6935250183,-26490.651207202944,-9562.265826734008,0.0,0.0,0.0
1044,84,91283.96366,36545.420856581,62430.9718543895,36545.4208565826,1221.308,62430.9718543895,0.0,15632.713380468944,0.0,74.364,0.0,0.0,0.0,0.0,24620.814431441264,0.0,71354.4672348875,-24620.814431441264,-7692.429050972103,0.0,0.0,0.0
1045,85,90272.46903,39177.359195559,62770.7487507295,39177.359195559,1221.308,62770.7487507295,0.0,15632.713380468944,0.0,74.36400000171759,0.0,0.0,0.0,0.0,28604.024296759395,0.0,98528.29031680891,-28604.024296759395,-11675.63891628851,0.0,0.0,0.0
1046,86,89324.76327,37895.091345912006,58599.97256487901,37895.091345912006,1221.308,58599.97256488064,0.0,15632.713380468944,0.0,74.364,0.0,0.0,0.0,0.0,24098.68602126182,0.0,121422.04203700765,-24098.68602126182,-7170.300640792651,0.0,0.0,0.0
1047,87,88442.78573,35406.627750981,52965.33925077501,35406.627750981,1221.308,52965.339250774996,0.0,15632.713380468944,0.0,74.364,0.0,0.0,0.0,0.0,16857.566652224894,0.0,137436.7303566213,-16857.566652224894,70.81872824400489,0.0,0.0,0.0
1048,88,88511.68299,34290.133705058004,45421.929738733495,34290.133705058004,1221.308,45421.929738733495,0.0,15632.713380468944,0.0,74.364,0.0,0.0,0.0,1851.4997499999963,9980.265584260433,0.0,146917.9826616687,-9980.265584260433,8799.619546208502,0.0,0.0,0.0
1049,89,90673.46474,33398.886504858,32725.007361133503,33398.886504858,1221.308,32725.007361133503,0.0,15632.713380468944,21.5,74.364,0.0,0.0,0.0,3702.999499999991,0.0,3896.6859935395883,142816.20793162702,3896.6859935395883,24549.570874008496,0.0,0.0,0.0
1050,90,96320.72295,29810.167742595997,9918.9303633235,29810.167742595997,1221.308,9918.9303633235,593.212,15632.713380468944,17392.02415999999,74.364,448.76800000000003,257.0,0.0,5554.499249999984,0.0,15417.736053611543,126587.01208572014,15417.736053611543,56591.62484408051,34.37736000000053,34.37736000000053,34.37736000000053
1051,91,99463.96573,27837.063053872003,0.0,27837.063053872003,1221.308,0.0,593.212,15632.713380468944,25028.690000000002,74.364,701.2,257.0,0.0,7405.999,0.0,20712.41629565905,104784.46861660536,20712.41629565905,71626.902676128,35.458000000752726,35.458000000752726,35.458000000752726
1052,92,98291.64129,32790.400440319,0.0,32790.400440319,1221.308,0.0,593.212,15632.713380468944,25028.690000000002,74.364,701.2,257.0,0.0,7405.999,0.0,14586.754469212274,89429.99022796082,14586.754469212274,65501.240849681,35.45800000071661,35.45800000071661,35.45800000071661
1053,93,95184.98211,35638.06255493,0.0,35638.06255493,1221.308,0.0,593.212,15632.713380468944,24452.49,74.364,448.7679999997901,257.0,0.0,7405.999,0.0,9461.065174601285,79470.97425469631,9461.065174601285,59546.919555069995,34.78556000000019,34.78556000000019,34.78556000000019
1054,94,89664.86396,33036.595458106,0.0,33036.595458106,1221.308,0.0,593.212,15632.713380468944,7110.465839999976,74.364,0.0,0.0,0.0,7405.999,0.0,24590.20628142507,53586.546590038335,24590.20628142507,56628.268501894,16.2426,16.2426,16.2426
1055,95,82999.5724,31476.828495321002,0.0,31476.828495321002,1221.308,0.0,593.212,15632.713380468944,50.0,74.364,0.0,0.0,0.0,7405.999,0.0,26545.147524210057,25644.286038238275,26545.147524210057,51522.743904679,16.24260000000018,16.24260000000018,16.24260000000018
1056,96,77353.07843,27719.063593020997,0.0,27719.063593020997,1221.308,0.0,593.212,15632.713380468944,344.34672018369423,74.364,0.0,0.0,0.0,7405.999,0.0,24362.07173632636,0.0,24362.07173632636,49634.014836979,16.24259999999982,16.24259999999982,16.24259999999982
1057,1,73803.94474,29102.333757592998,0.0,29102.333757592998,1221.308,0.0,593.212,15632.713380468944,21319.988999999998,74.364,0.0,0.0,0.0,7405.999,1545.9743980619473,0.0,1468.6756781588501,-1545.9743980619473,44701.61098240701,17.18867999999997,17.18867999999997,17.18867999999997
1058,2,72084.04138,32604.395089001002,0.0,32604.395089001002,1221.308,0.0,593.212,15632.713380468944,14552.04991053005,74.364,0.0,0.0,0.0,7405.999,0.0,0.0,1468.675678158867,0.0,39479.64629099899,17.18867999999986,17.18867999999986,17.18867999999986
1059,3,71914.09421,36626.905906193,0.0,36626.905906193,1221.308,0.0,593.212,15632.713380468944,10359.59192333803,74.364,0.0,0.0,0.0,7405.999,0.0,0.0,1468.6756781588733,0.0,35287.188303806994,17.188680000000083,17.188680000000083,17.188680000000083
1060,4,72901.78033,38675.429691922,0.0,38675.429691922,1221.308,0.0,593.212,15632.713380468944,9298.75425760904,74.364,0.0,0.0,0.0,7405.999,0.0,0.0,1468.6756781589502,0.0,34226.350638077995,17.188679999999763,17.188679999999763,17.188679999999763
1061,5,76241.65808,38625.254907714,0.0,38625.254907714,1221.308,0.0,593.212,15632.713380468944,12901.743455378477,74.364,0.0,0.0,0.0,7405.999,212.93666356143513,0.0,1670.9655085423137,-212.93666356143513,37616.403172285995,17.188679999999806,17.188679999999806,17.188679999999806
1062,6,83761.69672,38031.674957169,0.0,38031.674957169,1221.308,0.0,593.212,15632.713380468944,21929.34747537847,74.364,0.0,0.0,0.0,7405.999,1126.9220930164302,0.0,2741.541496907922,-1126.9220930164302,45730.021762831006,17.188679999999614,17.188679999999614,17.188679999999614
1063,7,91611.22713,42001.320954200004,512.2369,42001.320954200004,1221.308,512.2369,593.212,15632.713380468944,23688.690000000002,74.364,0.0,0.0,0.0,7405.999,0.0,481.3828953310548,2234.822659717338,481.3828953310548,49097.66927579999,25.514080000000313,25.514080000000313,25.514080000000313
1064,8,94401.01388,38060.298442685,13092.622151500502,38060.298442685,1221.308,13092.622151500502,593.212,15632.713380468944,17755.755128614062,74.364,36.160000000000004,257.0,0.0,5554.499250000003,0.0,2123.081526731472,0.0,2123.081526731472,43248.093285814495,33.44187999999994,33.44187999999994,33.44187999999994
1065,9,94000.4557,33423.652959055005,39560.186891861995,33423.652959055005,1221.308,39560.186891861995,0.0,15632.713380468944,385.2309686140642,74.364,0.0,0.0,0.0,3702.9995000000126,0.0,0.0,0.0,0.0,21016.615849083006,0.9354799999998469,0.9354799999998469,0.9354799999998469
1066,10,93199.63034,34136.127597376995,55898.60360131849,34136.127597376995,1221.308,55898.60360131849,0.0,15632.713380468944,0.0,74.364,0.0,0.0,0.0,1851.4997500000227,15614.9859891645,0.0,14834.236689706273,-15614.9859891645,3164.899141304515,0.0,0.0,0.0
1067,11,92245.68604,29324.835198316003,65938.645693269,29324.835198315996,1221.308,65938.645693269,0.0,15632.713380468944,0.0,74.364,0.0,0.0,0.0,0.0,19946.180232053946,0.0,33783.10791015752,-19946.180232053946,-3017.7948515850003,0.0,0.0,0.0
1068,12,91115.31403,21983.052601568997,69480.0838006215,21983.052601568997,1221.308,69480.08380062149,0.0,15632.713380468944,0.0,74.364,0.0,0.0,0.0,0.0,17276.20775265948,0.0,50195.505275184034,-17276.20775265948,-347.8223721904942,0.0,0.0,0.0
1069,13,89873.17814,17955.74695796,69389.61905380599,17955.74695796,1221.308,69389.61905380599,0.0,15632.713380468944,0.0,74.364,0.0,0.0,0.0,0.0,14400.57325223495,0.0,63876.04986480724,-14400.57325223495,2527.8121282340144,0.0,0.0,0.0
1070,14,89003.14423,17776.363552146002,70128.39239774701,17776.363552146002,1221.308,70128.39239774701,0.0,15632.713380468944,0.0,74.364,0.0,0.0,0.0,0.0,15829.997100362001,0.0,78914.54711015114,-15829.997100362001,1098.388280106985,0.0,0.0,0.0
1071,15,88326.94018,20387.588603553,65183.68616505201,20387.588603553,1221.308,65183.68616505201,0.0,15632.713380468944,0.0,74.364,0.0,0.0,0.0,0.0,14172.71996907395,0.0,92378.63108077139,-14172.71996907395,2755.665411394999,0.0,0.0,0.0
1072,16,88635.75931,27681.348457261996,56280.856746797,27681.348457261996,1221.308,56280.856746797,0.0,15632.713380468944,0.0,74.364,0.0,0.0,0.0,1851.4997499999517,14106.331024527979,0.0,105779.64555407297,-14106.331024527979,4673.5541059410025,0.0,0.0,0.0
1073,17,90804.05612,32209.819605695004,40911.926786293996,32209.819605695004,1221.308,40911.926786293996,0.0,15632.713380468944,21.5,74.364,0.0,0.0,0.0,3702.999499999968,2970.5751524590833,0.0,108601.6919489091,-2970.5751524590833,17682.309728010994,0.0,0.0,0.0
1074,18,96226.79999,36901.771702123995,14987.9358330785,36901.771702123995,1221.308,14987.9358330785,593.212,15632.713380468944,17392.024159999994,74.364,36.160000000000004,0.0,0.0,5554.49925,0.0,3832.8116643285994,104567.15335487899,3832.8116643285994,44337.0924547975,30.76372000000005,30.76372000000005,30.76372000000005
1075,19,100034.3246,34242.354306632995,0.0,34242.354306632995,1221.308,0.0,593.212,15632.713380468944,25028.690000000002,74.364,469.10800000000006,257.0,0.0,7405.999,0.0,15109.575912898063,88662.33660445998,15109.575912898063,65791.97029336702,35.45800000117085,35.45800000117085,35.45800000117085
1076,20,98724.09837,33888.250395049,0.0,33888.250395049,1221.308,0.0,593.212,15632.713380468944,25028.690000000002,74.364,701.2,257.0,0.0,7405.999,0.0,13921.361594482034,74008.2717681631,13921.361594482034,64835.84797495101,35.458000001176465,35.458000001176465,35.458000001176465
1077,21,95908.02069,36577.41299054599,0.0,36577.41299054599,1221.308,0.0,593.212,15632.713380468944,25028.690000000002,74.364,701.2,257.0,0.0,7405.999,0.0,8416.121318985066,65149.196695547245,8416.121318985066,59330.60769945401,35.45800000116641,35.45800000116641,35.45800000116641
1078,22,90717.25447,33132.327043411,0.0,33132.327043411,1221.308,0.0,593.212,15632.713380468944,24452.49,74.364,448.7680000000014,257.0,0.0,7405.999,0.0,7499.073046119969,57255.43559436833,7499.073046119969,57584.927426589,34.78556000000007,34.78556000000007,34.78556000000007
1079,23,84428.54259,38292.01519499101,0.0,38292.01519499101,1221.308,0.0,593.212,15632.713380468944,14329.467840000001,74.364,0.0,0.0,0.0,7405.999,0.0,6879.463174540018,50013.89541064199,6879.463174540018,46136.52739500899,16.242599999999946,16.242599999999946,16.242599999999946
1080,24,79213.12999,41632.097305443,0.0,41632.097305443,1221.308,0.0,593.212,15632.713380468944,7269.002,74.364,0.0,0.0,0.0,7405.998999999994,0.0,5384.434304087967,44346.069827391504,5384.434304087967,37581.032684557,17.18868000000009,17.18868000000009,17.18868000000009
1081,25,75953.8027,44717.760844925004,0.0,44717.760844925004,1221.308,0.0,593.212,15632.713380468944,1018.424960756973,74.364,0.0,0.0,0.0,7405.999,0.0,5290.0205138490655,38777.627181234595,5290.0205138490655,31236.041855074996,16.24259999999991,16.24259999999991,16.24259999999991
1082,26,74270.91666,47198.742500229,0.0,47198.742500229,1221.308,0.0,593.212,15632.713380468944,2144.5777793020334,74.364,0.0,0.0,0.0,7405.999,0.0,0.0,38777.62718123459,0.0,27072.174159771006,16.242599999999875,16.242599999999875,16.242599999999875
1083,27,73941.25751,43803.451660527004,0.0,43803.451660527004,1221.308,0.0,593.212,15632.713380468944,50.0,74.364,0.0,0.0,0.0,7405.999,0.0,5160.209469004056,33345.82774017769,5160.209469004056,30137.805849472992,16.24259999999989,16.24259999999989,16.24259999999989
1084,28,75022.28232,42317.073797059995,0.0,42317.073797059995,1221.308,0.0,593.212,15632.713380468944,7269.002,74.364,0.0,0.0,0.0,7405.999,0.0,508.61014247092953,32810.44864283987,508.61014247092953,32705.208522940004,17.18868000000009,17.18868000000009,17.18868000000009
1085,29,78678.52064,36047.714001083,0.0,36047.714001083,1221.308,0.0,593.212,15632.713380468944,14329.467839999965,74.364,0.0,0.0,0.0,7405.999,0.0,3373.7424184481865,29259.14083394704,3373.7424184481865,42630.806638917005,17.188680000000673,17.188680000000673,17.188680000000673
1086,30,86036.61303,35304.53805231,0.0,35304.53805231,1221.308,0.0,593.212,15632.713380468944,24452.49,74.364,36.160000000000004,0.0,0.0,7405.999,0.0,1315.8285972210506,27874.058100030146,1315.8285972210506,50732.07497768999,30.763719999999992,30.763719999999992,30.763719999999992
1087,31,93779.7058,33346.497598142,468.10780000000005,33346.497598142,1221.308,468.10780000000005,593.212,15632.713380468944,25028.690000000002,74.364,469.1080000000601,257.0,0.0,7405.999,0.0,9282.706021388996,18102.788603831203,9282.706021388996,59965.100401858,35.45800000116288,35.45800000116288,35.45800000116288
1088,32,96390.73114,29289.253643256998,14463.5463860255,29289.253643256998,1221.308,14463.5463860255,593.212,15632.713380468944,24452.49,74.364,448.76800000000185,257.0,0.0,7405.999,0.0,2552.076730248552,15416.392045674831,2552.076730248552,52637.9311107175,35.458000001144214,35.458000001144214,35.458000001144214
1089,33,95667.7658,30743.827453251,41378.65926563251,30743.827453251,1221.308,41378.65926563251,0.0,15632.713380468944,7081.9658400000035,74.364,0.0,0.0,0.0,5554.499250000017,6019.571389352477,0.0,21134.984865559687,-6019.571389352477,23545.27908111649,3.463999998855676,3.463999998855676,3.463999998855676
1090,34,94302.92766,35391.802145852,56668.2894417125,35391.802145852,1221.308,56668.2894417125,0.0,15632.713380468944,0.0,74.364,0.0,0.0,0.0,3702.99950000001,18388.548808033458,0.0,38604.10623319147,-18388.548808033458,2242.8360724355007,0.0,0.0,0.0
1091,35,92973.7103,34257.457247313,63596.217943865995,34257.457247312996,1221.308,63596.217943865995,0.0,15632.713380468944,0.0,74.364,0.0,0.0,0.0,1851.4997500000022,23659.850021648002,0.0,61080.963753757074,-23659.850021648002,-4879.9648911789845,0.0,0.0,0.0
1092,36,91834.34533,24797.521599316,65137.051636403,24797.521599316024,1221.308,65137.051636403,0.0,15632.713380468944,0.0,74.364,0.0,0.0,0.0,0.0,15028.613286188302,0.0,75358.14637563593,-15028.613286188302,1899.7720942809756,0.0,0.0,0.0
1093,37,90435.46811,25448.127956222004,64012.153759147,25448.127956222004,1221.308,64012.153759147,0.0,15632.713380468944,0.0,74.364,0.0,0.0,0.0,0.0,15953.198985838018,0.0,90513.68541218205,-15953.198985838018,975.1863946310041,0.0,0.0,0.0
1094,38,89267.13852,29604.090506156,67289.56926438751,29604.090506156197,1221.308,67289.56926438751,0.0,15632.713380468944,0.0,74.364,0.0,0.0,0.0,0.0,24554.9066310129,0.0,113840.8467116443,-24554.9066310129,-7626.521250543708,0.0,0.0,0.0
1095,39,88384.22439,29054.004352052998,63416.02533601949,29054.004352052998,1221.308,63416.02533601949,0.0,15632.713380468944,0.0,74.364,0.0,0.0,0.0,1851.4997499999972,22865.690428541566,0.0,135563.2526187588,-22865.690428541566,-4085.8052980724897,0.0,0.0,0.0
1096,40,88502.49879,29503.634950929,54852.1366145805,29503.634950929,1221.308,54852.1366145805,0.0,15632.713380468944,0.0,74.364,0.0,0.0,0.0,3702.9995000000104,16484.657655978466,0.0,151223.67739193834,-16484.657655978466,4146.727224490496,0.0,0.0,0.0
1097,41,90621.11929,31437.865602645,37731.947446665006,31437.865602645,1221.308,37731.947446665006,0.0,15632.713380468944,7081.965839999955,74.364,0.0,0.0,0.0,5554.499250000001,8113.544229778947,0.0,158931.54441022835,-8113.544229778947,21451.30624068999,3.464000000000377,3.464000000000377,3.464000000000377
1098,42,96694.10254,29763.142192688,13867.5865701355,29763.142192688,1221.308,13867.5865701355,593.212,15632.713380468944,24452.49,74.364,448.7680000000001,257.0,0.0,7405.999,0.0,2977.519396707531,155797.3134663257,2977.519396707531,53063.37377717651,35.45800000000034,35.45800000000034,35.45800000000034
1099,43,101142.0378,30354.163753257,0.0,30354.163753257,1221.308,0.0,593.212,15632.713380468944,25028.690000000002,74.364,701.2,257.0,0.0,7405.999,0.0,19873.387666274113,134877.95802814243,19873.387666274113,70787.874046743,35.4580009344115,35.4580009344115,35.4580009344115
1100,44,100312.5274,27272.656609657995,0.0,27272.656609657995,1221.308,0.0,593.212,15632.713380468944,25028.690000000002,74.364,701.2,257.0,0.0,7405.999,0.0,22125.384409873073,111588.07970196025,22125.384409873073,73039.87079034201,35.458000000000226,35.458000000000226,35.458000000000226
1101,45,97592.41063,25182.56979777,0.0,25182.56979777,1221.308,0.0,593.212,15632.713380468944,25028.690000000002,74.364,701.2,257.0,0.0,7405.999,0.0,21495.354451761043,88961.39080536968,21495.354451761043,72409.84083223,35.45800000005445,35.45800000005445,35.45800000005445
1102,46,92109.07263,26533.297389663,0.0,26533.297389663,1221.308,0.0,593.212,15632.713380468944,25028.690000000002,74.364,701.2,257.0,0.0,7405.999,0.0,14661.288859868033,73528.45516340333,14661.288859868033,65575.775240337,35.458000000000254,35.458000000000254,35.458000000000254
1103,47,85362.15462,26387.921050953,0.0,26387.921050953,1221.308,0.0,593.212,15632.713380468944,25028.690000000002,74.364,469.1080000000013,257.0,0.0,7405.999,0.0,8291.83918857789,64800.20338595291,8291.83918857789,58974.233569047006,35.45800000000025,35.45800000000025,35.45800000000025
1104,48,79901.28194,27251.265402888,0.0,27251.265402888,1221.308,0.0,593.212,15632.713380468944,24452.49,74.364,36.16,0.0,0.0,7405.999,0.0,3233.770156643046,61396.23480001286,3233.770156643046,52650.016537112,30.763720000000045,30.763720000000045,30.763720000000045
1105,49,76620.78833,28190.001546993997,0.0,28190.001546993997,1221.308,0.0,593.212,15632.713380468944,14329.46783999999,74.364,0.0,0.0,0.0,7405.999,0.0,9173.722562537056,51739.68473418437,9173.722562537056,48430.786783006,17.18867999999982,17.18867999999982,17.18867999999982
1106,50,74977.28243,32503.191658025004,0.0,32503.191658025004,1221.308,0.0,593.212,15632.713380468944,7269.002,74.364,0.0,0.0,0.0,7405.999,0.0,10277.492391506057,40921.271690493784,10277.492391506057,42474.090771975,17.188679999999835,17.188679999999835,17.188679999999835
1107,51,74635.49503,35016.692004655,0.0,35016.692004655,1221.308,0.0,593.212,15632.713380468944,7269.002,74.364,0.0,0.0,0.0,7405.999,0.0,7422.204644875974,33108.424695887494,7422.204644875974,39618.803025345005,17.188680000000097,17.188680000000097,17.188680000000097
1108,52,75647.95094,32721.401960574,0.0,32721.401960574,1221.308,0.0,593.212,15632.713380468944,14329.467840000001,74.364,0.0,0.0,0.0,7405.999,0.0,3669.4847589569,29245.80916014339,3669.4847589569,42926.54897942599,17.188680000000087,17.188680000000087,17.188680000000087
1109,53,79195.01403,26996.411753027,0.0,26996.411753027,1221.308,0.0,593.212,15632.713380468944,24452.49,74.364,36.160000000000004,0.0,0.0,7405.998999999994,0.0,2782.3558965041007,26317.01347961276,2782.3558965041007,52198.602276973004,30.76372000000005,30.76372000000005,30.76372000000005
1110,54,86591.64098,27933.923057616998,0.0,27933.923057616998,1221.308,0.0,593.212,15632.713380468944,25028.690000000002,74.364,469.1080000000013,257.0,0.0,7405.999,0.0,7975.323541914026,17921.93606707168,7975.323541914026,58657.717922383,35.458000001160364,35.458000001160364,35.458000001160364
1111,55,94157.00562,32764.64319821,552.6414,32764.64319821,1221.308,552.6414,593.212,15632.713380468944,25028.690000000002,74.364,701.2,257.0,0.0,7405.999,0.0,9925.234641321027,7474.320655154813,9925.234641321027,60839.72102178999,35.458000001171946,35.458000001171946,35.458000001171946
1112,56,96216.05034,34207.62215802001,14802.1612982935,34207.62215802001,1221.308,14802.1612982935,593.212,15632.713380468944,17392.02416,74.364,448.7680000000023,257.0,0.0,5554.499250000003,0.0,6032.378093217527,1124.448978083732,6032.378093217527,47206.26688368649,34.377359999996685,34.377359999996685,34.377359999996685
1113,57,95186.45146,32076.312994727003,41389.0270556245,32076.312994727003,1221.308,41389.0270556245,0.0,15632.713380468944,21.5,74.364,0.0,0.0,0.0,3702.9995000000067,0.0,1068.2265291795454,0.0,1068.2265291795454,21721.11140964849,0.0,0.0,0.0
1114,58,93821.11603,30073.398043759,57789.938033995,26041.321994793998,1221.308,48999.90890473705,0.0,15632.713380468944,0.0,74.364,0.0,0.0,0.0,1851.499750000001,0.0,0.0,0.0,0.0,18779.88513046896,0.0,0.0,0.0
1115,59,92490.22875,31615.054656587,68080.54319077799,22261.020403893122,568.274,65093.64989077799,0.0,15632.713380468944,0.0,74.364,0.0,0.0,0.0,0.0,11139.79292514008,0.0,10582.803278883075,-11139.79292514008,5135.558455328879,0.0,0.0,0.0
1116,60,91675.0543,32020.924040157002,72665.38021753299,32020.924040157002,1221.308,72665.38021753299,0.0,15632.713380468944,0.0,74.364,0.0,0.0,0.0,0.0,29939.6353381592,0.0,39025.45685013432,-29939.6353381592,-13011.249957689986,0.0,0.0,0.0
1117,61,90246.85032,32459.059243627,73468.35839997651,32459.059243627,1221.308,73468.35839997651,0.0,15546.443097468944,0.0,74.364,0.0,0.0,0.0,0.0,32522.682421072524,0.0,69922.00515015321,-32522.682421072524,-15680.567323603515,0.0,0.0,0.0
1118,62,89300.32087,35202.817951242,74113.19820362251,35202.817951242,1221.308,74113.19820362251,0.0,15460.172814468944,0.0,74.364,0.0,0.0,0.0,0.0,36771.540099333535,0.0,104854.96824452007,-36771.540099333535,-20015.695284864516,0.0,0.0,0.0
1119,63,88501.07797,35323.082900126,69102.586037289,35323.082900126,1221.308,69102.586037289,0.0,15546.443097468946,0.0,74.364,0.0,0.0,0.0,0.0,32766.706064884056,0.0,135983.33900615992,-32766.706064884056,-15924.590967415003,0.0,0.0,0.0
1120,64,88478.37941,35711.987951114,59267.2021114065,35711.987951114,1221.308,59267.2021114065,0.0,15632.713380468944,0.0,74.364,0.0,0.0,0.0,1851.4997499999681,25280.695782989555,0.0,160000.0,-25280.695782989555,-6500.810652520508,0.0,0.0,0.0
1121,65,90263.62073,34923.607043965,43033.144069551,34923.607043965,939.5860000000001,34968.850805566086,0.0,15632.713380468944,21.5,74.364,0.0,0.0,0.0,3702.999499999979,0.0,0.0,160000.0,0.0,20371.16288046891,0.0,0.0,0.0
1122,66,95526.9173,37522.588456465,16957.1197221845,37522.588456465,1221.308,16957.1197221845,593.212,15632.713380468944,17392.024159999997,74.364,36.160000000000004,0.0,0.0,5554.499249999988,0.0,542.9283308815669,159428.49649380887,542.9283308815669,41047.209121350505,30.76371999999997,30.76371999999997,30.76371999999997
1123,67,99223.66117,36361.839751688,0.0,36361.839751688,1221.308,0.0,593.212,15632.713380468944,25028.690000000002,74.364,469.10799999999995,257.0,0.0,7405.999,0.0,12179.427037843056,146608.04698028986,12179.427037843056,62861.82141831201,35.458000000749166,35.458000000749166,35.458000000749166
1124,68,97956.13492,34802.263610349,0.0,34802.263610349,1221.308,0.0,593.212,15632.713380468944,25028.690000000002,74.364,701.2,257.0,0.0,7405.999,0.0,12239.384929182032,133724.48389694036,12239.384929182032,63153.871309651,35.45800000005441,35.45800000005441,35.45800000005441
1125,69,94976.42999,33532.600552043,0.0,33532.600552043,1221.308,0.0,593.212,15632.713380468944,25028.690000000002,74.364,701.2,257.0,0.0,7405.999,0.0,10529.343057488055,122640.9648890582,10529.343057488055,61443.82943795701,35.45800000080472,35.45800000080472,35.45800000080472
1126,70,89661.42752,31040.785896076,0.0,31040.785896076,1221.308,0.0,593.212,15632.713380468944,25028.690000000002,74.364,469.1080000000013,257.0,0.0,7405.999,0.0,7938.247243455055,114284.91515910551,7938.247243455055,58620.641623924,35.45799999919527,35.45799999919527,35.45799999919527
1127,71,83387.08345,33182.518101580004,0.0,33182.518101580004,1221.308,0.0,593.212,15632.713380468944,24452.49,74.364,36.160000000000004,0.0,0.0,7405.999,0.0,788.3189679510544,113455.10571915703,788.3189679510544,50204.56534842,30.763719999999964,30.763719999999964,30.763719999999964
1128,72,77930.58396,37177.82500683601,0.0,37177.82500683601,1221.308,0.0,593.212,15632.713380468942,14329.467839999961,74.364,0.0,0.0,0.0,7405.999,0.0,1495.6947326948866,111880.69021105714,1495.6947326948866,40752.758953164,17.188680000000048,17.188680000000048,17.188680000000048
1129,73,74654.09196,35351.720956063,0.0,35351.720956063,1221.308,0.0,593.212,15632.713380468944,9106.70563574033,74.364,0.0,0.0,0.0,7405.999,0.0,5268.068987727698,106335.35443450167,5268.068987727698,39302.371003937005,17.1886799999999,17.1886799999999,17.1886799999999
1130,74,72958.68469,35071.452103792,0.0,35071.452103792,1221.308,0.0,593.212,15632.713380468944,7269.002,74.364,0.0,0.0,0.0,7405.999,0.0,5690.634205739048,100345.21316530267,5690.634205739048,37887.232586207996,17.188680000000033,17.188680000000033,17.188680000000033
1131,75,72479.5012,30144.713657656997,0.0,30144.713657656997,1221.308,0.0,593.212,15632.713380468944,13310.926409999993,74.364,0.0,0.0,0.0,7405.999,0.0,4096.2647518740605,96033.35553175103,4096.2647518740605,42334.787542343,17.188679999946068,17.188679999946068,17.188679999946068
1132,76,73185.37493,23651.713210116002,0.0,23651.713210116002,1221.308,0.0,593.212,15632.713380468944,22338.53043,74.364,0.0,0.0,0.0,7405.999,0.0,2267.5349094150542,93646.47667973519,2267.5349094150542,49533.661719884,17.586279999999732,17.586279999999732,17.586279999999732
1133,77,76244.77567,20585.405948255,0.0,20585.405948255,1221.308,0.0,593.212,15632.713380468944,24452.49,74.364,268.2520000000003,257.0,0.0,7405.999,0.0,5754.031341276034,87589.60158365514,5754.031341276034,55659.369721745,33.44188000000006,33.44188000000006,33.44188000000006
1134,78,83139.44222,20907.820645819,0.0,20907.820645819,1221.308,0.0,593.212,15632.713380468944,25028.690000000002,74.364,701.2,257.0,0.0,7405.999,0.0,11317.135193712042,75676.8276955372,11317.135193712042,62231.621574181,35.458000000809974,35.458000000809974,35.458000000809974
1135,79,90102.70737,18149.134041299,515.1699,18149.134041299,1221.308,515.1699,593.212,15632.713380468944,25028.690000000002,74.364,701.2,257.0,0.0,7405.999,0.0,20523.917048232048,54072.70448687189,20523.917048232048,71438.40342870101,35.45800000117076,35.45800000117076,35.45800000117076
1136,80,92719.87086,16686.366146705004,18758.557851665,16686.366146705004,1221.308,18758.557851665,593.212,15632.713380468944,24452.49,74.364,448.76800000000253,257.0,0.0,7405.999,0.0,7189.092481161033,46505.2387172287,7189.092481161033,57274.94686163,34.78556000000055,34.78556000000055,34.78556000000055
1137,81,92483.89035,13838.433708695,45185.3101387305,13838.433708695,1221.308,45185.3101387305,593.212,15632.713380468944,8532.550122105526,74.364,0.0,0.0,0.0,7405.999,0.0,0.0,46505.2387172287,0.0,33460.146502574506,16.242599999999413,16.242599999999413,16.242599999999413
1138,82,91845.30792,7015.2630522439995,62193.14519240749,7015.2630522439995,1221.308,62193.14519240749,593.212,15632.713380468944,28.5,74.364,0.0,0.0,0.0,5554.49924999999,467.69695512044564,0.0,46949.55082459312,-467.69695512044564,22636.89967534851,16.24259999999999,16.24259999999999,16.24259999999999
1139,83,90954.18123,4849.528345387,72202.04789445449,4849.528345387,1221.308,72202.04789445449,348.123,15632.713380468944,0.0,74.364,0.0,0.0,0.0,3702.9994999999776,7076.902890310427,0.0,53672.60857038802,-7076.902890310427,13902.604990158507,6.436799999999623,6.436799999999623,6.436799999999623
1140,84,89565.16266,7158.248446862999,74372.640568818,7158.248446862999,1221.308,74372.640568818,0.0,15632.713380468944,0.0,74.364,0.0,0.0,0.0,1851.4997499999668,10745.611486150008,0.0,63880.93948223053,-10745.611486150008,8034.273644319008,0.0,0.0,0.0
1141,85,88085.33414,7161.130996812,74075.48705620851,7161.130996812,1221.308,74075.48705620851,0.0,15632.713380468937,0.0,74.364,0.0,0.0,0.0,0.0,10079.669293489635,0.0,73456.62531104569,-10079.669293489635,6848.71608697949,0.0,0.0,0.0
1142,86,87279.27141,8785.238207586,76509.591150947,8785.238207586,1221.308,76509.591150947,0.0,15632.713380468944,0.0,74.364,0.0,0.0,0.0,0.0,14943.943329001966,0.0,87653.37147359755,-14943.943329001966,1984.442051466991,0.0,0.0,0.0
1143,87,86456.63858,8937.327590896999,72363.84930841251,8937.327590896999,1221.308,72363.84930841251,0.0,15632.713380468944,0.0,74.364,0.0,0.0,0.0,1851.49975000001,13624.423449778624,0.0,100596.57375088724,-13624.423449778624,5155.461680690496,0.0,0.0,0.0
1144,88,86664.27588,7925.112738524001,63052.429964209005,7925.112738524001,1221.308,63052.429964209005,0.0,15632.713380468944,0.0,74.364,0.0,0.0,0.0,3702.999500000024,4944.651703203233,0.0,105293.9928689303,-4944.651703203233,15686.733177267,0.0,0.0,0.0
1145,89,88056.08548,10336.137054741,45303.285741599495,10336.137054741,1221.308,45303.285741599495,593.212,15632.713380468944,7088.96584,74.364,0.0,0.0,0.0,5554.499250000024,0.0,2251.6002131905907,102923.88738136126,2251.6002131905907,32416.662683659495,15.570159999902161,15.570159999902161,15.570159999902161
1146,90,92650.4771,13079.741044409999,18641.376790608003,13079.741044409999,1221.308,18641.376790608003,593.212,15632.713380468944,24452.49,74.364,448.7680000000014,257.0,0.0,7405.999,0.0,10843.504884513046,91509.67171345279,10843.504884513046,60929.359264982006,35.45800000000028,35.45800000000028,35.45800000000028
1147,91,95461.59156,15546.934354383,0.0,15546.934354383,1221.308,0.0,593.212,15632.713380468944,25028.690000000002,74.364,701.2,257.0,0.0,7405.999,0.0,29000.170825148063,60983.176108033775,29000.170825148063,79914.657205617,35.45800000000006,35.45800000000006,35.45800000000006
1148,92,93876.60102,17526.247752886,0.0,17526.247752886,1221.308,0.0,593.212,15632.713380468944,25028.690000000002,74.364,701.2,257.0,0.0,7405.999,0.0,25435.86688664507,34208.5793852495,25435.86688664507,76350.353267114,35.457999999999686,35.457999999999686,35.457999999999686
1149,93,91247.29136,19684.261840809995,0.0,19684.261840809995,1221.308,0.0,593.212,15632.713380468944,25028.690000000002,74.364,701.2,257.0,0.0,7405.999,0.0,20648.54313872108,12473.270818174677,20648.54313872108,71563.02951919001,35.45800000005464,35.45800000005464,35.45800000005464
1150,94,87134.12371,25458.723102238,0.0,25458.723102238,1221.308,0.0,593.212,15632.713380468944,25028.690000000002,74.364,469.10800000000177,257.0,0.0,7405.999,0.0,10993.006227292817,901.6853157611857,10993.006227292817,61675.400607762,35.45800000116967,35.45800000116967,35.45800000116967
1151,95,81978.81781,39301.474359559004,0.0,39301.474359559004,1221.308,0.0,593.212,15632.713380468944,16872.806019999996,74.364,20.339999999999947,0.0,0.0,7405.999,0.0,856.6010499731265,0.0,856.6010499731265,42677.34345044099,17.851080000000067,17.851080000000067,17.851080000000067
1152,96,77170.85733,46717.572008331,0.0,46717.572008331,1221.308,0.0,593.212,15632.713380468944,5525.688941200031,74.364,0.0,0.0,0.0,7405.999,0.0,0.0,0.0,0.0,30453.285321669,16.24259999999991,16.24259999999991,16.24259999999991
1153,1,74054.91987,49356.512198493,0.0,49356.512198493,1221.308,0.0,593.212,15632.713380468944,0.0,74.364,0.0,0.0,0.0,7405.999,229.18870896066676,0.0,217.72927351263343,-229.18870896066676,24698.407671506997,9.7305,9.7305,9.7305
1154,2,72339.54463,47786.427652451996,0.0,47786.427652451996,1221.308,0.0,593.212,15632.713380468944,0.0,74.364,0.0,0.0,0.0,7405.999,374.47940291927745,0.0,573.4847062914056,-374.47940291927745,24553.11697754801,9.7305,9.7305,9.7305
1155,3,71525.74637,50219.131644090005,0.0,50219.131644090005,1221.308,0.0,593.212,15632.713380468944,0.0,74.364,0.0,0.0,0.0,7405.999,3620.9816545605827,0.0,4013.417278124112,-3620.9816545605827,21306.61472590999,9.73050000000013,9.73050000000013,9.73050000000013
1156,4,71785.75258,51334.892546131,0.0,51334.892546131,1221.308,0.0,593.211999988438,15632.713380468944,0.0,74.364,0.0,0.0,0.0,7405.998999955276,4476.7363465436765,0.0,8266.316807340605,-4476.7363465436765,20450.860033869,9.730499999893597,9.730499999893597,9.730499999893597
1157,5,72905.28307,48290.60579721299,0.0,48290.60579721299,1221.308,0.0,593.212,15632.713380468944,21.5,74.364,0.0,0.0,0.0,7405.999,334.41910768209937,0.0,8584.0149596386,-334.41910768209937,24614.677272787012,9.730500000106401,9.730500000106401,9.730500000106401
1158,6,76087.48507,45838.308945477,0.0,45838.308945477,1221.308,0.0,593.212,15632.713380468944,2901.733603581426,74.364,0.0,0.0,0.0,5554.499250000004,0.0,4271.345890472609,4087.8613907200643,4271.345890472609,30249.176124522994,16.242600000000078,16.242600000000078,16.242600000000078
1159,7,79587.57885,46607.319748347,624.6919,46607.319748347,1221.308,624.6919,593.212,15632.713380468944,7247.502,74.364,0.0,0.0,0.0,3702.9995000000044,0.0,3883.46832118406,0.0,3883.46832118406,32355.567201653004,17.18868000000004,17.18868000000004,17.18868000000004
1160,8,82342.62449,48540.193259923995,18887.6164498825,44675.12290964855,1221.308,18887.6164498825,0.0,15632.713380468944,0.0,74.364,0.0,0.0,0.0,1851.499749999995,0.0,0.0,0.0,0.0,18779.885130468956,0.0,0.0,0.0
1161,9,85077.97878,47086.328294807,44291.1895036185,45296.770844807,1221.308,25835.45561451965,0.0,12724.44432067334,0.0,0.0,0.0,0.0,0.0,0.0,0.0,0.0,0.0,0.0,13945.752320673357,0.0,0.0,0.0
1162,10,86142.70798,41608.80300062,60690.823945303506,41608.80300062,1221.308,30669.49738391104,0.0,12568.735595468937,0.0,74.364,0.0,0.0,0.0,0.0,0.0,0.0,0.0,0.0,13864.407595468969,0.0,0.0,0.0
1163,11,85705.05091,40927.669373397,70000.4365407055,35517.963100196,869.065,37070.295914535054,0.0,12173.362895268932,0.0,74.364,0.0,0.0,0.0,0.0,0.0,0.0,0.0,0.0,13116.79189526895,0.0,0.0,0.0
1164,12,84482.74265,42522.918652896,72850.26904225799,32229.934752896,311.704,41163.55566903063,0.0,10777.548228073363,0.0,0.0,0.0,0.0,0.0,0.0,0.0,0.0,0.0,0.0,11089.252228073368,0.0,0.0,0.0
1165,13,82971.89546,46251.726246698,71779.4884162515,46251.726246698,1215.1800000000003,66183.65085420449,0.0,9246.9743590975,0.0,74.364,0.0,0.0,0.0,0.0,40000.0,0.0,38000.0,-40000.0,-29463.481640902493,0.0,0.0,0.0
1166,14,81585.8324,54276.398192885004,71689.85838734801,10345.5276,1221.308,67699.7842695307,0.0,9177.732435873333,0.0,0.0,0.0,0.0,0.0,0.0,6858.519905404013,0.0,44515.593910133815,-6858.519905404013,3540.5205304692936,0.0,0.0,0.0
1167,15,80604.88594,56318.38029712101,66411.3923436785,56318.38029712101,1095.348,53828.499561410055,0.0,9288.29408146893,0.0,74.364,0.0,0.0,0.0,0.0,40000.0,0.0,82515.59391013382,-40000.0,-29541.993918531072,0.0,0.0,0.0
1168,16,80739.07583,55019.00290929401,52469.16960943049,55019.00290929401,1195.667,51435.65357323703,0.0,13014.388347468937,0.0,74.364,0.0,0.0,0.0,0.0,40000.0,0.0,120515.59391013382,-40000.0,-25715.58065253104,0.0,0.0,0.0
1169,17,82805.06367,52851.951505919,35850.21228566999,31217.392955094,1092.4194487670281,34788.173885669996,0.0,15632.713380468944,0.0,74.364,0.0,0.0,0.0,0.0,0.0,0.0,120515.59391013382,0.0,16799.496829236006,0.0,0.0,0.0
1170,18,88158.47104,52912.747494835,9848.2659548845,52912.747494835,1221.308,9848.2659548845,169.95,15632.713380468944,0.0,74.364,0.0,0.0,0.0,1851.4997500000086,0.0,6447.622459811544,113728.62289980588,6447.622459811544,25397.457590280505,6.32000000000002,6.32000000000002,6.32000000000002
1171,19,91729.41752,52107.511545293,0.0,52107.511545293,1221.308,0.0,593.212,15632.713380468944,28.499999999999996,74.364,0.0,0.0,0.0,3702.9995000000195,0.0,18368.809094238044,94393.03437955529,18368.809094238044,39621.905974707006,16.242600000000355,16.242600000000355,16.242600000000355
1172,20,90716.16753,51843.554308408995,0.0,51843.554308408995,1221.308,0.0,593.212,15632.713380468944,50.0,74.364,0.0,0.0,0.0,5554.499250000032,0.0,15746.516591120468,77817.75375732323,15746.516591120468,38872.61322159101,16.242600000000152,16.242600000000152,16.242600000000152
1173,21,88604.09314,52208.369407309,0.0,52208.369407309,1221.308,0.0,593.212,15632.713380468944,50.0,74.364,0.0,0.0,0.0,5554.49925,0.0,13269.627102222046,63849.725228668445,13269.627102222046,36395.723732690996,16.2426,16.2426,16.2426
1174,22,84933.5433,52468.023340898995,0.0,52468.023340898995,1221.308,0.0,593.212,15632.713380468944,28.499999999999996,74.364,0.0,0.0,0.0,3702.9995,0.0,11212.423078632068,52047.174619582045,11212.423078632068,32465.51995910101,16.24260000000012,16.24260000000012,16.24260000000012
1175,23,80384.92561,54777.237796067,0.0,54777.237796067,1221.308,0.0,169.95,15632.713380468944,0.0,74.364,0.0,0.0,0.0,1851.499749999999,0.0,6657.8526834640725,45038.908636988286,6657.8526834640725,25607.687813933007,6.320000000053314,6.320000000053314,6.320000000053314
1176,24,76274.52411,60479.146110611,0.0,59438.082261531024,1168.4080000000004,0.0,0.0,15593.669848468944,0.0,74.364,0.0,0.0,0.0,0.0,0.0,0.0,45038.908636988286,0.0,16836.441848468974,0.0,0.0,0.0
1177,25,73358.78392,56975.643454663994,0.0,56788.45954353105,1074.0620000000001,0.0,0.0,15496.262376468945,0.0,0.0,0.0,0.0,0.0,0.0,0.0,0.0,45038.908636988286,0.0,16570.324376468954,0.0,0.0,0.0
1178,26,71878.84551,53903.481797197,0.0,53903.481797197,1221.308,0.0,169.95,15632.713380468944,0.0,74.364,0.0,0.0,0.0,0.0,0.0,877.0283323340409,44115.72091874193,877.0283323340409,17975.363712803002,6.320000000000131,6.320000000000131,6.320000000000131
1179,27,71053.75352,51113.192911647,0.0,51113.192911647,1221.308,0.0,593.212,15632.713380468944,0.0,74.364,0.0,0.0,0.0,0.0,0.0,2418.963227884045,41569.44383675872,2418.963227884045,19940.560608353,9.7305,9.7305,9.7305
1180,28,71377.19169,48606.364203757,0.0,48606.364203757,1221.308,0.0,593.212,15632.713380468944,0.0,74.364,0.0,0.0,0.0,0.0,0.0,5249.2301057740615,36043.93846225971,5249.2301057740615,22770.827486243004,9.7305,9.7305,9.7305
1181,29,72321.10402,48699.894505126,0.0,48699.894505126,1221.308,0.0,0.0,15632.713380468944,0.0,74.364,0.0,0.0,0.0,0.0,0.0,6692.824134405057,28998.860426043866,6692.824134405057,23621.209514873997,3.218399999999999,3.218399999999999,3.218399999999999
1182,30,74359.25583,46094.109899402996,0.0,46094.109899402996,1221.308,0.0,593.212,15632.713380468944,28.5,74.364,0.0,0.0,0.0,1851.4997500000009,0.0,8863.54880012805,19668.809057488026,8863.54880012805,28265.145930597,16.2426,16.2426,16.2426
1183,31,77092.65721,41980.113041043005,648.3429,41980.113041043005,1221.308,648.3429,593.212,15632.713380468944,28.5,74.364,0.0,0.0,0.0,1851.4997499999945,0.0,15062.60413848807,3813.436280132164,15062.60413848807,34464.201268957,16.2426,16.2426,16.2426
1184,32,79911.09369,44257.208989517,15102.7348538885,44257.208989517,1221.308,15102.7348538885,0.0,15632.713380468944,0.0,74.364,0.0,0.0,0.0,0.0,0.0,3622.7644661255545,0.0,3622.7644661255545,20551.149846594497,3.218399999999999,3.218399999999999,3.218399999999999
1185,33,82314.10835,40065.68500867201,37436.123497163004,39070.52995867201,739.923,26796.578010859037,0.0,15632.713380468944,0.0,74.364,0.0,0.0,0.0,0.0,0.0,0.0,0.0,0.0,16447.00038046895,0.0,0.0,0.0
1186,34,83216.53436,37059.37434371,53206.1810055025,29498.453094176,0.0,41912.96133695066,0.0,11805.119928873337,0.0,0.0,0.0,0.0,0.0,0.0,0.0,0.0,0.0,0.0,11805.11992887334,0.0,0.0,0.0
1187,35,82459.68397,44319.153256319,60155.520520918995,13816.787400044002,1086.7060000000001,52255.89502748704,0.0,15225.931542468943,0.0,74.364,0.0,0.0,0.0,0.0,0.0,0.0,0.0,0.0,16387.001542468955,0.0,0.0,0.0
1188,36,81300.90406,42614.893544930994,62395.576613237,2751.5688710896748,1221.308,62395.576613237,0.0,14932.450575673336,0.0,0.0,0.0,0.0,0.0,0.0,0.0,0.0,0.0,0.0,16153.758575673324,0.0,0.0,0.0
1189,37,79944.05018,44267.437707028,66422.9541468845,44267.437707028,1221.308,35382.18896109609,0.0,12787.469158687523,0.0,74.364,0.0,0.0,0.0,0.0,13788.717646811594,0.0,13099.281764471014,-13788.717646811594,294.42351187590975,0.0,0.0,0.0
1190,38,78890.2551,48741.204546198,68846.481572283,42623.98850624806,857.8840000000001,66116.551572283,0.0,9291.831021468934,0.0,0.0,0.0,0.0,0.0,0.0,40000.0,0.0,51099.28176447103,-40000.0,-29850.28497853107,0.0,0.0,0.0
1191,39,78124.94663,51706.741108505,65708.270848749,47420.45833098208,807.84,60943.230398749,0.0,8953.417900268925,0.0,0.0,0.0,0.0,0.0,0.0,40000.0,0.0,89099.28176447103,-40000.0,-30238.742099731076,0.0,0.0,0.0
1192,40,78499.72861,52468.388851094,56582.280496627,49641.934351094,679.3580000000001,55639.466810232676,0.0,12538.969448673339,0.0,0.0,0.0,0.0,0.0,0.0,40000.0,0.0,127099.28176447103,-40000.0,-26781.672551326672,0.0,0.0,0.0
1193,41,81272.7005,53750.239857646,43374.9104966505,53750.239857646,1221.308,43374.910496652104,0.0,15632.713380468944,0.0,74.364,0.0,0.0,0.0,1851.499750000009,34632.334984767345,0.0,160000.0,-34632.334984767345,-15852.449854298095,0.0,0.0,0.0
1194,42,87527.22674,49710.025639955005,18689.275468051,48858.136939955,879.2810295250694,18578.133418050984,0.0,15412.811852468945,21.5,74.364,0.0,0.0,0.0,3702.999500000018,0.0,0.0,160000.0,0.0,20090.956381994012,0.0,0.0,0.0
1195,43,92006.39489,44133.910246007996,0.0,44133.910246007996,1221.308,0.0,593.212,15632.713380468944,17392.02415999999,74.364,448.7680000000001,257.0,0.0,5554.499250000018,0.0,6698.595853523029,152948.84646997575,6698.595853523029,47872.484643992,35.3234400000001,35.3234400000001,35.3234400000001
1196,44,91097.15777,45847.661156628,0.0,45847.661156628,1221.308,0.0,593.212,15632.713380468944,50.0,74.364,0.0,0.0,0.0,7405.999,0.0,20271.900232903063,131610.00411955148,20271.900232903063,45249.49661337201,16.24259999999988,16.24259999999988,16.24259999999988
1197,45,88801.69316,44382.357860535005,0.0,44382.357860535005,1221.308,0.0,593.212,15632.713380468944,7269.002,74.364,0.0,0.0,0.0,7405.999,0.0,12222.736918996055,118743.96525745037,12222.736918996055,44419.33529946499,17.18868,17.18868,17.18868
1198,46,84885.91048,44322.679809666995,0.0,44322.679809666995,1221.308,0.0,593.212,15632.713380468944,50.0,74.364,0.0,0.0,0.0,7405.999,0.0,15585.634289864076,102338.0344260145,15585.634289864076,40563.23067033301,16.242599999999907,16.242599999999907,16.242599999999907
1199,47,79901.91414,45642.958247755996,0.0,45642.958247755996,1221.308,0.0,593.212,15632.713380468944,50.0,74.364,0.0,0.0,0.0,7405.999,0.0,9281.359511775046,92568.18230835657,9281.359511775046,34258.955892244,16.2425999999999,16.2425999999999,16.2425999999999
1200,48,75608.26148,45101.961643816,0.0,45101.961643816,1221.308,0.0,593.212,15632.713380468944,50.0,74.364,0.0,0.0,0.0,7405.999,0.0,5528.703455713308,86748.4944602373,5528.703455713308,30506.299836184,16.242600000000074,16.242600000000074,16.242600000000074
1201,49,72790.3244,44088.79885034,0.0,44088.79885034,1221.308,0.0,593.212,15632.713380468944,50.0,74.364,0.0,0.0,0.0,7405.999,0.0,3723.929169191058,82828.56901898356,3723.929169191058,28701.52554966,16.2426,16.2426,16.2426
1202,50,71505.16766,42038.234646204,0.0,42038.234646204,1221.308,0.0,593.212,15632.713380468944,50.0,74.364,0.0,0.0,0.0,7405.999,0.0,4489.336633327065,78102.95151021822,4489.336633327065,29466.933013796006,16.2426,16.2426,16.2426
1203,51,71347.83249,42835.57255729,0.0,42835.57255729,1221.308,0.0,593.212,15632.713380468944,1165.963660635156,74.364,0.0,0.0,0.0,7405.999,0.0,2418.699891605886,75556.95162431728,2418.699891605886,28512.259932710003,16.2426,16.2426,16.2426
1204,52,72300.20839,46528.839252361,0.0,46528.839252361,1221.308,0.0,593.212,15632.713380468944,50.0,74.364,0.0,0.0,0.0,7405.999,0.0,793.7727571700583,74721.40135361196,793.7727571700583,25771.369137638998,16.2426,16.2426,16.2426
1205,53,75001.55135,45501.08480494,0.0,45501.08480494,1221.308,0.0,593.212,15632.713380468944,50.0,74.364,0.0,0.0,0.0,7405.999,0.0,4522.870164589475,69960.4853908862,4522.870164589475,29500.466545059993,16.24260000000009,16.24260000000009,16.24260000000009
1206,54,80032.18054,39136.468854376,0.0,39136.468854376,1221.308,0.0,593.212,15632.713380468944,50.0,74.364,0.0,0.0,0.0,7405.999,0.0,15918.115305155072,53204.574543354545,15918.115305155072,40895.711685624,16.2425999999996,16.2425999999996,16.2425999999996
1207,55,85117.16559,42089.785138736,742.6602,42089.785138736,1221.308,742.6602,593.212,15632.713380468944,50.0,74.364,0.0,0.0,0.0,7405.999,0.0,17307.12387079505,34986.54941620186,17307.12387079505,42284.72025126401,16.2426,16.2426,16.2426
1208,56,88255.01143,38269.840653702006,15868.7684896545,38269.840653702006,1221.308,15868.7684896545,593.212,15632.713380468944,28.5,74.364,0.0,0.0,0.0,5554.499249999983,0.0,11011.805656174567,23395.17504128126,11011.805656174567,34116.4022866435,16.2426,16.2426,16.2426
1209,57,90733.46543,34635.487648127004,38108.119560642495,34635.487648127004,1221.308,38108.119560642495,348.123,15632.713380468944,0.0,74.364,0.0,0.0,0.0,3702.9994999999926,2989.6496592384456,0.0,26235.342217557783,-2989.6496592384456,17989.858221230497,6.436799999999999,6.436799999999999,6.436799999999999
1210,58,91719.73207,30384.055639283,53297.1529977555,30384.055639283,1221.308,53297.1529977555,0.0,15632.713380468944,0.0,74.364,0.0,0.0,0.0,1851.4997499999972,10741.361697509537,0.0,36439.635830191844,-10741.361697509537,8038.523432961498,0.0,0.0,0.0
1211,59,91707.20918,28442.135609134,63139.3884568135,28442.135609134,1221.308,63139.38845681349,0.0,15632.713380468944,0.0,74.364,0.0,0.0,0.0,0.0,16802.70026641647,0.0,52402.20108328749,-16802.70026641647,125.68511405251775,0.0,0.0,0.0
1212,60,90652.46315,29844.409492880994,67445.2496511545,29844.409492880994,1221.308,67445.2496511545,0.0,15632.713380468944,0.0,74.364,0.0,0.0,0.0,0.0,23565.581374504563,0.0,74789.50338906675,-23565.581374504563,-6637.195994035501,0.0,0.0,0.0
1213,61,89404.37722,29979.20625515,65662.5636444315,29979.20625515,1221.308,65662.5636444315,0.0,15632.713380468944,0.0,74.364,0.0,0.0,0.0,0.0,23165.778060050478,0.0,96796.9925461147,-23165.778060050478,-6237.392679581506,0.0,0.0,0.0
1214,62,88209.59972,31084.696409664,65663.323269771,31084.696409664,1221.3079999999995,65663.323269771,0.0,15632.713380468944,0.0,74.364,0.0,0.0,0.0,0.0,25466.80533990411,0.0,120990.45761902361,-25466.80533990411,-8538.419959435007,0.0,0.0,0.0
1215,63,87397.08316,29934.175394598,62649.6709102775,29934.175394598,1221.308,62649.6709102775,0.0,15632.71338046255,0.0,74.364,0.0,0.0,0.0,0.0,22115.148525338052,0.0,141999.84871809476,-22115.148525338052,-5186.7631448755055,0.0,0.0,0.0
1216,64,87542.70239,28142.807193202,57582.9887990035,28142.807193202,1221.308,57582.9887990035,0.0,15632.713380468944,0.0,74.364,0.0,0.0,0.0,1851.4997499999963,16962.97873267627,0.0,158114.67851413722,-16962.97873267627,1816.9063977945116,0.0,0.0,0.0
1217,65,89502.92395,25164.049695581998,41974.0424137575,25164.049695581998,1221.308,41974.0424137575,0.0,15632.713380468944,21.5,74.364,0.0,0.0,0.0,3702.999499999991,0.0,1711.9469601915607,156312.62908235664,1711.9469601915607,22364.831840660496,0.0,0.0,0.0
1218,66,94954.09953,25785.437457217995,16444.6887892135,25785.437457217995,1221.308,16444.6887892135,593.212,15632.713380468944,17392.024159999997,74.364,448.76800000000003,257.0,0.0,5554.499249999984,0.0,11550.084493099586,144154.64540540968,11550.084493099586,52723.97328356851,34.37736000000006,34.37736000000006,34.37736000000006
1219,67,98658.49528,23181.419090522002,0.0,23181.419090522002,1221.308,0.0,593.212,15632.713380468944,25028.690000000002,74.364,701.2,257.0,0.0,7405.999,0.0,24562.5898090095,118299.28771171547,24562.5898090095,75477.076189478,35.458,35.458,35.458
1220,68,97051.62086,24949.843997527998,0.0,24949.843997527998,1221.308,0.0,593.212,15632.713380468944,25028.690000000002,74.364,701.2,257.0,0.0,7405.999,0.0,21187.290482003347,95996.87667802775,21187.290482003347,72101.776862472,35.45800000080619,35.45800000080619,35.45800000080619
1221,69,93778.16113,27224.315946194998,0.0,27224.315946194998,1221.308,0.0,593.212,15632.713380468944,25028.690000000002,74.364,701.2,257.0,0.0,7405.999,0.0,15639.35880333668,79534.39372714703,15639.35880333668,66553.845183805,35.45800000080552,35.45800000080552,35.45800000080552
1222,70,88175.36356,30386.751151355005,0.0,30386.751151355005,1221.308,0.0,593.212,15632.713380468944,25028.690000000002,74.364,469.10800000000006,257.0,0.0,7405.999,0.0,7106.218028177304,72054.16422380251,7106.218028177304,57788.61240864499,35.45800000116245,35.45800000116245,35.45800000116245
1223,71,81649.49835,30946.173240527998,0.0,30946.173240527998,1221.308,0.0,593.212,15632.713380468944,17204.42416,74.364,20.339999999999975,0.0,0.0,7405.999,0.0,8550.964569003037,63053.14888800984,8550.964569003037,50703.325109471996,18.13476000000001,18.13476000000001,18.13476000000001
1224,72,76296.40152,36043.628249263,0.0,36043.628249263,1221.308,0.0,593.212,15632.713380468944,50.0,74.364,0.0,0.0,0.0,7405.999,0.0,15275.176890268067,46974.01531930606,15275.176890268067,40252.773270737,16.242600000000014,16.242600000000014,16.242600000000014
1225,73,72983.95982,38059.339642013,0.0,38059.339642013,1221.308,0.0,593.212,15632.713380468944,50.0,74.364,0.0,0.0,0.0,7405.999,0.0,9947.02379751713,36503.463953498554,9947.02379751713,34924.620177987,16.2426,16.2426,16.2426
1226,74,71755.79343,38627.411548482996,0.0,38627.411548482996,1221.308,0.0,593.212,15632.713380468944,50.0,74.364,0.0,0.0,0.0,7405.999,0.0,8150.785501048996,27923.689741868035,8150.785501048996,33128.38188151701,16.242600000000337,16.242600000000337,16.242600000000337
1227,75,71424.7345,41137.037042226,0.0,41137.037042226,1221.308,0.0,593.212,15632.713380468944,50.0,74.364,0.0,0.0,0.0,7405.999,0.0,5310.10107730506,22334.109660494287,5310.10107730506,30287.697457774004,16.2426,16.2426,16.2426
1228,76,72394.87759,49793.333140719005,0.0,49793.333140719005,1221.308,0.0,593.212,15632.713380468944,21.5,74.364,0.0,0.0,0.0,5554.49924999999,496.05218118792743,0.0,22805.359232622817,-496.05218118792743,22601.544449281,10.03535999999939,10.03535999999939,10.03535999999939
1229,77,76101.426,59670.489648178,0.0,59670.489648178,1221.308,0.0,0.0,15632.713380468944,0.0,74.364,0.0,0.0,0.0,3702.999499999979,4200.448528645969,0.0,26795.785334836488,-4200.448528645969,16430.936351822005,0.0,0.0,0.0
1230,78,82988.05872,57498.44170064,0.0,57498.44170064,1221.308,0.0,0.0,15632.713380468944,21.5,74.364,0.0,0.0,0.0,5554.49925,0.0,2985.232388891055,23653.435451793273,2985.232388891055,25489.617019359997,0.0,0.0,0.0
1231,79,89764.975,37223.797054304,1113.5908,37223.797054304,1221.308,1113.5908,593.212,15632.713380468944,17392.024159999994,74.364,448.7680000000001,257.0,0.0,7405.999,0.0,8402.198605227075,14809.015867343725,8402.198605227075,51427.58714569601,35.32344000000002,35.32344000000002,35.32344000000002
1232,80,92167.41535,36949.622103038004,18044.631542516498,36949.622103038004,1221.308,18044.631542516498,593.212,15632.713380468944,28.5,74.364,0.0,0.0,0.0,5554.499250000004,0.0,14068.56507397654,0.0,14068.56507397654,37173.16170444549,16.242600000000227,16.242600000000227,16.242600000000227
1233,81,92060.97518,52064.14744614899,41568.7928468905,52064.14744614899,1050.579,19536.171853382046,0.0,15632.713380468944,0.0,74.364,0.0,0.0,0.0,3702.9995000000104,0.0,0.0,0.0,0.0,20460.655880468956,0.0,0.0,0.0
1234,82,91419.91008,43999.505799693,59997.967477131,20109.03927240002,445.35099999999994,53306.942677131,0.0,15632.713380468944,0.0,74.364,0.0,0.0,0.0,1851.4997500000145,0.0,0.0,0.0,0.0,18003.928130468972,0.0,0.0,0.0
1235,83,90753.9997,45793.644257249995,68467.0138063045,45785.60543222654,997.6940000000001,68467.0138063045,0.0,15429.322461468942,0.0,74.364,0.0,0.0,0.0,0.0,40000.0,0.0,38000.0,-40000.0,-23498.619538531042,0.0,0.0,0.0
1236,84,89803.11915,49862.195793046994,71145.97496217249,19481.674250192,872.6540000000001,57009.08222333905,0.0,12365.34467646893,0.0,74.364,0.0,0.0,0.0,0.0,0.0,0.0,38000.0,0.0,13312.362676468954,0.0,0.0,0.0
1237,85,89030.70782,49146.943006010995,68313.5453011535,38569.355056010994,31.614,39613.14307315348,0.0,10742.231690835528,0.0,74.364,0.0,0.0,0.0,0.0,0.0,0.0,38000.0,0.0,10848.209690835523,0.0,0.0,0.0
1238,86,88384.57066,51735.810201682005,64640.03079531899,51735.810201682005,911.2,63056.648642649045,0.0,12606.54781566894,0.0,74.364,0.0,0.0,0.0,0.0,40000.0,0.0,76000.0,-40000.0,-26407.888184331052,0.0,0.0,0.0
1239,87,87886.23877,49589.424290788,60826.51585967899,30210.269500000002,0.0,42144.75507512666,0.0,15531.214194873344,0.0,0.0,0.0,0.0,0.0,0.0,0.0,0.0,76000.0,0.0,15531.214194873333,0.0,0.0,0.0
1240,88,87920.6938,51610.09899996901,50853.1239354265,48465.80115845797,894.7060000000001,39423.3310909815,0.0,15632.713380468944,0.0,74.364,0.0,0.0,0.0,0.0,16570.22182990845,0.0,91741.71073841302,-16570.22182990845,31.561550560523756,0.0,0.0,0.0
1241,89,89424.42887,48481.596759434,34208.6378025295,38287.40568700156,1221.308,34208.6378025295,0.0,15632.713380468944,0.0,74.364,0.0,0.0,0.0,0.0,0.0,0.0,91741.71073841304,0.0,16928.385380468942,0.0,0.0,0.0
1242,90,94173.27573,50972.98225912501,10946.2336513235,50972.98225912501,1221.308,10946.2336513235,593.212,15632.713380468944,28.499999999999996,74.364,0.0,0.0,0.0,1851.499749999999,0.0,12852.462689082546,78212.80264464194,12852.462689082546,32254.059819551483,16.2426,16.2426,16.2426
1243,91,97614.6078,57919.371200336995,0.0,57919.371200336995,1221.308,0.0,593.212,15632.713380468944,50.0,74.364,0.0,0.0,0.0,3702.999499999999,0.0,18420.639719194063,58822.655571806084,18420.639719194063,39695.236599663,16.2426,16.2426,16.2426
1244,92,96035.21963,67544.907996051,0.0,67544.907996051,1221.308,0.0,593.212,15632.713380468944,28.499999999999996,74.364,0.0,0.0,0.0,1851.499749999999,0.0,9088.714503480074,49255.58767340601,9088.714503480074,28490.311633949008,16.16729999999984,16.16729999999984,16.16729999999984
1245,93,92655.88305,67174.13619865,0.0,67174.13619865,1221.308,0.0,0.0,15632.713380468944,0.0,74.364,0.0,0.0,0.0,0.0,0.0,8553.361470881067,40252.04928300489,8553.361470881067,25481.746851350006,0.0,0.0,0.0
1246,94,86974.52501,64459.297459097994,0.0,64459.297459097994,1221.308,0.0,593.212,15632.713380468944,28.499999999999996,74.364,0.0,0.0,0.0,1851.49975,0.0,3113.6304204330463,36974.54357728589,3113.6304204330463,22515.227550902004,16.242600000000085,16.242600000000085,16.242600000000085
1247,95,80348.68111,63115.735504228,0.0,63115.735504228,1221.308,0.0,0.0,15632.713380468944,0.0,74.364,0.0,0.0,0.0,0.0,0.0,304.5602253030645,36653.95386644056,304.5602253030645,17232.945605772,3.2183999999998782,3.2183999999998782,3.2183999999998782
1248,96,74938.77845,64646.689997152,0.0,59525.195846905,137.519,0.0,0.0,15201.699603094978,0.0,74.364,0.0,0.0,0.0,0.0,0.0,0.0,36653.95386644056,0.0,15413.582603094997,0.0,0.0,0.0
1249,1,71513.64269,67427.963792236,0.0,67427.963792236,1221.308,0.0,0.0,15632.713380468944,0.0,74.364,0.0,0.0,0.0,0.0,12842.706482704969,0.0,12200.57115856972,-12842.706482704969,4085.6788977639953,0.0,0.0,0.0
1250,2,69882.38298,65373.876046321995,0.0,65373.876046321995,1221.308,0.0,0.0,15632.713380468944,0.0,74.364,0.0,0.0,0.0,0.0,12419.878446791006,0.0,23999.455683021177,-12419.878446791006,4508.506933678,0.0,0.0,0.0
1251,3,69210.25233,64476.50165949699,0.0,64476.50165949698,1221.308,0.0,0.0,15632.713380468944,0.0,74.364,0.0,0.0,0.0,0.0,12194.63470996593,0.0,35584.35865748881,-12194.63470996593,4733.750670503025,0.0,0.0,0.0
1252,4,69964.27813,71185.421791953,0.0,24311.067476512304,42.95,0.0,0.0,11805.11992887334,0.0,0.0,0.0,0.0,0.0,0.0,0.0,33805.14072461437,0.0,33805.14072461437,45653.2106534877,0.0,0.0,0.0
1253,5,73219.52221,76044.589292194,0.0,56392.63601512665,1221.308,0.0,0.0,15531.214194873344,0.0,74.364,0.0,0.0,0.0,0.0,0.0,0.0,0.0,0.0,16826.886194873347,0.0,0.0,0.0
1254,6,80591.31288,78319.07604991901,0.0,63750.12280477566,1221.308,0.0,0.0,15545.51807522432,0.0,74.364,0.0,0.0,0.0,0.0,0.0,0.0,0.0,0.0,16841.19007522434,0.0,0.0,0.0
1255,7,87495.09974,76761.356202952,982.2346,76761.356202952,1221.308,982.2346,0.0,15661.193638732411,0.0,74.364,0.0,0.0,0.0,0.0,7205.356701684417,0.0,6845.088866600196,-7205.356701684417,9751.50893704801,1.2079269876008603e-13,1.2079269876008603e-13,1.2079269876008603e-13
1256,8,89869.03605,72879.83274068001,18297.9555422525,66335.70016429605,418.922,4775.9916854075,0.0,11835.587777026263,0.0,0.0,0.0,0.0,0.0,0.0,0.0,6502.834423270187,0.0,6502.834423270187,18757.344200296444,0.0,0.0,0.0
1257,9,89752.46332,69680.17369427599,42486.404914707,40932.517066666725,610.922,39114.395614707,0.0,9020.264638626262,0.0,74.364,0.0,0.0,0.0,0.0,0.0,0.0,0.0,0.0,9705.550638626271,0.0,0.0,0.0
1258,10,89441.02823,62954.236507223,59028.13957170349,25797.533963418595,1221.308,55666.1329717035,0.0,6681.689294877913,0.0,74.364,0.0,0.0,0.0,0.0,0.0,0.0,0.0,0.0,7977.361294877905,0.0,0.0,0.0
1259,11,89110.97889,60937.365691721,67309.5341581235,46778.93899934,100.697,35693.89119594426,0.0,6537.451694715741,0.0,0.0,0.0,0.0,0.0,0.0,0.0,0.0,0.0,0.0,6638.148694715739,0.0,0.0,0.0
1260,12,88475.99103,58620.320240473,70853.6746657905,56792.00085316136,247.8,25151.0448562105,0.0,6285.145320628146,0.0,0.0,0.0,0.0,0.0,0.0,0.0,0.0,0.0,0.0,6532.945320628147,0.0,0.0,0.0
1261,13,87977.61238,56985.269704233,70554.6683217125,56499.923018525296,927.158,61882.6066717125,0.0,8593.560689762235,0.0,74.364,0.0,0.0,0.0,0.0,40000.0,0.0,38000.0,-40000.0,-30404.91731023779,0.0,0.0,0.0
1262,14,87662.22572,56130.462845358,70764.6104531665,42085.000795358,739.9820000000001,38152.72255567978,0.0,6610.156368962226,0.0,74.364,0.0,0.0,0.0,0.0,0.0,0.0,38000.0,0.0,7424.502368962225,0.0,0.0,0.0
1263,15,87497.31737,55421.999808336,67040.433456864,48736.748986457285,1195.667,43131.477101804005,0.0,9370.08084241761,0.0,74.364,0.0,0.0,0.0,0.0,15011.020560678917,0.0,52260.469532644966,-15011.020560678917,-4370.908718261286,0.0,0.0,0.0
1264,16,87460.31722,57334.639208528,58792.063243791,28788.04494934308,101.80100000000002,47374.081243791006,0.0,11196.390026865898,0.0,0.0,0.0,0.0,0.0,0.0,0.0,0.0,52260.469532644966,0.0,11298.191026865912,0.0,0.0,0.0
1265,17,88785.49423,63699.671490024,40151.71128486699,40463.330140272,68.705,39037.34923575938,0.0,9216.109853968612,0.0,0.0,0.0,0.0,0.0,0.0,0.0,0.0,52260.469532644966,0.0,9284.814853968615,0.0,0.0,0.0
1266,18,92761.08173,65527.605695441,17979.5752852595,61425.242845417,422.128,17979.5752852595,0.0,12934.135599323487,0.0,0.0,0.0,0.0,0.0,0.0,0.0,0.0,52260.469532644966,0.0,13356.263599323505,0.0,0.0,0.0
1267,19,96832.79994,70933.371553872,0.0,70933.371553872,1221.308,0.0,593.2119999999982,15816.925484015228,28.499999999999996,74.364,0.0,0.0,0.0,1851.499749999999,0.0,6313.619152112769,45614.55463568416,6313.619152112769,25899.428386128,16.2426,16.2426,16.2426
1268,20,95558.64663,70487.669555098,0.0,70487.669555098,1221.308,0.0,593.212,15831.129856553713,28.499999999999996,74.364,0.0,0.0,0.0,1851.49975,0.0,5470.963468348283,39855.64572163334,5470.963468348283,25070.97707490201,16.2426,16.2426,16.2426
1269,21,92270.14052,74082.55334276099,0.0,74082.55334276099,1221.308,0.0,0.0,15845.728206553715,0.0,74.364,0.0,0.0,0.0,0.0,0.0,1046.1869706853117,38754.39627880669,1046.1869706853117,18187.58717723901,3.218399999999999,3.218399999999999,3.218399999999999
1270,22,86956.74534,70528.339756732,0.0,69829.85032504631,1221.308,0.0,0.0,15831.223014953694,0.0,74.364,0.0,0.0,0.0,0.0,0.0,0.0,38754.39627880669,0.0,17126.895014953683,0.0,0.0,0.0
1271,23,80642.11584,66041.708209334,0.0,66041.708209334,1221.308,0.0,0.0,15871.162050543173,0.0,74.364,0.0,0.0,0.0,0.0,2566.4264198771725,0.0,41192.50137769001,-2566.4264198771725,14600.407630665999,0.0,0.0,0.0
1272,24,75315.42339,67674.162442133,0.0,58239.34493383992,1221.308,0.0,0.0,15780.406456160064,0.0,74.364,0.0,0.0,0.0,0.0,0.0,0.0,41192.50137769001,0.0,17076.078456160074,0.0,0.0,0.0
1273,25,72165.11361,74879.405294051,0.0,74879.40529405104,1221.308,0.0,0.0,15896.606401798434,0.0,74.364,0.0,0.0,0.0,0.0,19906.570085849715,0.0,60103.74295924724,-19906.570085849715,-2714.2916840510443,0.0,0.0,0.0
1274,26,70858.33696,79872.584409199,0.0,58632.22775435049,57.254999999999995,0.0,0.0,12094.490205649516,0.0,74.364,0.0,0.0,0.0,0.0,0.0,0.0,60103.74295924724,0.0,12226.10920564951,0.0,0.0,0.0
1275,27,70489.57421,79010.37139598299,0.0,57617.65279860009,1221.308,0.0,0.0,11576.249411399924,0.0,74.364,0.0,0.0,0.0,0.0,0.0,0.0,60103.74295924724,0.0,12871.921411399919,0.0,0.0,0.0
1276,28,71418.18759,76532.313293667,0.0,62815.0294465046,0.0,0.0,0.0,8603.158143495386,0.0,0.0,0.0,0.0,0.0,0.0,0.0,0.0,60103.74295924724,0.0,8603.158143495399,0.0,0.0,0.0
1277,29,74843.68121,70743.710357808,0.0,61876.53784610018,739.8090000000001,0.0,0.0,12227.33436389981,0.0,0.0,0.0,0.0,0.0,0.0,0.0,0.0,60103.74295924724,0.0,12967.143363899813,0.0,0.0,0.0
1278,30,82406.7623,64288.654547558,0.0,64288.654547558,1221.308,0.0,26.917,15961.671628346901,0.0,74.364,0.0,0.0,0.0,0.0,0.0,833.8471240950801,59226.00914441032,833.8471240950801,18118.107752442003,5.323000000000091,5.323000000000091,5.323000000000091
1279,31,89328.39611,56890.631940976,965.9162000000001,56890.631940976,1221.308,965.9162000000001,593.212,15975.916287089844,28.499999999999996,74.364,0.0,0.0,0.0,1851.49975,0.0,11727.047931934141,46881.74816342701,11727.047931934141,31471.847969024,16.242600000000216,16.242600000000216,16.242600000000216
1280,32,91882.1711,51392.47398952999,22198.4201127245,51392.47398952999,1221.308,22198.4201127245,169.95,15987.99424248984,0.0,74.364,0.0,0.0,0.0,0.0,0.0,837.6607552556598,46000.0,837.6607552556598,18291.276997745514,6.32,6.32,6.32
1281,33,91478.9248,53051.529995239,47110.142045586996,41014.00923576859,313.697,37918.270040452,0.0,12232.948523779402,0.0,0.0,0.0,0.0,0.0,0.0,0.0,0.0,46000.0,0.0,12546.6455237794,0.0,0.0,0.0
1282,34,91221.89397,52666.37165660701,62792.781553985995,52666.37165660701,1221.308,62668.824412385984,0.0,14591.025901007017,0.0,74.364,0.0,0.0,0.0,0.0,40000.0,0.0,84000.0,-40000.0,-24113.302098992986,0.0,0.0,0.0
1283,35,90835.45364,57045.178758516005,70249.0460541645,43820.25038569264,52.9,35178.1473960645,0.0,11784.155858242875,0.0,0.0,0.0,0.0,0.0,0.0,0.0,0.0,84000.0,0.0,11837.055858242864,0.0,0.0,0.0
1284,36,90221.48585,47541.81164786,73911.54321211649,41087.41312451403,1029.308,37884.6194077475,0.0,10145.781317738467,0.0,74.364,0.0,0.0,0.0,0.0,0.0,0.0,84000.0,0.0,11249.453317738466,0.0,0.0,0.0
1285,37,89718.45335,42997.988146204996,74930.6819766455,42394.7333657006,1221.308,74930.6819766455,0.0,11097.366007653885,0.0,74.364,0.0,0.0,0.0,0.0,40000.0,0.0,122000.0,-40000.0,-27606.961992346107,0.0,0.0,0.0
1286,38,89233.15526,49446.732553343,76500.72270910401,39282.495253578,927.158,39391.622550594126,0.0,9557.515455827865,0.0,74.364,0.0,0.0,0.0,0.0,0.0,0.0,122000.0,0.0,10559.03745582787,0.0,0.0,0.0
1287,39,88672.91849,53468.259604598,72342.6422064515,31857.395587824187,525.9100000000001,43935.919212405,0.0,12279.329689770817,0.0,74.364,0.0,0.0,0.0,0.0,0.0,0.0,122000.0,0.0,12879.60368977081,0.0,0.0,0.0
1288,40,88620.94895,56796.203541141,60785.4992553365,52579.58776623127,400.04,60200.0881553365,0.0,15441.233028432225,0.0,0.0,0.0,0.0,0.0,0.0,40000.0,0.0,160000.0,-40000.0,-24158.72697156777,0.0,0.0,0.0
1289,41,89896.89199,56083.34370176001,42975.882861393,42939.160300835,653.6990000000001,28906.220319143184,0.0,15546.312620021798,0.0,0.0,0.0,0.0,0.0,1851.49975,0.0,0.0,160000.0,0.0,18051.51137002182,0.0,0.0,0.0
1290,42,93745.45961,53718.41974225901,20878.7142990805,52631.040992067006,762.383,20868.521575303108,0.0,15684.650542629888,21.499999999999986,74.364,0.0,0.0,0.0,3702.999500000001,0.0,0.0,160000.0,0.0,20245.89704262989,0.0,0.0,0.0
1291,43,98132.60634,46690.904839453,0.0,46690.904839453,1221.308,0.0,593.212,16131.764135368374,17392.024159999997,74.364,36.160000000000004,257.0,0.0,5554.499250000002,0.0,10181.369955178614,149282.76846823303,10181.369955178614,51441.701500547,33.44187999999998,33.44187999999998,33.44187999999998
1292,44,97038.55044,36622.368992573,0.0,36622.368992573,1221.308,0.0,593.212,16146.320876706857,24452.49,74.364,448.76800000000173,257.0,0.0,7405.999,0.0,9816.719570720055,138949.37944642245,9816.719570720055,60416.18144742701,34.7855600000003,34.7855600000003,34.7855600000003
1293,45,93899.35829,39604.349692976,0.0,39604.349692976,1221.308,0.0,593.212,16160.66636571935,7110.465839999969,74.364,0.0,0.0,0.0,7405.999,0.0,21728.99339130473,116076.75482399641,21728.99339130473,54295.008597024,16.242599999999953,16.242599999999953,16.242599999999953
1294,46,88483.71395,34253.041799465995,0.0,34253.041799465995,1221.308,0.0,593.212,16171.769840157833,49.999999999999936,74.364,0.0,0.0,0.0,7405.999,0.0,28714.01931037616,85851.47133938993,28714.01931037616,54230.67215053401,16.242600000000284,16.242600000000284,16.242600000000284
1295,47,81951.01568,44411.55315226001,0.0,44411.55315226001,1221.308,0.0,593.212,16185.837665774607,50.0,74.364,0.0,0.0,0.0,7405.998999999999,0.0,12008.741861965405,73210.69043205793,12008.741861965405,37539.46252773999,16.24260000000002,16.24260000000002,16.24260000000002
1296,48,76600.53057,44480.441496925,0.0,44480.441496925,1221.308,0.0,593.212,16197.287728287101,50.0,74.364,0.0,0.0,0.0,7405.999,0.0,6577.918344787911,66286.56585859698,6577.918344787911,32120.089073075003,16.242600000000014,16.242600000000014,16.242600000000014
1297,49,73188.9657,44676.174109323,0.0,44676.174109323,1221.308,0.0,593.212,16211.107197625584,28.499999999999996,74.364,0.0,0.0,0.0,5554.499249999998,0.0,4829.801143051414,61202.564655384966,4829.801143051414,28512.791590677,16.2426,16.2426,16.2426
1298,50,71541.51908,47152.581244827,0.0,47152.581244827,1221.308,0.0,0.0,16226.015681264069,0.0,74.364,0.0,0.0,0.0,3702.9994999999954,0.0,3164.250653908932,57871.77449337556,3164.250653908932,24388.937835172997,3.2184000000000097,3.2184000000000097,3.2184000000000097
1299,51,70998.73477,46928.974048945005,0.0,46928.974048945005,1221.308,0.0,0.0,16237.221325310757,0.0,74.364,0.0,0.0,0.0,4560.339664670896,0.0,1976.527731073349,55791.21898698256,1976.527731073349,24069.76072105499,3.2183999999999733,3.2183999999999733,3.2183999999999733
1300,52,71952.11892,42781.566446633,0.0,42781.566446633,1221.308,0.0,593.212,16251.175936249241,28.499999999999996,74.364,0.0,0.0,0.0,6411.839414670896,0.0,4590.153122446855,50959.47885809113,4590.153122446855,29170.552473366995,16.242600000000028,16.242600000000028,16.242600000000028
1301,53,75235.04773,38283.880146227995,0.0,38283.880146227995,1221.308,0.0,593.212,16265.255045761734,50.0,74.364,0.0,0.0,0.0,7405.999,0.0,11341.029538010269,39021.55302860664,11341.029538010269,36951.16758377201,16.2426,16.2426,16.2426
1302,54,81808.3356,43386.475059180004,0.0,43386.475059180004,1221.308,0.0,593.212,16276.474638638701,50.0,74.364,0.0,0.0,0.0,7405.999,0.0,12800.502902181304,25547.339447363163,12800.502902181304,38421.86054082,16.242600000000063,16.242600000000063,16.242600000000063
1303,55,88592.72679,43922.77314566,1208.395,43922.77314566,1221.308,1208.395,593.212,16291.5186391045,50.0,74.364,0.0,0.0,0.0,5554.499250000001,0.0,19676.65675523551,4835.0691786942025,19676.65675523551,43461.55864434,16.2426,16.2426,16.2426
1304,56,91389.61767,40134.911650989,24738.7150905345,40134.911650989,1221.308,24738.7150905345,593.212,16302.291708716994,28.5,74.364,0.0,0.0,0.0,3702.999500000001,0.0,4593.315719759493,0.0,4593.315719759493,26515.990928476505,16.2426,16.2426,16.2426
1305,57,91343.73745,36706.215545178,50385.467349856,35408.891170976036,662.351,37029.931999855995,0.0,16316.69952916797,0.0,74.364,0.0,0.0,0.0,1851.49975,0.0,0.0,0.0,0.0,18904.91427916797,0.0,0.0,0.0
1306,58,90591.61236,32985.067439839,66538.5295866505,20620.760949457,132.311,59695.05035927686,0.0,16228.206708445052,0.0,0.0,0.0,0.0,0.0,0.0,6084.716657178912,0.0,5780.480824319966,-6084.716657178912,10275.801051266135,0.0,0.0,0.0
1307,59,90106.58543,27353.033102735,75528.284704995,27353.033102735,1221.308,75528.2847049951,0.0,16341.873663653143,0.0,74.364,0.0,0.0,0.0,0.0,30412.278041383426,0.0,34672.144963634215,-30412.278041383426,-12774.732377730092,0.0,0.0,0.0
1308,60,89446.13957,19955.210192652,78825.70973647898,19955.210192651997,1221.308,78825.70973647898,0.0,16355.95818563011,0.0,74.364,0.0,0.0,0.0,0.0,26986.410544761093,0.0,60309.23498115728,-26986.410544761093,-9334.780359130978,0.0,0.0,0.0
1309,61,88741.90526,21165.597941156004,79233.1523607745,21165.597941156004,1221.308,79233.1523607745,0.0,16370.61148793011,0.0,74.364,0.0,0.0,0.0,0.0,29323.128529860744,0.0,88166.20708452498,-29323.128529860744,-11656.845041930515,0.0,0.0,0.0
1310,62,88192.57904,21314.772593549,80370.92368367802,21314.772593549,1221.308,80370.92368367802,0.0,16381.738259242602,0.0,74.364,0.0,0.0,0.0,0.0,31170.527496469713,0.0,117778.20820617121,-31170.527496469713,-13493.117237227023,0.0,0.0,0.0
1311,63,87652.79022,20582.61219672,76076.9767234245,20582.61219672,1221.308,76076.9767234245,0.0,16395.947194059376,0.0,74.364,0.0,0.0,0.0,0.0,26698.41789420402,0.0,143141.70520566503,-26698.41789420402,-9006.7987001445,0.0,0.0,0.0
1312,64,87488.47737,17634.56749874,66697.602216132,17634.56749874,1221.308,66697.60221613199,0.0,16410.255506697864,0.0,74.364,0.0,0.0,0.0,1851.4997500000209,16401.119601569873,0.0,158722.7688271564,-16401.119601569873,3156.30765512801,0.0,0.0,0.0
1313,65,88273.71377,16058.159701304001,49850.803249205,16058.159701304001,1221.308,49850.803249205,593.212,16421.302088710352,28.499999999999996,74.364,0.0,0.0,0.0,3702.999500000011,0.0,323.06523078063947,158382.70016317678,323.06523078063947,22364.750819491004,16.242599999999996,16.242599999999996,16.242599999999996
1314,66,91639.98067,17979.485999226003,23166.290856795,17979.485999226003,1221.308,23166.290856795,593.212,16435.30915978732,7110.465839999993,74.364,0.0,0.0,0.0,5554.499250000001,0.0,19505.0455641917,137851.0732535013,19505.0455641917,50494.203813979,16.242599999999985,16.242599999999985,16.242599999999985
1315,67,94635.98209,22245.205640604003,0.0,22245.205640604003,1221.308,0.0,593.212,16447.18973712152,24452.49,74.364,448.76800000000003,257.0,0.0,7405.999,0.0,21490.445712274464,115229.55145110712,21490.445712274464,72390.776449396,35.458000000754794,35.458000000754794,35.458000000754794
1316,68,93005.09004,25163.658842574,0.0,25163.658842574,1221.308,0.0,593.212,16461.285464534012,7110.465840000001,74.364,0.0,0.0,0.0,7405.999,0.0,34974.79689289202,78413.97577437869,34974.79689289202,67841.43119742599,16.242600000000003,16.242600000000003,16.242600000000003
1317,69,90335.62084,35929.70775896,0.0,35929.70775896,1221.308,0.0,593.212,16475.346704184984,50.0,74.364,0.0,0.0,0.0,7405.999,0.0,28585.683376855024,48323.78274611024,28585.683376855024,54405.91308104,16.2426,16.2426,16.2426
1318,70,86021.01606,36641.014908405,0.0,36641.014908405,1221.308,0.0,593.212,16486.503804989272,50.0,74.364,0.0,0.0,0.0,7405.998999985268,0.0,23548.61434662046,23535.767644404496,23548.61434662046,49380.001151594995,16.2426,16.2426,16.2426
1319,71,80691.9617,42223.414941414994,0.0,42223.414941414994,1221.308,0.0,593.212,16500.81212490176,50.0,74.364,0.0,0.0,0.0,5554.499250000002,0.0,14474.351383683252,8299.608293158968,14474.351383683252,38468.546758585006,16.2426,16.2426,16.2426
1320,72,76048.60022,47896.865539973,0.0,47896.865539973,1221.308,0.0,593.212,16514.740246640245,28.499999999999996,74.364,0.0,0.0,0.0,3702.9995000000017,0.0,6016.610933386744,1966.3336264360792,6016.610933386744,28151.734680026995,16.2426,16.2426,16.2426
1321,73,72736.74071,51024.863294707,0.0,51024.863294707,1221.308,0.0,169.95,16526.738720178724,0.0,74.364,0.0,0.0,0.0,1851.4997500000009,0.0,1868.0169451142754,0.0,1868.0169451142754,21711.877415293,6.32,6.32,6.32
1322,74,70873.8695,62366.797755751,0.0,53240.85750327019,1120.6109999999999,0.0,0.0,16438.03699672982,0.0,74.364,0.0,0.0,0.0,0.0,0.0,0.0,0.0,0.0,17633.01199672981,0.0,0.0,0.0
1323,75,69963.98442,71648.12189054901,0.0,52250.8401101317,1189.694,0.0,0.0,16449.086309868304,0.0,74.364,0.0,0.0,0.0,0.0,0.0,0.0,0.0,0.0,17713.144309868294,0.0,0.0,0.0
1324,76,70172.56482,74527.64130930499,0.0,52470.97698088072,1164.0529999999999,0.0,0.0,16463.17083911928,0.0,74.364,0.0,0.0,0.0,0.0,0.0,0.0,0.0,0.0,17701.587839119282,0.0,0.0,0.0
1325,77,71590.44244,74626.7127039,0.0,58310.85669134224,516.588,0.0,0.0,12762.997748657757,0.0,0.0,0.0,0.0,0.0,0.0,0.0,0.0,0.0,0.0,13279.585748657759,0.0,0.0,0.0
1326,78,75039.60349,77586.429743694,0.0,57331.21947534224,1144.9279999999999,0.0,0.0,16489.092014657763,0.0,74.364,0.0,0.0,0.0,0.0,0.0,0.0,0.0,0.0,17708.384014657757,0.0,0.0,0.0
1327,79,77817.05106,78727.13580923798,1433.056,64269.97111577875,280.218,499.103,0.0,12767.758944221223,0.0,0.0,0.0,0.0,0.0,0.0,0.0,0.0,0.0,0.0,13047.976944221246,0.0,0.0,0.0
1328,80,80866.72585,78361.868395362,26210.618000231,53135.632600000004,1120.6109999999999,11185.488278692972,0.0,15424.993971307025,0.0,0.0,0.0,0.0,0.0,0.0,0.0,0.0,0.0,0.0,16545.604971307024,0.0,0.0,0.0
1329,81,83913.19934,74248.099304945,51117.86000958901,37493.41325014,466.882,34072.50214146353,0.0,11880.401948396477,0.0,0.0,0.0,0.0,0.0,0.0,0.0,0.0,0.0,0.0,12347.283948396478,0.0,0.0,0.0
1330,82,85330.8337,73440.133053214,66392.11984915801,26428.325949948,221.06894607984532,49089.200100123,0.0,9592.23870384916,0.0,0.0,0.0,0.0,0.0,0.0,0.0,0.0,0.0,0.0,9813.307649928996,0.0,0.0,0.0
1331,83,85573.09202,76696.029941352,74824.007857053,54630.164062397846,100.697,23773.220148952998,0.0,7069.010808649152,0.0,0.0,0.0,0.0,0.0,0.0,0.0,0.0,0.0,0.0,7169.707808649153,0.0,0.0,0.0
1332,84,84895.92876,78573.77745766,77407.2372945065,26011.6651,0.0,52331.796403399836,0.0,6478.103256600158,0.0,74.364,0.0,0.0,0.0,0.0,0.0,0.0,0.0,0.0,6552.467256600161,0.0,0.0,0.0
1333,85,83705.69905,76620.27524165701,77205.181693419,25603.904391657,157.952,50850.55914583037,0.0,7093.2835125126185,0.0,0.0,0.0,0.0,0.0,0.0,0.0,0.0,0.0,0.0,7251.235512512627,0.0,0.0,0.0
1334,86,82290.40849,82233.523553958,78509.82120782849,51500.3417777314,100.697,23558.1669568175,0.0,7131.2027554511005,0.0,0.0,0.0,0.0,0.0,0.0,0.0,0.0,0.0,0.0,7231.899755451101,0.0,0.0,0.0
1335,87,81414.38249,81424.227457666,75418.175786575,29382.473508467912,19.125,44944.03793883,0.0,7068.746042702076,0.0,0.0,0.0,0.0,0.0,0.0,0.0,0.0,0.0,0.0,7087.871042702092,0.0,0.0,0.0
1336,88,81330.45764,82088.217457676,66165.299026155,35880.90665,425.05,35177.14480785943,0.0,9847.356182140567,0.0,0.0,0.0,0.0,0.0,0.0,0.0,0.0,0.0,0.0,10272.406182140563,0.0,0.0,0.0
1337,89,83105.80703,82820.96754513402,48574.60606636,41642.99809710443,58.851,28482.373070755,0.0,12921.584862140575,0.0,0.0,0.0,0.0,0.0,0.0,0.0,0.0,0.0,0.0,12980.43586214057,0.0,0.0,0.0
1338,90,87654.55405,83032.442942329,23031.150990627502,46995.841993680995,1184.4859999999999,22649.22679531702,0.0,16750.63526100198,0.0,74.364,0.0,0.0,0.0,0.0,0.0,0.0,0.0,0.0,18009.48526100199,0.0,0.0,0.0
1339,91,92251.61133,83627.04188960102,0.0,74297.02273184693,1221.308,0.0,0.0,16658.916598153075,0.0,74.364,0.0,0.0,0.0,0.0,0.0,0.0,0.0,0.0,17954.588598153074,0.0,0.0,0.0
1340,92,91295.17312,82196.07195245901,0.0,73745.42199259598,802.3860000000001,0.0,0.0,16673.001127404048,0.0,74.364,0.0,0.0,0.0,0.0,0.0,0.0,0.0,0.0,17549.75112740403,0.0,0.0,0.0
1341,93,88996.93062,78246.51089871,0.0,71495.57540965745,739.8090000000001,0.0,0.0,16687.18221034253,0.0,74.364,0.0,0.0,0.0,0.0,0.0,0.0,0.0,0.0,17501.355210342546,0.0,0.0,0.0
1342,94,85338.23921,71134.628451348,0.0,67820.68498994497,745.131,0.0,0.0,16698.059220055024,0.0,74.364,0.0,0.0,0.0,0.0,0.0,0.0,0.0,0.0,17517.554220055026,0.0,0.0,0.0
1343,95,80661.9298,76845.72826032901,0.0,62550.12401344509,1221.308,0.0,0.0,16816.133786554903,0.0,74.364,0.0,0.0,0.0,0.0,0.0,0.0,0.0,0.0,18111.805786554905,0.0,0.0,0.0
1344,96,76375.94634,72577.17240795301,0.0,58663.432458133,910.9354775350089,0.0,0.0,16727.21440433199,0.0,74.364,0.0,0.0,0.0,0.0,0.0,0.0,0.0,0.0,17712.513881866995,0.0,0.0,0.0
1345,1,73330.50696,69578.752105569,0.0,64767.75035153869,1221.308,0.0,0.0,7267.084608461309,0.0,74.364,0.0,0.0,0.0,0.0,0.0,0.0,0.0,0.0,8562.756608461306,0.0,0.0,0.0
1346,2,71673.55584,75550.37119602201,0.0,67967.335595978,268.325654422104,0.0,0.0,3437.894589599902,0.0,0.0,0.0,0.0,0.0,0.0,0.0,0.0,0.0,0.0,3706.220244021999,0.0,0.0,0.0
1347,3,70969.77294,74304.249801994,0.0,63628.32433153868,0.0,0.0,0.0,7267.0846084613295,0.0,74.364,0.0,0.0,0.0,0.0,0.0,0.0,0.0,0.0,7341.448608461316,0.0,0.0,0.0
1348,4,71141.01482,66373.268994581,0.0,66373.268994581,1221.308,0.0,0.0,10966.644262967979,0.0,74.364,0.0,0.0,0.0,0.0,7494.570437548986,0.0,7119.841915671536,-7494.570437548986,4767.745825418999,0.0,0.0,0.0
1349,5,71962.75522,62118.86209459199,0.0,56689.004425141255,1221.308,0.0,0.0,14042.618864780494,0.0,74.364,0.0,0.0,0.0,0.0,64.54006992173355,0.0,7181.154982097183,-64.54006992173355,15273.750794858752,0.0,0.0,0.0
1350,6,74285.99258,54129.720400973994,0.0,54129.720400973994,1221.308,0.0,593.212,16906.784466284797,0.0,74.364,0.0,0.0,0.0,0.0,0.0,1360.6037127388176,5748.9405476352695,1360.6037127388176,20156.27217902601,9.730500000466382,9.730500000466382,9.730500000466382
1351,7,76755.06525,49059.52005515,1544.3249,49059.52005515,1221.308,1544.3249,593.212,16920.84302459729,28.499999999999996,74.364,0.0,0.0,0.0,1851.4997499999936,0.0,5461.493520253506,0.0,5461.493520253506,26151.220294849998,16.242600000000788,16.242600000000788,16.242600000000788
1352,8,79383.66774,44066.996249266005,26268.4834462395,44066.996249266005,1221.308,17086.152126185734,0.0,16934.847364548266,0.0,74.364,0.0,0.0,0.0,0.0,0.0,0.0,0.0,0.0,18230.519364548265,7.315363390603125e-7,7.315363390603125e-7,7.315363390603125e-7
1353,9,82073.11613,38399.710149183,51481.749237053,35880.82851448313,1202.183,49469.444787053,0.0,16946.141726986752,0.0,74.364,0.0,0.0,0.0,0.0,21499.8458985229,0.0,20424.853603596755,-21499.8458985229,-3277.157171536135,0.0,0.0,0.0
1354,10,82981.56061,37278.978301924,67360.109110063,37278.978301924,1221.308,67360.10911006588,0.0,16960.06984872523,0.0,74.364,0.0,0.0,0.0,0.0,39913.26865071535,0.0,58342.45882177634,-39913.26865071535,-21657.52680198988,0.0,0.0,0.0
1355,11,82793.38254,31043.686355407,76402.63136257601,14861.347771706289,0.0,53407.594060556,0.0,14450.076707737715,0.0,74.364,0.0,0.0,0.0,0.0,0.0,0.0,58342.45882177634,0.0,14524.44070773771,0.0,0.0,0.0
1356,12,82152.53836,29990.570748121,78918.5484757,29834.206748025,1221.308,38902.371909796,0.0,12120.28770217902,0.0,74.364,0.0,0.0,0.0,0.0,0.0,0.0,58342.45882177634,0.0,13415.95970217901,0.0,0.0,0.0
1357,13,81223.88089,29265.997591515,79208.20694883249,4041.898950874,0.0,65217.49950686625,0.0,11964.482432259783,0.0,0.0,0.0,0.0,0.0,0.0,0.0,0.0,58342.458821776345,0.0,11964.482432259749,0.0,0.0,0.0
1358,14,80505.32301,28445.077441069,79613.22585280801,28445.077441069,1221.308,77059.79010216695,0.0,13704.783466764036,0.0,74.364,0.0,0.0,0.0,0.0,40000.0,0.0,96342.45882177635,-40000.0,-24999.54453323596,0.0,0.0,0.0
1359,15,79992.23192,27235.6423085,74667.178867885,27235.6423085,1221.308,74667.17886788498,0.0,16793.738743615042,0.0,74.364,0.0,0.0,0.0,0.0,40000.0,0.0,134342.45882177635,-40000.0,-21910.589256384977,0.0,0.0,0.0
1360,16,80655.94042,22627.698208554,64923.768908067505,22627.698208554,1221.308,64923.768908069746,0.0,17039.603635716645,0.0,0.0,0.0,0.0,0.0,1851.4997500000195,27007.93808234069,0.0,160000.0,-27007.93808234069,-6895.526696623747,0.0,0.0,0.0
1361,17,83148.56031,17958.827554218,47776.415388383495,17293.029804218,499.02299999999997,47063.040170865395,0.0,14494.6038349166,21.5,74.364,0.0,0.0,0.0,3702.9995000000145,0.0,0.0,160000.0,0.0,18792.490334916598,0.0,0.0,0.0
1362,18,88779.8358,16938.968856769,20786.450916116002,16938.968856769,1221.308,20786.450916116002,593.212,17065.558240167622,17392.02415999999,74.364,448.7679999111291,257.0,0.0,5554.499250000003,0.0,8447.682377036248,151107.7027610145,8447.682377036248,51054.416027114996,34.37736000023323,34.37736000023323,34.37736000023323
1363,19,93976.28159,17311.179351092003,0.0,17311.179351092003,1221.308,0.0,593.212,17079.48165688011,25028.690000000002,74.364,701.2,257.0,0.0,7405.999,0.0,24303.8475820279,125524.70530624827,24303.8475820279,76665.102238908,35.458000000659766,35.458000000659766,35.458000000659766
1364,20,93750.22718,21090.600709745,0.0,21090.600709745,1221.308,0.0,593.212,17090.804482418596,25028.690000000002,74.364,701.2,257.0,0.0,7405.999,0.0,20287.048987845283,104169.91689799009,20287.048987845283,72659.626470255,35.45800000116839,35.45800000116839,35.45800000116839
1365,21,90943.02418,26133.053056975998,0.0,26133.053056975998,1221.308,0.0,593.212,17104.778870069567,25028.690000000002,74.364,469.10800007426104,257.0,0.0,7405.999,0.0,12655.511252880155,90848.32610548465,12655.511252880155,64809.97112302399,35.4580000010079,35.4580000010079,35.4580000010079
1366,22,86471.23291,33264.9720011,0.0,33264.9720011,1221.308,0.0,593.212,17116.752885369566,24452.48999998064,74.364,36.15999999427878,0.0,0.0,7405.999,0.0,2305.9750235697484,88420.98397541123,2305.9750235697484,53206.2609089,30.76371999977055,30.76371999977055,30.76371999977055
1367,23,80413.284,30454.703391328,0.0,30454.703391328,1221.308,0.0,593.212,17131.20230720805,14329.467839980633,74.364,0.0,0.0,0.0,7405.999,0.0,9203.027461483312,78733.58664753406,9203.027461483312,49958.580608672,17.188680000006805,17.188680000006805,17.188680000006805
1368,24,75625.36268,29445.550051608996,0.0,29445.550051608996,1221.308,0.0,593.212,17144.909845159025,7269.002,74.364,0.0,0.0,0.0,7405.999,0.0,12471.017783231988,65606.19950728986,12471.017783231988,46179.81262839101,17.18868000000387,17.18868000000387,17.18868000000387
1369,25,73154.93021,29888.591547894,0.0,29888.591547894,1221.308,0.0,593.212,17156.359907671518,7269.002,74.364,0.0,0.0,0.0,7405.999,0.0,9546.093754434476,55557.67976577987,9546.093754434476,43266.338662106005,17.18868000000045,17.18868000000045,17.18868000000045
1370,26,71994.18091,33142.7616484,0.0,33142.7616484,1221.308,0.0,593.212,17170.03826781,7269.002,74.364,0.0,0.0,0.0,7405.999,0.0,5117.495993789992,50170.84187757988,5117.495993789992,38851.41926159999,17.18868000000031,17.18868000000031,17.18868000000031
1371,27,71976.19978,36585.331200314,0.0,36585.331200314,1221.308,0.0,593.212,17184.295107760972,1632.8115190541898,74.364,0.0,0.0,0.0,7405.999,0.0,7278.878952870826,42508.86403245269,7278.878952870826,35390.86857968599,16.2426,16.2426,16.2426
1372,28,73379.9406,35790.548347681,0.0,35790.548347681,1221.308,0.0,593.212,17195.96487036098,50.0,74.364,0.0,0.0,0.0,7405.999,0.0,11048.544381958025,30878.817314602144,11048.544381958025,37589.392252319005,16.2426,16.2426,16.2426
1373,29,77268.66792,35627.103056777,0.0,35627.103056777,1221.308,0.0,593.212,17210.35590329946,7269.002,74.364,0.0,0.0,0.0,7405.999,0.0,7867.323959923558,22597.423672577348,7867.323959923558,41641.56486322301,17.188680000001135,17.188680000001135,17.188680000001135
1374,30,84388.75422,37394.259294288,0.0,37394.259294288,1221.308,0.0,593.212,17221.535134750437,14329.467839999963,74.364,0.0,0.0,0.0,7405.999,0.0,6148.6089509616195,16125.203724196694,6148.6089509616195,46994.494925712,17.188680000000375,17.188680000000375,17.188680000000375
1375,31,91691.85436,33471.147143915,1401.0781,33471.147143915,1221.308,1401.0781,593.212,17235.46646336293,24452.49,74.364,448.76800000000003,257.0,0.0,7405.999,0.0,5131.021652722086,10724.128300278706,5131.021652722086,56819.629116085,35.458000001165104,35.458000001165104,35.458000001165104
1376,32,95256.19857,37017.166752198,17830.922483225,37017.166752198,1221.308,17830.922483225,593.212,17249.77477600141,7088.965839999994,74.364,0.0,0.0,0.0,5554.499250000004,0.0,8625.985468576986,1644.1435965134588,8625.985468576986,40408.10933457699,16.242600000001456,16.242600000001456,16.242600000001456
1377,33,95143.9449,41481.218246640994,40094.5835470425,41481.218246640994,1221.308,40094.58354704572,0.0,17260.735987939894,0.0,74.364,0.0,0.0,0.0,3702.9995000000085,8691.264381626843,0.0,9900.844759058959,-8691.264381626843,13568.143106313291,0.0,0.0,0.0
1378,34,94237.99423,40915.581153656996,53244.3546391865,40915.581153656996,1221.308,53244.35463918982,0.0,17275.682948452388,0.0,74.364,0.0,0.0,0.0,1851.499750000019,20344.796261299452,0.0,29228.401207293435,-20344.796261299452,78.05843715318042,0.0,0.0,0.0
1379,35,93111.84223,32702.466795663997,61781.799047227,32702.466795663997,1221.308,61781.799047227,0.0,17289.44195909087,0.0,74.364,0.0,0.0,0.0,0.0,19957.537571981862,0.0,48188.0619006762,-19957.537571981862,-1372.4236128910052,0.0,0.0,0.0
1380,36,91568.79887,30426.665658242993,64553.3382391135,30426.665658242993,1221.308,64553.33823911592,0.0,17300.74104110336,0.0,74.364,0.0,0.0,0.0,0.0,22007.618068462496,0.0,69095.29906571558,-22007.618068462496,-3411.205027358912,0.0,0.0,0.0
1381,37,90208.62932,37689.189639767,64512.632384229495,37689.189639767,1221.308,64512.63238423236,0.0,17315.074468616338,0.0,74.364,0.0,0.0,0.0,0.0,30603.939172615956,0.0,98169.04127970073,-30603.939172615956,-11993.192703999368,0.0,0.0,0.0
1382,38,89005.53365,37947.793804096,61604.187292113995,37947.793804096,1221.308,61604.18729211606,0.0,17326.202653092823,0.0,74.364,0.0,0.0,0.0,0.0,29168.322099305085,0.0,125878.94727404059,-29168.322099305085,-10546.447446212063,0.0,0.0,0.0
1383,39,88231.70336,36930.568145712,55990.83140068801,36930.568145712,1221.308,55990.83140068801,0.0,17340.487676131303,0.0,74.364,0.0,0.0,0.0,0.0,23325.855862531287,0.0,148038.51034344532,-23325.855862531287,-4689.696186400011,0.0,0.0,0.0
1384,40,88257.7424,32426.977191384998,47919.741758113,32426.977191384998,1221.307999999999,47919.741758113,0.0,17354.89344424379,0.0,74.364,0.0,0.0,0.0,1851.49974999999,12591.041743741791,0.0,160000.0,-12591.041743741791,7911.023450502005,0.0,0.0,0.0
1385,41,90084.24093,29484.374691705,33558.5686012295,29484.374691705,1221.308,33558.5686012295,0.0,17366.296459082278,21.5,74.364,0.0,0.0,0.0,3702.99949999999,0.0,4654.829677984676,155100.17928633193,4654.829677984676,27041.2976370655,0.0,0.0,0.0
1386,42,95294.5538,28687.562252225995,12716.946015006,28687.562252225995,1221.308,12716.946015006,593.212,17380.16297609477,17392.024160000004,74.364,448.768000010368,257.0,0.0,5554.499249999992,0.0,10968.707146662859,143554.17176352892,10968.707146662859,53890.045532767996,34.377360000265625,34.377360000265625,34.377360000265625
1387,43,100546.342,29049.479656647,0.0,29049.479656647,1221.308,0.0,593.212,17394.396526445744,25028.690000000002,74.364,701.2,257.0,0.0,7405.999,0.0,18820.692816907278,123742.91616678442,18820.692816907278,71496.862343353,35.4580000007558,35.4580000007558,35.4580000007558
1388,44,99820.97828,30569.883948059,0.0,30569.883948059,1221.308,0.0,593.212,17405.523290484227,25028.690000000002,74.364,701.2,257.0,0.0,7405.999,0.0,16563.798041456772,106307.33928104045,16563.798041456772,69251.094331941,35.4580000011657,35.4580000011657,35.4580000011657
1389,45,97106.62813,32837.27794524899,0.0,32837.27794524899,1221.308,0.0,593.212,17420.213590646224,25028.690000000002,74.364,469.10800000000006,257.0,0.0,7405.999,0.0,11799.45559410478,93886.85970829858,11799.45559410478,64269.350184751005,35.45800000080663,35.45800000080663,35.45800000080663
1390,46,91350.85098,36203.102608845,0.0,36203.102608845,1221.308,0.0,593.212,17431.518733835204,24452.49,74.364,36.16000000000001,0.0,0.0,7405.999,0.0,3932.6966372901297,89747.17903746686,3932.6966372901297,55147.748371155,30.763720000309284,30.763720000309284,30.763720000309284
1391,47,84541.33516,39564.385841879994,0.0,39564.385841879994,1221.308,0.0,593.212,17445.591164373687,8812.786328842803,74.364,0.0,0.0,0.0,7405.999,0.0,9423.688824903467,79827.50659020006,9423.688824903467,44976.94931812001,16.2426,16.2426,16.2426
1392,48,79032.17644,39149.932645295,0.0,39149.932645295,1221.308,0.0,593.212,17459.899484286176,50.0,74.364,0.0,0.0,0.0,7405.999,0.0,13077.461310418817,66061.7578423908,13077.461310418817,39882.243794705,16.2426,16.2426,16.2426
1393,49,75811.46967,41894.676093943,0.0,41894.676093943,1221.308,0.0,593.212,17470.72501403715,50.0,74.364,0.0,0.0,0.0,7405.999,0.0,7101.18556201985,58586.82567184358,7101.18556201985,33916.793576057,16.2426,16.2426,16.2426
1394,50,74401.1671,41850.062004154,0.0,41850.062004154,1221.308,0.0,593.212,17484.97642697564,50.0,74.364,0.0,0.0,0.0,7405.999,0.0,5721.24566887125,52564.46180987384,5721.24566887125,32551.105095846004,16.242600000000678,16.242600000000678,16.242600000000678
1395,51,74467.47743,40828.858590243995,0.0,40828.858590243995,1221.308,0.0,593.212,17499.801248975637,50.0,74.364,0.0,0.0,0.0,7405.999,0.0,6793.934590781577,45412.95171431429,6793.934590781577,33638.618839756,16.242600000000394,16.242600000000394,16.242600000000394
1396,52,75621.13361,42112.101556728,0.0,42112.101556728,1221.308,0.0,593.212,17510.85056211412,50.0,74.364,0.0,0.0,0.0,7405.999,0.0,6653.298491159918,38409.479618356476,6653.298491159918,33509.03205327201,16.242600000000518,16.242600000000518,16.242600000000518
1397,53,78966.58233,40860.748852093,0.0,40860.748852093,1221.308,0.0,593.212,17524.995840027095,50.0,74.364,0.0,0.0,0.0,7405.999,0.0,11235.954637879908,26582.158946903943,11235.954637879908,38105.83347790701,16.2426,16.2426,16.2426
1398,54,86640.62412,37916.546451764996,0.0,37916.546451764996,1221.308,0.0,593.212,17539.076369977585,7110.4658404845595,74.364,0.0,0.0,0.0,7405.999,0.0,14779.652457772814,11024.630043985191,14779.652457772814,48724.077668235,16.242600000163208,16.242600000163208,16.242600000163208
1399,55,94162.66819,37430.174506006,1188.3204,37430.174506006,1221.308,1188.3204,593.212,17550.17984441607,24452.49,74.364,448.7680000000001,257.0,0.0,7405.999,0.0,3540.852439577931,7297.416949692633,3540.852439577931,55544.173283994,35.45800000116062,35.45800000116062,35.45800000116062
1400,56,96886.18476,33701.086741607,24155.874794218005,33701.086741607,1221.308,24155.874794218005,593.212,17564.328031967045,7088.965839999988,74.364,0.0,0.0,0.0,5554.499249999983,0.0,6932.546102208002,0.0,6932.546102208002,39029.223224174995,16.242600000000007,16.242600000000007,16.242600000000007
1401,57,96303.28294,31636.774094302,49141.659912539995,31636.774094302,1221.308,42091.43135833095,0.0,17576.405987367045,0.0,74.364,0.0,0.0,0.0,3702.999499999989,0.0,0.0,0.0,0.0,22575.077487367053,0.0,0.0,0.0
1402,58,95328.46536,31353.747389711996,64690.906408904,31353.747389711996,1221.308,43237.165070782496,0.0,17590.381149505527,0.0,74.364,0.0,0.0,0.0,1851.4997499999936,0.0,0.0,0.0,0.0,20737.552899505514,0.0,0.0,0.0
1403,59,94342.72648,28648.071788883,73948.58904075,28648.071788883,1221.308,46794.6177528605,0.0,17604.3649382565,0.0,74.364,0.0,0.0,0.0,0.0,0.0,0.0,0.0,0.0,18900.036938256504,0.0,0.0,0.0
1404,60,93216.00866,31393.412141537996,74691.30871027749,31393.412141537996,1221.308,42911.432808893005,0.0,17615.491709568996,0.0,74.364,0.0,0.0,0.0,0.0,0.0,0.0,0.0,0.0,18911.16370956901,0.0,0.0,0.0
1405,61,92092.96361,37826.317444708,75234.148413085,37826.317444708,1221.308,35341.32598692254,0.0,17629.64817836948,0.0,74.364,0.0,0.0,0.0,0.0,0.0,0.0,0.0,0.0,18925.320178369468,0.0,0.0,0.0
1406,62,91125.32959,37778.175089768,74542.16809740399,37778.175089768,1221.308,49859.14485397111,0.0,17509.31440282801,0.0,74.364,0.0,0.0,0.0,0.0,15316.976756567128,0.0,14551.127918738777,-15316.976756567128,3488.009646260878,0.0,0.0,0.0
1407,63,90380.60151,34472.516592051004,70950.444150824,34472.516592051004,1221.308,70950.44415082637,0.0,17655.559583458456,0.0,74.364,0.0,0.0,0.0,0.0,33993.59081633603,0.0,46845.039194258,-33993.59081633603,-15042.359232877381,0.0,0.0,0.0
1408,64,90537.50328,30614.159651926,63462.6218055915,30614.159651926,1221.308,40957.80373197707,0.0,17669.867896096937,0.0,74.364,0.0,0.0,0.0,0.0,0.0,0.0,46845.039194258,0.0,18965.53989609694,0.0,0.0,0.0
1409,65,91703.80486,59282.490746237,43371.308351360996,59282.490746237,1221.308,43371.30835136429,0.0,17995.80899417507,0.0,74.364,0.0,0.0,0.0,0.0,30241.475231776603,0.0,75574.44066444578,-30241.475231776603,-10949.994237601291,0.0,0.0,0.0
1410,66,96742.8047,65203.96535691599,19313.6416418415,58123.777231844964,1221.308,19313.6416418415,0.0,18009.713826313546,0.0,74.364,0.0,0.0,0.0,0.0,0.0,0.0,75574.44066444578,0.0,19305.38582631353,0.0,0.0,0.0
1411,67,101409.1925,56451.45139803799,0.0,56451.45139803799,1221.308,0.0,593.212,18024.645599552034,28.499999999999996,74.364,0.0,0.0,0.0,1851.4997499999918,0.0,23164.21175240999,51191.05987243526,23164.21175240999,44957.74110196201,16.24259999999909,16.24259999999909,16.24259999999909
1412,68,100282.1221,57980.158355272,0.0,57980.158355272,1221.308,0.0,593.212,18035.630398326524,50.0,74.364,0.0,0.0,0.0,3702.9994999999926,0.0,18624.44984640146,31586.375823591632,18624.44984640146,42301.963744728,16.24260000000091,16.24260000000091,16.24260000000091
1413,69,97245.06676,66661.151600481,0.0,66661.151600481,1221.308,0.0,593.212,18049.97588006501,28.499999999999996,74.364,0.0,0.0,0.0,1851.4997499999909,0.0,8765.055529453995,22360.00158206111,8765.055529453995,30583.915159519005,16.16730000070147,16.16730000070147,16.16730000070147
1414,70,91601.66668,69592.64284813401,0.0,69592.64284813401,1221.308,0.0,0.0,18063.78735811598,0.0,74.364,0.0,0.0,0.0,0.0,0.0,2649.5644737500243,19570.98634653477,2649.5644737500243,22009.023831865983,0.0,0.0,0.0
1415,71,84610.39912,70224.994403775,0.0,70224.99440377743,1221.308,0.0,0.0,18075.165311466477,0.0,74.364,0.0,0.0,0.0,0.0,4985.432595244218,0.0,24307.147312016776,-4985.432595244218,14385.404716222576,0.0,0.0,0.0
1416,72,79299.00375,64155.53114801801,0.0,64155.53114802037,1221.308,0.0,0.0,18089.22386250496,0.0,74.364,0.0,0.0,0.0,0.0,4241.423260525618,0.0,28336.49940951611,-4241.423260525618,15143.472601979636,0.0,0.0,0.0
1417,73,76385.05116,58279.09740294301,0.0,58279.097402943014,1221.308,0.0,0.0,18103.90313574513,0.0,74.364,0.0,0.0,0.0,0.0,1293.621378688419,0.0,29565.439719270107,-1293.621378688419,18105.95375705699,0.0,0.0,0.0
1418,74,75034.33693,61268.13984501101,0.0,61268.13984501291,1221.308,0.0,0.0,18115.343326955935,0.0,74.364,0.0,0.0,0.0,0.0,5644.8182419691275,0.0,34928.01704914078,-5644.8182419691275,13766.197084987092,0.0,0.0,0.0
1419,75,74709.40225,58460.31384112801,0.0,58460.31384112984,1221.308,0.0,0.0,18129.12562719442,0.0,74.364,0.0,0.0,0.0,0.0,3175.709218324556,0.0,37944.94080654911,-3175.709218324556,16249.088408870157,0.0,0.0,0.0
1420,76,75768.54151,55847.50940786701,0.0,55847.50940786701,1221.308,0.0,0.0,18140.537918007394,0.0,74.364,0.0,0.0,0.0,0.0,0.0,484.82218412560997,37434.60166536426,484.82218412560997,19921.032102132987,0.0,0.0,0.0
1421,77,79254.61599,51633.665201159994,0.0,51633.665201159994,1221.308,0.0,593.212,18154.343969045873,28.499999999999996,74.364,0.0,0.0,0.0,1851.49975,0.0,5697.723069794138,31436.998434002002,5697.723069794138,27620.95078884001,16.16729999906977,16.16729999906977,16.16729999906977
1422,78,86399.75864,51066.468306189,0.0,51066.468306189,1221.308,0.0,593.212,18169.364391345876,50.0,74.364,0.0,0.0,0.0,3702.9995,0.0,11522.042442465125,19308.532705091347,11522.042442465125,35333.290333811,16.24260000116692,16.24260000116692,16.24260000116692
1423,79,92845.94969,52665.03265933701,1854.975,52665.03265933701,1221.308,1854.975,593.212,18180.29386119685,28.5,74.364,0.0,0.0,0.0,1851.49975,0.0,16376.764419466122,2069.8333161796395,16376.764419466122,38325.94203066298,16.242600000001502,16.242600000001502,16.242600000001502
1424,80,94833.26371,48537.228051183,24839.444896098998,48537.228051183,1221.308,24839.444896098998,0.0,18194.57711234734,0.0,74.364,0.0,0.0,0.0,0.0,0.0,1966.3416503706576,0.0,1966.3416503706576,21456.590762718,0.0,0.0,0.0
1425,81,94586.76574,46125.08719039599,49081.758770492,46125.08719039599,1221.308,28957.097373818197,0.0,18208.909175785826,0.0,74.364,0.0,0.0,0.0,0.0,0.0,0.0,0.0,0.0,19504.581175785814,0.0,0.0,0.0
1426,82,93687.74239,47618.99459171599,64451.94121505,47618.99459171599,1221.308,59967.51745888268,0.0,18219.7347055368,0.0,74.364,0.0,0.0,0.0,0.0,33414.176366135485,0.0,31743.46754782871,-33414.176366135485,-13898.769660598671,0.0,0.0,0.0
1427,83,92760.25935,51335.038093578,72007.02000899601,51335.038093578,1221.308,25622.690464485182,0.0,14506.858791936796,0.0,74.364,0.0,0.0,0.0,0.0,0.0,0.0,31743.46754782871,0.0,15802.530791936813,0.0,0.0,0.0
1428,84,91629.48188,57332.309110063004,73433.444845166,57332.309110063004,1120.6109999999999,21661.63352374894,0.0,11440.564246188062,0.0,74.364,0.0,0.0,0.0,0.0,0.0,0.0,31743.46754782871,0.0,12635.539246188062,0.0,0.0,0.0
1429,85,90470.64314,55720.532005962006,73430.80059306048,31737.473099968003,254.577,47085.98273940861,0.0,11392.610300623386,0.0,0.0,0.0,0.0,0.0,0.0,0.0,0.0,31743.46754782871,0.0,11647.187300623387,0.0,0.0,0.0
1430,86,89392.53395,62172.091493024,73815.108838012,62172.091493024,1152.872,57477.27948975277,0.0,8515.926967223208,0.0,74.364,0.0,0.0,0.0,0.0,40000.0,0.0,69743.46754782871,-40000.0,-30256.837032776777,0.0,0.0,0.0
1431,87,88665.33666,61234.165202966,69230.990771967,44983.54320296599,1069.574,31095.90624441077,0.0,11441.949212623202,0.0,74.364,0.0,0.0,0.0,0.0,0.0,0.0,69743.46754782871,0.0,12585.887212623238,0.0,0.0,0.0
1432,88,88575.43647,63255.861002441,61359.364607597,63255.861002441,1221.308,49541.75748335372,0.0,14482.145984205285,0.0,74.364,0.0,0.0,0.0,0.0,40000.0,0.0,107743.46754782871,-40000.0,-24222.182015794722,0.0,0.0,0.0
1433,89,89691.23528,63335.935256077995,46498.626510021,41685.35909982,1018.965,28599.2564971133,0.0,18313.290683066694,0.0,74.364,0.0,0.0,0.0,0.0,0.0,0.0,107743.46754782871,0.0,19406.619683066692,0.0,0.0,0.0
1434,90,93967.11531,61632.496248373,22346.8773881595,61632.49624837624,1221.308,22346.8773881595,0.0,18325.311738766697,0.0,74.364,0.0,0.0,0.0,1851.499750000009,11484.741815302705,0.0,118653.97227236627,-11484.741815302705,9987.74167346425,0.0,0.0,0.0
1435,91,99361.05591,56265.946498777994,0.0,56265.946498777994,1221.308,0.0,593.212,18339.154794941183,28.499999999999996,74.364,0.0,0.0,0.0,3702.9995000000185,0.0,19135.57111628322,98511.2658341734,19135.57111628322,43095.109411222,16.242600000001346,16.242600000001346,16.242600000001346
1436,92,98760.82914,49965.621298599006,0.0,49965.621298599006,1221.308,0.0,593.212,18350.64744629216,50.0,74.364,0.0,0.0,0.0,5554.499250000019,0.0,22951.177145108806,74352.13199721677,22951.177145108806,48795.207841400996,16.242600000005044,16.242600000005044,16.242600000005044
1437,93,95981.38888,50948.516801554004,0.0,50948.516801554004,1221.308,0.0,593.212,18364.406456930647,50.0,74.364,0.0,0.0,0.0,3702.9995000000245,0.0,21026.582121515334,52218.88765877958,21026.582121515334,45032.872078445995,12.948900000235717,12.948900000235717,12.948900000235717
1438,94,90783.74389,46755.69370008101,0.0,46755.69370008101,1221.308,0.0,593.212,18378.657877143134,28.5,74.364,0.0,0.0,0.0,1851.4997500000245,0.0,21880.508562775816,29186.773382173455,21880.508562775816,44028.05018991899,16.24260000000212,16.24260000000212,16.24260000000212
1439,95,84301.79212,49190.432843017,0.0,49190.432843017,1221.308,0.0,0.0,18389.837101320103,0.0,74.364,0.0,0.0,0.0,0.0,0.0,15425.850175662868,12949.03635515991,15425.850175662868,35111.359276983,0.0,0.0,0.0
1440,96,78912.94481,46317.930748440005,0.0,46317.930748440005,1221.308,0.0,593.212,18404.5455241581,0.0,74.364,0.0,0.0,0.0,0.0,0.0,12301.584537401919,0.0,12301.584537401919,32595.014061559996,9.730499999999978,9.730499999999978,9.730499999999978
1441,1,76065.92328,45106.422956408,0.0,45106.422956408,1221.308,0.0,593.212,18418.971663670596,3245.645659920003,74.364,0.0,0.0,0.0,7405.999,0.0,0.0,0.0,0.0,30959.500323592,16.242600000000134,16.242600000000134,16.242600000000134
1442,2,74872.85286,46543.733452417,0.0,46543.733452417,1221.308,0.0,593.212,18429.844233821572,604.3921737614004,74.364,0.0,0.0,0.0,7405.999,0.0,0.0,0.0,0.0,28329.119407583,16.242600000000337,16.242600000000337,16.242600000000337
1443,3,74392.12256,36674.706355413,0.0,36674.706355413,1221.308,0.0,593.212,18444.109355022054,9978.42384956331,74.364,0.0,0.0,0.0,7405.999,0.0,0.0,0.0,0.0,37717.416204587,17.188680000000133,17.188680000000133,17.188680000000133
1444,4,75406.17602,36539.78150082,0.0,36539.78150082,1221.308,0.0,593.212,18454.986364734545,11116.525154445344,74.364,0.0,0.0,0.0,7405.999,0.0,0.0,0.0,0.0,38866.39451918,17.188680000000122,17.188680000000122,17.188680000000122
1445,5,78769.66348,37417.214447685,0.0,37417.214447685,1221.308,0.0,593.212,18469.89484837303,13587.671183941955,74.364,0.0,0.0,0.0,7405.999,0.0,0.0,0.0,0.0,41352.449032315,17.188679999999955,17.188679999999955,17.188679999999955
1446,6,85761.51626,46176.727409751,0.0,46176.727409751,1221.308,0.0,593.212,18484.115059811513,13657.290540437256,74.364,0.0,0.0,0.0,5554.49924999999,0.0,0.0,0.0,0.0,39584.788850249,17.188679999999984,17.188679999999984,17.188679999999984
1447,7,92199.91322,53110.453808055994,1396.6462999999999,53110.453808055994,1221.308,1396.6462999999999,593.212,18495.164380224007,13605.765231720008,74.364,0.0,0.0,0.0,3702.999499999979,0.0,0.0,0.0,0.0,37692.81311194401,17.188680000000243,17.188680000000243,17.188680000000243
1448,8,94699.01588,50438.245199595,28287.314656178,48740.853275598005,941.7470000000001,28287.314656178,0.0,14803.237198224002,0.0,74.364,0.0,0.0,0.0,1851.4997499999681,0.0,0.0,0.0,0.0,17670.847948224,0.0,0.0,0.0
1449,9,94523.94785,51879.478493842,52003.846096125,33225.682550631,1029.308,48495.54886030757,0.0,11699.04443906141,0.0,74.364,0.0,0.0,0.0,0.0,0.0,0.0,0.0,0.0,12802.716439061427,0.0,0.0,0.0
1450,10,93256.65904,55377.67460005,67178.991301371,19560.627850112003,685.721,60990.507631526605,0.0,11945.438558361395,0.0,74.364,0.0,0.0,0.0,0.0,0.0,0.0,0.0,0.0,12705.523558361383,0.0,0.0,0.0
1451,11,92412.24884,59015.615193285,75496.68110190198,46144.478793201,669.9200000000001,31442.458154057993,0.0,14081.027892741005,0.0,74.364,0.0,0.0,0.0,0.0,0.0,0.0,0.0,0.0,14825.311892741007,0.0,0.0,0.0
1452,12,91082.65224,55213.071752539,78528.41975708201,55213.071752539,452.797,63446.673934837585,0.0,11970.10955262339,0.0,0.0,0.0,0.0,0.0,0.0,40000.0,0.0,38000.0,-40000.0,-27577.09344737659,0.0,0.0,0.0
1453,13,90004.98852,54910.526349326,79061.5135201135,54910.526349326,639.604,62756.909726374055,0.0,11623.584444299951,0.0,74.364,0.0,0.0,0.0,0.0,40000.0,0.0,76000.0,-40000.0,-27662.447555700055,0.0,0.0,0.0
1454,14,89076.2382,51027.130006962005,80117.25568132101,51027.130006962005,519.782,67611.7538827332,0.0,9843.208310304837,0.0,74.364,0.0,0.0,0.0,0.0,40000.0,0.0,114000.0,-40000.0,-29562.6456896952,0.0,0.0,0.0
1455,15,88211.44252,53808.324803776,76091.05055395701,42374.889953776,658.739,41258.998337098084,0.0,12265.503860704835,0.0,74.364,0.0,0.0,0.0,0.0,8421.052631578932,0.0,122000.0,-8421.052631578932,4577.554229125912,0.0,0.0,0.0
1456,16,88057.67432,53534.69774602899,68264.919545988,48991.622749514994,685.99,63635.74563234164,0.0,14669.951938143362,0.0,74.364,0.0,0.0,0.0,0.0,40000.0,0.0,160000.0,-40000.0,-24569.69406185663,0.0,0.0,0.0
1457,17,88897.44208,49130.820941219004,52599.999697604995,29175.299691194996,433.672,40997.81460618505,0.0,18290.655782619957,0.0,0.0,0.0,0.0,0.0,0.0,0.0,0.0,160000.0,0.0,18724.32778261995,0.0,0.0,0.0
1458,18,92096.55895,44755.935200612,27262.017299386003,44485.50631858168,1003.6670000000001,26461.532099386,0.0,18294.35378203233,0.0,0.0,0.0,0.0,0.0,1851.4997500000009,0.0,0.0,160000.0,0.0,21149.520532032322,0.0,0.0,0.0
1459,19,96391.86974,40025.829303502,0.0,40025.829303502,1221.308,0.0,593.212,18654.09295410682,28.499999999999996,74.364,0.0,0.0,0.0,3702.999500000008,0.0,32091.563982391184,126219.40633432507,32091.563982391184,56366.04043649799,16.242599999998177,16.242599999998177,16.242599999998177
1460,20,95411.24901,39257.995540125,0.0,39257.995540125,1221.308,0.0,593.212,18665.337537745305,50.0,74.364,0.0,0.0,0.0,5554.4992500000135,0.0,29994.532682128138,94646.21403734808,29994.532682128138,56153.253469875,16.242600000000397,16.242600000000397,16.242600000000397
1461,21,92946.97541,41842.228456269,0.0,41842.228456269,1221.308,0.0,593.212,18679.344616096285,50.0,74.364,0.0,0.0,0.0,7405.999,0.0,23080.519337633046,70350.93052405014,23080.519337633046,51104.746953731,16.242600000000206,16.242600000000206,16.242600000000206
1462,22,88809.02947,39976.437056297,0.0,39976.437056297,1221.308,0.0,593.212,18693.376677934764,50.0,74.364,0.0,0.0,0.0,7405.999,0.0,20794.332735766533,48462.15922324327,20794.332735766533,48832.592413702994,16.242599999999946,16.242599999999946,16.242599999999946
1463,23,83603.82064,39843.537143808004,0.0,39843.537143808004,1221.308,0.0,593.212,18705.147972034767,50.0,74.364,0.0,0.0,0.0,5554.499250000004,0.0,17561.752274158705,29976.104197813052,17561.752274158705,43760.283496192,16.24260000000033,16.24260000000033,16.24260000000033
1464,24,79154.21694,42813.014655071,0.0,42813.014655071,1221.308,0.0,593.212,18719.626571685738,28.5,74.364,0.0,0.0,0.0,3702.9995000000185,0.0,12001.192213241513,17343.270289137778,12001.192213241513,36341.202284929,16.242599999999946,16.242599999999946,16.242599999999946
1465,25,75691.57738,51767.098688401,0.0,51767.098688401,1221.308,0.0,169.95,18733.38381043623,0.0,74.364,0.0,0.0,0.0,1851.4997500000104,0.0,1873.9731311627631,15370.666993176974,1873.9731311627631,23924.478691599004,6.320000000000231,6.320000000000231,6.320000000000231
1466,26,73909.02467,56145.522602614,0.0,56145.522602614015,1105.8310000000001,0.0,0.0,18744.682885176127,0.0,74.364,0.0,0.0,0.0,0.0,2161.3758177906393,0.0,17423.97402007808,-2161.3758177906393,17763.502067385984,0.0,0.0,0.0
1467,27,73287.55025,62521.079350333996,0.0,54097.842770650794,844.662,0.0,0.0,18270.6814793492,0.0,74.364,0.0,0.0,0.0,0.0,0.0,0.0,17423.97402007808,0.0,19189.707479349207,0.0,0.0,0.0
1468,28,73344.04835,60951.224553048,0.0,46655.153387652186,796.133,0.0,0.0,16070.756781187694,0.0,0.0,0.0,0.0,0.0,0.0,0.0,9822.005181160108,7085.021197804284,9822.005181160108,26688.89496234781,0.0,0.0,0.0
1469,29,74373.61194,61776.49150495,0.0,61776.49150495,783.2610000000001,0.0,0.0,18784.74933862617,0.0,74.364,0.0,0.0,0.0,0.0,7045.253903576179,0.0,13778.012406201655,-7045.253903576179,12597.120435050005,0.0,0.0,0.0
1470,30,77200.79366,59003.933005456005,0.0,59003.933005456005,1221.308,0.0,0.0,16901.188654543996,0.0,74.364,0.0,0.0,0.0,0.0,0.0,0.0,13778.012406201655,0.0,18196.86065454399,0.0,0.0,0.0
1471,31,80079.13084,62757.37775064,2086.1124,59129.93975313379,536.801,2086.1124,0.0,18251.91368686621,0.0,74.364,0.0,0.0,0.0,0.0,0.0,0.0,13778.012406201655,0.0,18863.07868686621,0.0,0.0,0.0
1472,32,82475.39779,58607.48070787199,30177.809709662997,38908.903156739994,1024.243,24305.226509663,0.0,18162.661123597005,0.0,74.364,0.0,0.0,0.0,0.0,0.0,0.0,13778.012406201655,0.0,19261.26812359701,0.0,0.0,0.0
1473,33,84471.80061,54408.254543783,53461.110561335,28065.784745127996,99.399,40545.96291806767,0.0,15760.653946804581,0.0,0.0,0.0,0.0,0.0,0.0,0.0,0.0,13778.012406201888,0.0,15860.052946804339,0.0,0.0,0.0
1474,34,84955.90073,51797.988550719005,68376.726486661,36879.01276189288,223.614,35486.533145963505,0.0,12366.740822092372,0.0,0.0,0.0,0.0,0.0,0.0,0.0,0.0,13778.012406201422,0.0,12590.354822143607,0.0,0.0,0.0
1475,35,84413.2707,53946.704408762,76225.99625735801,36751.06080279998,487.51300000000003,71823.058107358,0.0,15351.638789842007,0.0,0.0,0.0,0.0,0.0,0.0,40000.0,0.0,51778.01240620142,-40000.0,-24160.84821015798,0.0,0.0,0.0
1476,36,83115.84534,49599.17530302401,78763.726761681,25655.374202504,596.832,44170.46738551501,0.0,12693.171751980995,0.0,0.0,0.0,0.0,0.0,0.0,0.0,0.0,51778.01240620142,0.0,13290.003751980992,0.0,0.0,0.0
1477,37,81396.37088,49065.281209936,79287.071944559,37566.231359866,249.255,31233.145197834077,0.0,12347.73932229992,0.0,0.0,0.0,0.0,0.0,0.0,0.0,0.0,51778.01240620142,0.0,12596.994322299928,0.0,0.0,0.0
1478,38,79917.77232,51793.801099685,80620.858848012,25386.633500019,332.03499999999997,40801.3210926895,0.0,13397.782727291507,0.0,0.0,0.0,0.0,0.0,0.0,0.0,0.0,51778.01240620142,0.0,13729.817727291505,0.0,0.0,0.0
1479,39,78839.05671,52826.550358308,76714.985941883,24779.291158308,673.499,41395.586935468586,0.0,11990.679616223404,0.0,0.0,0.0,0.0,0.0,0.0,0.0,0.0,51778.01240620142,0.0,12664.17861622342,0.0,0.0,0.0
1480,40,78986.35331,55340.929989388,68568.6969887115,46782.029140065235,208.47100000000003,56325.360044434994,0.0,15596.1291255,0.0,74.364,0.0,0.0,0.0,0.0,40000.0,0.0,89778.0124062016,-40000.0,-24121.035874500223,0.0,0.0,0.0
1481,41,80392.95267,47297.434204442005,52745.114810171,47297.434204442005,1221.308,52745.114810171,0.0,18943.523112508992,0.0,74.364,0.0,0.0,0.0,0.0,39888.79145712401,0.0,127672.36429046985,-39888.79145712401,-19649.596344613004,0.0,0.0,0.0
1482,42,84282.68116,45405.068755981,26815.558095773504,45405.06875598643,1221.308,26815.558095773504,0.0,18954.71205292148,0.0,74.364,0.0,0.0,0.0,1851.4997500000077,10039.829494681879,0.0,137210.20231041766,-10039.829494681879,12062.054308240058,0.0,0.0,0.0
1483,43,89184.61455,41246.098609456,0.0,41246.098609456,1221.308,0.0,593.212,18968.914401772457,28.5,74.364,0.0,0.0,0.0,3702.999499993109,0.0,23349.21803876997,112632.07805908086,23349.21803876997,47938.515940544,16.242600000000525,16.242600000000525,16.242600000000525
1484,44,88710.61,40068.969047280996,0.0,40068.969047280996,1221.308,0.0,593.212,18982.869012710944,50.0,74.364,0.0,0.0,0.0,5554.499249993096,0.0,22165.388690014966,89300.08996432826,22165.388690014966,48641.640952719004,16.24260000000023,16.24260000000023,16.24260000000023
1485,45,86404.9163,43002.651902111,0.0,43002.651902111,1221.308,0.0,593.212,18994.71775771094,50.0,74.364,0.0,0.0,0.0,5554.49925,0.0,16914.16339017806,71495.70744835136,16914.16339017806,43402.264397889,16.242600000000124,16.242600000000124,16.242600000000124
1486,46,82734.48813,45445.54930590699,0.0,45445.54930590699,1221.308,0.0,593.212,19008.922130249426,28.499999999999996,74.364,0.0,0.0,0.0,3702.9995,0.0,12659.633193843587,58169.77777062127,12659.633193843587,37288.938824093006,16.24260000000014,16.24260000000014,16.24260000000014
1487,47,78361.25897,49497.082553745,0.0,49497.082553745,1221.308,0.0,169.95,19019.8283105004,0.0,74.364,0.0,0.0,0.0,1851.499749999999,0.0,6527.2263557545975,51299.01318561644,6527.2263557545975,28864.176416254995,6.319999999999929,6.319999999999929,6.319999999999929
1488,48,74303.60291,51280.64359752,0.0,51280.64359752,1221.3079999998681,0.0,0.0,19034.17379951289,0.0,74.364,0.0,0.0,0.0,0.0,0.0,2693.113512967243,48464.15685617724,2693.113512967243,23022.95931248,0.11680000000005286,0.11680000000005286,0.11680000000005286
1489,49,71747.24824,52769.880640981,0.0,51472.001849049215,1152.603,0.0,0.0,19048.279390951375,0.0,74.364,0.0,0.0,0.0,0.0,0.0,0.0,48464.15685617779,0.0,20275.246390950786,0.0,0.0,0.0
1490,50,70123.85805,57035.134047047,0.0,57035.134047047,1221.308,0.0,0.0,19039.15721770374,0.0,74.364,0.0,0.0,0.0,0.0,7246.105214750741,0.0,55347.956810191,-7246.105214750741,13088.724002952993,0.0,0.0,0.0
1491,51,69281.01274,56246.577141744994,0.0,56246.577141744994,1221.308,0.0,0.0,19074.100564202352,0.0,74.364,0.0,0.0,0.0,0.0,7335.336965947357,0.0,62316.52692784098,-7335.336965947357,13034.435598255011,0.0,0.0,0.0
1492,52,69334.98792,50735.671898971006,0.0,49868.39185668365,602.835,0.0,0.0,18863.761063317437,0.0,0.0,0.0,0.0,0.0,0.0,0.0,0.0,62316.526927842126,0.0,19466.59606331635,0.0,0.0,0.0
1493,53,70038.89255,54651.548001635994,0.0,50082.0658413082,802.3860000000001,0.0,0.0,19080.076708691813,0.0,74.364,0.0,0.0,0.0,0.0,0.0,0.0,62316.526927842126,0.0,19956.826708691806,0.0,0.0,0.0
1494,54,72157.28105,51184.57640535101,0.0,51184.57640535101,1221.308,0.0,26.917,19113.4546253043,0.0,74.364,0.0,0.0,0.0,0.0,0.0,536.661019344705,61751.6205916898,536.661019344705,20972.704644649,5.322999999999816,5.322999999999816,5.322999999999816
1495,55,74372.18632,50075.465007786996,2275.0772,50075.465007786996,1221.308,2275.0772,593.2119999982951,19124.73041044279,0.0,74.364,0.0,0.0,0.0,0.0,0.0,1008.0297017681658,60690.53669508559,1008.0297017681658,22021.644112212998,9.730499999999795,9.730499999999795,9.730499999999795
1496,56,76517.12458,49824.487953236996,31244.055429762502,48706.80797476254,874.4010000000001,30856.8711797625,0.0,19032.476656570358,0.0,74.364,0.0,0.0,0.0,0.0,23027.796231095417,0.0,82566.94311463289,-23027.796231095417,-3046.5545745250347,0.0,0.0,0.0
1497,57,78293.65949,41962.268042368,54360.726966586,36988.248392126,783.2659999999987,25212.897723665195,0.0,15309.247374208815,0.0,0.0,0.0,0.0,0.0,0.0,0.0,0.0,82566.94311463289,0.0,16092.513374208811,0.0,0.0,0.0
1498,58,79204.10603,34224.094743674,69211.9400612955,13491.17075,1057.085,50900.2624245912,0.0,13755.587855408792,0.0,0.0,0.0,0.0,0.0,0.0,0.0,0.0,82566.94311463289,0.0,14812.67285540879,0.0,0.0,0.0
1499,59,79464.71639,29314.224796194005,76629.5175404075,12483.932850000001,0.0,56887.37339898909,0.0,10093.410141008813,0.0,0.0,0.0,0.0,0.0,0.0,0.0,0.0,82566.94311463065,0.0,10093.410141010914,0.0,0.0,0.0
1500,60,79077.69086,27465.823547337,78944.65226272799,21647.821000000004,597.752,45039.97257497669,0.0,11717.781285023304,0.0,74.364,0.0,0.0,0.0,0.0,0.0,0.0,82566.94311463032,0.0,12389.897285023311,0.0,0.0,0.0
1501,61,78410.91919,28806.885194046998,79465.4913291385,15918.098679097317,33.21,51414.7433423685,0.0,11044.86716853417,0.0,0.0,0.0,0.0,0.0,0.0,0.0,0.0,82566.94311463073,0.0,11078.077168534182,0.0,0.0,0.0
1502,62,77687.8168,32894.982207089,80852.212689544,32894.982206997,692.231,72395.47891788771,0.0,11705.1246750233,0.0,0.0,0.0,0.0,0.0,0.0,40000.0,0.0,120566.9431146309,-40000.0,-27602.644324884714,0.0,0.0,0.0
1503,63,77423.46987,32231.738738904998,76821.48435206199,32209.353638905,1029.308,71528.44164297136,0.0,12582.002588123634,0.0,74.364,0.0,0.0,0.0,0.0,40000.0,0.0,158566.94311463094,-40000.0,-26314.325411876358,0.0,0.0,0.0
1504,64,77880.61291,26537.289749721996,68876.197821115,23207.09094981714,723.845,39434.40441125,0.0,15949.389480900254,0.0,74.364,0.0,0.0,0.0,0.0,1508.4809319674096,0.0,160000.0,-1508.4809319674096,15239.11754893286,0.0,0.0,0.0
1505,65,79569.15729,22311.003193255005,53229.58040396549,20832.288593398996,489.87399999999997,37236.02955986486,0.0,19159.46538673614,0.0,0.0,0.0,0.0,0.0,1851.499749999999,0.0,0.0,160000.0,0.0,21500.839136736147,0.0,0.0,0.0
1506,66,83952.56465,24426.11470353,27366.092855328003,23064.710662428028,1221.308,27366.092855328003,0.0,19269.52495795261,21.5,74.364,0.0,0.0,0.0,3702.999499999987,0.0,9232.064674391057,150282.03718485154,9232.064674391057,33521.76113224397,3.665709159307584e-7,3.665709159307584e-7,3.665709159307584e-7
1507,67,89722.40317,26300.717601158,2.7871,26300.717601158,1221.308,2.7871,593.212,19283.784913525604,17392.02416000001,74.364,448.7680000000023,257.0,0.0,5554.4992499999735,0.0,18593.938145316402,130709.4707160974,18593.938145316402,63418.898468842,35.32344000002165,35.32344000002165,35.32344000002165
1508,68,89501.3132,29225.929950877995,0.0,29225.929950877995,1221.308,0.0,593.212,19298.242154325602,50.0,74.364,0.0,0.0,0.0,7405.999,0.0,31632.258094796405,97412.35693210119,31632.258094796405,60275.38324912201,16.242600000000444,16.242600000000444,16.242600000000444
1509,69,86606.90441,36148.143340793,0.0,36148.143340793,1221.308,0.0,593.212,19309.59369647658,50.0,74.364,0.0,0.0,0.0,7405.999,0.0,21804.284372730413,74460.47864501656,21804.284372730413,50458.761069207,16.2426000000002,16.2426000000002,16.2426000000002
1510,70,81524.63792,38324.384790895,0.0,38324.384790895,1221.308,0.0,593.212,19323.423037115066,50.0,74.364,0.0,0.0,0.0,7405.999,0.0,14531.94709199313,59163.69223239203,14531.94709199313,43200.253129104996,16.242599999999676,16.242599999999676,16.242599999999676
1511,71,75942.92291,40282.702108342004,0.0,40282.702108342004,1221.308,0.0,593.212,19337.745236527553,50.0,74.364,0.0,0.0,0.0,7405.999,0.0,6977.592565094784,51818.857953305596,6977.592565094784,35660.22080165799,16.24259999999997,16.24259999999997,16.24259999999997
1512,72,71281.83601,40272.803598697,0.0,40272.803598697,1221.308,0.0,593.212,19348.674706378526,50.0,74.364,0.0,0.0,0.0,5554.499250000022,0.0,4166.974454922777,47432.56905338356,4166.974454922777,31009.032411303,16.242599999999687,16.242599999999687,16.242599999999687
1513,73,68949.07515,39510.09525202,0.0,39510.09525202,1221.308,0.0,593.212,19362.879078917013,28.5,74.364,0.0,0.0,0.0,3702.9995000000126,0.0,4455.71731902765,42742.34029651203,4455.71731902765,29438.979897980003,16.242600000000227,16.242600000000227,16.242600000000227
1514,74,67744.27702,44371.32460267,0.0,44371.32460267,1221.308,0.0,0.0,19374.960881862004,0.0,74.364,0.0,0.0,0.0,1851.4997500000031,0.0,850.8197854677867,41846.74052233521,850.8197854677867,23372.952417329994,0.0,0.0,0.0
1515,75,67539.40847,46012.888446401,0.0,46012.888446401,1221.308,0.0,0.0,19388.851232667985,0.0,74.364,0.0,0.0,0.0,0.0,0.0,841.9967909304323,40960.42811082949,841.9967909304323,21526.520023598998,0.0,0.0,0.0
1516,76,68701.0267,43117.144459505995,0.0,43117.144459505995,1221.308,0.0,593.212,19403.196714406473,21.5,74.364,0.0,0.0,0.0,1851.4997500000031,0.0,2418.801776087534,38414.32097810577,2418.801776087534,25583.882240494007,9.655200000001742,9.655200000001742,9.655200000001742
1517,77,72266.756,42051.053059862,0.0,42051.053059862,1221.308,0.0,593.212,19414.07372411896,50.0,74.364,0.0,0.0,0.0,3702.9995000000126,0.0,5159.745716019021,32983.00969808575,5159.745716019021,30215.70294013799,16.2425999999999,16.2425999999999,16.2425999999999
1518,78,79473.41385,39395.466497411,0.0,39395.466497411,1221.308,0.0,593.212,19428.307274469935,50.0,74.364,0.0,0.0,0.0,5554.499250000025,0.0,13156.25682811729,19134.31830006536,13156.25682811729,40077.947352589,16.242599999999857,16.242599999999857,16.242599999999857
1519,79,85756.76652,40854.405895321,2488.4147500000004,40854.405895321,1221.308,2488.4147500000004,593.212,19442.13661510842,28.5,74.364,0.0,0.0,0.0,3702.999499999976,0.0,17351.425759568832,869.6596057826085,17351.425759568832,42413.945874679004,16.24260000000017,16.24260000000017,16.24260000000017
1520,80,88624.55083,39589.718004792994,25437.282710101998,39589.718004792994,1221.308,25437.282710101998,169.9499999977449,19454.251739608415,0.0,74.364,0.0,0.0,0.0,1851.4997499999686,0.0,826.1766254936322,0.0,826.1766254936322,23597.550115105,6.320000000000152,6.320000000000152,6.320000000000152
1521,81,89292.33268,37327.498602777996,44542.940277961,37019.282699947995,1168.4080000000004,31893.72583322684,0.0,19136.552146825197,0.0,74.364,0.0,0.0,0.0,0.0,0.0,0.0,0.0,0.0,20379.324146825173,0.0,0.0,0.0
1522,82,89550.70224,41683.037349301005,56944.20045131601,34725.019779282025,1152.872,34225.5915498435,0.0,19372.85491087448,0.0,74.364,0.0,0.0,0.0,0.0,0.0,0.0,0.0,0.0,20600.090910874475,0.0,0.0,0.0
1523,83,89808.37089,43620.315149832,62814.771599454,41467.86647163042,1031.267,47676.493195007504,0.0,19374.476571086965,0.0,74.364,0.0,0.0,0.0,0.0,19816.096347724877,0.0,18825.291530338633,-19816.096347724877,664.0112233620821,0.0,0.0,0.0
1524,84,89572.05626,48359.627303383,66725.2677972675,17931.48965,444.175,52827.80890912357,0.0,18294.218700876427,0.0,74.364,0.0,0.0,0.0,0.0,0.0,0.0,18825.291530338633,0.0,18812.757700876427,0.0,0.0,0.0
1525,85,89363.21058,47258.953944337,66447.4317092485,5499.7854052515,90.465,65101.05635924849,0.0,18597.539815499997,0.0,74.364,0.0,0.0,0.0,0.0,0.0,0.0,18825.291530338633,0.0,18762.368815500005,0.0,0.0,0.0
1526,86,89033.45622,47024.488309528,64271.101752734496,45852.695655538,88.21799999999999,25251.466250562,0.0,17841.07631389999,0.0,0.0,0.0,0.0,0.0,0.0,0.0,0.0,18825.291530338625,0.0,17929.29431389999,0.0,0.0,0.0
1527,87,88488.63747,45936.821347961,60422.98710727199,45936.821347961,1221.308,60422.98710727199,0.0,16982.905007823396,0.0,74.364,0.0,0.0,0.0,0.0,36149.74799305637,0.0,53167.55212374218,-36149.74799305637,-17871.170985232988,0.0,0.0,0.0
1528,88,88121.61729,49737.478047585006,53856.325694096,29696.095047584997,433.52899999999994,39947.097983991574,0.0,17970.531258423398,0.0,74.364,0.0,0.0,0.0,0.0,0.0,0.0,53167.55212374218,0.0,18478.424258423423,0.0,0.0,0.0
1529,89,88824.74544,55224.513542338005,41767.71294945099,49458.12009588213,115.477,23588.274844101,0.0,15662.873500016853,0.0,0.0,0.0,0.0,0.0,0.0,0.0,0.0,53167.55212374218,0.0,15778.35050001687,0.0,0.0,0.0
1530,90,92411.65911,54196.910394859,18247.919343488,54196.91039485899,1221.308,18247.919343488,0.0,19459.407366406063,0.0,74.364,0.0,0.0,0.0,0.0,788.2499947530316,0.0,53916.38961875756,-788.2499947530316,19966.829371653002,0.0,0.0,0.0
1531,91,97426.29162,51411.266893356005,5.5742,51411.266893356005,1221.308,5.5742,593.212,19598.960753678744,28.499999999999996,74.364,0.0,0.0,0.0,1851.4997500000086,0.0,22641.606022965243,30083.120120901818,22641.606022965243,46009.450526643996,16.242599999999747,16.242599999999747,16.242599999999747
1532,92,96544.52821,54016.290202241995,0.0,54016.290202241995,1221.308,0.0,593.212,19613.16513349124,50.0,74.364,0.0,0.0,0.0,3702.9995000000085,0.0,17273.1893742652,11900.815516412811,17273.1893742652,42528.23800775801,16.242599999999868,16.242599999999868,16.242599999999868
1533,93,93151.79798,58453.097353476,0.0,58453.097353476,1221.308,0.0,593.212,19624.04213592972,28.499999999999996,74.364,0.0,0.0,0.0,1851.499749999999,0.0,11305.774740594281,0.0,11305.774740594281,34698.700626524005,16.167299999999955,16.167299999999955,16.167299999999955
1534,94,86998.13512,67279.86834882999,0.0,67240.68359562999,1221.308,0.0,0.0,18461.779524370002,0.0,74.364,0.0,0.0,0.0,0.0,0.0,0.0,0.0,0.0,19757.451524370015,0.0,0.0,0.0
1535,95,80193.48149,66951.842203185,0.0,63848.46747003002,1221.308,0.0,0.0,15049.342019970001,0.0,74.364,0.0,0.0,0.0,0.0,0.0,0.0,0.0,0.0,16345.014019969989,0.0,0.0,0.0
1536,96,75003.21819,66863.85050419299,0.0,61281.299003443,0.0,0.0,0.0,15232.33438088967,0.0,74.364,0.0,0.0,0.0,0.0,1584.779194332671,0.0,1505.5402346107314,-1584.779194332671,13721.919186557003,0.0,0.0,0.0
1537,1,72317.46159,68267.623306087,0.0,68267.623306087,1142.7670000000003,0.0,0.0,13198.81624438682,0.0,74.364,0.0,0.0,0.0,0.0,10366.10896047382,0.0,9847.803512450131,-10366.10896047382,4049.8382839130063,0.0,0.0,0.0
1538,2,70839.25586,73649.54470202199,0.0,54928.00932810011,0.0,0.0,0.0,15911.246531899898,0.0,0.0,0.0,0.0,0.0,0.0,0.0,0.0,9847.803512450131,0.0,15911.246531899895,0.0,0.0,0.0
1539,3,70379.56064,74268.594655898,0.0,46750.84080198327,608.7760000000001,0.0,0.0,13664.53050118911,0.0,0.0,0.0,0.0,0.0,0.0,0.0,9355.413336827625,0.0,9355.413336827625,23628.719838016725,0.0,0.0,0.0
1540,4,71450.39408,68605.825340115,0.0,67552.1983442533,1221.308,0.0,0.0,16528.493405384546,0.0,74.364,0.0,0.0,0.0,0.0,13925.969669637838,0.0,13229.671186156396,-13925.969669637838,3898.1957357467036,0.0,0.0,0.0
1541,5,74968.19344,69811.726395073,0.0,69811.726395073,1221.308,0.0,0.0,19728.996703284596,0.0,74.364,0.0,0.0,0.0,0.0,15868.201658357617,0.0,28304.462761596136,-15868.201658357617,5156.467044927005,0.0,0.0,0.0
1542,6,81902.97864,67513.89200624,0.0,65457.395305205006,1221.308,0.0,0.0,19054.551353023082,0.0,74.364,0.0,0.0,0.0,0.0,3904.640018228236,0.0,32013.87077891296,-3904.640018228236,16445.583334794996,0.0,0.0,0.0
1543,7,88624.65133,47262.527460776,1110.1992500000001,47262.527460776,1221.308,1110.1992500000001,593.212,19757.635027023087,28.5,74.364,0.0,0.0,0.0,1851.4997500001327,0.0,16725.40584220077,14408.180418701624,16725.40584220077,40251.924619223995,16.242600000000674,16.242600000000674,16.242600000000674
1544,8,91236.22857,63048.675200221,28200.0680927445,63048.675200221,1184.4859999999999,27448.210792744496,0.0,19769.00240807406,0.0,74.364,0.0,0.0,0.0,0.0,20288.50983103955,0.0,33682.2647581892,-20288.50983103955,739.3425770345129,0.0,0.0,0.0
1545,9,91384.99751,61930.02560722199,50922.825595336995,38494.709107222,497.055,35105.17464689994,0.0,17288.058755878305,0.0,0.0,0.0,0.0,0.0,0.0,0.0,0.0,33682.26475818947,0.0,17785.11375587806,0.0,0.0,0.0
1546,10,90947.68421,62575.903249161005,65158.682612031495,51665.320121935925,826.0390000000001,32818.9511999015,0.0,14058.426519740984,0.0,0.0,0.0,0.0,0.0,0.0,8421.05263157843,0.0,41682.264758188976,-8421.05263157843,6463.41288816258,0.0,0.0,0.0
1547,11,90560.47472,57247.820697185,70827.79625314749,52631.85684568987,505.697,66165.4075031475,0.0,11257.513371162626,0.0,0.0,0.0,0.0,0.0,0.0,40000.0,0.0,79682.26475818898,-40000.0,-28236.789628837367,0.0,0.0,0.0
1548,12,89733.72703,56433.88449634601,72313.862553124,32908.499847234,0.0,44093.651889966015,0.0,12657.211292799982,0.0,74.364,0.0,0.0,0.0,0.0,0.0,0.0,79682.26475818898,0.0,12731.575292799978,0.0,0.0,0.0
1549,13,89141.72688,60838.94919547901,72090.589251085,49864.246895403,0.0,68780.0713419344,0.0,10497.408642662609,0.0,0.0,0.0,0.0,0.0,0.0,40000.0,0.0,117682.26475818898,-40000.0,-29502.59135733739,0.0,0.0,0.0
1550,14,88541.72619,58203.888740881,70950.80621952799,27984.313966674374,0.0,47834.012065863004,0.0,12723.400157462622,0.0,0.0,0.0,0.0,0.0,0.0,0.0,0.0,117682.26475818898,0.0,12723.400157462624,0.0,0.0,0.0
1551,15,87533.76693,63580.11049808699,69734.4896468695,28336.517072699462,88.21799999999999,43427.4923452075,0.0,15607.175512093034,0.0,74.364,0.0,0.0,0.0,0.0,0.0,0.0,117682.26475818898,0.0,15769.757512093034,0.0,0.0,0.0
1552,16,87437.63355,63462.368249267,65290.477248147494,50495.587054782554,354.48999999999995,21486.5746006475,0.0,15026.617894569932,0.0,74.364,0.0,0.0,0.0,0.0,0.0,0.0,117682.26475818898,0.0,15455.471894569946,0.0,0.0,0.0
1553,17,88600.03842,64752.646494679,50549.303508252,41103.122545094,127.287,48316.15804482306,0.0,18469.226327336502,0.0,0.0,0.0,0.0,0.0,0.0,19415.75549708707,0.0,136127.2324804217,-19415.75549708707,-819.2421699170591,0.0,0.0,0.0
1554,18,92703.70369,66651.311404098,26489.8824968595,66651.311404098,1221.308,26489.8824968595,0.0,19673.65930595921,0.0,74.364,0.0,0.0,0.0,0.0,21406.82151691686,0.0,156463.7129214927,-21406.82151691686,-437.49021095750504,0.0,0.0,0.0
1555,19,98313.86435,62375.695754827,4.18065,62375.695754827,1221.308,4.18065,593.212,19913.7205395717,28.5,74.364,0.0,0.0,0.0,1851.4997500000009,0.0,12251.383655601268,143567.51959980716,12251.383655601268,35933.987945173,16.242600000000504,16.242600000000504,16.242600000000504
1556,20,98197.85289,59427.737152463,0.0,59427.737152463,1221.308,0.0,593.212,19927.883941556873,50.0,74.364,0.0,0.0,0.0,3702.9995000000117,0.0,13200.348295980133,129672.41613035438,13200.348295980133,38770.115737536995,16.242599999549803,16.242599999549803,16.242599999549803
1557,21,95494.00592,63280.539349041,0.0,63280.539349041,1221.308,0.0,593.212,19938.957005495362,28.499999999999996,74.364,0.0,0.0,0.0,1851.4997500000118,0.0,8505.625815463602,120719.12579828744,8505.625815463602,32213.466570958997,16.167300000450513,16.167300000450513,16.167300000450513
1558,22,89802.12158,66780.495096586,0.0,66780.495096586,1221.308,0.0,0.0,19953.130183807854,0.0,74.364,0.0,0.0,0.0,0.0,0.0,1772.8242996060872,118852.99495659681,1772.8242996060872,23021.626483414002,0.0,0.0,0.0
1559,23,82917.24688,65101.686545920005,0.0,65101.68654592152,1221.308,0.0,0.0,19967.137254884816,0.0,74.364,0.0,0.0,0.0,0.0,3447.2489208067327,0.0,122127.8814313632,-3447.2489208067327,17815.560334078487,0.0,0.0,0.0
1560,24,77667.74097,62924.682053287004,0.0,62924.68205328699,1221.308,0.0,0.0,19978.938959484818,0.0,74.364,0.0,0.0,0.0,0.0,6531.552042771819,0.0,128332.85587199645,-6531.552042771819,14743.05891671301,0.0,0.0,0.0
1561,25,74688.83229,57208.506246584,0.0,57208.506246584,1221.307999999999,0.0,0.0,19907.06149446311,0.0,74.364,0.0,0.0,0.0,0.0,3722.407451047102,0.0,131869.1429504912,-3722.407451047102,17480.326043416004,0.0,0.0,0.0
1562,26,73338.88862,46888.124594363,0.0,46888.124594363,1221.308,0.0,593.212,20007.323557501593,0.0,74.364,0.0,0.0,0.0,0.0,0.0,4554.556468135409,127074.87298403287,4554.556468135409,26450.764025637,9.730500000232926,9.730500000232926,9.730500000232926
1563,27,73267.49057,43814.823302291,0.0,43814.823302291,1221.308,0.0,593.212,20018.502788952574,0.0,74.364,0.0,0.0,0.0,0.0,0.0,7545.280478756427,119132.47248007874,7545.280478756427,29452.667267708995,9.73050000000022,9.73050000000022,9.73050000000022
1564,28,74492.54065,43622.721144968,0.0,43622.721144968,1221.308,0.0,593.212,20032.536279899254,0.0,74.364,0.0,0.0,0.0,0.0,0.0,8948.399225132738,109713.10487467586,8948.399225132738,30869.819505031992,9.7305,9.7305,9.7305
1565,29,78428.21256,43425.253003863996,0.0,43425.253003863996,1221.308,0.0,0.0,20043.686794737736,0.0,74.364,0.0,0.0,0.0,0.0,0.0,13663.600761398258,95330.36723109875,13663.600761398258,35002.959556136004,3.218399999996983,3.218399999996983,3.218399999996983
1566,30,86083.2585,42430.346989461,0.0,42430.346989461,1221.308,0.0,593.212,20058.368806376227,28.499999999999996,74.364,0.0,0.0,0.0,1851.4997499999877,0.0,19825.658954162805,74461.25254250632,19825.658954162805,43652.911510538994,16.242600000002533,16.242600000002533,16.242600000002533
1567,31,92872.37843,38196.14064326,2085.2877,38196.14064326,1221.308,2085.2877,593.212,20072.541984688716,50.0,74.364,0.0,0.0,0.0,3702.9995000000026,0.0,26876.52460205128,46170.17401403129,26876.52460205128,52590.95008674,16.242600000001275,16.242600000001275,16.242600000001275
1568,32,95520.27558,31837.749309416995,30392.7395935115,31837.749309416995,1221.308,30392.7395935115,593.212,20083.901806693004,28.5,74.364,0.0,0.0,0.0,1851.499749999999,0.0,9437.001120378482,36236.4886241592,9437.001120378482,33289.78667707151,12.948899999995415,12.948899999995415,12.948899999995415
1569,33,94265.52808,23141.474148563,53551.308676539,23097.82578616774,618.4730000000001,50615.574411988295,0.0,19859.290881843976,0.0,74.364,0.0,0.0,0.0,0.0,0.0,0.0,36236.4886241592,0.0,20552.127881843968,0.0,0.0,0.0
1570,34,92630.06485,25069.05245973,69108.21834067549,25069.05245973,1221.308,69108.21834067549,0.0,20111.964697682455,0.0,74.364,0.0,0.0,0.0,0.0,22954.842648088124,0.0,58043.58913984292,-22954.842648088124,-1547.2059504054923,0.0,0.0,0.0
1571,35,91153.26344,22703.14175265,76513.40728734399,22703.141752649997,1023.1800000000001,76513.40728734399,0.0,20123.68895138246,0.0,74.364,0.0,0.0,0.0,0.0,29284.51855137659,0.0,85863.88176365069,-29284.51855137659,-8063.285599993993,0.0,0.0,0.0
1572,36,89498.80571,21743.993846291003,75606.7374967015,15315.446329389495,543.439,70126.6470967015,0.0,19930.862223433436,0.0,74.364,0.0,0.0,0.0,0.0,16491.952939524428,0.0,101531.2370561989,-16491.952939524428,4056.7122839090007,0.0,0.0,0.0
1573,37,88095.39183,22412.275597729997,76007.75376061849,22412.275597730004,1221.308,76007.7537606188,0.0,20149.01949338273,0.0,74.364,0.0,0.0,0.0,0.0,31769.32902173184,0.0,131712.09962684414,-31769.32902173184,-10324.637528348801,0.0,0.0,0.0
1574,38,87006.15055,16992.692103563004,77450.5129659655,13259.964304073002,1093.9621033978901,52521.1322541105,0.0,20131.091888418614,0.0,0.0,0.0,0.0,0.0,0.0,0.0,0.0,131712.09962684414,0.0,21225.05399181651,0.0,0.0,0.0
1575,39,86047.31561,17909.038350726998,76532.6470207425,13599.072250355,749.6938670863384,51640.5310597125,0.0,19983.654432846186,0.0,74.364,0.0,0.0,0.0,0.0,0.0,0.0,131712.09962684414,0.0,20807.7122999325,0.0,0.0,0.0
1576,40,86078.6726,15637.277396444002,68650.828972518,15637.277396444,1221.308,68650.828972518,0.0,20188.434294473867,0.0,74.364,0.0,0.0,0.0,1851.4997499999681,21545.039813435924,0.0,152179.88744960827,-21545.039813435924,1790.566231038014,0.0,0.0,0.0
1577,41,87453.21349,17180.291605163,53302.6574883255,17180.291605163,1221.308,53302.65748832785,0.0,20203.29031797387,0.0,74.364,0.0,0.0,0.0,3702.999499999979,8231.697421464967,0.0,160000.0,-8231.697421464967,16970.26439650914,0.0,0.0,0.0
1578,42,91620.83434,20527.094902984,28909.772905317004,20527.094902984,1221.308,28909.772905317004,593.212,20217.344436724845,7088.965839999965,74.364,0.0,0.0,0.0,5554.499249999986,0.0,7434.273004974166,152174.44946844823,7434.273004974166,42183.966531699,15.570159999761096,15.570159999761096,15.570159999761096
1579,43,97671.47995,17829.889897973,16.37855,17829.889897973,1221.308,16.37855,593.212,20228.471208037336,24452.49,74.364,448.7680000000013,257.0,0.0,7405.999,0.0,25143.599293989624,125707.502843196,25143.599293989624,79825.211502027,35.45800000000002,35.45800000000002,35.45800000000002
1580,44,97764.09973,17065.245394676,0.0,17065.245394676,1221.308,0.0,593.212,20242.425818975822,25028.690000000002,74.364,701.2,257.0,0.0,7405.999,0.0,25174.655516348135,99207.86545756638,25174.655516348135,80698.854335324,35.458000000815076,35.458000000815076,35.458000000815076
1581,45,95305.99989,20242.623495756,0.0,20242.623495756,1221.308,0.0,593.212,20253.749282622506,25028.690000000002,74.364,701.2,257.0,0.0,7405.999,0.0,19527.85411162152,78652.22955059636,19527.85411162152,75063.376394244,35.45800000081326,35.45800000081326,35.45800000081326
1582,46,90006.14783,23636.763391624,0.0,23636.763391624,1221.308,0.0,593.212,20268.053155699476,25028.690000000002,74.364,469.10800000000006,257.0,0.0,7405.999,0.0,11051.650282676508,67018.91346356846,11051.650282676508,66369.384438376,35.458000002626335,35.458000002626335,35.458000002626335
1583,47,83544.3811,29370.71668847,0.0,29370.71668847,1221.308,0.0,593.212,20282.510396499474,14905.667839999973,74.364,20.339999999999996,0.0,0.0,7405.999,0.0,9670.263175030574,56839.689068799446,9670.263175030574,54173.66441153,17.18868000000009,17.18868000000009,17.18868000000009
1584,48,78515.30541,34617.685541513,0.0,34617.685541513,1221.308,0.0,593.212,20293.846936177768,7269.002,74.364,0.0,0.0,0.0,7405.999,0.0,7039.887932309234,49429.28071900025,7039.887932309234,43897.619868487,17.188680000000055,17.188680000000055,17.188680000000055
1585,49,75889.89606,34448.162099318,0.0,34448.162099318,1221.308,0.0,593.212,20307.577763728747,7269.002,74.364,0.0,0.0,0.0,7405.999,0.0,4570.271196953261,44618.46893273366,4570.271196953261,41441.733960682,17.188680000000904,17.188680000000904,17.188680000000904
1586,50,74792.89308,33368.024654516994,0.0,33368.024654516994,1221.308,0.0,593.212,20322.027185567225,7269.002,74.364,0.0,0.0,0.0,7405.999,0.0,4538.956239930454,39840.620259122654,4538.956239930454,41424.868425483,17.18868000000014,17.18868000000014,17.18868000000014
1587,51,74234.41694,35653.36899666,0.0,35653.36899666,1221.308,0.0,593.212,20333.123546379717,7269.002,74.364,0.0,0.0,0.0,7405.999,0.0,1684.0393969603192,38067.94720969074,1684.0393969603192,38581.047943339996,17.188679999763757,17.188679999763757,17.188679999763757
1588,52,75585.7567,35432.086441289,0.0,35432.086441289,1221.308,0.0,593.212,20347.184778756688,7269.002,74.364,0.0,0.0,0.0,7405.999,0.0,3242.600479954311,34654.683546580934,3242.600479954311,40153.670258711,17.188680000000083,17.188680000000083,17.188680000000083
1589,53,79579.26427,32820.267057213,0.0,32820.267057213,1221.308,0.0,593.212,20359.23766679089,7269.002,74.364,0.0,0.0,0.0,7405.999,0.0,9835.874545996103,24301.13139290083,9835.874545996103,46758.997212787,17.188680000000474,17.188680000000474,17.188680000000474
1590,54,86990.76272,36174.379798322,0.0,36174.379798322,1221.308,0.0,593.212,20359.23766679089,14329.467840509371,74.364,0.0,0.0,0.0,7405.999,0.0,6832.794414377724,17108.716219871643,6832.794414377724,50816.382921678,17.188680000000605,17.188680000000605,17.188680000000605
1591,55,93445.08561,20462.066902519,2648.673591287,20462.066902519,1221.308,2648.673591287,593.212,20359.23766679089,24452.49,74.364,448.7679995428181,257.0,0.0,7405.999,0.0,15521.966449907168,769.8041673377845,15521.966449907168,70334.34511619399,35.458000000470264,35.458000000470264,35.458000000470264
1592,56,95042.36194,21574.842048401,32256.186382626,21574.842048401,1221.308,32256.186382626,593.212,20359.23766679089,12677.39863321122,74.364,0.0,0.0,0.0,5554.49924999999,0.0,731.3139589708953,0.0,731.3139589708953,41211.333508973,16.242599999766377,16.242599999766377,16.242599999766377
1593,57,93420.13477,24212.138448755,53547.81566612349,24212.138448757596,1221.308,53547.81566612349,0.0,20359.23766679089,0.0,74.364,0.0,0.0,0.0,3702.999499999979,9697.72851167223,0.0,9212.842086088915,-9697.72851167223,15660.180655118915,0.0,0.0,0.0
1594,58,91562.06457,26717.319839957003,66526.522343842,26717.319839956996,1221.308,66526.522343842,0.0,20359.23766679453,0.0,74.364,0.0,0.0,0.0,1851.4997499999713,25188.187030593792,0.0,33141.61976515302,-25188.187030593792,-1681.7776137990004,0.0,0.0,0.0
1595,59,89736.14538,24984.568493627005,72492.66035191,20677.2170637266,1087.4009999999998,47537.9256494825,0.0,20359.23766679089,0.0,74.364,0.0,0.0,0.0,0.0,0.0,0.0,33141.619765152675,0.0,21521.002666790904,0.0,0.0,0.0
1596,60,88207.88268,24202.589707889,74570.35870967,24202.58970789079,1221.308,74570.35870966999,0.0,20359.23766679089,0.0,74.364,0.0,0.0,0.0,0.0,32219.97540435195,0.0,63750.596399287024,-32219.97540435195,-10565.065737560784,0.0,0.0,0.0
1597,61,86755.06624,21564.927002108998,74946.98223583848,21564.927002108998,1221.308,74946.98223584029,0.0,20359.23766679089,0.0,74.364,0.0,0.0,0.0,0.0,31411.752664740412,0.0,93591.76143079225,-31411.752664740412,-9756.842997949287,0.0,0.0,0.0
1598,62,85771.25025,22702.362796258,77369.8710512995,22702.362796258007,1221.3079999999927,77369.8710512995,0.0,20359.23766679089,0.0,74.364,0.0,0.0,0.0,0.0,35955.893264350445,0.0,127749.86003192517,-35955.893264350445,-14300.983597557512,0.0,0.0,0.0
1599,63,84975.83074,22408.455905793002,73096.31704390349,14619.079549655002,1120.6109999999999,60315.82528217684,0.0,20212.430173267487,0.0,74.364,0.0,0.0,0.0,0.0,11366.479265099319,0.0,138548.0153337695,-11366.479265099319,10040.925908168167,0.0,0.0,0.0
1600,64,84683.82495,17934.940755913,65823.511268065,17934.940755912998,1221.308,65823.511268065,0.0,20359.23766679089,0.0,74.364,0.0,0.0,0.0,1851.4997499999681,22581.03649076894,0.0,160000.0,-22581.03649076894,925.3729260219989,0.0,0.0,0.0
1601,65,85291.43541,13002.605409210999,50675.693902829,10415.723340380118,1221.308,49496.302902829,0.0,20359.23766679089,21.5,74.364,0.0,0.0,0.0,3702.9994999999813,0.0,0.0,160000.0,0.0,25379.409166790887,0.0,0.0,0.0
1602,66,88423.66477,10640.845946258,26091.709789892502,10640.845946258,1221.308,26091.709789892502,593.212,20359.23766679089,17392.024159999997,74.364,448.7680000000013,257.0,0.0,5554.499249999995,0.0,5790.695957058612,153904.53057151724,5790.695957058612,51691.10903384951,34.377360000233054,34.377360000233054,34.377360000233054
1603,67,93825.70913,17550.974152733997,16.9325,17550.974152733997,1221.308,16.9325,593.212,20359.23766679089,25028.690000000002,74.364,701.2,257.0,0.0,7405.999,0.0,20616.791810475097,132202.64445522768,20616.791810475097,76257.80247726601,35.45800000215661,35.45800000215661,35.45800000215661
1604,68,94102.19295,17927.053049164002,0.0,17927.053049164002,1221.308,0.0,593.212,20359.23766679089,25028.690000000002,74.364,701.2,257.0,0.0,7405.999,0.0,20534.129234045122,110587.77157728546,20534.129234045122,76175.13990083599,35.45800000259818,35.45800000259818,35.45800000259818
1605,69,91499.62822,17448.817203358998,0.0,17448.817203358998,1221.308,0.0,593.212,20359.23766679089,25028.690000000002,74.364,701.2,257.0,0.0,7405.999,0.0,18409.80034985011,91209.03436691691,18409.80034985011,74050.811016641,35.458000002589074,35.458000002589074,35.458000002589074
1606,70,86186.13735,16928.648310181998,0.0,16928.648310181998,1221.308,0.0,593.212,20359.23766679089,25028.690000000002,74.364,701.2,257.0,0.0,7405.999,0.0,13616.478373027108,76875.89923741469,13616.478373027108,69257.489039818,35.458000000819496,35.458000000819496,35.458000000819496
1607,71,79896.50487,17785.762058865002,0.0,17785.762058865002,1221.308,0.0,593.212,20359.23766679089,24452.49,74.364,448.7680000000001,257.0,0.0,7405.999,0.0,7298.36414434413,69193.41066442087,7298.36414434413,62110.742811135,34.785559985045396,34.785559985045396,34.785559985045396
1608,72,74708.51634,21601.312653950998,0.0,21601.312653950998,1221.308,0.0,593.212,20359.23766679089,7110.465844550246,74.364,0.0,0.0,0.0,7405.999,0.0,16342.61717470787,51990.65574367574,16342.61717470787,53107.203686049004,16.242600237201057,16.242600237201057,16.242600237201057
1609,73,72105.76059,27206.205807180002,0.0,27206.205807180002,1221.308,0.0,593.211999999985,20359.237666790872,7269.001999999993,74.364,0.0,0.0,0.0,7405.999,0.0,7976.432116029126,43594.411411013505,7976.432116029126,44899.55478282001,17.188680000000147,17.188680000000147,17.188680000000147
1610,74,70786.74859,30946.353042967,0.0,30946.353042967,1221.308,0.0,593.212,20359.23766679089,50.0,74.364,0.0,0.0,0.0,7405.999,0.0,10136.274880242108,32924.64837917971,10136.274880242108,39840.395547033004,16.242599999999886,16.242599999999886,16.242599999999886
1611,75,70483.15916,34435.469591825,0.0,34435.469591825,1221.308,0.0,593.212,20359.23766679089,178.04730352915067,74.364,0.0,0.0,0.0,7405.999,0.0,6215.5215978549495,26381.994065648185,6215.5215978549495,36047.689568174996,16.242600000000614,16.242600000000614,16.242600000000614
1612,76,71530.23514,36727.11119293,0.0,36727.11119293,1221.308,0.0,593.212,20359.23766679089,50.0,74.364,0.0,0.0,0.0,7405.999,0.0,5099.003280279145,21014.622191670136,5099.003280279145,34803.12394707,16.2426000000002,16.2426000000002,16.2426000000002
1613,77,74892.05922,32577.056804641998,0.0,32577.056804641998,1221.308,0.0,593.212,20359.23766679089,7269.002,74.364,0.0,0.0,0.0,7405.999,0.0,5391.879748567109,15338.959298441601,5391.879748567109,42315.002415358,17.18867999999987,17.18867999999987,17.18867999999987
1614,78,81306.19064,33735.099398797,0.0,33735.099398797,1221.308,0.0,593.212,20359.23766679089,7269.002,74.364,0.0,0.0,0.0,7405.999,0.0,10647.968574412407,4130.5713253759095,10647.968574412407,47571.091241203,17.188680000000325,17.188680000000325,17.188680000000325
1615,79,87432.08448,34987.359396376,3032.877247726,34987.359396376,1221.308,3032.877247726,593.212,20359.237666790887,17392.024159999997,74.364,36.160000000000004,257.0,0.0,5554.499250000024,0.0,3924.0427591071148,0.0,3924.0427591071148,49411.84783589801,33.44188000000117,33.44188000000117,33.44188000000117
1616,80,89752.23915,37455.388195455,33160.848977285,35700.10161778745,1009.248,33160.848977285,0.0,19057.139974790884,21.5,74.364,0.0,0.0,0.0,3702.9995000000245,2973.962919863364,0.0,2825.2647738701953,-2973.962919863364,20891.288554927545,0.0,0.0,0.0
1617,81,89385.58068,30572.414360444,55920.9626968675,30524.620760443995,1189.694,55920.9626968675,0.0,20155.84674779088,0.0,0.0,0.0,0.0,0.0,1851.4997500000136,20257.043275102395,0.0,22069.45588521747,-20257.043275102395,2939.9972226885,0.0,0.0,0.0
1618,82,88806.21382,24617.931642520998,70189.6224012425,24019.055142341,97.666,48254.09662539154,0.0,16361.032052267474,0.0,74.364,0.0,0.0,0.0,0.0,0.0,0.0,22069.455885217467,0.0,16533.062052267465,0.0,0.0,0.0
1619,83,88317.98956,22842.279958491003,76664.3015470995,22842.279958490988,1189.3161383849006,76664.3015470995,0.0,14049.413736190856,0.0,74.364,0.0,0.0,0.0,0.0,26501.685820166298,0.0,47246.05741437545,-26501.685820166298,-11188.591945590488,0.0,0.0,0.0
1620,84,87504.96365,22384.196809505,78564.66488979949,19480.3832,761.8592221264245,78564.66488979949,0.0,16293.807855190887,0.0,74.364,0.0,0.0,0.0,0.0,27670.11551711681,0.0,73532.66715563642,-27670.11551711681,-10540.08443979948,0.0,0.0,0.0
1621,85,86737.43094,22809.774291730002,78547.27008301951,15340.104955115525,714.6700000000001,52329.922240217005,0.0,18352.733744667483,0.0,0.0,0.0,0.0,0.0,0.0,0.0,0.0,73532.66715563642,0.0,19067.40374466747,0.0,0.0,0.0
1622,86,86238.30381,23041.417606054998,79915.3473348405,11181.898805178,1158.7310000000002,55225.86893715452,0.0,18597.44106766748,0.0,74.364,0.0,0.0,0.0,0.0,0.0,0.0,73532.66715563642,0.0,19830.536067667475,0.0,0.0,0.0
1623,87,85601.5685,27544.432002462003,76676.9960966875,11050.567751993,1221.308,57272.27812033956,0.0,15983.050627667439,0.0,74.364,0.0,0.0,0.0,0.0,0.0,0.0,73532.66715563642,0.0,17278.722627667434,0.0,0.0,0.0
1624,88,85231.36361,22115.660061068997,69311.64534451101,21728.714860328997,661.8330000000001,66226.880394511,0.0,12985.13619879081,0.0,74.364,0.0,0.0,0.0,0.0,16445.56484363079,0.0,89155.95375708566,-16445.56484363079,-2724.2316448399943,0.0,0.0,0.0
1625,89,85574.89826,20885.491946449998,54153.67557897,20885.491946449998,1189.694,54153.67557897,0.0,16564.42297126744,0.0,74.364,0.0,0.0,0.0,1851.499750000009,9144.249986687442,0.0,97842.99124443872,-9144.249986687442,10535.730734580007,0.0,0.0,0.0
1626,90,87925.54056,23730.990896698004,29245.5796948475,23730.990896698004,1221.308,29245.5796948475,593.212,20359.23766679089,28.5,74.364,0.0,0.0,0.0,3702.9995000000185,0.0,8969.348801663584,88401.5714532139,8969.348801663584,34948.96996845449,16.242600000000824,16.242600000000824,16.242600000000824
1627,91,92037.21771,32626.436996134005,46.1373472915,32626.436996134005,1221.308,46.1373472915,593.212,20359.23766679089,50.0,74.364,0.0,0.0,0.0,5554.499250000028,0.0,31512.02244978358,55231.02150607329,31512.02244978358,59364.64336657449,16.242600000014455,16.242600000014455,16.242600000014455
1628,92,91243.33412,45094.714453283996,0.0,45094.714453283996,1221.308,0.0,593.212,20359.23766679089,50.0,74.364,0.0,0.0,0.0,7405.999,0.0,16444.498999925116,37921.0225587837,16444.498999925116,46148.619666716004,16.242600000001413,16.242600000001413,16.242600000001413
1629,93,88470.33413,39826.298595193,0.0,39826.298595193,1221.308,0.0,593.212,20359.23766679089,50.0,74.364,0.0,0.0,0.0,5554.499250000003,0.0,20791.41461801609,16035.322960872027,20791.41461801609,48644.035534807,16.242599999948784,16.242599999948784,16.242599999948784
1630,94,84052.07635,48545.8009532,0.0,48545.8009532,1221.308,0.0,593.212,20359.23766679089,28.499999999999996,74.364,0.0,0.0,0.0,3702.9995000000026,0.0,9526.654230009106,6007.265876651916,9526.654230009106,35506.2753968,16.24260000000008,16.24260000000008,16.24260000000008
1631,95,78690.56638,49575.034094981995,0.0,49575.034094981995,1221.308,0.0,169.95,20359.23766679089,0.0,74.364,0.0,0.0,0.0,1851.499749999999,0.0,5439.172868228551,281.8207522009325,5439.172868228551,29115.53228501801,6.31999999999956,6.31999999999956,6.31999999999956
1632,96,73917.45289,51994.813508616,0.0,51994.813508616,1221.308,0.0,0.0,20359.23766679089,0.0,74.364,0.0,0.0,0.0,0.0,0.0,267.7297145911725,0.0,267.7297145911725,21922.639381384004,0.11680000028371396,0.11680000028371396,0.11680000028371396
1633,1,70907.07184,52910.997210325,0.0,52910.997210325,1221.308,0.0,0.0,19418.3459461234,0.0,74.364,0.0,0.0,0.0,0.0,2717.9433164484026,0.0,2582.046150625982,-2717.9433164484026,17996.074629675008,0.0,0.0,0.0
1634,2,69321.39048,58438.181740012995,0.0,52333.466799876594,1221.308,0.0,0.0,15692.251680123401,0.0,74.364,0.0,0.0,0.0,0.0,0.0,0.0,2582.046150625982,0.0,16987.923680123407,0.0,0.0,0.0
1635,3,68408.12047,58832.945852997,0.0,54237.654115876576,1221.308,0.0,0.0,12874.794354123402,0.0,74.364,0.0,0.0,0.0,0.0,0.0,0.0,2582.046150625982,0.0,14170.466354123419,0.0,0.0,0.0
1636,4,68440.36355,62273.311858878005,0.0,56501.20126432969,1221.308,0.0,0.0,16098.091287790889,0.0,74.364,0.0,0.0,0.0,0.0,5454.60100212059,0.0,7763.917102640543,-5454.60100212059,11939.162285670303,0.0,0.0,0.0
1637,5,69651.17206,55988.465797098004,0.0,55988.465797098004,1221.308,0.0,0.0,19357.443353790888,0.0,74.364,0.0,0.0,0.0,0.0,6990.409090888897,0.0,14404.805738984995,-6990.409090888897,13662.706262901993,0.0,0.0,0.0
1638,6,72085.32589,45678.294894508996,0.0,45678.294894508996,1221.308,0.0,593.212,20359.23766679089,0.0,74.364,0.0,0.0,0.0,0.0,0.0,4158.9093287001115,10027.006445616456,4158.9093287001115,26407.030995490997,9.7305,9.7305,9.7305
1639,7,74346.37174,38119.436652122,2573.1575477515,38119.436652122,1221.308,2573.1575477515,593.212,20359.23766679089,28.499999999999996,74.364,0.0,0.0,0.0,1851.49975,0.0,9525.656123335633,0.0,9525.656123335633,33653.7775401265,16.2426,16.2426,16.2426
1640,8,77702.16777,23835.864355629998,32980.098413449996,23835.864355629998,1221.308,32980.098413449996,0.0,19590.533000919997,0.0,74.364,0.0,0.0,0.0,0.0,0.0,0.0,0.0,0.0,20886.20500092001,0.0,0.0,0.0
1641,9,80531.29341,26599.614394330998,54949.0267842275,26599.614394330998,1221.308,54949.0267842275,0.0,16094.966509319998,0.0,74.364,0.0,0.0,0.0,0.0,18407.986277878514,0.0,17487.586963984588,-18407.986277878514,-1017.3477685585021,0.0,0.0,0.0
1642,10,81980.67119,25518.423448378002,68756.4643535105,25518.423448378002,1162.2800000000002,42856.731498301975,0.0,12368.872243319998,0.0,74.364,0.0,0.0,0.0,0.0,0.0,0.0,17487.586963984588,0.0,13605.516243320017,0.0,0.0,0.0
1643,11,82163.3835,24917.992141699,75076.19535005851,16280.1796,729.446,60188.36629387781,0.0,8931.14774252911,0.0,0.0,0.0,0.0,0.0,0.0,3965.756136406934,0.0,21255.055293571175,-3965.756136406934,5694.837606122186,0.0,0.0,0.0
1644,12,81408.79692,27550.333089409003,75215.38516268799,25661.261239409003,1183.4243374243692,48681.287259237506,0.0,5882.82408392911,0.0,0.0,0.0,0.0,0.0,0.0,0.0,0.0,21255.055293571175,0.0,7066.248421353484,0.0,0.0,0.0
1645,13,80239.36515,26705.68999609,74512.927765805,24313.24665,781.508,49442.425866866004,0.0,5627.8206331339825,0.0,74.364,0.0,0.0,0.0,0.0,0.0,0.0,21255.055293571175,0.0,6483.692633133993,0.0,0.0,0.0
1646,14,79376.68948,28771.355753933,75125.367459257,18711.862249185,1215.1800000000003,51225.179557927506,0.0,8224.467672887475,0.0,0.0,0.0,0.0,0.0,0.0,0.0,0.0,21255.055293571175,0.0,9439.647672887499,0.0,0.0,0.0
1647,15,78594.06107,35077.488003574996,70893.056327291,35077.488003574996,1221.308,70893.056327291,0.0,11327.844739133983,0.0,74.364,0.0,0.0,0.0,0.0,40000.0,0.0,59255.055293571175,-40000.0,-27376.483260865993,0.0,0.0,0.0
1648,16,78662.09198,44415.467497893995,64729.537759888,44415.467497893995,293.801,59843.871872371994,0.0,14108.951609733982,0.0,0.0,0.0,0.0,0.0,0.0,40000.0,0.0,97255.05529357117,-40000.0,-25597.24739026599,0.0,0.0,0.0
1649,17,79754.2572,42845.324948451,48848.89531377001,42845.324948451,1221.308,48848.89531377001,0.0,17449.36917940147,0.0,74.364,0.0,0.0,0.0,0.0,30685.004241622482,0.0,126405.80932311254,-30685.004241622482,-11939.963062221017,0.0,0.0,0.0
1650,18,83184.61653,48382.940841693,23398.4504893865,48382.940841693,1221.308,23398.4504893865,0.0,19482.91744259089,0.0,74.364,0.0,0.0,0.0,0.0,9375.364243670385,0.0,135312.4053545994,-9375.364243670385,11403.225198920496,0.0,0.0,0.0
1651,19,87940.45274,45603.714351892995,0.0,45603.714351892995,1221.308,0.0,593.212,20359.23766679089,28.499999999999996,74.364,0.0,0.0,0.0,1851.49975,0.0,18208.616971316118,116145.44012163507,18208.616971316118,42336.738388107,12.948899999999998,12.948899999999998,12.948899999999998
1652,20,87371.67538,41053.988046492996,0.0,41053.988046492996,1221.308,0.0,593.212,20359.23766679089,50.0,74.364,0.0,0.0,0.0,3702.9995,0.0,20316.566166716108,94759.58099877601,20316.566166716108,46317.687333507005,16.2426,16.2426,16.2426
1653,21,84910.32168,40873.761606169006,0.0,40873.761606169006,1221.308,0.0,593.212,20359.23766679089,21.500000000000004,74.364,0.0,0.0,0.0,1851.49975,0.0,19915.438657040093,73795.96135978645,19915.438657040093,44036.56007383099,9.7305,9.7305,9.7305
1654,22,80939.21589,38989.143048934,0.0,38989.143048934,1221.308,0.0,593.212,20359.23766679089,28.499999999999996,74.364,0.0,0.0,0.0,1851.49975,0.0,17821.95142427512,55036.01249212843,17821.95142427512,41950.07284106601,16.2426,16.2426,16.2426
1655,23,76213.75409,41969.64069005701,0.0,41969.64069005701,1221.308,0.0,0.0,20359.23766679089,0.0,74.364,0.0,0.0,0.0,0.0,0.0,12589.20373315211,41784.21908881042,12589.20373315211,34244.113399942995,3.218399999999999,3.218399999999999,3.218399999999999
1656,24,71774.65579,39129.02354058,0.0,39129.02354058,1221.308,0.0,593.212,20359.23766679089,28.499999999999996,74.364,0.0,0.0,0.0,1851.49975,0.0,8517.510832629116,32818.41821235872,8517.510832629116,32645.632249420007,16.2426,16.2426,16.2426
1657,25,69105.60118,41420.08100911,0.0,41420.08100911,1221.308,0.0,0.0,20359.23766679089,0.0,74.364,0.0,0.0,0.0,0.0,0.0,6030.610504099111,26470.407155412293,6030.610504099111,27685.52017089,3.218399999999999,3.218399999999999,3.218399999999999
1658,26,67182.80061,37846.89481053699,0.0,37846.89481053699,1221.308,0.0,593.212,20359.23766679089,0.0,74.364,0.0,0.0,0.0,0.0,0.0,7087.784132672131,19009.581752599526,7087.784132672131,29335.905799463013,9.7305,9.7305,9.7305
1659,27,66630.04475,40482.691599761,0.0,40482.691599761,1221.308,0.0,593.212,20359.23766679089,0.0,74.364,0.0,0.0,0.0,0.0,0.0,3899.231483448117,14905.127559496244,3899.231483448117,26147.353150239003,9.7305,9.7305,9.7305
1660,28,67227.3284,42644.178554365004,0.0,42644.178554365004,1221.308,0.0,593.212,20359.23766679089,0.0,74.364,0.0,0.0,0.0,0.0,0.0,2335.028178844102,12447.20316071298,2335.028178844102,24583.149845634995,9.7305,9.7305,9.7305
1661,29,68033.44262,43548.16780026901,0.0,43548.16780026901,1221.308,0.0,593.212,20359.23766679089,0.0,74.364,0.0,0.0,0.0,0.0,0.0,2237.1531529401004,10092.305104986559,2237.1531529401004,24485.274819730992,9.7305,9.7305,9.7305
1662,30,69789.50817,42129.39896112299,0.0,42129.39896112299,1221.308,0.0,593.212,20359.23766679089,0.0,74.364,0.0,0.0,0.0,0.0,0.0,5411.98754208612,4395.4761133169595,5411.98754208612,27660.10920887701,9.7305,9.7305,9.7305
1663,31,72084.56577,42240.129103529995,3420.6126920280003,42240.129103529995,1221.308,3420.6126920280003,593.212,20359.23766679089,0.0,74.364,0.0,0.0,0.0,0.0,0.0,4175.702307651111,0.0,4175.702307651111,26423.823974442006,9.7305,9.7305,9.7305
1664,32,74713.31926,37933.343451413,29623.1018995145,35104.62586095712,1087.4009999999998,21813.784998252,0.0,16633.14340079089,0.0,74.364,0.0,0.0,0.0,0.0,0.0,0.0,0.0,0.0,17794.908400790882,0.0,0.0,0.0
1665,33,77026.38555,28239.028855738994,52546.292682112005,10560.904717888014,964.3290000000001,52305.732932112005,0.0,13195.4189,0.0,0.0,0.0,0.0,0.0,0.0,0.0,0.0,0.0,0.0,14159.747899999988,0.0,0.0,0.0
1666,34,78842.26883,28906.237802971,67036.411649079,25494.301639129113,860.1750000000001,42836.3395953475,0.0,9577.088595523403,0.0,74.364,0.0,0.0,0.0,0.0,0.0,0.0,0.0,0.0,10511.627595523387,0.0,0.0,0.0
1667,35,79960.75888,24009.68699604,73393.89012499149,23411.272972723495,202.612,49898.4013382765,0.0,6448.472569000001,0.0,0.0,0.0,0.0,0.0,0.0,0.0,0.0,0.0,0.0,6651.084568999999,0.0,0.0,0.0
1668,36,80010.18949,41122.715707036,75275.885252367,27247.872780798025,59.028,48875.778040402,0.0,3827.5106688000014,0.0,0.0,0.0,0.0,0.0,0.0,0.0,0.0,0.0,0.0,3886.538668799978,0.0,0.0,0.0
1669,37,79550.31657,52241.784294318,74912.2390007475,48221.303493452506,0.0,70116.2905007475,0.0,1212.7225758000013,0.0,0.0,0.0,0.0,0.0,0.0,40000.0,0.0,38000.0,-40000.0,-38787.277424200016,0.0,0.0,0.0
1670,38,78777.06704,51598.870042945004,74817.8193571575,51241.1264640425,345.597,63362.8329071575,0.0,3827.5106688000014,0.0,0.0,0.0,0.0,0.0,0.0,40000.0,0.0,76000.0,-40000.0,-35826.892331200004,0.0,0.0,0.0
1671,39,78287.37153,58338.176055526,71561.8234442655,22266.808498313454,666.0310000000001,57252.748094265495,0.0,6448.472569000001,0.0,74.364,0.0,0.0,0.0,0.0,8421.052631578948,0.0,84000.0,-8421.052631578948,-1232.1850625789448,0.0,0.0,0.0
1672,40,78404.0294,63895.291839617,63906.4856425985,51109.10238961699,1078.2101722611155,56565.2642425985,0.0,9577.088595523403,0.0,74.364,0.0,0.0,0.0,0.0,40000.0,0.0,122000.0,-40000.0,-29270.337232215497,0.0,0.0,0.0
1673,41,79367.99706,64177.128357076006,49181.439545206005,56551.6284071,653.5159729031393,49181.439545206005,0.0,12907.049134790888,0.0,74.364,0.0,0.0,0.0,0.0,40000.0,0.0,160000.0,-40000.0,-26365.07089230601,0.0,0.0,0.0
1674,42,81890.20069,62651.572390363,25648.7922497075,38700.339590948,833.5614485535933,25648.7922497075,0.0,16633.14340079089,0.0,74.364,0.0,0.0,0.0,0.0,0.0,0.0,160000.0,0.0,17541.068849344494,0.0,0.0,0.0
1675,43,85812.7438,51405.775995365,8.3613,51405.775995365,1221.308,8.3613,593.212,20359.23766679089,28.499999999999996,74.364,0.0,0.0,0.0,1851.49975,0.0,10270.485087844112,149188.96306542726,10270.485087844112,34398.606504635,12.948899999999998,12.948899999999998,12.948899999999998
1676,44,89535.86025,50694.042701316,0.0,50694.042701316,1221.308,0.0,593.212,20359.23766679089,50.0,74.364,0.0,0.0,0.0,3702.9995,0.0,12840.696381893096,135672.44055817137,12840.696381893096,38841.817548684,16.2426,16.2426,16.2426
1677,45,88111.19926,48136.984151265,0.0,48136.984151265,1221.308,0.0,593.212,20359.23766679089,50.0,74.364,0.0,0.0,0.0,3702.9995,0.0,13973.093941944113,120963.92061928283,13973.093941944113,39974.21510873499,16.2426,16.2426,16.2426
1678,46,83730.1258,52565.15735158401,0.0,52565.15735158401,1221.308,0.0,593.212,20359.23766679089,28.499999999999996,74.364,0.0,0.0,0.0,1851.49975,0.0,7036.847031625087,113556.7132175722,7036.847031625087,31164.968448415988,12.948899999999998,12.948899999999998,12.948899999999998
1679,47,77701.63305,57980.53569049,0.0,57980.53569049,1221.308,0.0,0.0,18425.425359509987,0.0,74.364,0.0,0.0,0.0,0.0,0.0,0.0,113556.7132175722,0.0,19721.09735951,0.0,0.0,0.0
1680,48,72984.32845,61154.580951,0.0,56989.32535649002,1221.308,0.0,0.0,14699.331093509989,0.0,74.364,0.0,0.0,0.0,0.0,0.0,0.0,113556.7132175722,0.0,15995.003093509978,0.0,0.0,0.0
1681,49,70365.19511,58592.055159669995,0.0,57607.70651815749,1221.308,0.0,0.0,11461.8165918425,0.0,74.364,0.0,0.0,0.0,0.0,0.0,0.0,113556.7132175722,0.0,12757.488591842513,0.0,0.0,0.0
1682,50,69204.90747,56774.386646226994,0.0,56774.386646226994,1221.308,0.0,0.0,13569.0410928425,0.0,74.364,0.0,0.0,0.0,0.0,2434.1922690694846,0.0,115869.19587318822,-2434.1922690694846,12430.520823773011,0.0,0.0,0.0
1683,51,68767.71422,54982.364748379,0.0,54982.364748379,1221.308,0.0,0.0,16896.85926250999,0.0,74.364,0.0,0.0,0.0,0.0,4407.18179088899,0.0,120056.01857453276,-4407.18179088899,13785.349471620997,0.0,0.0,0.0
1684,52,70112.88999,50183.28595856201,0.0,50005.58575870601,924.8504415030988,0.0,0.0,19182.45378979089,0.0,0.0,0.0,0.0,0.0,0.0,0.0,0.0,120056.01857453276,0.0,20107.304231293987,0.0,0.0,0.0
1685,53,74343.30846,44922.028599703,0.0,44922.028599703,1221.308,0.0,593.212,20359.23766679089,28.499999999999996,74.364,0.0,0.0,0.0,1851.49975,0.0,5293.158443506115,114484.27284452632,5293.158443506115,29421.279860297,16.167299999999997,16.167299999999997,16.167299999999997
1686,54,81090.60273,46207.088641619994,0.0,46207.088641619994,1221.308,0.0,593.212,20359.23766679089,50.0,74.364,0.0,0.0,0.0,3702.9995,0.0,8882.392921589115,105134.38555864304,8882.392921589115,34883.514088380005,16.2426,16.2426,16.2426
1687,55,88027.60616,45914.193091526,3671.8812521724994,45914.193091526,1221.308,3671.8812521724994,593.212,20359.23766679089,28.499999999999996,74.364,0.0,0.0,0.0,1851.49975,0.0,14313.410399510598,90067.63776968452,14313.410399510598,38441.531816301496,16.2426,16.2426,16.2426
1688,56,91302.54198,42823.517751552994,28731.319571499997,42060.682101529,1023.3230000000001,28723.566607680114,0.0,19420.60627079089,0.0,74.364,0.0,0.0,0.0,0.0,0.0,0.0,90067.63776968452,0.0,20518.293270790884,0.0,0.0,0.0
1689,57,91533.80187,35642.08524622399,50280.213994548,28213.098799123,1221.308,46330.51906608607,0.0,15694.51200479089,0.0,74.364,0.0,0.0,0.0,0.0,0.0,0.0,90067.63776968452,0.0,16990.184004790928,0.0,0.0,0.0
1690,58,91472.70033,34178.712696495,66081.49548993849,32423.088513770603,1038.909,45571.787350706,0.0,12364.551465523402,0.0,74.364,0.0,0.0,0.0,0.0,0.0,0.0,90067.63776968452,0.0,13477.824465523401,0.0,0.0,0.0
1691,59,91071.54957,32079.312044168,72060.4270689285,32079.312044168,1221.308,66355.91372360651,0.0,9316.227806923402,0.0,74.364,0.0,0.0,0.0,0.0,17975.576004697927,0.0,107144.43497414755,-17975.576004697927,-7363.676197774512,0.0,0.0,0.0
1692,60,90570.49594,36240.610606795,69798.12504794,36240.610606795,1221.308,46564.2470856816,0.0,6469.966247523402,0.0,74.364,0.0,0.0,0.0,0.0,0.0,0.0,107144.43497414755,0.0,7765.638247523391,0.0,0.0,0.0
1693,61,89856.35496,42456.871545805,70256.379015058,40072.709745669,502.61199999999997,45271.39458400759,0.0,3935.2746303234017,0.0,74.364,0.0,0.0,0.0,0.0,0.0,0.0,107144.43497414755,0.0,4512.250630323404,0.0,0.0,0.0
1694,62,89292.56062,30408.815397904,69150.019517197,30408.815397904,668.479,51692.429653096005,0.0,6448.472569000001,0.0,74.364,0.0,0.0,0.0,0.0,0.0,0.0,107144.43497414755,0.0,7191.3155689999985,0.0,0.0,0.0
1695,63,88757.27015,27697.572197472997,69439.5399991965,27235.590047473,560.7139999999999,51491.641468526985,0.0,9469.324634000002,0.0,0.0,0.0,0.0,0.0,0.0,0.0,0.0,107144.43497414755,0.0,10030.038634000011,0.0,0.0,0.0
1696,64,88643.91384,30884.291350582,61318.578405810506,14008.696260921999,442.99,61318.578405810506,0.0,12799.285173267488,0.0,74.364,0.0,0.0,0.0,0.0,0.0,0.0,107144.43497414755,0.0,13316.639173267482,0.0,0.0,0.0
1697,65,88982.11011,33559.146603862,47351.7247686605,23422.222903881997,901.095,46099.78505532708,0.0,16633.14340079089,0.0,74.364,0.0,0.0,0.0,1851.49975,0.0,0.0,107144.43497414755,0.0,19460.102150790924,0.0,0.0,0.0
1698,66,90273.07973,33349.196144402,23353.4847925215,33349.196144402,1221.308,23353.4847925215,593.212,20359.23766679089,28.499999999999996,74.364,0.0,0.0,0.0,3702.9995,0.0,7590.777626285595,99154.14273595218,7590.777626285595,33570.3987930765,16.2426,16.2426,16.2426
1699,67,92640.13112,31240.110090978997,0.0,31240.110090978997,1221.308,0.0,593.212,20359.23766679089,50.0,74.364,0.0,0.0,0.0,5554.49925,0.0,33547.40011223011,63841.08998623627,33547.40011223011,61400.02102902101,16.2426,16.2426,16.2426
1700,68,95112.27803,42429.827399151,0.0,42429.827399151,1221.308,0.0,593.212,20359.23766679089,50.0,74.364,0.0,0.0,0.0,7405.999,0.0,22978.32996405814,39653.37423459612,22978.32996405814,52682.450630849,16.2426,16.2426,16.2426
1701,69,92629.60424,46564.655944239006,0.0,46564.655944239006,1221.308,0.0,593.212,20359.23766679089,50.0,74.364,0.0,0.0,0.0,5554.49925,0.0,18212.3273789701,20482.503309364438,18212.3273789701,46064.948295760994,16.2426,16.2426,16.2426
1702,70,87343.89068,47990.108351997995,0.0,47990.108351997995,1221.308,0.0,593.212,20359.23766679089,28.499999999999996,74.364,0.0,0.0,0.0,3702.9995,0.0,13374.161161211105,6404.438929142222,13374.161161211105,39353.782328002,16.2426,16.2426,16.2426
1703,71,80840.18079,51079.60439052401,0.0,51079.60439052401,1221.308,0.0,169.95,20359.23766679089,0.0,74.364,0.0,0.0,0.0,1851.49975,0.0,6084.216982685111,0.0,6084.216982685111,29760.57639947599,6.32,6.32,6.32
1704,72,75512.94029,56244.918355751,0.0,56244.918355751,1221.308,0.0,0.0,17972.34993424901,0.0,74.364,0.0,0.0,0.0,0.0,0.0,0.0,0.0,0.0,19268.021934249,0.0,0.0,0.0
1705,73,72537.35031,64572.895193419994,0.0,56995.42264175098,1221.308,0.0,0.0,14246.25566824901,0.0,74.364,0.0,0.0,0.0,0.0,0.0,0.0,0.0,0.0,15541.927668249016,0.0,0.0,0.0
1706,74,70882.34006,70887.703549945,0.0,59066.506657751,1221.308,0.0,0.0,10520.161402249008,0.0,74.364,0.0,0.0,0.0,0.0,0.0,0.0,0.0,0.0,11815.833402249002,0.0,0.0,0.0
1707,75,70509.92502,73513.815500797,0.0,62479.2955216625,479.21799999999996,0.0,0.0,7477.047498337503,0.0,74.364,0.0,0.0,0.0,0.0,0.0,0.0,0.0,0.0,8030.629498337497,0.0,0.0,0.0
1708,76,71885.82724,69891.645441314,0.0,63059.619664927995,1221.308,0.0,0.0,9888.444672337504,0.0,74.364,0.0,0.0,0.0,0.0,2357.909097265503,0.0,2240.013642402228,-2357.909097265503,8826.207575072003,0.0,0.0,0.0
1709,77,75964.24709,67729.033993388,0.0,61450.16987839501,1221.308,0.0,0.0,13218.40521160499,0.0,74.364,0.0,0.0,0.0,0.0,0.0,0.0,2240.013642402228,0.0,14514.077211604992,0.0,0.0,0.0
1710,78,82698.46783,64458.296352394995,0.0,64458.296352394995,1221.308,0.0,0.0,16944.49947760499,0.0,74.364,0.0,0.0,0.0,0.0,0.0,0.0,2240.013642402228,0.0,18240.171477605,0.0,0.0,0.0
1711,79,89266.00072,60804.769706087,4085.0963868399995,60804.769706087,1221.308,4085.0963868399995,593.212,20359.23766679089,0.0,74.364,0.0,0.0,0.0,0.0,0.0,2128.0129602821166,0.0,2128.0129602821166,24376.134627073,9.7305,9.7305,9.7305
1712,80,92426.64029,53503.928601973996,31576.458914619,42921.365974590095,1221.308,31576.458914619,0.0,16633.14340079089,0.0,74.364,0.0,0.0,0.0,0.0,0.0,0.0,0.0,0.0,17928.8154007909,0.0,0.0,0.0
1713,81,92515.81176,44857.804894263,53393.435057979994,24633.28884049659,1111.5410000000002,53393.435057979994,0.0,13303.1828615234,0.0,74.364,0.0,0.0,0.0,0.0,0.0,0.0,0.0,0.0,14489.08786152341,0.0,0.0,0.0
1714,82,92659.67182,39187.058493676996,67002.7465067245,33145.150143677,1168.4080000000004,48694.661080799604,0.0,9577.088595523403,0.0,74.364,0.0,0.0,0.0,0.0,0.0,0.0,0.0,0.0,10819.860595523402,0.0,0.0,0.0
1715,83,92589.43796,37810.720105297005,72904.030457142,32477.897905297003,380.111,53100.82852417958,0.0,6556.236530523402,0.0,74.364,0.0,0.0,0.0,0.0,0.0,0.0,0.0,0.0,7010.711530523411,0.0,0.0,0.0
1716,84,91854.0707,49330.438857246,74564.8191636425,25817.876656917,115.477,61985.44241275959,0.0,3935.2746303234017,0.0,0.0,0.0,0.0,0.0,0.0,0.0,0.0,0.0,0.0,4050.751630323408,0.0,0.0,0.0
1717,85,91073.33421,58388.415149008004,73882.10505225751,58388.415149008004,25.641,71264.42752366862,0.0,1320.4865373234013,0.0,74.364,0.0,0.0,0.0,0.0,40000.0,0.0,38000.0,-40000.0,-38579.508462676626,0.0,0.0,0.0
1718,86,90268.04758,63969.678111214,72489.7085031805,63046.88274649611,514.595,62771.295203180496,0.0,3935.2746303234017,0.0,0.0,0.0,0.0,0.0,0.0,40000.0,0.0,76000.0,-40000.0,-35550.130369676604,0.0,0.0,0.0
1719,87,89549.74792,65139.592552325004,69660.107437894,42627.21045019,110.155,68575.2479866889,0.0,6448.472569000001,0.0,0.0,0.0,0.0,0.0,0.0,28211.338085878924,0.0,102800.77118158498,-28211.338085878924,-21652.710516878913,0.0,0.0,0.0
1720,88,89328.1225,62296.798645040995,62822.207106484,31001.42360111161,668.177,48081.433303365,0.0,9577.088595523403,0.0,0.0,0.0,0.0,0.0,0.0,0.0,0.0,102800.77118158498,0.0,10245.265595523386,0.0,0.0,0.0
1721,89,89557.40474,62993.357006264,47474.97021128099,57312.057506264,1096.656,18349.406060468515,0.0,12799.285173267488,0.0,0.0,0.0,0.0,0.0,0.0,0.0,0.0,102800.77118158498,0.0,13895.941173267485,0.0,0.0,0.0
1722,90,90924.03864,55867.79470219599,24511.534299660496,52424.00030219599,1221.308,18719.723187013093,0.0,16633.14340079089,0.0,74.364,0.0,0.0,0.0,1851.49975,0.0,0.0,102800.77118158498,0.0,19780.315150790913,0.0,0.0,0.0
1723,91,93951.05817,45441.458950185,0.10495,45441.458950185,1221.308,0.10495,593.212,20359.23766679089,28.499999999999996,74.364,0.0,0.0,0.0,3702.9995,0.0,22529.87310302413,79085.11528366484,22529.87310302413,48509.494269815004,16.2426,16.2426,16.2426
1724,92,96722.5622,44859.90964857101,0.0,44859.90964857101,1221.308,0.0,593.212,20359.23766679089,50.0,74.364,0.0,0.0,0.0,5554.49925,0.0,24010.031634638126,53811.39777351945,24010.031634638126,51862.65255142899,16.2426,16.2426,16.2426
1725,93,94432.6825,46163.688288349,0.0,46163.688288349,1221.308,0.0,593.212,20359.23766679089,50.0,74.364,0.0,0.0,0.0,7405.999,0.0,18564.87354486013,34269.4256210351,18564.87354486013,48268.99421165099,16.2426,16.2426,16.2426
1726,94,89129.97576,45248.94955922,0.0,45248.94955922,1221.308,0.0,593.212,20359.23766679089,50.0,74.364,0.0,0.0,0.0,7405.999,0.0,14176.90553398912,19346.367164204454,14176.90553398912,43881.026200780005,16.2426,16.2426,16.2426
1727,95,82580.77975,42341.33225011601,0.0,42341.33225011601,1221.308,0.0,593.212,20359.23766679089,28.499999999999996,74.364,0.0,0.0,0.0,5554.49925,0.0,12408.326583093116,6284.970760948544,12408.326583093116,40239.447499883994,16.2426,16.2426,16.2426
1728,96,77268.38499,45939.753600307995,0.0,45939.753600307995,1221.308,0.0,0.0,20359.23766679089,0.0,74.364,0.0,0.0,0.0,3702.9995,0.0,5970.722222901117,0.0,5970.722222901117,31328.63138969201,3.218399999999999,3.218399999999999,3.218399999999999
1729,1,73872.37903,48349.955405336,0.0,48349.955405336,1221.308,0.0,593.212,20359.23766679089,0.0,74.364,0.0,0.0,0.0,7405.998999994793,4131.697042123143,0.0,3925.1121900169856,-4131.697042123143,25522.423624664,9.730500000005097,9.730500000005097,9.730500000005097
1730,2,72058.09229,45852.043155768,0.0,45852.043155768,1221.308,0.0,593.212,20359.23766679089,0.0,74.364,0.0,0.0,0.0,7405.998999996507,3448.0715325554193,0.0,7200.780145949845,-3448.0715325554193,26206.049134232002,9.730499999999289,9.730499999999289,9.730499999999289
1731,3,71638.52605,44548.40799028201,0.0,44548.40799028201,1221.308,0.0,593.212,20359.23766679089,21.5,74.364,0.0,0.0,0.0,7405.99899999972,2585.502607072603,0.0,9657.007622669084,-2585.502607072603,27090.118059717992,9.730499999999765,9.730499999999765,9.730499999999765
1732,4,72766.0435,38557.832447629,0.0,38557.832447629,1221.308,0.0,593.212,20359.23766679089,4554.090385579756,74.364,0.0,0.0,0.0,7405.999,0.0,0.0,9657.007622668752,0.0,34208.211052371,16.24259999999095,16.24259999999095,16.24259999999095
1733,5,76825.08791,32998.064594321,0.0,32998.064594321,1221.308,0.0,593.212,20359.23766679089,10952.407941115396,74.364,0.0,0.0,0.0,7405.999,0.0,3220.494707772681,6267.0131934346755,3220.494707772681,43827.023315679005,17.1886799999942,17.1886799999942,17.1886799999942
1734,6,83316.00835,33769.857603329,0.0,33769.857603329,1221.308,0.0,593.212,20359.23766679089,18961.470531110062,74.364,0.0,0.0,0.0,7405.999,0.0,930.5595487700375,5287.476826308321,930.5595487700375,49546.150746671,17.188679999996893,17.188679999996893,17.188679999996893
1735,7,89713.2399,31639.692642781003,4155.759209647,31639.692642781003,1221.308,4155.759209647,593.212,20359.23766679089,22670.14857,74.364,0.0,0.0,0.0,5554.4992499999735,0.0,3445.0185607811327,1661.1414991702864,3445.0185607811327,53917.788047572,25.514079999999964,25.514079999999964,25.514079999999964
1736,8,92534.43644,28705.806944469,30235.999494526997,28705.806944469,1221.308,30235.999494526997,593.212,20359.23766679089,6063.42441,74.364,0.0,0.0,0.0,3702.999499999987,0.0,1578.0844242131266,0.0,1578.0844242131266,33592.630001004,10.850479999999648,10.850479999999648,10.850479999999648
1737,9,92652.11236,25465.108898483002,51621.791148920005,19746.425950813868,357.676,51357.212198919995,0.0,19264.934460267483,0.0,74.364,0.0,0.0,0.0,1851.499749999999,0.0,0.0,0.0,0.0,21548.47421026614,0.0,0.0,0.0
1738,10,92692.79291,20950.090452784,64473.1945010895,20950.090452784,1221.3079999999995,64473.1945010895,0.0,20359.23766679089,0.0,74.364,0.0,0.0,0.0,0.0,14385.401710664428,0.0,13666.131625131207,-14385.401710664428,7269.507956126501,0.0,0.0,0.0
1739,11,92464.79184,21326.207348009,70223.8071980665,21326.207348009,1221.308,70223.8071980665,0.0,20359.23766679089,0.0,74.364,0.0,0.0,0.0,0.0,20740.132372866374,0.0,33369.25737935426,-20740.132372866374,914.7772939245042,0.0,0.0,0.0
1740,12,92139.75136,32012.866447705,73157.96823790148,32012.866447705,1221.308,73157.96823790148,0.0,20359.23766679089,0.0,74.364,0.0,0.0,0.0,0.0,34685.99299239737,0.0,66320.95072213176,-34685.99299239737,-13031.083325606494,0.0,0.0,0.0
1741,13,91669.75543,33637.029994943005,73188.5795983865,33637.029994943005,1221.3079999999982,73188.5795983865,0.0,20359.23766679089,0.0,74.364,0.0,0.0,0.0,0.0,36810.763830120384,0.0,101291.17636074612,-36810.763830120384,-15155.854163329495,0.0,0.0,0.0
1742,14,91100.20344,29931.450859868,71476.9236566115,29931.450859868,1221.308,71476.9236566115,0.0,20359.23766679089,0.0,74.364,0.0,0.0,0.0,0.0,31963.08074327041,0.0,131656.10306685301,-31963.08074327041,-10308.171076479499,0.0,0.0,0.0
1743,15,90417.76526,31296.671888874,66312.1965257705,31296.671888874,1221.3079999999964,66312.1965257705,0.0,20359.23766679089,0.0,74.364,0.0,0.0,0.0,0.0,28846.01282143539,0.0,159059.81524721664,-28846.01282143539,-7191.103154644501,0.0,0.0,0.0
1744,16,89887.75384,34418.886940058,59499.5738474865,10102.655961536444,6.128,53318.8888974865,0.0,16642.500075267475,0.0,0.0,0.0,0.0,0.0,0.0,0.0,9817.58090570959,148725.519556996,9817.58090570959,26466.20898097707,0.0,0.0,0.0
1745,17,89790.57914,33026.981048542,45485.6178252005,33026.981048542,935.1170000000001,45485.6178252005,0.0,20359.23766679089,0.0,0.0,0.0,0.0,0.0,1851.499750000009,11867.874150533395,0.0,160000.0,-11867.874150533395,11277.980266257502,0.0,0.0,0.0
1746,18,90808.80088,30438.072997923002,22932.1361007125,30438.072997923002,1221.308,22932.1361007125,593.212,20359.23766679089,28.499999999999996,74.364,0.0,0.0,0.0,3702.999500000009,0.0,11458.970614573589,147937.92566887097,11458.970614573589,37438.59178136449,16.242599999999968,16.242599999999968,16.242599999999968
1747,19,93009.7992,30998.999239171,0.0,30998.999239171,1221.308,0.0,593.212,20359.23766679089,50.0,74.364,0.0,0.0,0.0,5554.499250000001,0.0,34158.179044038094,111981.94772777992,34158.179044038094,62010.799960829,16.24260000000026,16.24260000000026,16.24260000000026
1748,20,95157.55153,39344.423689785,0.0,39344.423689785,1221.308,0.0,593.212,20359.23766679089,50.0,74.364,0.0,0.0,0.0,7405.999,0.0,26109.00717342411,84498.78228207033,26109.00717342411,55813.127840215,16.242599999999555,16.242599999999555,16.242599999999555
1749,21,92672.80314,44277.986302823,0.0,44277.986302823,1221.308,0.0,593.212,20359.23766679089,50.0,74.364,0.0,0.0,0.0,5554.499250000001,0.0,20542.195920386104,62875.418155348125,20542.195920386104,48394.816837177,16.24260018036128,16.24260018036128,16.24260018036128
1750,22,87134.77882,48778.063345782,0.0,48778.063345782,1221.308,0.0,593.212,20359.23766679089,28.5,74.364,0.0,0.0,0.0,3702.999500000012,0.0,12377.094307427094,49846.89783174066,12377.094307427094,38356.71547421801,16.242600000000074,16.242600000000074,16.242600000000074
1751,23,80663.77408,47259.778242345004,0.0,47259.778242345004,1221.308,0.0,169.95,20359.23766679089,0.0,74.364,0.0,0.0,0.0,1851.4997500000122,0.0,9727.636420864084,39607.28054662057,9727.636420864084,33403.995837655,6.320000000000096,6.320000000000096,6.320000000000096
1752,24,75328.75649,49184.76670156501,0.0,49184.76670156501,1221.308,0.0,0.0,20359.23766679089,0.0,74.364,0.0,0.0,0.0,0.0,0.0,4489.080121644101,34881.93305015309,4489.080121644101,26143.989788434992,0.11680086074494067,0.11680086074494067,0.11680086074494067
1753,25,71861.99315,46705.448842571,0.0,46705.44884231049,1221.308,0.0,593.212,20359.23766679089,0.0,74.364,0.0,0.0,0.0,0.0,0.0,2908.4226406381076,31820.435533691933,2908.4226406381076,25156.544307689503,9.730499999999584,9.730499999999584,9.730499999999584
1754,26,69896.06528,43898.738493016004,0.0,43898.738493016004,1221.308,0.0,593.212,20359.23766679089,0.0,74.364,0.0,0.0,0.0,0.0,0.0,3749.2051201931054,27873.903828225506,3749.2051201931054,25997.32678698399,9.730500000000603,9.730500000000603,9.730500000000603
1755,27,69504.68497,46370.684805373,0.0,46370.684805373,1221.308,0.0,593.212,20359.23766679089,0.0,74.364,0.0,0.0,0.0,0.0,0.0,885.87849783612,26941.400146292748,885.87849783612,23134.000164627003,9.730500000000134,9.730500000000134,9.730500000000134
1756,28,70352.11031,47216.987202852,0.0,47216.987202852,1221.308,0.0,593.212,20359.23766679089,0.0,74.364,0.0,0.0,0.0,0.0,0.0,887.0014403553706,26007.714419602886,887.0014403553706,23135.123107148007,9.730500000001499,9.730500000001499,9.730500000001499
1757,29,74047.62644,48168.514402128,0.0,48168.514402128,1221.308,0.0,593.212,20359.23766679089,0.0,74.364,0.0,0.0,0.0,0.0,0.0,3630.990371081107,22185.619292149087,3630.990371081107,25879.112037871993,9.730499999999473,9.730499999999473,9.730499999999473
1758,30,80335.26168,52959.362290098,0.0,52959.362290098,1221.308,0.0,593.212,20359.23766679089,0.0,74.364,0.0,0.0,0.0,0.0,0.0,5127.7777231111095,16787.9585309795,5127.7777231111095,27375.899389902,9.730499999996734,9.730499999996734,9.730499999996734
1759,31,86870.50898,51688.150545118,5013.659908214,51688.150545118,1221.308,5013.659908214,593.212,20359.23766679089,28.499999999999996,74.364,0.0,0.0,0.0,1851.49975,0.0,6040.577109877102,10429.456310056235,6040.577109877102,30168.698526668,16.242599999999868,16.242599999999868,16.242599999999868
1760,32,89476.3402,49249.634150324,31496.7641377095,49249.634150324,1184.4860000017816,31496.7641377095,0.0,20139.336138790888,0.0,74.364,0.0,0.0,0.0,0.0,12668.244226826482,0.0,22464.28832554139,-12668.244226826482,8729.94191196651,0.0,0.0,0.0
1761,33,89872.64449,42790.159197058,53139.115507713,35368.267246218,408.174,36594.186934555226,0.0,20251.47370526749,0.0,74.364,0.0,0.0,0.0,0.0,2823.8213960407056,0.0,25146.918651780063,-2823.8213960407056,17910.190309226782,0.0,0.0,0.0
1762,34,90300.41907,35813.26979567,65166.6936007815,35582.44949567,1221.308,64949.657000781495,0.0,19755.495085790884,0.0,74.364,0.0,0.0,0.0,0.0,31282.854512242437,0.0,54865.63043841037,-31282.854512242437,-10231.687426451492,0.0,0.0,0.0
1763,35,90277.92771,31852.869592332998,70651.7620086765,31852.869592332998,1158.8449999999998,70651.7620086765,0.0,20359.23766679089,0.0,74.364,0.0,0.0,0.0,0.0,33819.150557800414,0.0,86993.82346832077,-33819.150557800414,-12226.703891009485,0.0,0.0,0.0
1764,36,89804.45376,33850.962842069,71497.68395660001,18008.261692068998,36.822,52822.59345466351,0.0,18936.776613267488,0.0,0.0,0.0,0.0,0.0,0.0,0.0,0.0,86993.82346832077,0.0,18973.598613267488,0.0,0.0,0.0
1765,37,89298.06451,36704.717405425,71644.037823627,26221.729932230603,478.075,45887.4145387695,0.0,16636.481038999955,0.0,74.364,0.0,0.0,0.0,0.0,0.0,0.0,86993.82346832077,0.0,17188.920038999888,0.0,0.0,0.0
1766,38,89117.99367,49322.749498522004,72311.05835858201,43825.59653841808,70.952,72311.05835858201,0.0,12910.386772999917,0.0,0.0,0.0,0.0,0.0,0.0,40000.0,0.0,124993.82346832077,-40000.0,-27018.6612270001,0.0,0.0,0.0
1767,39,88558.68752,48050.75420246699,66643.122858875,39316.82469298762,0.0,39235.761854345,0.0,10006.100972667382,0.0,0.0,0.0,0.0,0.0,0.0,0.0,0.0,124993.82346832077,0.0,10006.100972667387,0.0,0.0,0.0
1768,40,88169.97123,55599.431555591,60235.83204967,49647.114855591004,1221.308,60235.83204967,0.0,13839.959200190795,0.0,74.364,0.0,0.0,0.0,0.0,36848.60687545181,0.0,160000.0,-36848.60687545181,-21712.975675261012,0.0,0.0,0.0
1769,41,88088.36049,48776.88694370701,45446.7683038165,48416.443543707006,1120.6109999999999,21732.696945769694,0.0,16744.245000523322,0.0,74.364,0.0,0.0,0.0,0.0,0.0,0.0,160000.0,0.0,17939.220000523306,0.0,0.0,0.0
1770,42,88806.68166,46200.789242834,23457.538509106504,45990.961092834,860.192,23334.364609106502,0.0,18621.163958059515,0.0,0.0,0.0,0.0,0.0,0.0,0.0,0.0,160000.0,0.0,19481.355958059503,0.0,0.0,0.0
1771,43,90701.21777,44650.379152799,0.0,44650.379152799,1221.308,0.0,593.212,20359.23766679089,28.5,74.364,0.0,0.0,0.0,1851.499749999999,0.0,21922.717200410105,136923.45557851566,21922.717200410105,46050.838617201,16.242599999992002,16.242599999992002,16.242599999992002
1772,44,92973.14102,49047.315251857995,0.0,49047.315251857995,1221.308,0.0,593.212,20359.23766679089,50.0,74.364,0.0,0.0,0.0,3702.9995,0.0,17924.704601351106,118055.34547183028,17924.704601351106,43925.825768142,12.94889999999943,12.94889999999943,12.94889999999943
1773,45,90847.58151,47326.535293772,0.0,47326.535293772,1221.308,0.0,593.212,20359.23766679089,50.0,74.364,0.0,0.0,0.0,5554.499249999999,0.0,15668.425299437089,101562.26620926494,15668.425299437089,43521.046216228,16.24259999999972,16.24259999999972,16.24259999999972
1774,46,85799.23494,42762.550510256006,0.0,42762.550510256006,1221.308,0.0,593.212,20359.23766679089,28.5,74.364,0.0,0.0,0.0,3702.9994999999876,0.0,17057.0632629531,83607.46277457746,17057.0632629531,43036.68442974399,16.242600000000053,16.242600000000053,16.242600000000053
1775,47,79292.92,50418.421540877,0.0,50418.421540877,1221.308,0.0,169.95,20359.23766679089,0.0,74.364,0.0,0.0,0.0,1851.499749999999,0.0,5198.1390423320845,78135.73746685947,5198.1390423320845,28874.498459122995,6.320000000000164,6.320000000000164,6.320000000000164
1776,48,74542.99595,58012.779694887,0.0,57403.73461720914,380.111,0.0,0.0,16684.78633279086,0.0,74.364,0.0,0.0,0.0,0.0,0.0,0.0,78135.73746685947,0.0,17139.261332790855,0.0,0.0,0.0
1777,49,71316.70568,51851.298210290995,0.0,51851.298210290995,1221.308,0.0,0.0,15536.443318790842,0.0,74.364,0.0,0.0,0.0,0.0,0.0,2633.292150918165,75363.85099220878,2633.292150918165,19465.407469709004,0.0,0.0,0.0
1778,50,69204.04125,50984.391459023,0.0,50984.391459023,1221.307999999999,0.0,0.0,12883.158580790816,0.0,74.364,0.0,0.0,0.0,0.0,0.0,4040.819210186188,71110.35708674963,4040.819210186188,18219.649790976997,0.0,0.0,0.0
1779,51,68489.8121,48865.396794558,0.0,48865.396794558,1221.308,0.0,0.0,15536.443318790827,0.0,74.364,0.0,0.0,0.0,0.0,0.0,2792.299986651171,68171.0939429063,2792.299986651171,19624.415305441995,0.0,0.0,0.0
1780,52,69454.88696,50666.214145853,0.0,50666.214145853,1215.6580133561297,0.0,0.0,17498.65080079087,0.0,74.36399999999867,0.0,0.0,0.0,0.0,0.0,0.0,68171.0939429063,0.0,18788.672814147,0.0,0.0,0.0
1781,53,73054.33389,45901.75200184799,0.0,45901.75200184799,1221.308,0.0,593.212,20359.23766679089,28.499999999999996,74.364,0.0,0.0,0.0,1851.499749999999,0.0,3024.4604713611043,64987.451341473556,3024.4604713611043,27152.581888152003,16.2425999999933,16.2425999999933,16.2425999999933
1782,54,79023.55373,49106.812854117,0.0,49106.812854117,1221.308,0.0,593.212,20359.23766679089,0.0,74.364,0.0,0.0,0.0,0.0,0.0,7668.619209092109,56915.22059506082,7668.619209092109,29916.740875883,9.730500000000127,9.730500000000127,9.730500000000127
1783,55,85579.70829,52336.551748226004,5531.0039958005,52336.551748226004,1221.308,5531.0039958005,593.212,20359.23766679089,28.499999999999996,74.364,0.0,0.0,0.0,1851.499749999999,0.0,3584.0311291826138,53142.556248552806,3584.0311291826138,27712.15254597349,16.242600000000362,16.242600000000362,16.242600000000362
1784,56,88804.5659,50829.44825363199,27651.637400495,45044.3110036,444.56300000000005,26566.898053132525,0.0,16674.429843267455,0.0,74.364,0.0,0.0,0.0,0.0,0.0,0.0,53142.55624855279,0.0,17193.356843267477,0.0,0.0,0.0
1785,57,89932.52638,48357.962092420996,45761.42930973449,48357.962092420996,1221.308,45761.42930973449,0.0,20359.23766679089,0.0,74.364,0.0,0.0,0.0,0.0,25841.774688946418,0.0,77692.2422030519,-25841.774688946418,-4186.865022155493,0.0,0.0,0.0
1786,58,90445.26339,51642.427343767005,53900.93449256901,51642.427343767005,1221.308,53900.93449256901,0.0,20346.63826679089,0.0,74.364,0.0,0.0,0.0,0.0,36740.4087131269,0.0,112595.63048052244,-36740.4087131269,-15098.098446336022,0.0,0.0,0.0
1787,59,90698.54795,49924.90965424,59941.40650627101,42940.66290424,870.8810000000001,42595.201057930004,0.0,17922.64169279086,0.0,74.364,0.0,0.0,0.0,0.0,13705.202704960862,0.0,125615.57305023525,-13705.202704960862,5162.683987829987,0.0,0.0,0.0
1788,60,90017.79872,47102.716707084,60039.861638072995,38225.92427310506,510.98699999999997,36061.9879496275,0.0,15144.535497267434,0.0,74.364,0.0,0.0,0.0,0.0,0.0,0.0,125615.57305023525,0.0,15729.886497267442,0.0,0.0,0.0
1789,61,88424.61139,36841.362961208,58932.365183908,20847.288429824603,543.962,54649.151083908,0.0,12309.845876267407,0.0,74.364,0.0,0.0,0.0,0.0,0.0,0.0,125615.57305023525,0.0,12928.171876267399,0.0,0.0,0.0
1790,62,87825.30211,40787.259454912004,59369.760392120996,17159.20960018,1221.308,54189.621959281736,0.0,15291.342990790823,0.0,74.364,0.0,0.0,0.0,0.0,110.54444025255323,0.0,125720.59026847518,-110.54444025255323,16476.470550538274,0.0,0.0,0.0
1791,63,87089.39169,38654.699803400006,53741.0351983835,38654.699803400006,1221.308,53741.0351983835,0.0,17922.641692790832,0.0,74.364,0.0,0.0,0.0,0.0,24524.657004574332,0.0,149019.0144228208,-24524.657004574332,-5306.343311783501,0.0,0.0,0.0
1792,64,86262.22392,32893.902798450996,41868.8588514475,32893.902798450996,1127.1169999999988,41868.8588514475,0.0,20346.63826679089,0.0,74.364,0.0,0.0,0.0,0.0,10048.656996689386,0.0,158565.2385696757,-10048.656996689386,11499.46227010151,0.0,0.0,0.0
1793,65,85824.21709,32331.559090655002,26227.158367770506,32331.559090655002,1221.308,26227.158367770506,169.95,20359.23766679089,0.0,74.364,0.0,0.0,0.0,1851.499749999999,0.0,3589.140214791434,154787.1962383163,3589.140214791434,27265.499631574494,6.3200000000001015,6.3200000000001015,6.3200000000001015
1794,66,86436.56195,27471.438701955,9566.462800016501,27471.438701955,1221.308,9566.462800016501,593.212,20359.23766679089,28.499999999999996,74.364,0.0,0.0,0.0,3702.999499999987,0.0,23419.039281237627,130135.57594227669,23419.039281237627,49398.660448028495,16.24260000000192,16.24260000000192,16.24260000000192
1795,67,88549.60321,29846.901258661,0.0,29846.901258661,1221.308,0.0,593.212,20359.23766679089,50.0,74.364,0.0,0.0,0.0,5554.4992499999935,0.0,30850.08103454812,97661.80643222603,30850.08103454812,58702.701951339,16.24260000000008,16.24260000000008,16.24260000000008
1796,68,90321.19992,43269.902293092,0.0,43269.902293092,1221.308,0.0,593.212,20359.23766679089,50.0,74.364,0.0,0.0,0.0,7405.999,0.0,17347.17696011772,79401.62015841913,17347.17696011772,47051.297626908,16.24260000000003,16.24260000000003,16.24260000000003
1797,69,88354.38208,37485.958544752,0.0,37485.958544752,1221.308,0.0,593.212,20359.23766679089,50.0,74.364,0.0,0.0,0.0,7405.999,0.0,21164.30286845547,57123.40661267736,21164.30286845547,50868.423535247995,16.242600000000074,16.242600000000074,16.242600000000074
1798,70,84337.52163,39850.856558249005,0.0,39850.856558249005,1221.308,0.0,593.212,20359.23766679089,28.5,74.364,0.0,0.0,0.0,5554.4992499999735,0.0,16655.544154959192,39591.2548706148,16655.544154959192,44486.665071751,16.24260000000032,16.24260000000032,16.24260000000032
1799,71,79291.12519,49293.410306533005,0.0,49293.410306533005,1221.308,0.0,26.917,20359.23766679089,0.0,74.364,0.0,0.0,0.0,3702.9994999999867,0.0,4612.8887166742925,34735.582537273716,4612.8887166742925,29997.714883467,5.323000000000131,5.323000000000131,5.323000000000131
1800,72,74399.1339,45744.473090782994,0.0,45744.473090782994,1221.308,0.0,593.212,20359.23766679089,28.5,74.364,0.0,0.0,0.0,1851.4997500026943,0.0,4526.539392422099,29970.80422946098,4526.539392422099,28654.660809217006,16.242600000001072,16.242600000001072,16.242600000001072
1801,73,70889.69005,45159.297452768005,0.0,45159.297452768005,1221.308,0.0,0.0,20359.23766679089,0.0,74.364,0.0,0.0,0.0,0.0,0.0,4075.482930438403,25680.822197420548,4075.482930438403,25730.392597232,1.1137999999999093,1.1137999999999093,1.1137999999999093
1802,74,68694.03444,44666.107792914,0.0,44666.107792914,1221.308,0.0,593.212,20359.23766679089,0.0,74.364,0.0,0.0,0.0,0.0,0.0,1779.804980295118,23807.343270794107,1779.804980295118,24027.926647086002,9.730500000000252,9.730500000000252,9.730500000000252
1803,75,67918.71242,43319.493058971,0.0,43319.493058971,1221.308,0.0,593.212,20359.23766679089,0.0,74.364,0.0,0.0,0.0,0.0,0.0,2351.0976942398847,21332.50359264686,2351.0976942398847,24599.219361028998,9.730500000009922,9.730500000009922,9.730500000009922
1804,76,67962.23181,40746.239090705996,0.0,40746.239090705996,1221.308,0.0,593.212,20359.23766679089,0.0,74.364,0.0,0.0,0.0,0.0,0.0,4967.871052503107,16103.165642643591,4967.871052503107,27215.992719294,9.73049999999969,9.73049999999969,9.73049999999969
1805,77,69342.23555,41364.846753907,0.0,41364.846753907,1221.308,0.0,593.212,20359.23766679089,0.0,74.364,0.0,0.0,0.0,0.0,0.0,5729.267129302107,10072.358138115058,5729.267129302107,27977.388796093,9.73050000000015,9.73050000000015,9.73050000000015
1806,78,72068.21178,43040.085951586,0.5338,43040.085951586,1221.308,0.5338,593.212,20359.23766679089,0.0,74.364,0.0,0.0,0.0,0.0,0.0,6779.470361623103,2936.0735469328447,6779.470361623103,29027.592028413997,9.730500000000342,9.730500000000342,9.730500000000342
1807,79,75703.78692,46161.81189183,2624.583741798,46161.81189183,1221.308,2624.583741798,593.212,20359.23766679089,28.499999999999996,74.364,0.0,0.0,0.0,1851.49975,0.0,2789.26986958111,0.0,2789.26986958111,26917.391286371996,16.242599999999953,16.242599999999953,16.242599999999953
1808,80,79337.15912,51269.186202537,16956.094441822497,51269.186202537,1221.307999999996,16956.094441822497,0.0,20359.23766679089,0.0,74.364,0.0,0.0,0.0,0.0,10543.031191150394,0.0,10015.879631598234,-10543.031191150394,11111.8784756405,0.0,0.0,0.0
1809,81,82623.23779,53686.894251185,30956.363806145997,34005.3535,591.644,30466.37177620912,0.0,17485.50451379088,0.0,74.364,0.0,0.0,0.0,0.0,0.0,0.0,10015.879631598236,0.0,18151.512513790884,0.0,0.0,0.0
1810,82,84930.80409,57167.323952323,38484.5352747885,57167.323952323,1221.3079999999995,38484.5352747885,0.0,20359.23766679089,0.0,74.364,0.0,0.0,0.0,0.0,32375.96480390244,0.0,40773.04619530555,-32375.96480390244,-10721.055137111493,0.0,0.0,0.0
1811,83,85744.5928,57160.293749206,44680.654133034004,24349.383000000005,513.268,44174.43439920913,0.0,16633.143400790876,0.0,74.364,0.0,0.0,0.0,0.0,0.0,0.0,40773.04619530555,0.0,17220.775400790866,0.0,0.0,0.0
1812,84,85265.03974,54226.325959316,49611.664906965496,53404.08929518301,293.91499999999996,31126.909606208003,0.0,20251.47370526749,0.0,0.0,0.0,0.0,0.0,0.0,19811.3478666585,0.0,59593.826668631125,-19811.3478666585,734.0408386089803,0.0,0.0,0.0
1813,85,83764.41355,62000.389306721,50072.6004992225,17177.959960732507,373.983,9687.09115,0.0,16525.37943926748,0.0,0.0,0.0,0.0,0.0,0.0,0.0,40000.0,17488.563510736392,40000.0,56899.36243926749,0.0,0.0,0.0
1814,86,82417.94885,64224.942896715,47703.7674826865,64115.097896955005,200.91944049753434,40726.46383228,0.0,17375.46768026748,0.0,0.0,0.0,0.0,0.0,0.0,40000.0,0.0,55488.56351073639,-40000.0,-22423.612879235006,0.0,0.0,0.0
1815,87,81323.84193,63354.20965062399,43859.113270924,50308.4822506,1061.7599999999993,42818.694770924,0.0,20359.23766679089,0.0,0.0,0.0,0.0,0.0,0.0,33224.33275831491,0.0,87051.67963113556,-33224.33275831491,-11803.335091524,0.0,0.0,0.0
1816,88,80805.14637,60237.784801175,40282.6486024495,50422.611752175006,591.089,13058.764050557631,0.0,16732.681567267355,0.0,0.0,0.0,0.0,0.0,0.0,0.0,0.0,87051.67963113556,0.0,17323.770567267366,0.0,0.0,0.0
1817,89,80781.55352,51132.475854521996,29055.893212849496,39062.652278883,914.3330000000001,26925.9066628495,0.0,13878.661578267467,0.0,0.0,0.0,0.0,0.0,0.0,0.0,0.0,87051.67963113556,0.0,14792.994578267506,0.0,0.0,0.0
1818,90,82098.57762,51687.118456904,12760.4748437025,51687.118456904,467.8430946026473,12760.4748437025,0.0,17108.777224790854,0.0,74.364,0.0,0.0,0.0,0.0,0.0,0.0,87051.67963113556,0.0,17650.9843193935,0.0,0.0,0.0
1819,91,84330.53907,46302.403157434004,52.4014001275,46302.403157434004,1221.308,52.4014001275,593.212,20359.23766679089,28.499999999999996,74.364,0.0,0.0,0.0,1851.499749999999,0.0,13847.613095647626,72475.24479361174,13847.613095647626,37975.734512438496,16.242599999999495,16.242599999999495,16.242599999999495
1820,92,86772.93284,49919.171102329004,0.0,49919.171102329004,1221.308,0.0,593.212,20359.23766679089,0.0,74.364,0.0,0.0,0.0,0.0,0.0,14605.640070880101,57100.886824264264,14605.640070880101,36853.76173767099,9.730499999990338,9.730499999990338,9.730499999990338
1821,93,85725.4598,50738.530090178,0.0,50738.530090178,1221.308,0.0,593.212,20359.23766679089,0.0,74.364,0.0,0.0,0.0,0.0,0.0,12738.808043031102,43691.615200021,12738.808043031102,34986.929709822,9.730499999999514,9.730499999999514,9.730499999999514
1822,94,82268.85996,44954.900942257,0.0,44954.900942257,1221.308,0.0,593.212,20359.23766679089,0.0,74.364,0.0,0.0,0.0,0.0,0.0,15065.837350950487,27832.83904112011,15065.837350950487,37313.959017743,9.730500000000264,9.730500000000264,9.730500000000264
1823,95,78047.42267,40457.505047374994,0.0,40457.505047374994,1221.308,0.0,593.212,20359.23766679089,0.0,74.364,0.0,0.0,0.0,0.0,0.0,15341.79595583243,11683.580140247795,15341.79595583243,37589.917622625006,9.730500000000147,9.730500000000147,9.730500000000147
1824,96,74009.84489,40662.322089975,0.0,40662.322089975,1221.308,0.0,593.212,20359.23766679089,0.0,74.364,0.0,0.0,0.0,0.0,0.0,11099.40113323228,0.0,11099.40113323228,33347.52280002499,9.730499999999935,9.730499999999935,9.730499999999935
1825,1,70871.35643,42944.986001429,0.0,42944.986001429,1221.308,0.0,593.212,20359.23766679089,0.0,74.364,0.0,0.0,0.0,6743.5741870253505,1065.3254252451623,0.0,1012.0591539829043,-1065.3254252451623,27926.370428570997,9.7305,9.7305,9.7305
1826,2,68952.24964,42336.361993992,0.0,42336.361993992,1221.308,0.0,593.212,20359.23766679089,28.499999999999996,74.364,0.0,0.0,0.0,4892.074437025351,552.8084578081871,0.0,1537.2271889005547,-552.8084578081871,26615.887646007992,11.931999999999666,11.931999999999666,11.931999999999666
1827,3,68147.86385,43777.856758157,0.0,43777.856758157,1221.308,0.0,593.212,20359.23766679089,0.0,74.364,0.0,0.0,0.0,3040.574687025349,918.689261973195,0.0,2409.981987774903,-918.689261973195,24370.007091842992,7.529000000000506,7.529000000000506,7.529000000000506
1828,4,68126.72815,44324.067908373,0.0,44324.067908373,1221.308,0.0,593.212,20359.23766679089,0.0,74.364,0.0,0.0,0.0,1554.538574836076,0.0,0.0,2409.981987774689,0.0,23802.660241626996,9.730500000000575,9.730500000000575,9.730500000000575
1829,5,69339.36254,45748.65189696999,0.0,45748.65189696999,1221.308,0.0,593.212,20359.23766679089,0.0,74.364,0.0,0.0,0.0,1851.4997499987076,508.91077375960003,0.0,2893.447222846309,-508.91077375960003,23590.710643030012,7.762959999999994,7.762959999999994,7.762959999999994
1830,6,71626.11523,46100.726505451,0.0,46100.726505451,1221.308,0.0,593.212,20359.23766679089,0.0,74.364,0.0,0.0,0.0,3702.9994999987075,425.73244224060545,0.0,3297.8930429748843,-425.73244224060545,25525.388724548997,11.698040000000049,11.698040000000049,11.698040000000049
1831,7,74923.46155,44731.89114851,2930.450593873,44731.89114851,1221.308,2930.450593873,593.212,20359.23766679089,28.499999999999996,74.364,0.0,0.0,0.0,1851.49975,0.0,3132.99839082614,0.0,3132.99839082614,27261.119807617004,16.24259999999988,16.24259999999988,16.24259999999988
1832,8,78021.81831,44815.277208509004,29301.8088992315,40979.01301012101,1221.308,15495.6595946115,0.0,20251.47370526749,0.0,74.364,0.0,0.0,0.0,0.0,0.0,0.0,0.0,0.0,21547.145705267496,0.0,0.0,0.0
1833,9,81105.12437,41897.573245777996,48222.900266968005,38602.573445778005,1221.308,20955.405218954507,0.0,20251.47370526749,0.0,74.364,0.0,0.0,0.0,0.0,0.0,0.0,0.0,0.0,21547.145705267492,0.0,0.0,0.0
1834,10,82850.07936,43923.31424715299,60454.423287232996,43497.577347273,1158.7310000000002,20399.15001743639,0.0,17720.256995290623,0.0,74.364,0.0,0.0,0.0,0.0,0.0,0.0,0.0,0.0,18953.351995290614,0.0,0.0,0.0
1835,11,83542.61304,51604.498993167,64896.88183240651,12321.38704546288,1221.308,54953.7163372465,0.0,14971.837657290613,0.0,74.364,0.0,0.0,0.0,0.0,0.0,0.0,0.0,0.0,16267.509657290619,0.0,0.0,0.0
1836,12,82947.46406,49421.23240800199,64876.79958116199,19205.60165,33.21,52020.05075318599,0.0,11688.601656814006,0.0,0.0,0.0,0.0,0.0,0.0,0.0,0.0,0.0,0.0,11721.81165681401,0.0,0.0,0.0
1837,13,81889.69416,42688.010345302006,64325.772756314,27962.652349744007,1221.308,38727.44511019539,0.0,13903.924700060612,0.0,74.364,0.0,0.0,0.0,0.0,0.0,0.0,0.0,0.0,15199.596700060603,0.0,0.0,0.0
1838,14,81009.44297,48438.331602023005,64808.4455455115,36606.258759241,1221.308,31453.918554891497,0.0,11653.59365586751,0.0,74.364,0.0,0.0,0.0,0.0,0.0,0.0,0.0,0.0,12949.265655867508,0.0,0.0,0.0
1839,15,80196.36042,60127.320847302006,62163.201238461,29997.209699285002,33.21,38695.856557447536,0.0,11470.084163267466,0.0,0.0,0.0,0.0,0.0,0.0,0.0,0.0,0.0,0.0,11503.294163267463,0.0,0.0,0.0
1840,16,80492.17092,67050.83745847602,58020.2682922495,41140.478307945,192.0,54460.500102229074,0.0,13690.689818267474,0.0,0.0,0.0,0.0,0.0,0.0,28991.497308441554,0.0,27541.922443019474,-28991.497308441554,-15108.80749017407,0.0,0.0,0.0
1841,17,81380.43868,70412.203208433,47281.8828621885,38128.740300000005,1221.308,24780.102398132545,0.0,17175.923981867476,0.0,74.364,0.0,0.0,0.0,0.0,0.0,0.0,27541.922443019474,0.0,18471.595981867456,0.0,0.0,0.0
1842,18,83707.14203,69319.87780406099,26406.086597012,50657.64044915499,1168.4080000000004,11447.491914054102,0.0,20359.23766679089,0.0,74.364,0.0,0.0,0.0,0.0,0.0,0.0,27541.922443019474,0.0,21602.00966679091,0.0,0.0,0.0
1843,19,87319.56754,74104.901061052,553.6909370980001,65779.08211110398,895.570012105115,285.67775,0.0,20359.23766679089,0.0,0.0,0.0,0.0,0.0,0.0,0.0,0.0,27541.922443019474,0.0,21254.80767889602,0.0,0.0,0.0
1844,20,91417.84702,81940.88765204599,0.0,69963.14540493251,1221.308,0.0,0.0,20159.029615067484,0.0,74.364,0.0,0.0,0.0,0.0,0.0,0.0,27541.922443019474,0.0,21454.70161506749,0.0,0.0,0.0
1845,21,90372.1027,77246.863953007,0.0,68751.20505325,1221.308,0.0,0.0,20359.23766679089,0.0,40.35197995910676,0.0,0.0,0.0,0.0,0.0,0.0,27541.922443019474,0.0,21620.897646750003,0.0,0.0,0.0
1846,22,85935.78001,74875.721303074,0.0,64580.63430473251,1029.308,0.0,0.0,20251.47370526749,0.0,74.364,0.0,0.0,0.0,0.0,0.0,0.0,27541.922443019474,0.0,21355.14570526749,0.0,0.0,0.0
1847,23,80259.63424,76007.868052936,0.0,58712.48853473249,1221.308,0.0,0.0,20251.47370526749,0.0,74.364,0.0,0.0,0.0,0.0,0.0,0.0,27541.922443019474,0.0,21547.14570526751,0.0,0.0,0.0
1848,24,75768.82053,72940.37464080499,0.0,55131.82868873248,1001.167,0.0,0.0,19561.460841267486,0.0,74.364,0.0,0.0,0.0,0.0,0.0,0.0,27541.922443019474,0.0,20636.991841267518,0.0,0.0,0.0
1849,25,73078.39122,67076.138793532,0.0,67076.138793532,1221.308,0.0,0.0,20359.23766679089,0.0,74.364,0.0,0.0,0.0,0.0,15652.657240322893,0.0,42411.94682132622,-15652.657240322893,6002.2524264680105,0.0,0.0,0.0
1850,26,72163.19077,65165.489746035,0.0,51729.58910320911,0.0,0.0,0.0,20359.23766679089,0.0,74.364,0.0,0.0,0.0,0.0,0.0,0.0,42411.94682132622,0.0,20433.60166679089,0.0,0.0,0.0
1851,27,72158.48713,62711.66639136699,0.0,50611.3414247325,1221.308,0.0,0.0,20251.47370526749,0.0,74.364,0.0,0.0,0.0,0.0,0.0,0.0,42411.94682132622,0.0,21547.145705267496,0.0,0.0,0.0
1852,28,73882.76041,54405.64350994,0.0,53523.512704732515,107.774,0.0,0.0,20251.47370526749,0.0,0.0,0.0,0.0,0.0,0.0,0.0,0.0,42411.94682132622,0.0,20359.247705267488,0.0,0.0,0.0
1853,29,78515.41951,49497.120242451,0.0,49497.120242451,1221.308,0.0,593.212,20359.23766679089,28.499999999999996,74.364,0.0,0.0,0.0,1851.4997499999745,0.0,4890.177850758141,37264.39118894923,4890.177850758141,29018.29926754901,16.167299999999766,16.167299999999766,16.167299999999766
1854,30,85799.71105,42902.572993426,0.0,42902.572993426,1221.308,0.0,593.212,20359.23766679089,50.0,74.364,0.0,0.0,0.0,3702.999499999989,0.0,16896.016889783124,19479.110252335417,16896.016889783124,42897.138056574,16.242599999999936,16.242599999999936,16.242599999999936
1855,31,92804.82042,44399.458858717,5772.0854047735,44399.458858717,1221.308,5772.0854047735,593.212,20359.23766679089,28.499999999999996,74.364,0.0,0.0,0.0,1851.499749999999,0.0,18505.154739718648,0.0,18505.154739718648,42633.276156509506,16.24260000000025,16.24260000000025,16.24260000000025
1856,32,95746.16601,44368.17624352001,33023.06431,42522.79602773252,1221.308,31762.49456,0.0,20165.20342226749,0.0,74.364,0.0,0.0,0.0,0.0,0.0,0.0,0.0,0.0,21460.875422267483,0.0,0.0,0.0
1857,33,95372.20864,42467.89538989201,54136.2567775575,27587.2941981725,1221.308,46324.03901956,0.0,20165.20342226749,0.0,74.364,0.0,0.0,0.0,0.0,0.0,0.0,0.0,0.0,21460.875422267498,0.0,0.0,0.0
1858,34,94479.55307,31013.127848057004,66430.5921048425,31013.127848057004,1221.308,66430.5921048425,0.0,20359.23766679089,0.0,74.364,0.0,0.0,0.0,0.0,24619.0765496905,0.0,23388.122722206324,-24619.0765496905,-2964.1668828995025,0.0,0.0,0.0
1859,35,93284.40998,25560.22639918,71014.9672985785,25560.22639918,1221.308,71014.9672985785,0.0,20359.23766679089,0.0,74.364,0.0,0.0,0.0,0.0,24945.693384549486,0.0,47086.53143752843,-24945.693384549486,-3290.7837177585025,0.0,0.0,0.0
1860,36,91679.40985,26873.122353241,73507.3518175985,26873.12235324119,1221.308,73507.3518175985,0.0,20359.23766679089,0.0,74.364,0.0,0.0,0.0,0.0,30355.973987630787,0.0,75924.70672577768,-30355.973987630787,-8701.064320839687,0.0,0.0,0.0
1861,37,90218.64131,26719.303143973,73324.34179131,12059.200693973002,979.6360000000001,56746.20294923613,0.0,20359.23766679089,0.0,74.364,0.0,0.0,0.0,0.0,0.0,0.0,75924.70672577768,0.0,21413.23766679087,0.0,0.0,0.0
1862,38,89152.49819,31319.511252971,72823.95685817699,17523.23488546832,0.0,66279.222558177,0.0,20359.23766679089,0.0,0.0,0.0,0.0,0.0,0.0,15009.196920436214,0.0,90183.44380019208,-15009.196920436214,5350.040746354673,0.0,0.0,0.0
1863,39,88032.71323,26414.123789816,70341.3273620565,26414.123789816,1221.308,70341.32736205647,0.0,20359.23766679089,0.0,74.364,0.0,0.0,0.0,0.0,30377.647588663487,0.0,119042.20900942248,-30377.647588663487,-8722.737921872482,0.0,0.0,0.0
1864,40,87331.06605,28826.575997105,62597.07371416449,28826.575997105,1221.308,62597.07371416449,0.0,20359.23766679089,0.0,74.364,0.0,0.0,0.0,0.0,25747.493328060453,0.0,143502.32767107998,-25747.493328060453,-4092.5836612694984,0.0,0.0,0.0
1865,41,87787.93077,31651.163442260997,49996.3287834955,31651.163442260997,1221.308,49996.32878349564,0.0,20359.237666790577,0.0,74.364,0.0,0.0,0.0,1851.499749999999,17365.97087254741,0.0,160000.0,-17365.97087254741,6140.43854424337,0.0,0.0,0.0
1866,42,89570.45019,31379.539951305997,28173.8372363205,31379.539951305997,1221.308,28173.8372363205,0.0,20359.237666790887,21.5,74.364,0.0,0.0,0.0,3702.999499999994,0.0,4637.663835582585,155118.24859412358,4637.663835582585,30017.073002373505,0.0,0.0,0.0
1867,43,92576.42062,28563.01479891,31.88091246,28563.01479891,1221.308,31.88091246,593.212,20359.23766679089,17392.024159999997,74.364,448.76800000000003,257.0,0.0,5554.499249999995,0.0,18081.111831839116,136085.49929745082,18081.111831839116,63981.52490863,35.32344000006788,35.32344000006788,35.32344000006788
1868,44,95801.02503,33818.846145862,0.0,33818.846145862,1221.308,0.0,593.212,20359.23766679089,50.0,74.364,0.0,0.0,0.0,7405.999,0.0,32278.058217347156,102108.59591076963,32278.058217347156,61982.178884138004,16.242600000000028,16.242600000000028,16.242600000000028
1869,45,94095.0273,36661.087356995995,0.0,36661.087356995995,1221.308,0.0,593.212,20359.23766679089,3314.121695108227,74.364,0.0,0.0,0.0,7405.999,0.0,24465.697581104847,76355.23003592242,24465.697581104847,57433.93994300401,16.242600000000188,16.242600000000188,16.242600000000188
1870,46,88548.24774,41682.835556412,0.0,41682.835556412,1221.308,0.0,593.212,20359.23766679089,50.0,74.364,0.0,0.0,0.0,7405.999,0.0,17161.291516797115,58290.71264982019,17161.291516797115,46865.41218358801,16.24260000000006,16.24260000000006,16.24260000000006
1871,47,82220.46357,42148.692745874,0.0,42148.692745874,1221.308,0.0,593.212,20359.23766679089,50.0,74.364,0.0,0.0,0.0,7405.999,0.0,10367.650157335109,47377.3966947306,10367.650157335109,40071.770824126004,16.24260000000028,16.24260000000028,16.24260000000028
1872,48,77574.08758,43023.436599010995,0.0,43023.436599010995,1221.308,0.0,593.212,20359.23766679089,50.0,74.364,0.0,0.0,0.0,7405.999,0.0,4846.53031419812,42275.78583767995,4846.53031419812,34550.65098098901,16.242600000000095,16.242600000000095,16.242600000000095
1873,49,74764.57799,42953.169940347005,0.0,42953.169940347005,1221.308,0.0,593.212,20359.23766679089,50.0,74.364,0.0,0.0,0.0,7405.999,0.0,2107.287382852799,40057.58859257174,2107.287382852799,31811.408049653,16.24260000000005,16.24260000000005,16.24260000000005
1874,50,73360.40233,42984.031207071996,0.0,42984.031207071996,1221.308,0.0,593.212,20359.23766679089,50.0,74.364,0.0,0.0,0.0,7405.999,0.0,672.2504561371179,39349.95653348004,672.2504561371179,30376.371122928,16.24260000000012,16.24260000000012,16.24260000000012
1875,51,73139.63782,40789.232050018,0.0,40789.232050018,1221.308,0.0,593.212,20359.237666790883,50.0,74.364,0.0,0.0,0.0,7405.999,0.0,2646.285103190868,36564.393266963336,2646.285103190868,32350.405769982004,16.242599999983206,16.242599999983206,16.242599999983206
1876,52,74647.16933,44953.171646172006,0.0,44953.171646172006,1221.308,0.0,593.212,20359.23766679089,50.0,74.364,0.0,0.0,0.0,7405.999,10.122982962889182,0.0,36574.010100778076,-10.122982962889182,29693.997683827998,11.698039999999384,11.698039999999384,11.698039999999384
1877,53,78675.42267,38806.611598689,0.0,38806.611598689,1221.308,0.0,593.212,20359.23766679089,50.0,74.364,0.0,0.0,0.0,7405.999,0.0,10164.690404520103,25874.335990756917,10164.690404520103,39868.811071311,16.242599999999907,16.242599999999907,16.242599999999907
1878,54,85342.02326,41998.991249579,0.0,41998.991249579,1221.308,0.0,593.212,20359.23766679089,50.0,74.364,0.0,0.0,0.0,5554.49925,0.0,15490.411093630033,9568.640102725305,15490.411093630033,43343.032010421004,16.242600000000145,16.242600000000145,16.242600000000145
1879,55,92005.66618,48576.490997921996,8359.345917698,48576.490997921996,1221.308,8359.345917698,593.212,20359.23766679089,28.5,74.364,0.0,0.0,0.0,3702.999499999999,0.0,9090.20809758904,0.0,9090.20809758904,35069.82926438001,16.24260000000011,16.24260000000011,16.24260000000011
1880,56,93794.54148,52012.324455621,35761.002146341,43926.07962839155,1221.308,26469.816396341004,0.0,20251.47370526749,0.0,74.364,0.0,0.0,0.0,1851.4997499999681,0.0,0.0,0.0,0.0,23398.645455267448,0.0,0.0,0.0
1881,57,93373.14028,54214.64486060601,55928.777246119,23625.735009641,1221.308,48098.478346119,0.0,20353.254924240027,0.0,74.364,0.0,0.0,0.0,0.0,0.0,0.0,0.0,0.0,21648.92692424001,0.0,0.0,0.0
1882,58,92205.32917,52187.120596134,68576.57006436649,52123.566996118,1221.308,61529.87382409113,0.0,17256.216349790877,0.0,74.364,0.0,0.0,0.0,0.0,40000.0,0.0,38000.0,-40000.0,-21448.11165020914,0.0,0.0,0.0
1883,59,91443.1537,55599.99156045,73845.914065238,22823.40351045,1221.308,67470.588765238,0.0,13498.743294629729,0.0,74.364,0.0,0.0,0.0,0.0,13645.253870317752,0.0,50962.991176801865,-13645.253870317752,1149.1614243119839,0.0,0.0,0.0
1884,60,90390.62629,53787.271847233,75962.69014678602,46425.531972214056,192.0,72963.17534678601,0.0,10809.918970999968,0.0,0.0,0.0,0.0,0.0,0.0,40000.0,0.0,88962.99117680186,-40000.0,-28998.081029000066,0.0,0.0,0.0
1885,61,89237.67605,56289.020006310995,76647.857848521,31148.1699,192.0,48435.46354239999,0.0,9462.042607600022,0.0,0.0,0.0,0.0,0.0,0.0,0.0,0.0,88962.99117680186,0.0,9654.0426076,0.0,0.0,0.0
1886,62,88345.15927,56185.89641085699,78668.35817159551,52417.696960581,0.0,65210.26712749564,0.0,10717.195181923373,0.0,0.0,0.0,0.0,0.0,0.0,40000.0,0.0,126962.99117680186,-40000.0,-29282.804818076635,0.0,0.0,0.0
1887,63,87697.42422,53136.72779738,72937.40798346601,23579.259328349053,1221.308,48950.3981903835,0.0,13872.09470126747,0.0,74.364,0.0,0.0,0.0,0.0,0.0,0.0,126962.99117680186,0.0,15167.766701267443,0.0,0.0,0.0
1888,64,87401.60343,49593.43165036201,66779.458613995,26859.26431108754,1221.308,41648.478151644995,0.0,17598.18896726748,0.0,74.364,0.0,0.0,0.0,0.0,0.0,0.0,126962.99117680186,0.0,18893.860967267472,0.0,0.0,0.0
1889,65,87717.2112,45766.257440476,53220.343103993495,45766.257440476,1221.308,53220.34310399404,0.0,20359.23766679089,0.0,74.364,0.0,0.0,0.0,1851.499749999999,34775.79876126113,0.0,160000.0,-34775.79876126113,-11269.389344470037,0.0,0.0,0.0
1890,66,89097.93783,39149.725659662,28887.851001424002,38620.79752330849,1221.308,25205.495101424,0.0,20251.47370526749,21.5,74.364,0.0,0.0,0.0,3702.999499999987,0.0,0.0,160000.0,0.0,25271.64520526751,0.0,0.0,0.0
1891,67,91627.9698,26540.878605950005,679.99660187,26540.878605950005,1221.308,679.99660187,593.212,20359.23766679089,17392.024160000004,74.364,448.7680000000015,257.0,0.0,5554.499249999988,0.0,18506.681515389057,140519.28261537995,18506.681515389057,64407.09459218,34.377360000000095,34.377360000000095,34.377360000000095
1892,68,94450.98536,26343.373251898,0.0,26343.373251898,1221.308,0.0,593.212,20359.23766679089,25028.690000000002,74.364,701.2,257.0,0.0,7405.999,0.0,12466.601441311119,127396.54425610507,12466.601441311119,68107.61210810201,35.458000002595895,35.458000002595895,35.458000002595895
1893,69,92803.42238,27711.201793036,0.0,27711.201793036,1221.308,0.0,593.212,20359.23766679089,25028.690000000002,74.364,469.10800000000006,257.0,0.0,7405.999,0.0,9683.301920173111,117203.59486644917,9683.301920173111,65092.220586964,35.458000002648554,35.458000002648554,35.458000002648554
1894,70,87805.27633,29280.915343586003,0.0,29280.915343586003,1221.308,0.0,593.212,20359.23766679089,24452.49,74.364,36.159999999999954,0.0,0.0,7405.999,0.0,4381.5903196231175,112591.39453000379,4381.5903196231175,58524.36098641399,30.763720868262862,30.763720868262862,30.763720868262862
1895,71,81373.49734,26572.716055817997,0.0,26572.716055817997,1221.308,0.0,593.212,20359.23766679089,16628.224159999998,74.364,0.0,0.0,0.0,7405.999,0.0,8518.436457391099,103624.61931169737,8518.436457391099,54800.781284182005,18.13475941200879,18.13475941200879,18.13475941200879
1896,72,76569.45421,29206.329490935,0.0,29206.329490935,1221.308,0.0,593.212,20359.23766679089,556.2502502107383,74.364,0.0,0.0,0.0,7405.999,0.0,17152.753802063373,85569.08899373593,17152.753802063373,47363.124719064996,16.24260058799161,16.24260058799161,16.24260058799161
1897,73,73668.71928,31264.683396691,0.0,31264.683396691,1221.308,0.0,593.212,20359.23766679089,50.0,74.364,0.0,0.0,0.0,7405.999,0.0,12699.915216518119,72200.75718687475,12699.915216518119,42404.035883309,16.24260000000057,16.24260000000057,16.24260000000057
1898,74,72142.19158,32909.668596607,0.0,32909.668596607,1221.308,0.0,593.212,20359.23766679089,50.0,74.364,0.0,0.0,0.0,7405.999,0.0,9528.402316602114,62170.8600115041,9528.402316602114,39232.522983393,16.242600000002497,16.242600000002497,16.242600000002497
1899,75,71908.57707,32020.753250219,0.0,32020.753250219,1221.308,0.0,593.212,20359.23766679089,50.0,74.364,0.0,0.0,0.0,7405.999,0.0,10183.703152990121,51451.17248204081,10183.703152990121,39887.823819781,16.24259999999996,16.24259999999996,16.24259999999996
1900,76,73297.84794,29705.803895077,0.0,29705.803895077,1221.308,0.0,593.212,20359.23766679089,50.0,74.364,0.0,0.0,0.0,7405.999,0.0,13887.923378132142,36832.305768217506,13887.923378132142,43592.04404492301,16.24260000864978,16.24260000864978,16.24260000864978
1901,77,77737.15994,22905.641759112,0.0,22905.641759112,1221.308,0.0,593.212,20359.23766679089,17204.42416,74.364,20.339999999999982,0.0,0.0,7405.999,0.0,7952.633354097092,28461.112763904777,7952.633354097092,54831.518180888,18.1347599913502,18.1347599913502,18.1347599913502
1902,78,84476.72592,20979.767049335,0.0,20979.767049335,1221.308,0.0,593.212,20359.23766679089,25028.690000000002,74.364,469.10800000000006,257.0,0.0,7405.999,0.0,8088.040203874112,19947.386233510973,8088.040203874112,63496.958870664996,35.45800000265745,35.45800000265745,35.45800000265745
1903,79,90644.41669,24249.731553065998,8917.633805627001,24249.731553065998,1221.308,8917.633805627001,593.212,20359.23766679089,17392.024159999997,74.364,36.160000000000004,257.0,0.0,5554.499249999998,0.0,11989.246254516143,7327.1270182308235,11989.246254516143,57477.051331307,33.441880012614796,33.441880012614796,33.441880012614796
1904,80,92500.74433,22199.520593235,37961.043902654994,22199.520593235,1221.308,37961.043902654994,0.0,20359.23766679089,21.5,74.364,0.0,0.0,0.0,3702.9994999999963,0.0,6960.770667319283,0.0,6960.770667319283,32340.179834110015,0.93547998738525,0.93547998738525,0.93547998738525
1905,81,91850.45638,22602.070304439996,57755.88344674501,22602.070304439996,1221.308,57755.88344674501,0.0,20359.23766679089,0.0,74.364,0.0,0.0,0.0,1851.4997499999963,12013.906787975886,0.0,11413.21144857709,-12013.906787975886,11492.502628814997,0.0,0.0,0.0
1906,82,91059.12728,21758.375953648,69706.29353561801,21758.37595364799,1221.308,69706.29353561801,0.0,20359.23766679089,0.0,74.364,0.0,0.0,0.0,0.0,22060.451876056886,0.0,32370.64073083113,-22060.451876056886,-405.542209266001,0.0,0.0,0.0
1907,83,90328.84272,19928.468144722003,74510.6890125775,19928.468144722003,1221.308,74510.6890125775,0.0,20359.23766679089,0.0,74.364,0.0,0.0,0.0,0.0,25765.224104090456,0.0,56847.603629717065,-25765.224104090456,-4110.314437299501,0.0,0.0,0.0
1908,84,89513.18302,18362.845508486003,75987.1482621605,18362.845508487237,1221.308,75987.1482621605,0.0,20359.23766678953,0.0,74.364,0.0,0.0,0.0,0.0,26491.72041743743,0.0,82014.73802628262,-26491.72041743743,-4836.810750647739,0.0,0.0,0.0
1909,85,88696.00098,17636.479594766,76396.0971978255,17636.479594766,1221.308,76396.0971978255,0.0,20359.23766679089,0.0,74.364,0.0,0.0,0.0,0.0,26991.48547938252,0.0,107656.649231696,-26991.48547938252,-5336.575812591502,0.0,0.0,0.0
1910,86,87998.14607,18729.001657890003,79572.995421659,17771.0597787265,1221.308,63402.4640299625,0.0,20251.47370526749,0.0,74.364,0.0,0.0,0.0,0.0,14722.523443956496,0.0,121643.04650345468,-14722.523443956496,6824.622261311,0.0,0.0,0.0
1911,87,87572.75965,18413.774258673002,77302.48746370949,18413.774258673,1221.308,77302.48746370949,0.0,20359.23766679089,0.0,74.364,0.0,0.0,0.0,0.0,29798.41173917343,0.0,149951.53765566944,-29798.41173917343,-8143.5020723824855,0.0,0.0,0.0
1912,88,87432.724,21138.352200473997,69879.28294206699,19481.46861357302,461.872,50964.0039471595,0.0,16525.37943926748,0.0,0.0,0.0,0.0,0.0,0.0,0.0,0.0,149951.53765566944,0.0,16987.251439267486,0.0,0.0,0.0
1913,89,87635.44803,20281.271796019,54425.095600696,20281.271796019,1221.308,54425.095600696,0.0,20359.23766679089,0.0,74.364,0.0,0.0,0.0,1851.4997499999718,10577.328783505849,0.0,160000.0,-10577.328783505849,12929.080633285012,0.0,0.0,0.0
1914,90,88604.40696,17709.988753830003,29029.606038585003,17709.988753830003,1221.308,29029.606038585003,0.0,20359.23766679089,21.5,74.364,0.0,0.0,0.0,3702.9994999999826,0.0,16485.403000794133,142646.94420969038,16485.403000794133,41864.812167585,0.0,0.0,0.0
1915,91,90884.55721,15165.668246581,184.70324405600002,15165.668246581,1221.308,184.70324405600002,593.212,20359.23766679089,17392.024159999997,74.364,448.7680000000001,257.0,0.0,5554.4992499999935,0.0,29633.772642572127,111453.49932277235,29633.772642572127,75534.185719363,34.37736000000018,34.37736000000018,34.37736000000018
1916,92,93349.83333,19322.332858148002,0.0,19322.332858148002,1221.308,0.0,593.212,20359.237666790887,25028.690000000002,74.364,469.10800000000006,257.0,0.0,7405.999,0.0,18618.581805061258,91854.99215954996,18618.581805061258,74027.50047185199,35.45800000081439,35.45800000081439,35.45800000081439
1917,93,91936.30682,25711.281452568,0.0,25711.281452568,1221.308,0.0,593.212,20359.23766679089,17204.42416,74.364,20.339999999999982,0.0,0.0,7405.999,0.0,19346.140540641114,71490.63369571722,19346.140540641114,66225.025367432,18.134760000000128,18.134760000000128,18.134760000000128
1918,94,86385.26171,29035.438495267997,0.0,29035.438495267997,1221.308,0.0,593.212,20359.23766679089,50.0,74.364,0.0,0.0,0.0,7405.999,0.0,27645.702547941102,42389.89417156869,27645.702547941102,57349.82321473201,16.24259999999964,16.24259999999964,16.24259999999964
1919,95,80135.66862,29786.686748413,0.0,29786.686748413,1221.308,0.0,593.212,20359.23766679089,2447.549862908674,74.364,0.0,0.0,0.0,7405.999,0.0,18247.311341887194,23182.19802221375,18247.311341887194,50348.98187158699,16.242600000000063,16.242600000000063,16.242600000000063
1920,96,75537.86714,23810.658352106006,0.0,23810.658352106006,1221.308,0.0,593.212,20359.23766679089,50.0,74.364,0.0,0.0,0.0,7405.999,0.0,22023.088121103065,0.0,22023.088121103065,51727.20878789399,16.242599999999975,16.242599999999975,16.242599999999975
1921,1,72443.00811,25619.428407956002,0.0,25619.428407956002,1221.308,0.0,593.212,20359.23766679089,17169.459035253094,74.364,0.0,0.0,0.0,7405.999,0.0,0.0,0.0,0.0,46823.57970204399,17.18868000000016,17.18868000000016,17.18868000000016
1922,2,70943.94602,25482.15094742,0.0,25482.15094742,1221.308,0.0,593.212,20359.23766679089,15807.6744057891,74.364,0.0,0.0,0.0,7405.999,0.0,0.0,0.0,0.0,45461.795072580004,17.18868,17.18868,17.18868
1923,3,70344.01173,28339.902702831,0.0,28339.902702831,1221.308,0.0,593.212,20359.23766679089,12349.988360378084,74.364,0.0,0.0,0.0,7405.999,0.0,0.0,0.0,0.0,42004.109027169,17.188679999767032,17.188679999767032,17.188679999767032
1924,4,71590.66989,34637.212993296,0.0,34637.212993296,1221.308,0.0,593.212,20359.23766679089,7299.336229913092,74.364,0.0,0.0,0.0,7405.999,0.0,0.0,0.0,0.0,36953.456896704,17.18868000000014,17.18868000000014,17.18868000000014
1925,5,75722.63979,37716.949794626,0.0,37716.949794626,1221.308,0.0,593.212,20359.23766679089,8351.569328583068,74.364,0.0,0.0,0.0,7405.999,0.0,0.0,0.0,0.0,38005.689995374,17.18868,17.18868,17.18868
1926,6,82015.4348,41526.300799805,19.2543,41526.300799805,1221.308,19.2543,593.212,20359.23766679089,12667.25878340405,74.364,0.0,0.0,0.0,5554.499250000039,0.0,0.0,0.0,0.0,40469.879700195,17.188680000232992,17.188680000232992,17.188680000232992
1927,7,87996.95472,39763.606755126,9080.5318103765,39763.606755126,1221.308,9080.5318103765,593.212,20359.23766679089,13201.694987706564,74.364,0.0,0.0,0.0,3702.999500000026,0.0,0.0,0.0,0.0,39152.816154497494,17.18867999976701,17.18867999976701,17.18867999976701
1928,8,90194.02402,36204.846690334,37463.4112581695,30888.444506562962,894.7060000000001,36233.5360581695,0.0,20251.47370526749,0.0,74.364,0.0,0.0,0.0,1851.4997500000118,0.0,0.0,0.0,0.0,23072.043455267536,0.0,0.0,0.0
1929,9,90122.10408,30981.023892113,57629.994758568995,29221.995792113,1158.7310000000002,52010.298012347404,0.0,20251.47370526749,0.0,74.364,0.0,0.0,0.0,0.0,12594.758429727885,0.0,11965.02050824149,-12594.758429727885,8889.810275539603,0.0,0.0,0.0
1930,10,89735.99109,24944.334489514997,68739.610256204,24920.019639515,1221.308,43189.397560469995,0.0,20330.90189001496,0.0,74.364,0.0,0.0,0.0,0.0,0.0,0.0,11965.02050824149,0.0,21626.573890015003,0.0,0.0,0.0
1931,11,89244.92513,18456.455456763,73283.10830139199,18456.455456763,1221.308,73283.10830139423,0.0,20359.23766679089,0.0,74.364,0.0,0.0,0.0,0.0,24149.548294948356,0.0,34907.09138844243,-24149.548294948356,-2494.6386281572195,0.0,0.0,0.0
1932,12,88486.04596,16489.901551132,74652.52090710199,16489.901551132,1221.308,74652.52090710199,0.0,20359.23766679089,0.0,74.364,0.0,0.0,0.0,0.0,24311.28616502488,0.0,58002.813245216064,-24311.28616502488,-2656.3764982339926,0.0,0.0,0.0
1933,13,87660.92889,17019.843495367004,74973.48525157,17019.843495363002,1221.308,74973.4852515724,0.0,20359.23766679089,0.0,74.364,0.0,0.0,0.0,0.0,25987.309523730302,0.0,82690.75729275985,-25987.309523730302,-4332.399856935415,0.0,0.0,0.0
1934,14,87161.70805,20575.686346854,75131.2988434115,20575.686346854,1221.308,75131.2988434115,0.0,20359.23766679089,0.0,74.364,0.0,0.0,0.0,0.0,30200.186807056438,0.0,111380.93475946349,-30200.186807056438,-8545.27714026549,0.0,0.0,0.0
1935,15,86430.06247,20806.501058509002,72747.538909674,20806.501058509002,1221.308,72747.53890967654,0.0,20359.23766679089,0.0,74.364,0.0,0.0,0.0,0.0,28778.88716497665,0.0,138720.8775661913,-28778.88716497665,-7123.977498185544,0.0,0.0,0.0
1936,16,85946.87115,19658.797806071,65180.74017324999,19658.79780607333,1221.3079999999977,65180.74017324999,0.0,20359.23766679089,0.0,74.364,0.0,0.0,0.0,1851.4997499999936,22399.076246114422,0.0,160000.0,-22399.076246114422,1107.333170676684,0.0,0.0,0.0
1937,17,85852.17688,18228.605449229,50521.001448847994,15647.861164361122,1221.308,44846.406548848,0.0,20359.23766679089,0.0,74.364,0.0,0.0,0.0,3702.999499999989,0.0,0.0,160000.0,0.0,25357.90916679088,0.0,0.0,0.0
1938,18,86514.31852,17233.019800522998,27904.571156646496,17233.019800522998,1221.308,27904.571156646496,593.212,20359.23766679089,7088.965839999981,74.364,0.0,0.0,0.0,5554.499250000004,0.0,6485.140806039624,153173.5359936425,6485.140806039624,41376.7275628305,15.570160000235894,15.570160000235894,15.570160000235894
1939,19,88763.66915,18244.485545898002,127.060404318,18244.485545898002,1221.308,127.060404318,593.212,20359.23766679089,24452.49,74.364,448.7679999999995,257.0,0.0,7405.999,0.0,15579.744532993105,136773.80490628132,15579.744532993105,70392.123199784,35.45800000075732,35.45800000075732,35.45800000075732
1940,20,91959.12761,23570.388142894,0.0,23570.388142894,1221.308,0.0,593.212,20359.23766679089,25028.690000000002,74.364,701.2,257.0,0.0,7405.999,0.0,12747.728800315077,123355.14301121281,12747.728800315077,68388.739467106,35.458,35.458,35.458
1941,21,90693.48247,28262.980358134,0.0,28262.980358134,1221.308,0.0,593.212,20359.23766679089,25028.690000000002,74.364,469.1079998372239,257.0,0.0,7405.999,0.0,7021.5834452378895,115964.00254254136,7021.5834452378895,62430.50211186601,35.458,35.458,35.458
1942,22,85472.90622,28462.033498970006,0.0,28462.033498970006,1221.308,0.0,593.212,20359.23766679089,24452.49,74.364,36.15999984055718,0.0,0.0,7405.999,0.0,2868.102054376086,112944.94774846127,2868.102054376086,57010.87272103,30.763720000469757,30.763720000469757,30.763720000469757
1943,23,79167.35816,29852.616753645,0.0,29852.616753645,1221.308,0.0,593.212,20359.23766679089,7110.465839999977,74.364,0.0,0.0,0.0,7405.999,0.0,12550.154899564131,99734.25838049903,12550.154899564131,49314.741406355,16.2426,16.2426,16.2426
1944,24,74239.26644,32607.620395493,0.0,32607.620395493,1221.308,0.0,593.212,20359.23766679089,50.0,74.364,0.0,0.0,0.0,7405.999,0.0,11927.52537771613,87178.96850921889,11927.52537771613,41631.64604450701,16.2426,16.2426,16.2426
1945,25,71446.44722,32951.218192571,0.0,32951.218192571,1221.308,0.0,593.212,20359.23766679089,50.0,74.364,0.0,0.0,0.0,7405.999,0.0,8791.10836063811,77925.17023486299,8791.10836063811,38495.229027429,16.242600000000063,16.242600000000063,16.242600000000063
1946,26,69969.2438,33978.390140510004,0.0,33978.390140510004,1221.308,0.0,593.212,20359.23766679089,50.0,74.364,0.0,0.0,0.0,7405.999,0.0,6286.732992699107,71307.55655833762,6286.732992699107,35990.85365948999,16.242600000000344,16.242600000000344,16.242600000000344
1947,27,69624.08547,33799.785390498,0.0,33799.785390498,1221.308,0.0,593.212,20359.23766679089,50.0,74.364,0.0,0.0,0.0,7405.999,0.0,6120.179412713122,64865.262439692226,6120.179412713122,35824.300079502005,16.24260000000035,16.24260000000035,16.24260000000035
1948,28,70884.21282,32087.334959483,0.0,32087.334959483,1221.308,0.0,593.212,20359.23766679089,50.0,74.364,0.0,0.0,0.0,7405.999,0.0,9092.75719372611,55293.93907787527,9092.75719372611,38796.877860517,16.242600000000063,16.242600000000063,16.242600000000063
1949,29,74801.73956,29252.853307514997,0.0,29252.853307514997,1221.308,0.0,593.212,20359.23766679089,50.0,74.364,0.0,0.0,0.0,7405.999,0.0,15844.765585694808,38615.23846135442,15844.765585694808,45548.886252485005,16.242599999999847,16.242599999999847,16.242599999999847
1950,30,80903.99967,28348.462956792,102.50290000000001,28348.462956792,1221.308,102.50290000000001,593.212,20359.23766679089,7269.002,74.364,0.0,0.0,0.0,7405.999,0.0,15529.911146417122,22267.96357038903,15529.911146417122,52453.03381320801,17.18868,17.18868,17.18868
1951,31,87457.22556,30032.573193169002,9028.065706357,30032.573193169002,1221.308,9028.065706357,593.212,20359.23766679089,50.0,74.364,0.0,0.0,0.0,7405.999,0.0,18692.465993683094,2591.6835770384073,18692.465993683094,48396.586660474,16.242600000000014,16.242600000000014,16.242600000000014
1952,32,90251.12948,24160.445003451,36207.531540703,24160.445003451,1221.308,36207.531540703,593.212,20359.23766679089,28.5,74.364,0.0,0.0,0.0,5554.499250000003,0.0,2052.0320190550906,431.64987276989075,2052.0320190550906,29883.15293584601,16.242600000000273,16.242600000000273,16.242600000000273
1953,33,90445.96158,13888.20149592,55312.847240845505,13888.20149592,1221.308,55312.847240845505,348.123,20359.23766679089,0.0,74.364,0.0,0.0,0.0,3702.9995000000104,4461.119323556527,0.0,4669.713230148592,-4461.119323556527,21244.912843234495,6.436799999766878,6.436799999766878,6.436799999766878
1954,34,90037.82778,10560.689506655,65615.5601716065,10560.689506655,1221.308,65615.5601716065,0.0,20359.23766679089,0.0,74.364,0.0,0.0,0.0,1851.4997500000095,9644.831315066582,0.0,13832.302979461838,-9644.831315066582,13861.578101738502,0.0,0.0,0.0
1955,35,89078.75502,11127.287756624,70420.167249538,11127.287756624,1221.308,70420.167249538,0.0,20359.23766679089,0.0,74.364,0.0,0.0,0.0,0.0,14123.609652952895,0.0,27249.732149767086,-14123.609652952895,7531.300013837987,0.0,0.0,0.0
1956,36,88037.75104,10064.804002145002,74363.09566831849,10064.804002145002,1221.308,74363.09566831849,0.0,20359.23766679089,0.0,74.364,0.0,0.0,0.0,0.0,18045.058297255913,0.0,44392.537532160204,-18045.058297255913,3609.851369536511,0.0,0.0,0.0
1957,37,86636.32121,9298.539305367,73839.91399493,9298.539305367,1221.308,73839.91399492999,0.0,20359.23766679089,0.0,74.364,0.0,0.0,0.0,0.0,18157.041757087893,0.0,61641.7272013937,-18157.041757087893,3497.867909703011,0.0,0.0,0.0
1958,38,85640.02624,10939.064246673,73830.2584866635,10939.064246673,1221.308,73830.2584866635,0.0,20359.23766679089,0.0,74.364,0.0,0.0,0.0,0.0,20784.206160127418,0.0,81386.72305351475,-20784.206160127418,870.7035066634999,0.0,0.0,0.0
1959,39,84872.4126,11499.24044811,69003.0717074015,11499.240448109997,1221.308,69003.0717074015,0.0,20359.23766679089,0.0,74.364,0.0,0.0,0.0,0.0,17284.809222302443,0.0,97807.29181470207,-17284.809222302443,4370.100444488504,0.0,0.0,0.0
1960,40,84125.45157,14382.890751483,60331.348261509505,14382.890751483,1221.308,60331.3482615095,0.0,20359.23766679089,0.0,74.364,0.0,0.0,0.0,0.0,12243.697109783372,0.0,109438.80406899627,-12243.697109783372,9411.2125570075,0.0,0.0,0.0
1961,41,83496.66248,17541.065989083996,46231.793697757,17541.065989083996,1221.308,46231.793697757,0.0,20359.23766679089,0.0,74.364,0.0,0.0,0.0,1851.4997500000068,3782.606623631214,0.0,113032.28036144591,-3782.606623631214,19723.80279315901,0.0,0.0,0.0
1962,42,83435.32318,20878.354044835,25714.142049922,20878.354044835,1221.308,25714.142049922,7.401377159609039e-6,20359.23766679089,21.5,74.364,0.0,0.0,0.0,3702.9995000000067,0.0,11463.417911050728,100965.52466560304,11463.417911050728,36842.827085243014,0.9354800000000054,0.9354800000000054,0.9354800000000054
1963,43,85162.79711,20649.977057031,1955.4027363735001,20649.977057031,1221.308,1955.4027363735001,593.212,20359.23766679089,17392.024159999983,74.364,36.159999999999954,257.0,0.0,5554.499250000003,0.0,17069.612239804625,82997.51178159818,17069.612239804625,62557.4173165955,33.44188,33.44188,33.44188
1964,44,88260.57678,22790.126297095,0.0,22790.126297095,1221.308,0.0,593.212,20359.23766679089,24452.49,74.364,448.7680000000016,257.0,0.0,7405.999,0.0,10658.071816114098,71778.48881726756,10658.071816114098,65470.450482905,34.78556000000424,34.78556000000424,34.78556000000424
1965,45,87125.59058,28632.615903653998,0.0,28632.615903653998,1221.308,0.0,593.212,20359.23766679089,7110.465839999937,74.364,0.0,0.0,0.0,7405.999,0.0,21728.388169555168,48906.50127036737,21728.388169555168,58492.974676346006,16.242599999999523,16.242599999999523,16.242599999999523
1966,46,83133.60058,29783.614200406,0.0,29783.614200406,1221.308,0.0,593.212,20359.23766679089,50.0,74.364,0.0,0.0,0.0,7405.999,0.0,23645.86571280465,24016.11630952037,23645.86571280465,53349.986379594004,16.242600000006654,16.242600000006654,16.242600000006654
1967,47,78103.98973,34220.816995853995,0.0,34220.816995853995,1221.308,0.0,593.212,20359.23766679089,50.0,74.364,0.0,0.0,0.0,7405.999,0.0,14179.052067355113,9090.798343883416,14179.052067355113,43883.17273414601,16.242600000001072,16.242600000001072,16.242600000001072
1968,48,73500.44369,36169.684506738005,0.0,36169.684506738005,1221.308,0.0,593.212,20359.23766679089,28.5,74.364,0.0,0.0,0.0,7405.998999999999,0.0,7648.13851647111,1040.1262212822485,7648.13851647111,37330.759183261995,16.2426,16.2426,16.2426
1969,49,70235.10658,44552.568455697,0.0,44552.568455697,1221.308,0.0,0.0,20359.23766679089,0.0,74.364,0.0,0.0,0.0,5554.499249999999,1526.8707924921453,0.0,2490.6534741497862,-1526.8707924921453,25682.538124303006,3.2183999997666106,3.2183999997666106,3.2183999997666106
1970,50,68343.79222,40772.788992739,0.0,40772.788992739,1221.308,0.0,593.212,20359.23766679089,28.499999999999996,74.364,0.0,0.0,0.0,5275.115004503958,0.0,19.266555966152282,2470.3728889222575,19.266555966152282,27571.003227261004,12.948900001615904,12.948900001615904,12.948900001615904
1971,51,67429.22072,39382.129554229,0.0,39382.129554229,1221.308,0.0,593.212,20359.23766679089,28.5,74.364,0.0,0.0,0.0,3423.615254503957,0.0,2346.8542444761447,0.0,2346.8542444761447,28047.091165770995,16.242599998848693,16.242599998848693,16.242599998848693
1972,52,67934.02931,47053.057493042,0.0,46067.63854859132,1221.308,0.0,0.0,20359.23766679089,0.0,74.364,0.0,0.0,0.0,1572.1155045039554,1360.6344098861664,0.0,1292.6026893918581,-1360.6344098861664,21866.39076140868,0.0,0.0,0.0
1973,53,69380.20761,49893.884457771004,0.0,49893.884457771004,1221.308,0.0,0.0,20359.23766679089,0.0,74.364,0.0,0.0,0.0,0.0,2168.5865145621115,0.0,3352.7598782258638,-2168.5865145621115,19486.323152228993,0.0,0.0,0.0
1974,54,71990.91875,46402.378994937,144.4674,46402.378994937,1221.308,144.4674,593.2119999999999,20370.06647074844,0.0,74.364,0.0,0.0,0.0,0.0,0.0,3185.1218843145707,0.0,3185.1218843145707,25444.072355063,9.7305,9.7305,9.7305
1975,55,75264.26125,45429.80724716399,9790.700893246001,43870.530900248006,1221.308,9790.700893246001,0.0,20381.721456505984,0.0,0.0,0.0,0.0,0.0,0.0,0.0,0.0,0.0,0.0,21603.02945650599,0.0,0.0,0.0
1976,56,78267.6636,36223.894259231005,35004.71605601149,36223.89425923328,1221.308,35004.71605601149,0.0,20393.689564689048,0.0,74.364,0.0,0.0,0.0,0.0,14650.308279934025,0.0,13917.792865937323,-14650.308279934025,7039.053284755224,0.0,0.0,0.0
1977,57,81313.66659,29636.294146198998,52818.53229137599,29636.294146198998,1221.308,52818.53229137833,0.0,20405.339123434103,0.0,74.364,0.0,0.0,0.0,0.0,22842.170971011656,0.0,35617.855288398394,-22842.170971011656,-1141.1598475773353,0.0,0.0,0.0
1978,58,82875.17826,23549.220689211,62662.8233029705,23549.220689211,1221.3080000020555,62662.8233029705,0.0,20416.79582755317,0.0,74.364,0.0,0.0,0.0,0.0,25049.33355973695,0.0,59414.722170148496,-25049.33355973695,-3336.865732181497,0.0,0.0,0.0
1979,59,82967.26106,22792.420401249,67395.95404475801,22792.420401249,1221.308,67395.95404475801,0.0,20425.816593508913,0.0,74.364,0.0,0.0,0.0,0.0,28942.601979515952,0.0,86910.19405068865,-28942.601979515952,-7221.113386007004,0.0,0.0,0.0
1980,60,81806.05478,22516.444355298998,69653.8469415345,22516.444355298998,1221.308,69653.8469415345,0.0,20436.645397466462,0.0,74.364,0.0,0.0,0.0,0.0,32096.553914299962,0.0,117401.9202692736,-32096.553914299962,-10364.236516833495,0.0,0.0,0.0
1981,61,80520.71664,24721.261552744,69062.707646344,24720.51858857977,1188.098,34089.4729542125,0.0,20448.263097207728,0.0,74.364,0.0,0.0,0.0,0.0,0.0,0.0,117401.9202692736,0.0,21710.72509720773,0.0,0.0,0.0
1982,62,79314.78428,23505.528655913,61193.016685812,18971.694858353625,1010.1830000000001,47289.5041330275,0.0,20460.324685064792,0.0,0.0,0.0,0.0,0.0,0.0,8416.922396445925,0.0,125397.99654589723,-8416.922396445925,13053.58528861888,0.0,0.0,0.0
1983,63,78701.8112,25566.749241838,59123.134885083506,23257.39361822065,260.797,34711.843639431005,0.0,20471.776942348333,0.0,0.0,0.0,0.0,0.0,0.0,0.0,0.0,125397.99654589723,0.0,20732.57394234834,0.0,0.0,0.0
1984,64,78375.72932,25210.337941362,53079.358367024994,25210.337941362,1221.308,53079.358367024994,0.0,20480.57810299339,0.0,74.364,0.0,0.0,0.0,0.0,21690.2170913804,0.0,146003.70278270863,-21690.2170913804,86.03301161300624,0.0,0.0,0.0
1985,65,78681.31689,27775.340956061995,41999.73888344301,27775.340956061995,1221.308,41999.73888344522,0.0,20492.00973974666,0.0,74.364,0.0,0.0,0.0,1851.499750000009,14732.944439254092,0.0,160000.0,-14732.944439254092,8906.23705049279,0.0,0.0,0.0
1986,66,79628.92539,30757.220698595003,22804.779012653496,30757.220698595003,1221.308,22804.779012653496,0.0,20503.2524991302,21.5,74.364,0.0,0.0,0.0,3702.9995000000213,0.0,543.5016796209171,159427.8929688201,543.5016796209171,26066.925678751504,0.9354799999999969,0.9354799999999969,0.9354799999999969
1987,67,82121.66496,30439.027995794,2748.8033053305003,30439.027995794,1221.308,2748.8033053305003,593.212,20514.84202392575,17392.02415999999,74.364,36.159999994434756,257.0,0.0,5554.499250000021,0.0,3290.424224994833,155964.2885214571,3290.424224994833,48933.8336588755,33.44187999958781,33.44187999958781,33.44187999958781
1988,68,84826.12847,30812.59894017,0.0,30812.59894017,1221.308,0.0,593.212,20526.523415005013,7269.002,74.364,0.0,0.0,0.0,7405.999,0.0,16923.121114824968,138150.47682164135,16923.121114824968,54013.52952983,17.188680000412194,17.188680000412194,17.188680000412194
1989,69,83967.3664,33648.551154403,0.0,33648.551154403,1221.308,0.0,593.212,20535.398112524075,7269.002,74.364,0.0,0.0,0.0,7405.999,0.0,13219.53213307292,124235.17983945934,13219.53213307292,50318.815245597,17.188680000232626,17.188680000232626,17.188680000232626
1990,70,80259.40729,34344.791655408,0.0,34344.791655408,1221.308,0.0,593.212,20547.053091007616,7269.002,74.364,0.0,0.0,0.0,7405.999,0.0,8803.677543584403,114968.1508462126,8803.677543584403,45914.615634592,17.18868,17.18868,17.18868
1991,71,75775.64355,30420.436596329997,0.0,30420.436596329997,1221.308,0.0,593.212,20558.603846464684,50.00000018282903,74.364,0.0,0.0,0.0,7405.999,0.0,15451.720107022484,98703.18231250471,15451.720107022484,45355.20695367,16.242600000024026,16.242600000024026,16.242600000024026
1992,72,71548.76409,24371.677794795003,0.0,24371.677794795003,1221.308,0.0,593.212,20569.85471544823,7269.002,74.364,0.0,0.0,0.0,7405.999,0.0,10043.34657975677,88131.23854433969,10043.34657975677,47177.086295204994,17.188680000000684,17.188680000000684,17.188680000000684
1993,73,68710.4245,24540.877702627,0.0,24540.877702627,1221.308,0.0,593.212,20581.537891567295,50.0,74.364,0.0,0.0,0.0,7405.999,0.0,14243.125905805706,73138.47443296526,14243.125905805706,44169.546797373,16.242599999998358,16.242599999998358,16.242599999998358
1994,74,66393.14233,24855.129558646,0.0,24855.129558646,1221.308,0.0,593.212,20590.116683385033,50.0,74.364,0.0,0.0,0.0,7405.999,0.0,11603.013087968959,60924.77644562952,11603.013087968959,41538.012771354,16.242599999999435,16.242599999999435,16.242599999999435
1995,75,65662.82012,27672.58169508,0.0,27672.58169508,1221.308,0.0,593.212,20602.100871642102,50.0,74.364,0.0,0.0,0.0,7405.999,0.0,8043.254553277893,52458.192705337,8043.254553277893,37990.238424920004,16.242600000000596,16.242600000000596,16.242600000000596
1996,76,65698.72061,27117.073399864,0.0,27117.073399864,1221.308,0.0,593.212,20613.53250112136,50.0,74.364,0.0,0.0,0.0,7405.999,0.0,8623.231709015592,43381.1066958469,8623.231709015592,38581.647210136005,16.242599999977216,16.242599999977216,16.242599999977216
1997,77,66792.48894,22131.773597776,0.0,22131.773597776,1221.308,0.0,593.212,20624.611066678914,50.0,74.364,0.0,0.0,0.0,7405.999,0.0,14691.221275545082,27916.66324790471,14691.221275545082,44660.71534222399,16.242599999999733,16.242599999999733,16.242599999999733
1998,78,68592.72207,21887.726349617,164.40210000000002,21887.726349617,1221.308,164.40210000000002,593.212,20636.292534362456,7269.002,74.364,0.0,0.0,0.0,7405.999,0.0,9340.416086020543,18084.64631525151,9340.416086020543,46540.593620383,17.188680000001852,17.188680000001852,17.188680000001852
1999,79,71505.75243,23368.680291794,4687.279451241499,23368.680291794,1221.308,4687.279451241499,593.212,20645.313684215722,50.0,74.364,0.0,0.0,0.0,5554.499250000002,0.0,15311.095752749698,1967.703417619158,15311.095752749698,43449.792686964494,16.242600000000035,16.242600000000035,16.242600000000035
2000,80,74294.59992,18095.311950629,22613.492084455498,18095.311950629,1221.308,22613.492084455498,593.212,20656.728661360783,5467.865476816506,74.364,0.0,0.0,0.0,3702.9995000000017,0.0,1869.3182467382003,0.0,1869.3182467382003,33585.7958849155,16.2426,16.2426,16.2426
2001,81,77111.16444,10872.810403713,43298.8376553805,10872.810403713,1221.308,43298.8376553805,0.0,20668.411830205838,0.0,74.364,0.0,0.0,0.0,1851.4997500000009,876.0671992993607,0.0,832.2638393343926,-876.0671992993607,22939.516380906498,0.0,0.0,0.0
2002,82,78430.37732,8226.056141643001,53322.516463536,8226.056141643001,1221.308,53322.516463536,0.0,20680.11142923559,0.0,74.364,0.0,0.0,0.0,0.0,5093.978714414578,0.0,5671.54361802824,-5093.978714414578,16881.804714821003,0.0,0.0,0.0
2003,83,78839.83353,11069.221546604002,59305.6100594675,9455.652731445862,25.641,48592.985811035,0.0,20691.189987519134,0.0,74.364,0.0,0.0,0.0,0.0,0.0,0.0,5671.543618028241,0.0,20791.194987519135,0.0,0.0,0.0
2004,84,78687.22654,15439.684240984,59364.642294914,15439.684240984,1221.307999999999,59364.64229491625,0.0,20702.792513138196,0.0,74.364,0.0,0.0,0.0,0.0,18115.56450903864,0.0,22881.329901614947,-18115.56450903864,3882.900004099749,0.0,0.0,0.0
2005,85,78388.18323,17565.871102011002,60440.458630293,17554.651841740746,159.548,39887.905173937994,0.0,20711.714214321255,0.0,74.364,0.0,0.0,0.0,0.0,0.0,0.0,22881.329901614947,0.0,20945.62621432125,0.0,0.0,0.0
2006,86,77999.95693,17736.218541292,62778.082270164494,17736.218541292,1221.3079999999854,62778.082270164494,0.0,20723.416240478804,0.0,74.364,0.0,0.0,0.0,0.0,24533.432121935275,0.0,46188.09041745345,-24533.432121935275,-2514.3438814564943,0.0,0.0,0.0
2007,87,77554.11757,23775.678552299,54895.874708153,23775.678552299,1221.3079999999968,54895.874708153,0.0,20734.872937323868,0.0,74.364,0.0,0.0,0.0,0.0,23147.980627775858,0.0,68178.67201384052,-23147.980627775858,-1117.4356904519955,0.0,0.0,0.0
2008,88,77898.24244,27716.981697957002,49283.63173657551,27716.981697957002,1221.308,49283.63173657551,0.0,20746.807289603123,0.0,74.364,0.0,0.0,0.0,0.0,21144.850284135628,0.0,88266.27978376937,-21144.850284135628,897.6290054674901,0.0,0.0,0.0
2009,89,79087.94697,27521.703445352,37645.8570991395,27521.703445352,1221.308,37645.8570991395,0.0,20757.70373369916,0.0,74.364,0.0,0.0,0.0,0.0,8132.9893081906575,0.0,95992.61962655048,-8132.9893081906575,13920.386425508499,0.0,0.0,0.0
2010,90,80910.10807,32635.831251436997,19766.3417003535,32635.831251436997,1221.308,19766.3417003535,169.9499997728058,20766.481322056225,0.0,74.364,0.0,0.0,0.0,1851.499750000001,0.0,4424.332046380478,91335.42799878155,4424.332046380478,28507.935118209505,6.319999998762022,6.319999998762022,6.319999998762022
2011,91,83626.26202,37836.02910941299,418.224905055,37836.02910941299,1221.308,418.224905055,593.212,20778.293142435483,28.499999999999996,74.364,0.0,0.0,0.0,3702.999500000002,0.0,18973.33136309652,71363.50024815365,18973.33136309652,45372.008005532,16.242600000000834,16.242600000000834,16.242600000000834
2012,92,86477.45487,45466.135004247,0.0,45466.135004247,1221.308,0.0,593.2120000143075,20789.942701180542,50.0,74.364,0.0,0.0,0.0,5554.499250000003,0.0,12727.99391455815,57965.61191704076,12727.99391455815,41011.319865753,16.242600000209904,16.242600000209904,16.242600000209904
2013,93,85467.54807,40843.557356,0.0,40843.557356,1221.308,0.0,593.212,20801.34792533809,50.0,74.364,0.0,0.0,0.0,5554.499249915015,0.0,16329.25953875018,40776.91766572479,16329.25953875018,44623.99071400001,16.2426,16.2426,16.2426
2014,94,80419.13463,40760.422396049005,0.0,40760.422396049005,1221.308,0.0,593.212,20813.424687317358,28.499999999999996,74.364,0.0,0.0,0.0,3702.9995,0.0,13224.904046633923,26855.966037689082,13224.904046633923,39658.712233950995,16.2426000011763,16.2426000011763,16.2426000011763
2015,95,74611.32516,44454.330798352006,0.0,44454.330798352006,1221.308,0.0,169.95,20821.494014974898,0.0,74.364,0.0,0.0,0.0,1851.49975,0.0,6018.378596673094,20520.830672770036,6018.378596673094,30156.994361647987,6.320000001941267,6.320000001941267,6.320000001941267
2016,96,70523.00369,53347.239339277,0.0,53347.239339277,1221.308,0.0,0.0,20832.927422219964,0.0,74.364,0.0,0.0,0.0,0.0,4952.835071496967,0.0,25226.023990692156,-4952.835071496967,17175.764350722995,0.0,0.0,0.0
2017,1,67548.42892,50695.614198079005,0.0,50695.614198079005,1195.667,0.0,0.0,20841.210934027516,0.0,74.364,0.0,0.0,0.0,0.0,5258.427212106511,0.0,4995.505851501186,-5258.427212106511,16852.814721921,0.0,0.0,0.0
2018,2,65974.15382,49420.482594525,0.0,48820.1249204428,1181.9700000000003,0.0,0.0,19732.454677027512,0.0,0.0,0.0,0.0,0.0,0.0,3760.3957774702963,0.0,8567.881840097967,-3760.3957774702963,17154.028899557205,0.0,0.0,0.0
2019,3,65600.27017,54490.80744859499,0.0,44447.44159047251,898.0480000000001,0.0,0.0,20180.41657952751,0.0,74.364,0.0,0.0,0.0,0.0,0.0,0.0,8567.881840097967,0.0,21152.828579527493,0.0,0.0,0.0
2020,4,67146.87909,52387.060749391,0.0,45510.55680166462,1195.667,0.0,0.0,20366.29128833538,0.0,74.364,0.0,0.0,0.0,0.0,0.0,0.0,8567.881840097967,0.0,21636.32228833538,0.0,0.0,0.0
2021,5,71296.75798,50617.781855755,0.0,50617.781855755,1176.542,0.0,0.0,20541.66414169293,0.0,74.364,0.0,0.0,0.0,0.0,1113.5940174479306,0.0,9625.796156673501,-1113.5940174479306,20678.976124244997,0.0,0.0,0.0
2022,6,77698.28692,53365.288059888,0.0,53365.288059888,1221.308,0.0,593.212,20899.60851127219,0.0,74.364,0.0,0.0,0.0,0.0,0.0,1544.5063488398264,8000.0,1544.5063488398264,24332.998860112,9.7305,9.7305,9.7305
2023,7,84446.55747,55600.33115389301,11366.255089064,54517.18738607436,619.038,11366.255089064,0.0,17944.07699486165,0.0,0.0,0.0,0.0,0.0,0.0,0.0,0.0,8000.0,0.0,18563.114994861644,0.0,0.0,0.0
2024,8,87797.59692,50827.469845903,38404.635500047,47454.48402112179,33.21,25438.662011187,0.0,14871.240887691196,0.0,0.0,0.0,0.0,0.0,0.0,0.0,0.0,8000.0,0.0,14904.450887691208,0.0,0.0,0.0
2025,9,88873.43566,46645.14615185299,57081.213275502494,20810.938601939284,638.949,55801.427775502496,0.0,11622.120282558199,0.0,0.0,0.0,0.0,0.0,0.0,0.0,0.0,8000.0,0.0,12261.069282558223,0.0,0.0,0.0
2026,10,89249.30343,46599.22314846101,67475.063737496,46599.22314846101,1221.308,32651.436995297947,0.0,8702.971286241014,0.0,74.364,0.0,0.0,0.0,0.0,0.0,0.0,8000.0,0.0,9998.643286241044,0.0,0.0,0.0
2027,11,89102.99359,48203.23064062,72351.7476105925,48203.23064062,903.488,30233.11302118338,0.0,9688.797928196615,0.0,74.364,0.0,0.0,0.0,0.0,0.0,0.0,8000.0,0.0,10666.649928196617,0.0,0.0,0.0
2028,12,88643.12361,52859.612260929,73158.30205419898,52859.612260929,431.14799999999997,62222.09627008077,0.0,13130.267078990213,0.0,0.0,0.0,0.0,0.0,0.0,40000.0,0.0,46000.0,-40000.0,-26438.58492100978,0.0,0.0,0.0
2029,13,87805.55144,54465.462250632,74298.5017108625,40126.17964574728,590.571,72078.3986608625,0.0,15010.402133390215,0.0,0.0,0.0,0.0,0.0,0.0,40000.0,0.0,84000.0,-40000.0,-24399.026866609784,0.0,0.0,0.0
2030,14,86803.00438,53729.29519275,75270.6198252335,53260.91119296,791.7620000000001,54580.79879156598,0.0,18095.168395474015,0.0,74.364,0.0,0.0,0.0,0.0,40000.0,0.0,122000.0,-40000.0,-21038.70560452598,0.0,0.0,0.0
2031,15,85630.76098,48196.016990569005,69340.1400220445,31417.521391085003,778.3180000000001,33610.388915285366,0.0,19824.53267362963,0.0,0.0,0.0,0.0,0.0,0.0,0.0,0.0,122000.0,0.0,20602.85067362964,0.0,0.0,0.0
2032,16,84951.90522,44644.50175435199,64763.825908490995,44644.50175435199,966.7310000000001,58985.75258521835,0.0,20280.555880429634,0.0,74.364,0.0,0.0,0.0,0.0,40000.0,0.0,160000.0,-40000.0,-18678.349119570346,0.0,0.0,0.0
2033,17,84794.68796,46661.83129607401,51761.5740175825,12174.062918742819,431.526,51761.5740175825,0.0,20427.52502367469,0.0,0.0,0.0,0.0,0.0,0.0,0.0,0.0,160000.0,0.0,20859.051023674685,0.0,0.0,0.0
2034,18,85460.91483,43288.889052676,30035.079251564002,32155.563374444046,1068.2759999999998,29568.804951564005,0.0,20742.40675399195,0.0,74.364,0.0,0.0,0.0,1851.49975,0.0,0.0,160000.0,0.0,23736.546503991947,0.0,0.0,0.0
2035,19,87809.15655,38366.546142447,937.7273901135,38366.546142447,1221.308,937.7273901135,593.212,21044.487297111016,28.499999999999996,74.364,0.0,0.0,0.0,3702.9995,0.0,21840.01222032849,137010.5134522858,21840.01222032849,48504.883017439504,16.2426,16.2426,16.2426
2036,20,90774.86547,39342.819547631,0.0,39342.819547631,1221.308,0.0,593.212,21053.091156294562,50.0,74.364,0.0,0.0,0.0,5554.49925,0.0,22885.571516074433,112920.43817220746,22885.571516074433,51432.045922369005,16.2426,16.2426,16.2426
2037,21,89240.80939,42354.227688246,0.0,42354.227688246,1221.308,0.0,593.212,21064.37386488631,50.0,74.364,0.0,0.0,0.0,7405.999,0.0,16477.32483686767,95575.88571234676,16477.32483686767,46886.581701753996,16.2426,16.2426,16.2426
2038,22,83783.55211,40739.575096418,0.0,40739.575096418,1221.308,0.0,593.212,21075.76555243137,50.0,74.364,0.0,0.0,0.0,7405.999,0.0,12623.328461150613,82288.17154271454,12623.328461150613,43043.97701358201,16.2426,16.2426,16.2426
2039,23,77617.19775,36556.46034677,0.0,36556.46034677,1221.308,0.0,593.212,21087.472018150438,50.0,74.364,0.0,0.0,0.0,5554.49925,0.0,12479.882135079562,69151.45350578868,12479.882135079562,41060.73740323001,16.2426,16.2426,16.2426
2040,24,72435.843,37074.188309196994,0.0,37074.188309196994,1221.308,0.0,593.212,21099.23235717198,28.499999999999996,74.364,0.0,0.0,0.0,3702.9995,0.0,8642.038833631013,60054.570523019196,8642.038833631013,35361.654690803,16.2426,16.2426,16.2426
2041,25,69720.30796,38521.698039507,0.0,38521.698039507,1221.308,0.0,0.0,21108.019810951235,0.0,74.364,0.0,0.0,0.0,1851.49975,0.0,6943.418359541768,52745.709091922596,6943.418359541768,31198.609920493007,1.1137999999999977,1.1137999999999977,1.1137999999999977
2042,26,68046.61207,38122.098909392,0.0,38122.098909392,1221.308,0.0,26.917,21119.372574970304,0.0,74.364,0.0,0.0,0.0,0.0,0.0,7482.551585637709,44869.33900177764,7482.551585637709,29924.513160608003,5.323,5.323,5.323
2043,27,67815.79107,38911.139844048004,0.0,38911.139844048004,1221.308,0.0,593.212,21130.87390280434,0.0,74.364,0.0,0.0,0.0,0.0,0.0,5884.893323147674,38674.714451095875,5884.893323147674,28904.651225952002,9.7305,9.7305,9.7305
2044,28,68700.06606,39487.932391598995,0.0,39487.932391598995,1221.308,0.0,0.0,21142.226659549397,0.0,74.364,0.0,0.0,0.0,0.0,0.0,6774.23500885161,31543.940757567863,6774.23500885161,29212.133668401002,3.218399999999999,3.218399999999999,3.218399999999999
2045,29,72731.89802,37536.631798188995,0.0,37536.631798188995,1221.308,0.0,593.212,21154.15309992866,28.499999999999996,74.364,0.0,0.0,0.0,1851.49975,0.0,10272.229371882335,20731.067734533826,10272.229371882335,35195.266221811,16.2426,16.2426,16.2426
2046,30,78762.43844,39687.281248661,258.4798,39687.281248661,1221.308,258.4798,593.212,21162.87407854772,50.0,74.364,0.0,0.0,0.0,3702.9995,0.0,12011.919812791266,8086.9416158061795,12011.919812791266,38816.677391339,16.2426,16.2426,16.2426
2047,31,84926.25957,43794.118352458005,11867.2535040655,43794.118352458005,1221.308,11867.2535040655,593.212,21174.674666331266,28.499999999999996,74.364,0.0,0.0,0.0,1851.49975,0.0,4321.329297145242,3538.1739346006616,4321.329297145242,29264.88771347649,12.948899999999998,12.948899999999998,12.948899999999998
2048,32,87380.80038,37150.285543004,37770.67134052751,37150.285543004,668.479,37770.67134052751,0.0,21186.356064684533,0.0,74.364,0.0,0.0,0.0,0.0,9469.355568216044,0.0,12534.061724405903,-9469.355568216044,12459.843496468493,0.0,0.0,0.0
2049,33,88217.33356,29681.542249241997,53809.798307234494,15523.871150197,435.6739999999999,53809.798307234494,0.0,18373.626102568473,0.0,74.364,0.0,0.0,0.0,0.0,0.0,0.0,12534.061724405903,0.0,18883.66410256851,0.0,0.0,0.0
2050,34,88592.54334,26151.559955352,64927.752052845,26151.559955352,611.9670000000001,64927.752052845,0.0,21209.00288912514,0.0,74.364,0.0,0.0,0.0,0.0,24382.10255732216,0.0,35697.05915386195,-24382.10255732216,-2486.7686681969935,0.0,0.0,0.0
2051,35,88564.96946,26673.59079823,67598.07285449651,26673.59079823,995.571,67598.07285449651,0.0,18578.771942053078,0.0,74.364,0.0,0.0,0.0,0.0,25355.401134779615,0.0,59784.69023190258,-25355.401134779615,-5706.694192726514,0.0,0.0,0.0
2052,36,88146.10302,29556.606299155,70790.737793258,29556.606299155,833.224,37345.797980325064,0.0,20410.47474051995,0.0,0.0,0.0,0.0,0.0,0.0,0.0,0.0,59784.69023190258,0.0,21243.698740519932,0.0,0.0,0.0
2053,37,87783.47737,30712.768655981003,69073.3673439485,30712.768655981003,781.508,69073.3673439485,0.0,20429.972182309404,0.0,74.364,0.0,0.0,0.0,0.0,33288.50281223891,0.0,91408.76790352954,-33288.50281223891,-12002.658629929509,0.0,0.0,0.0
2054,38,87336.3897,29062.431447404,66806.71297741,25217.927224780608,0.0,44724.30787741,0.0,17394.154597809407,0.0,0.0,0.0,0.0,0.0,0.0,0.0,0.0,91408.76790352954,0.0,17394.154597809393,0.0,0.0,0.0
2055,39,86726.03934,36467.328901375,62825.348999386,22757.76170034,473.24499999999995,48454.07737196778,0.0,15040.955267692227,0.0,0.0,0.0,0.0,0.0,0.0,0.0,0.0,91408.76790352954,0.0,15514.20026769222,0.0,0.0,0.0
2056,40,86447.65334,39522.778994319,59068.675581093994,39522.778994319,731.6930000000001,57863.22518109399,0.0,17964.318265392227,0.0,74.364,0.0,0.0,0.0,0.0,29708.726100805226,0.0,119632.0576992945,-29708.726100805226,-10938.350835412988,0.0,0.0,0.0
2057,41,86480.13937,43676.867942244004,47213.734632935,43676.867942244004,1143.1550000000002,47213.734632935,0.0,21284.477029222428,0.0,74.364,0.0,0.0,0.0,0.0,26912.45923440142,0.0,145198.89397197583,-26912.45923440142,-4410.463205178996,0.0,0.0,0.0
2058,42,87363.03975,41955.877352223,27506.586268940002,41955.877352223,711.744,27506.586268940002,0.0,21295.92928650597,0.0,74.364,0.0,0.0,0.0,1851.49975,6032.960907668968,0.0,150930.20683426136,-6032.960907668968,17900.576128836998,0.0,0.0,0.0
2059,43,89470.60815,35854.773201886994,532.090007625,35854.773201886994,1221.308,532.090007625,593.212,21307.912003025034,28.499999999999996,74.364,0.0,0.0,0.0,3702.9995,0.0,26155.44943746296,123398.15479482667,26155.44943746296,53083.744940488,16.2426,16.2426,16.2426
2060,44,91788.77958,30638.722639145995,0.0,30638.722639145995,1221.308,0.0,593.212,21318.668691942778,50.0,74.364,0.0,0.0,0.0,5554.49925,0.0,32338.004998911238,89358.14953281483,32338.004998911238,61150.056940854,16.2426,16.2426,16.2426
2061,45,89734.22308,33242.694358515,0.0,33242.694358515,1221.308,0.0,593.212,21330.414088461843,50.0,74.364,0.0,0.0,0.0,5554.49925,0.0,27667.731383023143,60234.22176121152,27667.731383023143,56491.528721484996,16.2426,16.2426,16.2426
2062,46,84291.36819,38936.815958417996,0.0,38936.815958417996,1221.308,0.0,593.212,21338.914007545387,28.499999999999996,74.364,0.0,0.0,0.0,3702.9995,0.0,18395.254724036593,40870.795735909844,18395.254724036593,45354.552231582,16.2426,16.2426,16.2426
2063,47,77823.40948,42160.97120559,0.0,42160.97120559,1221.308,0.0,348.123,21350.97559679865,0.0,74.364,0.0,0.0,0.0,1851.49975,0.0,10816.167927611354,29485.35581210842,10816.167927611354,35662.43827441,6.436799999999998,6.436799999999998,6.436799999999998
2064,48,72549.97752,49171.464595517995,0.0,49171.464595517995,1221.308,0.0,0.0,21362.37539394371,0.0,74.364,0.0,0.0,0.0,0.0,0.0,720.4655305383011,28726.971043120735,720.4655305383011,23378.512924482005,0.0,0.0,0.0
2065,49,69941.99985,42453.804494935,0.0,42453.804494935,1221.308,0.0,593.212,21373.917163626767,0.0,74.364,0.0,0.0,0.0,0.0,0.0,4225.394191438213,24279.18768371209,4225.394191438213,27488.195355064992,9.7305,9.7305,9.7305
2066,50,68122.70954,45216.086158248,0.0,45216.086158248,1221.308,0.0,11.235,21385.168731257007,0.0,74.364,0.0,0.0,0.0,0.0,0.0,214.54765049498093,24053.348051612113,214.54765049498093,22906.623381751997,4.975,4.975,4.975
2067,51,67532.45728,48088.37189482699,0.0,48088.37189482699,1072.621,0.0,0.0,21393.86595907607,0.0,74.364,0.0,0.0,0.0,0.0,3096.7655739030597,0.0,26995.275346820017,-3096.7655739030597,19444.085385173013,0.0,0.0,0.0
2068,52,68604.12822,47559.080650604,0.0,47559.080650604,1221.308,0.0,0.0,21405.69023712113,0.0,74.364,0.0,0.0,0.0,0.0,1656.314667725128,0.0,28568.77428115889,-1656.314667725128,21045.047569395996,0.0,0.0,0.0
2069,53,72545.12884,39434.015248005,0.0,39434.015248005,1221.308,0.0,593.212,21417.44515640419,28.499999999999996,74.364,0.0,0.0,0.0,1851.49975,0.0,7924.784685590817,20226.895664747506,7924.784685590817,33111.113591995,16.2426,16.2426,16.2426
2070,54,78776.27224,38485.931951391,385.9705,38485.931951391,1221.308,385.9705,593.212,21429.204082261735,50.0,74.364,0.0,0.0,0.0,3702.9995,0.0,12833.282206347252,6718.17755280303,12833.282206347252,39904.369788609,16.2426,16.2426,16.2426
2071,55,84525.92829,40619.50919376999,12518.275454423,40619.50919376999,1221.308,12518.275454423,593.212,21440.650891741,28.499999999999996,74.364,0.0,0.0,0.0,1851.49975,0.0,6178.609000065983,214.37860536515382,6178.609000065983,31388.143641807008,16.167299999999997,16.167299999999997,16.167299999999997
2072,56,86982.34883,38507.696002955,35203.851601257,38507.696002955,146.68099999999998,35203.851601257,0.0,21207.70843349855,0.0,74.364,0.0,0.0,0.0,0.0,8157.952207710532,0.0,7964.433202690159,-8157.952207710532,13270.801225787996,0.0,0.0,0.0
2073,57,87548.17626,30770.88644147,51955.603631718506,23413.400191262,831.3230000000001,45814.55817424803,0.0,17488.89489448996,0.0,0.0,0.0,0.0,0.0,0.0,0.0,0.0,7964.433202690159,0.0,18320.217894489964,0.0,0.0,0.0
2074,58,87894.5182,27221.290744952,62027.286793193,27221.290744952,882.0620000000001,62027.286793193,0.0,15829.731487813497,0.0,74.364,0.0,0.0,0.0,0.0,18140.216825958512,0.0,25197.639187350745,-18140.216825958512,-1354.0593381449944,0.0,0.0,0.0
2075,59,88161.42503,30159.005850076,64894.9481427055,29621.281850076004,1096.268,64894.9481427055,0.0,17212.995751202416,0.0,74.364,0.0,0.0,0.0,0.0,24738.432713983922,0.0,48699.15026563547,-24738.432713983922,-6354.804962781505,0.0,0.0,0.0
2076,60,88091.85903,30132.843656920006,68128.4445071065,30132.843656920006,100.697,56481.76885879249,0.0,19340.654173991876,0.0,74.364,0.0,0.0,0.0,0.0,18038.468659704376,0.0,65835.69549235463,-18038.468659704376,1477.246514287508,0.0,0.0,0.0
2077,61,87612.99403,38198.203397444,67112.325884873,38113.900797444,42.95,32478.080642262194,0.0,16978.062590293823,0.0,0.0,0.0,0.0,0.0,0.0,0.0,0.0,65835.69549235463,0.0,17021.012590293805,0.0,0.0,0.0
2078,62,87316.07958,37880.740754155,68674.8993734885,28432.961752862997,132.311,39807.74098855177,0.0,18943.065838585233,0.0,0.0,0.0,0.0,0.0,0.0,0.0,0.0,65835.69549235463,0.0,19075.376838585238,0.0,0.0,0.0
2079,63,86727.69716,43209.781449170005,60196.403108355495,30603.38054816,455.744,40811.742056333,0.0,19907.00938968523,0.0,0.0,0.0,0.0,0.0,0.0,5050.178834178245,0.0,70633.36538482396,-5050.178834178245,15312.574555506995,0.0,0.0,0.0
2080,64,86551.13315,49060.82983992,52332.087496428,49060.82983992,1188.098,52332.087496428,0.0,20367.78442407469,0.0,74.364,0.0,0.0,0.0,0.0,36472.03061042272,0.0,105281.79446472555,-36472.03061042272,-14841.784186348006,0.0,0.0,0.0
2081,65,86472.82856,45184.905654248,44242.7445438195,45184.905654248,800.398,19582.397623263772,0.0,20905.127282488244,0.0,0.0,0.0,0.0,0.0,0.0,0.0,0.0,105281.79446472555,0.0,21705.52528248822,0.0,0.0,0.0
2082,66,87127.03352,48312.227345654996,23176.260731912997,42324.247695465,386.888,22631.215931913,0.0,21330.0133696777,0.0,74.364,0.0,0.0,0.0,1851.49975,1471.1952270556853,0.0,106679.42993042845,-1471.1952270556853,22171.569892622,0.0,0.0,0.0
2083,67,88921.97126,43749.430006434,1567.3365029289998,43749.430006434,1221.308,1567.3365029289998,593.212,21570.28470047325,28.499999999999996,74.364,0.0,0.0,0.0,3702.9995,0.0,16414.536550163746,89400.9704039403,16414.536550163746,43605.20475063701,16.2426,16.2426,16.2426
2084,68,91174.16601,41034.342703432994,0.0,41034.342703432994,1221.308,0.0,593.212,21581.788437718307,50.0,74.364,0.0,0.0,0.0,5554.49925,0.0,21064.65161884869,67227.65291041537,21064.65161884869,50139.82330656701,16.2426,16.2426,16.2426
2085,69,89793.22302,42286.49740904199,0.0,42286.49740904199,1221.308,0.0,593.212,21593.73485427586,50.0,74.364,0.0,0.0,0.0,3702.9995,0.0,20271.107256682142,45889.64527180259,20271.107256682142,47506.72561095801,16.2426,16.2426,16.2426
2086,70,84360.31192,41355.533054792,0.0,41355.533054792,1221.308,0.0,593.212,21605.27042385512,28.499999999999996,74.364,0.0,0.0,0.0,1851.49975,0.0,17630.62469135288,27331.09296511535,17630.62469135288,43004.77886520799,12.948899999999998,12.948899999999998,12.948899999999998
2087,71,78267.69716,44073.83140034,0.0,44073.83140034,1221.308,0.0,0.0,21616.919982600182,0.0,74.364,0.0,0.0,0.0,0.0,0.0,11281.27377705983,15456.06793663132,11281.27377705983,34193.865759659995,0.0,0.0,0.0
2088,72,73377.10843,42426.319153236,0.0,42426.319153236,1221.308,0.0,593.212,21625.68689105724,0.0,74.364,0.0,0.0,0.0,0.0,0.0,7436.218385706756,7628.469635887366,7436.218385706756,30950.789276763993,9.7305,9.7305,9.7305
2089,73,70199.55704,41407.947157316,0.0,41407.947157316,1221.308,0.0,593.212,21636.79284938748,0.0,74.364,0.0,0.0,0.0,0.0,0.0,5265.933033296541,2085.382232417324,5265.933033296541,28791.609882684003,9.7305,9.7305,9.7305
2090,74,68331.84526,42813.356940971,0.0,42813.356940971,1221.308,0.0,593.212,21648.491198232536,0.0,74.364,0.0,0.0,0.0,0.0,0.0,1981.113120796458,0.0,1981.113120796458,25518.488319029,9.7305,9.7305,9.7305
2091,75,67616.26773,49513.326601749,0.0,48551.65353406199,1215.1800000000003,0.0,0.0,18621.249192321997,0.0,74.364,0.0,0.0,0.0,0.0,846.1789963839628,0.0,803.8700465647646,-846.1789963839628,19064.61419593802,0.0,0.0,0.0
2092,76,68500.48955,50426.252040745996,0.0,49640.865140746,735.054066155004,0.0,0.0,18124.57034309898,0.0,0.0,0.0,0.0,0.0,0.0,0.0,0.0,803.8700465647646,0.0,18859.624409254,0.0,0.0,0.0
2093,77,72400.54144,49936.161540700996,0.0,49936.161540700996,1074.896,0.0,0.0,21315.119899298985,0.0,74.364,0.0,0.0,0.0,0.0,0.0,0.0,803.8700465647646,0.0,22464.379899299005,0.0,0.0,0.0
2094,78,78498.73266,54491.807705891995,228.38439999999997,54491.807705891995,1221.308,228.38439999999997,26.917,21692.27500987147,0.0,74.364,0.0,0.0,0.0,0.0,0.0,763.6765442365264,0.0,763.6765442365264,23778.540554108,5.323,5.323,5.323
2095,79,84076.51972,59134.687841506,13275.270297762001,49032.13857853858,891.4180000000001,13275.270297762001,0.0,20877.692843699413,0.0,0.0,0.0,0.0,0.0,0.0,0.0,0.0,0.0,0.0,21769.11084369942,0.0,0.0,0.0
2096,80,87023.18669,56877.478007936006,36054.315898204004,56877.478007936006,729.173,9190.913483558024,0.0,20151.258198505962,0.0,74.364,0.0,0.0,0.0,0.0,0.0,0.0,0.0,0.0,20954.79519850597,0.0,0.0,0.0
2097,81,88152.28202,56049.861951478,52306.7827993665,48039.903951478,639.226,51239.7233545762,0.0,18962.93548168488,0.0,0.0,0.0,0.0,0.0,0.0,30729.506767739105,0.0,29193.031429352148,-30729.506767739105,-11127.345286054202,0.0,0.0,0.0
2098,82,89063.95873,57966.75385043799,63209.997335765,18229.223000047998,0.0,54243.0601920671,0.0,16591.675537884883,0.0,0.0,0.0,0.0,0.0,0.0,0.0,0.0,29193.031429352148,0.0,16591.67553788489,0.0,0.0,0.0
2099,83,89283.10167,51792.819859428,65080.67635546199,33802.441959316,0.0,44817.925206219494,0.0,18274.556465484882,0.0,74.364,0.0,0.0,0.0,0.0,7686.185961020387,0.0,36494.908092321515,-7686.185961020387,10662.734504464512,0.0,0.0,0.0
2100,84,89390.91906,40845.88695353399,64486.67866528801,39419.695181494586,623.556,34119.2086644205,0.0,15228.45921408488,0.0,0.0,0.0,0.0,0.0,0.0,0.0,0.0,36494.908092321515,0.0,15852.015214084917,0.0,0.0,0.0
2101,85,89224.50739,34904.908455925004,65184.05249114,34904.908455925004,1005.6990000000001,41070.653480975016,0.0,12168.882453100001,0.0,74.364,0.0,0.0,0.0,0.0,0.0,0.0,36494.908092321515,0.0,13248.94545309998,0.0,0.0,0.0
2102,86,89323.89538,30089.735047150003,65007.37549813351,30089.735047150003,680.293,42934.75225775001,0.0,15544.751075099999,0.0,74.364,0.0,0.0,0.0,0.0,0.0,0.0,36494.908092321515,0.0,16299.408075099986,0.0,0.0,0.0
2103,87,89121.25726,39957.222441779,60795.494489972996,39957.222441779,1132.1509999999998,29816.095520721017,0.0,18141.424297499998,0.0,74.364,0.0,0.0,0.0,0.0,0.0,0.0,36494.908092321515,0.0,19347.939297499983,0.0,0.0,0.0
2104,88,88655.13993,42429.660789982,56763.526748422,33446.091940254,418.922,35405.55848466549,0.0,19384.567505080522,0.0,0.0,0.0,0.0,0.0,0.0,0.0,0.0,36494.908092321515,0.0,19803.489505080513,0.0,0.0,0.0
2105,89,88446.42759,38868.938002632,45214.741493632995,38868.938002632,889.416,27981.461293131913,0.0,20632.24829423612,0.0,74.364,0.0,0.0,0.0,0.0,0.0,0.0,36494.908092321515,0.0,21596.028294236094,0.0,0.0,0.0
2106,90,88461.23679,39740.678707325,23540.719411661503,39740.678707325,1221.308,23540.719411661503,0.0,21824.579527529713,0.0,74.364,0.0,0.0,0.0,0.0,0.0,2059.587143483775,34326.92162549649,2059.587143483775,25179.83867101349,0.0,0.0,0.0
2107,91,89918.51072,49816.327799864,1311.071362243,49816.327799864,1221.308,1311.071362243,593.212,21836.60928444878,28.499999999999996,74.364,0.0,0.0,0.0,1851.49975,0.0,13185.618523444222,20447.32317976573,13185.618523444222,38791.11155789301,16.2426,16.2426,16.2426
2108,92,91945.45818,56164.639311415,0.0,56164.639311415,1221.308,0.0,593.212,21845.109203532324,50.0,74.364,0.0,0.0,0.0,3702.9995,0.0,8293.826165052684,11716.979848131328,8293.826165052684,35780.818868585004,16.2426,16.2426,16.2426
2109,93,90214.93013,56603.901647106,0.0,56603.901647106,1221.308,0.0,593.212,21856.909721985594,28.499999999999996,74.364,0.0,0.0,0.0,1851.49975,0.0,7985.235010908409,3311.469310333003,7985.235010908409,33611.02848289399,16.167299999999997,16.167299999999997,16.167299999999997
2110,94,84921.74113,58611.614004453004,0.0,58611.614004453004,1221.308,0.0,0.0,21868.559280730653,0.0,74.364,0.0,0.0,0.0,0.0,0.0,3145.895844816353,0.0,3145.895844816353,26310.12712554699,0.0,0.0,0.0
2111,95,78575.28029,63162.65579189,0.0,57091.685467467396,433.672,0.0,0.0,21049.9228225326,0.0,0.0,0.0,0.0,0.0,0.0,0.0,0.0,0.0,0.0,21483.5948225326,0.0,0.0,0.0
2112,96,73139.53141,64327.348940962,0.0,54865.67433687525,0.0,0.0,0.0,18199.493073124748,0.0,74.364,0.0,0.0,0.0,0.0,0.0,0.0,0.0,0.0,18273.857073124746,0.0,0.0,0.0
2113,1,70259.5242,65194.487301465,0.0,47664.365849864,618.0083175729868,0.0,0.0,21902.786032563003,0.0,74.364,0.0,0.0,0.0,0.0,0.0,0.0,0.0,0.0,22595.158350136,0.0,0.0,0.0
2114,2,68555.53408,66838.151351495,0.0,46643.633466891944,0.0,0.0,0.0,21911.900613108068,0.0,0.0,0.0,0.0,0.0,0.0,0.0,0.0,0.0,0.0,21911.900613108053,0.0,0.0,0.0
2115,3,67761.91264,67860.464693488,0.0,45682.31095677418,81.702,0.0,0.0,21923.535683225815,0.0,74.364,0.0,0.0,0.0,0.0,0.0,0.0,0.0,0.0,22079.601683225817,0.0,0.0,0.0
2116,4,68645.72502,68547.34115964,0.0,45414.914811155104,1221.308,0.0,0.0,21935.138208844877,0.0,74.364,0.0,0.0,0.0,0.0,0.0,0.0,0.0,0.0,23230.810208844894,0.0,0.0,0.0
2117,5,71966.31812,68190.172500888,0.0,48723.80003227207,1221.308,0.0,0.0,21946.84608772794,0.0,74.364,0.0,0.0,0.0,0.0,0.0,0.0,0.0,0.0,23242.518087727927,0.0,0.0,0.0
2118,6,76877.25736,65964.829190633,523.8542,53099.79132671452,1221.308,523.8542,0.0,21957.939833285487,0.0,74.364,0.0,0.0,0.0,0.0,0.0,0.0,0.0,0.0,23253.611833285482,0.0,0.0,0.0
2119,7,81988.28822,62020.86495376899,14715.1584439935,44363.26102363748,869.065,14715.1584439935,0.0,21966.439752369028,0.0,74.364,0.0,0.0,0.0,0.0,0.0,0.0,0.0,0.0,22909.86875236902,0.0,0.0,0.0
2120,8,85383.30911,58163.124198002,39151.9217543775,58163.124198002,1221.308,7077.247194437718,0.0,18847.265717560284,0.0,74.364,0.0,0.0,0.0,0.0,0.0,0.0,0.0,0.0,20142.937717560286,0.0,0.0,0.0
2121,9,87225.59561,48567.440192181995,56855.954965502504,48567.440192181995,1221.308,21336.23984401264,0.0,16026.24357380534,0.0,74.364,0.0,0.0,0.0,0.0,0.0,0.0,0.0,0.0,17321.915573805367,0.0,0.0,0.0
2122,10,88096.88029,42744.265649937006,66275.0607958015,42744.265649937006,1221.308,30605.017153412788,0.0,13451.925486650178,0.0,74.364,0.0,0.0,0.0,0.0,0.0,0.0,0.0,0.0,14747.597486650207,0.0,0.0,0.0
2123,11,88901.51023,42947.81645417,70368.28059142601,42947.81645417,1221.308,30941.780330349386,0.0,13716.241445480588,0.0,74.364,0.0,0.0,0.0,0.0,0.0,0.0,0.0,0.0,15011.913445480612,0.0,0.0,0.0
2124,12,88417.94997,44587.375157925,70975.1648039655,44587.375157925,1221.308,68994.5176386102,0.0,13540.38517346479,0.0,74.364,0.0,0.0,0.0,0.0,40000.0,0.0,38000.0,-40000.0,-25163.942826535196,0.0,0.0,0.0
2125,13,88089.68481,44050.760598056,72106.377488208,44050.760598056,1188.098,67421.64220292347,0.0,15354.820009020545,0.0,74.364,0.0,0.0,0.0,0.0,40000.0,0.0,76000.0,-40000.0,-23382.717990979458,0.0,0.0,0.0
2126,14,88168.40474,42468.879811268,71967.901042015,42458.459161268,1026.5429931267754,69689.417142015,0.0,13496.811990229548,0.0,0.0,0.0,0.0,0.0,0.0,38502.82654663932,0.0,112577.68521930734,-38502.82654663932,-23979.471563282998,0.0,0.0,0.0
2127,15,87737.56687,46717.017743119,66060.0800232245,46717.017743119,1221.308,24797.365367118553,0.0,14927.511759762414,0.0,74.364,0.0,0.0,0.0,0.0,0.0,0.0,112577.68521930736,0.0,16223.18375976244,0.0,0.0,0.0
2128,16,87283.88317,51206.273093918004,60980.655918893004,51206.273093918004,1221.308,16536.553170934243,0.0,18245.38490514774,0.0,74.364,0.0,0.0,0.0,0.0,0.0,0.0,112577.68521930736,0.0,19541.056905147754,0.0,0.0,0.0
2129,17,86867.78511,49349.75094220799,48164.44945251849,49349.75094220799,1221.308,14146.143340735587,0.0,22076.21882705639,0.0,74.364,0.0,0.0,0.0,0.0,0.0,0.0,112577.68521930736,0.0,23371.89082705642,0.0,0.0,0.0
2130,18,86592.14203,42318.63645235901,28646.635094172503,35132.072549896,660.594,28637.06019756898,0.0,22088.05128251394,0.0,74.364,0.0,0.0,0.0,0.0,0.0,0.0,112577.68521930736,0.0,22823.009282535022,0.0,0.0,0.0
2131,19,87550.46903,40850.086294210996,3905.121189177,40850.086294210996,1221.308,3905.121189177,593.212,22099.653800858996,28.5,74.364,0.0,0.0,0.0,1851.4997500210907,0.0,16926.723995731893,94760.0810132738,16926.723995731893,42795.261546612,12.948900000037845,12.948900000037845,12.948900000037845
2132,20,89652.48275,39928.96354117799,0.0,39928.96354117799,1221.308,0.0,593.212,22111.454310642057,50.0,74.364,0.0,0.0,0.0,3702.9995000210906,0.0,21970.181398158853,71633.57427836975,21970.181398158853,49723.51920882201,16.242599999999854,16.242599999999854,16.242599999999854
2133,21,88706.25785,43691.806200793,0.0,43691.806200793,1221.308,0.0,593.212,22123.13035858712,50.0,74.364,0.0,0.0,0.0,3702.9995000421745,0.0,17249.43779057769,53476.27134091956,17249.43779057769,45014.451649206996,12.948899999999998,12.948899999999998,12.948899999999998
2134,22,84267.49032,41076.500653129,0.0,41076.500653129,1221.308,0.0,593.212,22131.983986644667,28.5,74.364,0.0,0.0,0.0,1851.4997500421737,0.0,17290.12193018415,35276.14299335728,17290.12193018415,43190.989666871,16.2426,16.2426,16.2426
2135,23,78822.66284,44611.140239742,0.0,44611.140239742,1221.308,0.0,0.0,22142.703684974418,0.0,74.364,0.0,0.0,0.0,0.0,0.0,10773.146915241436,23935.988345734717,10773.146915241436,34211.522600258,0.0,0.0,0.0
2136,24,73954.56483,41121.880552908,0.0,41121.880552908,1221.308,0.0,593.212,22154.686394219476,0.0,74.364,0.0,0.0,0.0,0.0,0.0,8789.113882872527,14684.289521658375,8789.113882872527,32832.684277092005,9.7305,9.7305,9.7305
2137,25,70584.69169,41254.185045747,0.0,41254.185045747,1221.308,0.0,593.212,22166.054330964536,28.499999999999996,74.364,0.0,0.0,0.0,1851.4997499999918,0.0,3395.5685632884806,11110.006823459975,3395.5685632884806,29330.506644253008,16.2426,16.2426,16.2426
2138,26,68261.1168,43486.529706379,0.0,43486.529706379,1221.308,0.0,0.0,22178.080279156286,0.0,74.364,0.0,0.0,0.0,0.0,0.0,1300.834814464727,9740.707018760262,1300.834814464727,24774.587093621005,3.218399999999999,3.218399999999999,3.218399999999999
2139,27,67215.22823,44794.18370164299,0.0,44794.18370164299,1069.872,0.0,0.0,21276.808528356993,0.0,74.364,0.0,0.0,0.0,0.0,0.0,0.0,9740.707018760262,0.0,22421.044528357,0.0,0.0,0.0
2140,28,66850.58016,40668.517207325,0.0,40668.517207325,1221.308,0.0,593.212,22198.510447346405,0.0,74.364,0.0,0.0,0.0,0.0,0.0,2094.668505328588,7535.7928026249065,2094.668505328588,26182.062952674998,9.7305,9.7305,9.7305
2141,29,68246.83011,40099.28319087,0.0,40099.28319087,1221.308,0.0,593.212,22209.314182541955,0.0,74.364,0.0,0.0,0.0,0.0,0.0,4049.3487365880437,3273.3204483217028,4049.3487365880437,28147.546919129993,9.7305,9.7305,9.7305
2142,30,70672.63358,41094.752305293,478.2781,41094.752305293,1221.308,478.2781,593.212,22221.064998799506,28.5,74.364,0.0,0.0,0.0,1851.4997499999945,0.0,3109.6544259056172,0.0,3109.6544259056172,29099.603174706997,16.242600000000103,16.242600000000103,16.242600000000103
2143,31,73842.31096,36342.29569983699,16481.800185441,34667.404798762,395.193,16472.387267825023,0.0,22232.96189341297,0.0,74.364,0.0,0.0,0.0,0.0,0.0,0.0,0.0,0.0,22702.51889341298,0.0,0.0,0.0
2144,32,77153.09042,29442.838207268,41785.256678127495,29442.838207268,531.845,24859.681522173953,0.0,22244.36169055802,0.0,74.364,0.0,0.0,0.0,0.0,0.0,0.0,0.0,0.0,22850.570690558045,0.0,0.0,0.0
2145,33,80911.27901,21337.294053829002,58777.499596640504,21337.294053829002,872.6640000000001,36373.7416375554,0.0,22253.21531861557,0.0,74.364,0.0,0.0,0.0,0.0,0.0,0.0,0.0,0.0,23200.243318615598,0.0,0.0,0.0
2146,34,83627.7361,17190.786699326,67363.512243814,17102.596331054876,110.155,44076.372504734,0.0,22264.24826421112,0.0,74.364,0.0,0.0,0.0,0.0,0.0,0.0,0.0,0.0,22448.767264211114,0.0,0.0,0.0
2147,35,85150.89644,19972.408490302005,71696.25783428802,12695.201700525819,378.31499999999994,49801.362796418005,0.0,22276.01694305618,0.0,0.0,0.0,0.0,0.0,0.0,0.0,0.0,0.0,0.0,22654.331943056168,0.0,0.0,0.0
2148,36,85207.97973,28072.958743921,71803.614940275,24740.989081619526,0.0,41934.7924943875,0.0,18457.83415399298,0.0,74.364,0.0,0.0,0.0,0.0,0.0,0.0,0.0,0.0,18532.198153992984,0.0,0.0,0.0
2149,37,84471.9161,31946.139607223,71147.6571966365,31703.81758590103,376.274,39778.9942599215,0.0,20828.491179240533,0.0,74.364,0.0,0.0,0.0,0.0,8290.024925063057,0.0,7875.523678809904,-8290.024925063057,12989.104254177473,0.0,0.0,0.0
2150,38,83463.84395,40024.710847742,70921.2874533725,39494.3909347974,0.0,25432.1289945075,0.0,18462.960020695104,0.0,74.364,0.0,0.0,0.0,0.0,0.0,0.0,7875.523678809903,0.0,18537.324020695098,0.0,0.0,0.0
2151,39,82820.8118,38249.142893174,66948.268593104,30034.823925608987,692.363,35681.028000669,0.0,16338.23287372199,0.0,74.364,0.0,0.0,0.0,0.0,0.0,0.0,7875.523678809903,0.0,17104.959873722008,0.0,0.0,0.0
2152,40,82394.15119,43347.781740105995,61558.97825279799,38350.73297725623,249.27,25208.209853220502,0.0,18511.57435952328,0.0,74.364,0.0,0.0,0.0,0.0,0.0,0.0,7875.523678809903,0.0,18835.208359523273,0.0,0.0,0.0
2153,41,82418.09576,49768.553240651,48674.3014357165,41390.0481832081,1054.9370000000001,17556.150705621498,0.0,22342.595871170408,0.0,74.364,0.0,0.0,0.0,0.0,0.0,0.0,7875.523678809903,0.0,23471.8968711704,0.0,0.0,0.0
2154,42,82616.12145,50743.72454676499,28742.828796099995,50743.72454676499,1221.308,28742.82879610166,0.0,22354.19838951547,0.0,74.364,0.0,0.0,0.0,0.0,20520.3022823824,0.0,27369.810847073182,-20520.3022823824,3129.568107133353,0.0,0.0,0.0
2155,43,84273.66337,50118.593894294,1662.0082496475002,50118.593894294,1221.308,1662.0082496475002,593.212,22362.828667172533,28.499999999999996,74.364,0.0,0.0,0.0,1851.4997499999936,0.0,6361.348808885962,20673.654206140593,6361.348808885962,32493.061226058497,16.2426,16.2426,16.2426
2156,44,86764.82897,50980.977355951996,0.0,50980.977355951996,1221.308,0.0,593.212,22374.769656717595,28.499999999999996,74.364,0.0,0.0,0.0,1851.49975,0.0,9640.198207330412,10526.077145792791,9640.198207330412,35783.851614048006,16.24260000000009,16.24260000000009,16.24260000000009
2157,45,85802.68506,54990.054640851995,0.0,54990.054640851995,1221.308,0.0,0.0,22386.255524101136,0.0,74.364,0.0,0.0,0.0,0.0,0.0,7130.702895046881,3020.074098375022,7130.702895046881,30812.63041914801,3.218399999999452,3.218399999999452,3.218399999999452
2158,46,81642.70676,52607.443594249,0.0,52607.443594249,1221.308,0.0,593.212,22397.30902229288,28.5,74.364,0.0,0.0,0.0,1851.4997500000122,0.0,2869.0703934562707,0.0,2869.0703934562707,29035.263165751,16.2426,16.2426,16.2426
2159,47,76772.67415,53777.554203362,0.0,53777.554203362,1086.6215407999935,0.0,0.0,21908.498405838003,0.0,0.0,0.0,0.0,0.0,0.0,0.0,0.0,0.0,0.0,22995.119946638006,0.0,0.0,0.0
2160,48,72764.58257,52952.192856262016,0.0,51857.8576505088,1100.382,0.0,0.0,19806.342919491195,0.0,0.0,0.0,0.0,0.0,0.0,0.0,0.0,0.0,0.0,20906.7249194912,0.0,0.0,0.0
2161,49,69608.24436,55885.683557204,0.0,46713.48855158724,465.286,0.0,0.0,22429.469808412756,0.0,0.0,0.0,0.0,0.0,0.0,0.0,0.0,0.0,0.0,22894.75580841276,0.0,0.0,0.0
2162,50,67755.30993,65985.70629533299,0.0,44801.74834516817,512.213,0.0,0.0,22441.34858483182,0.0,0.0,0.0,0.0,0.0,0.0,0.0,0.0,0.0,0.0,22953.561584831834,0.0,0.0,0.0
2163,51,66689.23282,78572.48270720901,0.0,43486.716258019005,675.7724592656268,0.0,0.0,22452.380102715364,0.0,74.364,0.0,0.0,0.0,0.0,0.0,0.0,0.0,0.0,23202.516561981,0.0,0.0,0.0
2164,52,66567.62781,79095.248204539,0.0,43774.7755699929,254.577,0.0,0.0,22463.91124000711,0.0,74.364,0.0,0.0,0.0,0.0,0.0,0.0,0.0,0.0,22792.85224000711,0.0,0.0,0.0
2165,53,67467.44668,75439.598102091,0.0,44917.19684034782,0.0,0.0,0.0,22475.885839652175,0.0,74.364,0.0,0.0,0.0,0.0,0.0,0.0,0.0,0.0,22550.249839652177,0.0,0.0,0.0
2166,54,69305.13306,71076.48960064002,674.2952,46214.61600064001,531.8016294165527,0.0,0.0,22484.35142994344,0.0,74.364,0.0,0.0,0.0,0.0,0.0,0.0,0.0,0.0,23090.517059359983,0.0,0.0,0.0
2167,55,71652.33374,70610.942358621,16651.447831136,42145.17167800651,0.0,7011.057133205,0.0,22496.104928788496,0.0,0.0,0.0,0.0,0.0,0.0,0.0,0.0,0.0,0.0,22496.10492878849,0.0,0.0,0.0
2168,56,74528.90298,65206.393794045995,42880.5132532395,39644.463994746,1162.4569999999999,14873.883341009918,0.0,18773.734644244087,0.0,74.364,0.0,0.0,0.0,0.0,0.0,0.0,0.0,0.0,20010.55564424408,0.0,0.0,0.0
2169,57,77761.37434,62237.98185509799,60055.885635433,21001.315246779774,170.729,40694.103893438,0.0,15895.226199782228,0.0,0.0,0.0,0.0,0.0,0.0,0.0,0.0,0.0,0.0,16065.95519978222,0.0,0.0,0.0
2170,58,79127.87179,57955.33494909701,69037.5133019435,50748.005348897,1093.9070000000002,15151.764489743387,0.0,12134.194951359626,0.0,0.0,0.0,0.0,0.0,0.0,0.0,0.0,0.0,0.0,13228.101951359617,0.0,0.0,0.0
2171,59,79789.64927,60845.659142576005,74408.86754404851,39653.12780841413,0.0,30053.3341856275,0.0,10083.187275958364,0.0,0.0,0.0,0.0,0.0,0.0,0.0,0.0,0.0,0.0,10083.187275958364,0.0,0.0,0.0
2172,60,79723.79476,63365.13713974,75426.4554994945,19561.12224156799,986.0090000000001,49549.231614031996,0.0,9627.43190440002,0.0,0.0,0.0,0.0,0.0,0.0,0.0,0.0,0.0,0.0,10613.440904400013,0.0,0.0,0.0
2173,61,79242.55157,58538.49960081299,75061.7552939665,30420.002049168994,1168.4080000000004,38177.72235727748,0.0,9476.419163553497,0.0,0.0,0.0,0.0,0.0,0.0,0.0,0.0,0.0,0.0,10644.82716355352,0.0,0.0,0.0
2174,62,78580.29905,53178.18103942601,77609.2269004965,38686.762739482,1221.308,28832.21950884672,0.0,9840.008801671296,0.0,0.0,0.0,0.0,0.0,0.0,0.0,0.0,0.0,0.0,11061.31680167128,0.0,0.0,0.0
2175,63,78133.48424,56134.371300975,73311.5244525915,14840.9197,608.7147455846944,52952.767507625,0.0,9731.082286790308,0.0,0.0,0.0,0.0,0.0,0.0,0.0,0.0,0.0,0.0,10339.797032375005,0.0,0.0,0.0
2176,64,78198.7562,63186.445760301,68190.9234497915,22579.851045738098,621.265,44512.78169852651,0.0,10484.85845573542,0.0,0.0,0.0,0.0,0.0,0.0,0.0,0.0,0.0,0.0,11106.123455735396,0.0,0.0,0.0
2177,65,78667.20564,61585.92355375399,56015.817763376996,35861.044504278994,419.984,28749.307461395834,0.0,13636.869674325175,0.0,0.0,0.0,0.0,0.0,0.0,0.0,0.0,0.0,0.0,14056.853674325172,0.0,0.0,0.0
2178,66,79826.1936,67418.63265261799,35218.2701213665,26664.677099999997,1221.308,34854.3865068748,0.0,17011.457993125186,0.0,74.364,0.0,0.0,0.0,0.0,0.0,0.0,0.0,0.0,18307.1299931252,0.0,0.0,0.0
2179,67,82643.2706,70342.978193574,6746.216959245,56597.857894487,703.7847194682956,6422.6492440725,0.0,18918.9787419722,0.0,0.0,0.0,0.0,0.0,0.0,0.0,0.0,0.0,0.0,19622.763461440503,0.0,0.0,0.0
2180,68,86131.68631,65916.75230187099,0.0,62471.92118857218,1018.965,0.0,0.0,22640.800121427812,0.0,0.0,0.0,0.0,0.0,0.0,0.0,0.0,0.0,0.0,23659.765121427823,0.0,0.0,0.0
2181,69,85992.44766,63862.393501055005,0.0,63837.776660655,979.6360000000001,0.0,0.0,21100.67099934503,0.0,74.364,0.0,0.0,0.0,0.0,0.0,0.0,0.0,0.0,22154.670999345006,0.0,0.0,0.0
2182,70,81471.16283,61496.481604142,0.0,58226.73230919736,583.8100000000001,0.0,0.0,22660.620520802622,0.0,0.0,0.0,0.0,0.0,0.0,0.0,0.0,0.0,0.0,23244.43052080264,0.0,0.0,0.0
2183,71,76252.61788,60752.49484521799,0.0,53543.77013503983,36.822,0.0,0.0,22672.025744960167,0.0,0.0,0.0,0.0,0.0,0.0,0.0,0.0,0.0,0.0,22708.847744960178,0.0,0.0,0.0
2184,72,71658.44694,57282.61315652101,0.0,52420.46524756732,0.0,0.0,0.0,19237.981692432677,0.0,0.0,0.0,0.0,0.0,0.0,0.0,0.0,0.0,0.0,19237.981692432673,0.0,0.0,0.0
2185,73,69351.13257,61732.003351391,0.0,45359.5673965117,1221.308,0.0,0.0,22695.893173488286,0.0,74.364,0.0,0.0,0.0,0.0,0.0,0.0,0.0,0.0,23991.5651734883,0.0,0.0,0.0
2186,74,67680.41138,58273.073800785,0.0,48061.19787626242,745.524,0.0,0.0,18873.68950373757,0.0,0.0,0.0,0.0,0.0,0.0,0.0,0.0,0.0,0.0,19619.213503737585,0.0,0.0,0.0
2187,75,67863.64594,55065.097095462,0.0,46800.828656666476,1221.308,0.0,0.0,22715.527248537583,0.0,74.364,0.0,0.0,0.0,0.0,2948.3819652040565,0.0,2800.9628669438534,-2948.3819652040565,21062.817283333527,0.0,0.0,0.0
2188,76,69466.44918,52699.72474562399,0.0,46234.32998381735,504.8589999999999,0.0,0.0,22727.260196182648,0.0,0.0,0.0,0.0,0.0,0.0,0.0,0.0,2800.9628669438534,0.0,23232.119196182648,0.0,0.0,0.0
2189,77,73741.62479,50359.630553183,0.0,50321.923433185366,1221.308,0.0,0.0,22124.029356816987,0.0,74.364,0.0,0.0,0.0,0.0,0.0,0.0,2800.962866946356,0.0,23419.701356814636,0.0,0.0,0.0
2190,78,79507.52953,51537.364050556,669.967,51537.364050556,1221.308,669.967,593.212,22750.399755844966,0.0,74.364,0.0,0.0,0.0,0.0,0.0,2660.914723599038,0.0,2660.914723599038,27300.198479443996,9.730500000012984,9.730500000012984,9.730500000012984
2191,79,85442.48937,46732.526646711005,19230.5685215095,46732.526646711005,1221.308,14654.865028686467,0.0,22759.425694602513,0.0,74.364,0.0,0.0,0.0,0.0,0.0,0.0,0.0,0.0,24055.097694602526,0.0,0.0,0.0
2192,80,88145.20411,40689.459953501006,43936.5986104775,29199.254768628212,1149.2830000000004,35026.38001047749,0.0,22770.28633089426,0.0,0.0,0.0,0.0,0.0,0.0,0.0,0.0,0.0,0.0,23919.5693308943,0.0,0.0,0.0
2193,81,88986.72554,33093.713839806995,60729.338995849495,23042.839442436198,1156.484,41931.102207924494,0.0,22781.93588963932,0.0,74.364,0.0,0.0,0.0,0.0,0.0,0.0,0.0,0.0,24012.783889639315,0.0,0.0,0.0
2194,82,89229.4969,30246.726841047,69705.924960822,29679.449091046998,669.773,36086.59079166862,0.0,22793.684017284384,0.0,0.0,0.0,0.0,0.0,0.0,0.0,0.0,0.0,0.0,23463.45701728438,0.0,0.0,0.0
2195,83,88792.45101,29941.653548463997,73029.9795531405,29339.233848799,1018.965,35554.35246722108,0.0,22805.53569397993,0.0,74.364,0.0,0.0,0.0,0.0,0.0,0.0,0.0,0.0,23898.86469397993,0.0,0.0,0.0
2196,84,87807.84455,29829.333793808997,74770.19226075299,28835.652043808997,532.8800333612027,73763.18626075299,0.0,22158.198922938023,0.0,0.0,0.0,0.0,0.0,0.0,37482.07271086123,0.0,35607.969075318164,-37482.07271086123,-14790.99375456199,0.0,0.0,0.0
2197,85,86717.81464,30554.628945307,75883.21694746849,29452.621395306996,660.737,36468.31910592305,0.0,20136.137138769955,0.0,0.0,0.0,0.0,0.0,0.0,0.0,0.0,35607.969075318164,0.0,20796.87413876995,0.0,0.0,0.0
2198,86,85897.21638,30238.436801287,73286.9860564085,19235.093251287,600.043,44899.23808640851,0.0,21088.478042304476,0.0,74.364,0.0,0.0,0.0,0.0,0.0,0.0,35607.969075318164,0.0,21762.88504230448,0.0,0.0,0.0
2199,87,84988.84551,29754.611438861997,71750.426039072,29754.611438861994,1221.308,71750.426039072,0.0,22188.136032066002,0.0,74.364,0.0,0.0,0.0,0.0,40000.0,0.0,73607.96907531816,-40000.0,-16516.19196793399,0.0,0.0,0.0
2200,88,84345.54166,32361.596499481002,66005.9380915545,28545.73426009757,62.577,32876.8216344,0.0,22860.408765502405,0.0,0.0,0.0,0.0,0.0,0.0,0.0,0.0,73607.96907531816,0.0,22922.98576550243,0.0,0.0,0.0
2201,89,84368.63185,30751.365694039003,54797.581144441,30751.365694039003,1221.3079999999998,54797.58114444269,0.0,22871.944335081665,0.0,74.364,0.0,0.0,0.0,0.0,25347.931323563604,0.0,97688.50383270359,-25347.931323563604,-1180.3149884816885,0.0,0.0,0.0
2202,90,85026.27045,34778.117755356,33808.7225125285,32685.120072038273,1221.308,28164.760604122497,0.0,22880.717773839217,0.0,74.364,0.0,0.0,0.0,0.0,0.0,0.0,97688.50383270359,0.0,24176.389773839222,0.0,0.0,0.0
2203,91,87003.54219,41696.913945752,6294.2965823845,41696.913945752,1221.308,6294.2965823845,593.212,22892.18965068428,28.499999999999996,74.364,0.0,0.0,0.0,1851.4997499999909,0.0,12351.258261179213,84687.17934725179,12351.258261179213,39012.33166186349,12.948899999999458,12.948899999999458,12.948899999999458
2204,92,89658.01599,41052.40554981899,0.0,41052.40554981899,1221.308,0.0,593.212,22903.472357879833,50.0,74.364,0.0,0.0,0.0,3702.9994999999863,0.0,20060.25458230118,63571.12189219791,20060.25458230118,48605.61044018101,16.242600000000326,16.242600000000326,16.242600000000326
2205,93,88810.87248,36486.492258223,0.0,36486.492258223,1221.308,0.0,593.212,22914.976095124883,28.499999999999996,74.364,0.0,0.0,0.0,1851.49975,0.0,25640.52037665213,36581.10044309041,25640.52037665213,52324.380221777006,16.2426,16.2426,16.2426
2206,94,83536.25083,44853.136540753,0.0,44853.136540753,1221.308,0.0,0.0,22926.570333616633,0.0,74.364,0.0,0.0,0.0,0.0,0.0,14460.871955630371,21359.129963479485,14460.871955630371,38683.114289247,3.21839999999999,3.21839999999999,3.21839999999999
2207,95,77567.06442,42650.723407825004,0.0,42650.723407825004,1221.308,0.0,593.212,22935.914765999696,0.0,74.364,0.0,0.0,0.0,0.0,0.0,10091.542246175304,10736.453914873902,10091.542246175304,34916.34101217499,9.730500000000102,9.730500000000102,9.730500000000102
2208,96,72804.87552,37769.077589361,0.0,37769.077589361,1221.308,0.0,593.212,22947.28271141496,0.0,74.364,0.0,0.0,0.0,0.0,0.0,10199.631219130211,0.0,10199.631219130211,35035.797930639004,9.7305,9.7305,9.7305
2209,1,69926.77678,36276.809608256,0.0,36276.809608256,1221.308,0.0,593.212,22958.290939698505,1396.7932320454615,74.364,0.0,0.0,0.0,7405.999,0.0,0.0,0.0,0.0,33649.967171744,16.242599999999918,16.242599999999918,16.242599999999918
2210,2,68272.37087,37621.531908155,0.0,37621.531908155,1221.308,0.0,593.212,22970.098326394058,21.5,74.364,0.0,0.0,0.0,7405.999,1635.6423645506156,0.0,1553.860246323085,-1635.6423645506156,30650.838961845002,9.730500000000148,9.730500000000148,9.730500000000148
2211,3,68089.70544,36575.309855174,0.0,36575.309855174,1221.308,0.0,593.212,22981.804784839107,21.5,74.364,0.0,0.0,0.0,7405.999,783.7922000145516,0.0,2298.462836336909,-783.7922000145516,31514.39558482601,9.730499999999617,9.730499999999617,9.730499999999617
2212,4,69422.75724,32780.319693625,0.0,32780.319693625,1221.308,0.0,593.212,22990.252251058177,4357.3022953168065,74.364,0.0,0.0,0.0,7405.999,0.0,0.0,2298.462836336909,0.0,36642.437546375004,16.242600000000127,16.242600000000127,16.242600000000127
2213,5,73396.97417,34034.858561055,0.0,34034.858561055,1221.308,0.0,593.212,23002.367764913924,7064.8648440310435,74.364,0.0,0.0,0.0,7405.999,0.0,0.0,2298.462836336909,0.0,39362.115608945,16.24259999999984,16.24259999999984,16.24259999999984
2214,6,79079.66498,31699.37560024301,135.0871,31699.37560024301,1221.308,135.0871,593.212,23013.720521658975,15278.06458999999,74.364,0.0,0.0,0.0,5554.49925000001,0.0,1510.0339180994758,708.9534488637764,1510.0339180994758,47245.202279756995,17.851080000000092,17.851080000000092,17.851080000000092
2215,7,84138.02877,30044.793003874,16806.520198323,30044.793003874,1221.308,16806.520198323,593.212,23024.830919550735,7996.495371831664,74.364,0.0,0.0,0.0,3702.9995000000104,0.0,673.5057764205876,0.0,673.5057764205876,37286.715567803,17.18868000000009,17.18868000000009,17.18868000000009
2216,8,86565.25407,27911.268101357004,39368.983191471,27911.268101357004,1221.308,32470.333740347232,0.0,23036.480478295794,0.0,74.364,0.0,0.0,0.0,1851.4997499999972,0.0,0.0,0.0,0.0,26183.65222829576,0.0,0.0,0.0
2217,9,87644.7135,24611.831001880997,55975.550204264,24611.831001880997,1221.308,38691.85801216565,0.0,23045.352485953335,0.0,74.364,0.0,0.0,0.0,0.0,0.0,0.0,0.0,0.0,24341.02448595335,0.0,0.0,0.0
2218,10,88386.12039,20857.78324326,66270.82585018901,20857.78324326,1221.308,43175.63127110356,0.0,23057.0338756364,0.0,74.364,0.0,0.0,0.0,0.0,0.0,0.0,0.0,0.0,24352.705875636442,0.0,0.0,0.0
2219,11,88664.00856,20582.305242405,71711.28135599701,20582.305242405,1221.308,43717.35258823951,0.0,23068.678729355463,0.0,74.364,0.0,0.0,0.0,0.0,0.0,0.0,0.0,0.0,24364.350729355494,0.0,0.0,0.0
2220,12,88641.85701,18062.539950972,74173.68442943151,18062.539950972,1221.308,46203.08756052747,0.0,23080.557498500522,0.0,74.364,0.0,0.0,0.0,0.0,0.0,0.0,0.0,0.0,24376.229498500536,0.0,0.0,0.0
2221,13,88240.34739,22886.133956506,74230.57310517399,22886.133956506,1221.308,40967.13158722523,0.0,23091.40984626876,0.0,74.364,0.0,0.0,0.0,0.0,0.0,0.0,0.0,0.0,24387.08184626876,0.0,0.0,0.0
2222,14,87850.02845,36609.697503269,73897.71279117849,36609.697503269,1221.308,32053.200771262655,0.0,19387.473675460074,0.0,74.364,0.0,0.0,0.0,0.0,1496.0154999917286,0.0,1421.2147249921566,-1496.0154999917286,19187.13017546834,0.0,0.0,0.0
2223,15,87328.56038,40739.305055184,68997.93174032451,40739.305055184,1221.308,68064.55286214683,0.0,17229.030462669187,0.0,74.364,0.0,0.0,0.0,0.0,40000.0,0.0,39421.214724992155,-40000.0,-21475.29753733083,0.0,0.0,0.0
2224,16,86951.14446,45751.16700896,63594.94589053199,45751.16700896,1221.308,60600.46328267899,0.0,19303.84216836102,0.0,74.364,0.0,0.0,0.0,0.0,40000.0,0.0,77421.21472499215,-40000.0,-19400.485831638995,0.0,0.0,0.0
2225,17,86927.92716,55137.552305306,51664.229288443996,55137.552305306,1221.308,49912.874374668696,0.0,20581.82848002528,0.0,74.364,0.0,0.0,0.0,0.0,40000.0,0.0,115421.21472499215,-40000.0,-18122.49951997469,0.0,0.0,0.0
2226,18,87182.43999,53378.03059663601,30143.083537569004,53378.03059663601,1029.308,9554.417016510743,0.0,23146.320376853233,0.0,74.364,0.0,0.0,0.0,0.0,0.0,0.0,115421.21472499215,0.0,24249.992376853246,0.0,0.0,0.0
2227,19,88966.03569,56151.454441374,3476.4828231760002,56151.454441374,1221.308,3476.4828231760002,0.0,23158.0169552065,0.0,74.364,0.0,0.0,0.0,0.0,0.0,4884.409470243503,110279.73107210426,4884.409470243503,29338.098425450004,3.2184000000530837,3.2184000000530837,3.2184000000530837
2228,20,91513.98123,49850.381049523996,0.0,49850.381049523996,1221.308,0.0,593.212,23166.615394651566,28.5,74.364,0.0,0.0,0.0,1851.49975,0.0,14728.101035824431,94776.46682386802,14728.101035824431,41663.60018047601,16.2426,16.2426,16.2426
2229,21,90484.77417,48405.130355432,0.0,48405.130355432,1221.308,0.0,593.212,23178.48588254711,28.5,74.364,0.0,0.0,0.0,1851.4997499999972,0.0,15132.27418202088,78847.75715858288,15132.27418202088,42079.64381456801,16.2426,16.2426,16.2426
2230,22,85355.24122,54173.15340772,0.0,54173.15340772,1221.308,0.0,0.0,23190.209601726365,0.0,74.364,0.0,0.0,0.0,0.0,0.0,6696.206210553628,71799.11904221064,6696.206210553628,31182.08781228,3.218399999999999,3.218399999999999,3.218399999999999
2231,23,79188.9135,48500.795251330004,0.0,48500.795251330004,1221.308,0.0,593.2119999999863,23201.812120071427,0.0,74.364,0.0,0.0,0.0,0.0,0.0,5597.422128598071,65907.09574894952,5597.422128598071,30688.11824866999,9.730500000007982,9.730500000007982,9.730500000007982
2232,24,74332.66715,47171.40370875599,0.0,47171.40370875599,1221.308,0.0,593.2119999966519,23212.63823416746,0.0,74.364,0.0,0.0,0.0,0.0,0.0,2059.7412070795367,63738.94710991843,2059.7412070795367,27161.263441244002,9.730499999992016,9.730499999992016,9.730499999992016
2233,25,71673.12106,42490.090097459004,0.0,42490.090097459004,1221.308,0.0,593.2119999992681,23221.73761725052,0.0,74.364,0.0,0.0,0.0,0.0,0.0,4072.409345290778,59452.200430664976,4072.409345290778,29183.030962541,9.7305,9.7305,9.7305
2234,26,70076.60301,37859.241595854,0.0,37859.241595854,1221.308,0.0,593.2118855946801,23233.19432136959,0.0,74.364,0.0,0.0,0.0,0.0,0.0,7095.283207180617,51983.481265211696,7095.283207180617,32217.361414146006,9.7305,9.7305,9.7305
2235,27,69539.2615,36077.323597471004,0.0,36077.323597471004,1221.308,0.0,593.212,23244.796839714647,0.0,74.364,0.0,0.0,0.0,0.0,0.0,8328.257062814326,43216.89488330188,8328.257062814326,33461.93790252899,9.7305,9.7305,9.7305
2236,28,70750.10142,34544.268689997,0.0,34544.268689997,1221.308,0.0,593.2120000161916,23256.723347906394,0.0,74.364,0.0,0.0,0.0,0.0,0.0,11060.225382079421,31574.55237584986,11060.225382079421,36205.83273000301,9.730500000074173,9.730500000074173,9.730500000074173
2237,29,74614.75828,34262.652400446,0.0,34262.652400446,1221.308,0.0,593.212,23268.26511758945,0.0,74.364,0.0,0.0,0.0,0.0,0.0,15194.95676196456,15579.861047466113,15194.95676196456,40352.105879553994,9.730499999925826,9.730499999925826,9.730499999925826
2238,30,80457.44936,38089.765897225996,521.4615,38089.765897225996,1221.308,521.4615,593.212,23276.470217681206,28.5,74.364,0.0,0.0,0.0,1851.499749999989,0.0,14800.867995092809,0.0,14800.867995092809,41846.221962774005,16.2426,16.2426,16.2426
2239,31,85312.59259,46432.549500757996,16864.6424502505,46398.05870073,1023.3230000000001,16864.42711031322,0.0,20952.419778956777,0.0,74.364,0.0,0.0,0.0,0.0,0.0,0.0,0.0,0.0,22050.106778956782,0.0,0.0,0.0
2240,32,87615.36502,46935.278550281,40032.895432127996,23189.258685988145,1018.965,40032.895432127996,0.0,23299.88190188381,0.0,74.364,0.0,0.0,0.0,0.0,0.0,0.0,0.0,0.0,24393.21090188386,0.0,0.0,0.0
2241,33,88655.67885,43427.063991498,56454.993893507,43427.063991498,1221.308,20621.61414713894,0.0,23311.32871136307,0.0,74.364,0.0,0.0,0.0,0.0,0.0,0.0,0.0,0.0,24607.00071136306,0.0,0.0,0.0
2242,34,89170.85647,37715.411789845,66276.8166528805,18023.141449488,0.0,47749.85145030386,0.0,23323.49957020813,0.0,74.364,0.0,0.0,0.0,0.0,0.0,0.0,0.0,0.0,23397.863570208137,0.0,0.0,0.0
2243,35,89134.0268,37229.608199554,70254.97151447351,37229.608199554,534.2259999999999,30866.132762392834,0.0,20504.059838053174,0.0,0.0,0.0,0.0,0.0,0.0,0.0,0.0,0.0,0.0,21038.285838053172,0.0,0.0,0.0
2244,36,88757.1833,37792.076498471004,72348.17545840601,37566.073748471004,1221.308,30682.706231383017,0.0,19212.731320145973,0.0,74.364,0.0,0.0,0.0,0.0,0.0,0.0,0.0,0.0,20508.403320145982,0.0,0.0,0.0
2245,37,88367.91652,48967.413909362,70821.844932308,48307.157308383714,0.0,23190.802292180502,0.0,16795.592919435785,0.0,74.364,0.0,0.0,0.0,0.0,0.0,0.0,0.0,0.0,16869.956919435783,0.0,0.0,0.0
2246,38,87969.55878,49741.978094275,72219.958440982,30819.816000232004,0.0,43253.31970759684,0.0,13822.05907217117,0.0,74.364,0.0,0.0,0.0,0.0,0.0,0.0,0.0,0.0,13896.423072171157,0.0,0.0,0.0
2247,39,87194.24035,55600.59025518101,70203.76685017349,55600.59025518101,273.286,18029.57344537391,0.0,13290.790649445064,0.0,0.0,0.0,0.0,0.0,0.0,0.0,0.0,0.0,0.0,13564.076649445076,0.0,0.0,0.0
2248,40,86650.23107,58772.70549391599,64471.442945685,58407.825193255994,1221.308,11090.757106279492,0.0,15855.97677046454,0.0,74.364,0.0,0.0,0.0,0.0,0.0,0.0,0.0,0.0,17151.648770464508,0.0,0.0,0.0
2249,41,86658.46546,61694.009496383,52951.372147015994,61694.009496383,1215.1800000000003,44002.87684720002,0.0,19567.412438462958,0.0,74.364,0.0,0.0,0.0,0.0,39895.377322045984,0.0,37900.608455943686,-39895.377322045984,-19038.420883583014,0.0,0.0,0.0
2250,42,87056.92526,62182.034704231,33994.090955150496,61912.33815317601,1069.574,665.6218023610196,0.0,23409.391304462966,0.0,0.0,0.0,0.0,0.0,0.0,0.0,0.0,37900.608455943686,0.0,24478.965304462974,0.0,0.0,0.0
2251,43,88763.95291,59499.984246415996,7721.8419731925005,59271.95571078701,1158.7310000000002,7721.8419731925005,0.0,20537.06022602047,0.0,74.364,0.0,0.0,0.0,0.0,0.0,0.0,37900.608455943686,0.0,21770.15522602049,0.0,0.0,0.0
2252,44,91613.49761,53071.21764452599,0.0,53071.21764452599,1221.308,0.0,593.212,23432.78070960358,28.499999999999996,74.364,0.0,0.0,0.0,1851.4997499999936,0.0,11340.615505870435,25963.118449764283,11340.615505870435,38542.279965474016,16.242600000000134,16.242600000000134,16.242600000000134
2253,45,91010.04198,50801.04285767901,0.0,50801.04285767901,1221.308,0.0,593.212,23444.754190382835,50.0,74.364,0.0,0.0,0.0,3702.999499999928,0.0,11122.361431938241,14255.369574039818,11122.361431938241,40208.99912232099,16.242600000000188,16.242600000000188,16.242600000000188
2254,46,85816.52591,49912.80810402,0.0,49912.80810402,1221.308,0.0,593.212,23453.178359727895,28.499999999999996,74.364,0.0,0.0,0.0,1851.4997499999936,0.0,8681.655696252104,5116.784630616552,8681.655696252104,35903.71780598,16.16729999999979,16.16729999999979,16.16729999999979
2255,47,79680.77703,51130.68575484899,0.0,51130.68575484899,1221.308,0.0,0.0,23464.553783097934,0.0,74.364,0.0,0.0,0.0,0.0,0.0,3789.8654920530716,1127.452533718582,3789.8654920530716,28550.091275151004,0.0,0.0,0.0
2256,48,74917.58065,52494.207041721995,0.0,52494.207041721995,1160.1499355926835,0.0,0.0,21188.85967268534,0.0,74.364,0.0,0.0,0.0,0.0,0.0,0.0,1127.4525337185814,0.0,22423.37360827801,0.0,0.0,0.0
2257,49,72252.54644,49399.33029775601,0.0,47502.85479775601,1187.588730821762,0.0,0.0,23487.738911422253,0.0,74.364,0.0,0.0,0.0,0.0,0.0,0.0,1127.4525337185814,0.0,24749.691642243997,0.0,0.0,0.0
2258,50,70568.26352,50808.40210943,0.0,50808.40210943,1221.308000001402,0.0,0.0,23499.367918967313,0.0,74.364,0.0,0.0,0.0,0.0,5035.1785083990035,0.0,5910.872116697635,-5035.1785083990035,19759.861410569996,0.0,0.0,0.0
2259,51,70029.7024,52175.889858976996,0.0,52175.889858978415,1221.308,0.0,0.0,23508.347458762863,0.0,74.364,0.0,0.0,0.0,0.0,6950.206917741592,0.0,12513.568688552146,-6950.206917741592,17853.81254102158,0.0,0.0,0.0
2260,52,71244.09757,50609.840260166005,0.0,49034.61601026601,1168.350237636279,0.0,0.0,20966.76732209771,0.0,74.364,0.0,0.0,0.0,0.0,0.0,0.0,12513.568688552146,0.0,22209.48155973399,0.0,0.0,0.0
2261,53,75346.03713,52074.524555786,0.0,52074.524555786,1221.308,0.0,0.0,21975.840574214013,0.0,74.36399999996107,0.0,0.0,0.0,0.0,0.0,0.0,12513.568688552146,0.0,23271.512574213994,0.0,0.0,0.0
2262,54,81275.15373,44456.453597071,1076.6518,44456.453597071,1221.308,1076.6518,593.212,23542.66756468273,28.499999999999996,74.364,0.0,0.0,0.0,1851.4997499999936,0.0,8430.497018246286,3639.361300924478,8430.497018246286,35742.04833292901,16.242599999999854,16.242599999999854,16.242599999999854
2263,55,86202.46127,41609.669454184,15692.337850995502,41609.669454184,1221.308,15692.337850995502,593.212,23554.17672894028,0.0,74.364,0.0,0.0,0.0,0.0,0.0,3457.393235878255,0.0,3457.393235878255,28900.453964820503,9.73050000000039,9.73050000000039,9.73050000000039
2264,56,88671.90276,33841.681701648995,37690.4354866725,26122.842451107947,1221.308,37690.4354866725,0.0,23562.95282221954,0.0,74.364,0.0,0.0,0.0,0.0,0.0,0.0,0.0,0.0,24858.62482221955,0.0,0.0,0.0
2265,57,89497.90284,29728.280356702,53031.83256001701,29728.280356702,1221.308,37632.64516695961,0.0,20841.30531633838,0.0,74.364,0.0,0.0,0.0,0.0,0.0,0.0,0.0,0.0,22136.97731633838,0.0,0.0,0.0
2266,58,89822.52548,28788.55650614,61249.844533821495,28788.55650614,1221.308,41732.44744073808,0.0,18005.849533121924,0.0,74.364,0.0,0.0,0.0,0.0,0.0,0.0,0.0,0.0,19301.521533121922,0.0,0.0,0.0
2267,59,89639.30437,29996.611647645997,67005.624291958,26070.650296771,551.233,48260.22308397384,0.0,14682.833989255161,0.0,74.364,0.0,0.0,0.0,0.0,0.0,0.0,0.0,0.0,15308.430989255161,0.0,0.0,0.0
2268,60,88835.32749,29108.183550171998,69714.9242922215,27978.114000171998,0.0,49814.63782598306,0.0,10968.211663844952,0.0,74.364,0.0,0.0,0.0,0.0,0.0,0.0,0.0,0.0,11042.575663844938,0.0,0.0,0.0
2269,61,88222.11178,33106.252046258,70302.960129631,33106.252046258,1221.308,46647.36883244227,0.0,7172.81890129974,0.0,74.364,0.0,0.0,0.0,0.0,0.0,0.0,0.0,0.0,8468.490901299738,0.0,0.0,0.0
2270,62,87871.2903,38984.846761602996,74855.224192217,18560.7389,0.0,65979.71136470026,0.0,3330.8400352997296,0.0,0.0,0.0,0.0,0.0,0.0,0.0,0.0,0.0,0.0,3330.8400352997414,0.0,0.0,0.0
2271,63,87007.37936,51910.2018579,72541.7747509845,51910.2018579,1221.308,66674.22186549465,0.0,7127.283636605371,0.0,74.364,0.0,0.0,0.0,0.0,40000.0,0.0,38000.0,-40000.0,-31577.04436339464,0.0,0.0,0.0
2272,64,86406.56707,49858.335457063,68253.699542042,49858.335457063,1221.308,27525.04018305595,0.0,10501.11198527411,0.0,74.364,0.0,0.0,0.0,0.0,2773.592555393072,0.0,40634.912927623416,-2773.592555393072,9023.191429881052,0.0,0.0,0.0
2273,65,86063.11851,54986.20084535501,56531.92611017401,45452.28489506,0.0,26313.699558663182,0.0,14222.770056276848,0.0,74.364,0.0,0.0,0.0,0.0,0.0,0.0,40634.912927623416,0.0,14297.134056276816,0.0,0.0,0.0
2274,66,86103.687,57261.13309653,36141.7277448495,31567.113849796,294.8230554776771,36141.7277448495,0.0,18025.6583498769,0.0,74.364,0.0,0.0,0.0,0.0,0.0,0.0,40634.912927623416,0.0,18394.845405354507,0.0,0.0,0.0
2275,67,87694.33519,57480.79850415001,8816.8155307765,57480.79850415001,1221.3079999999745,8816.8155307765,0.0,20101.04915507353,0.0,74.364,0.0,0.0,0.0,0.0,0.0,0.0,40634.912927623416,0.0,21396.721155073494,0.0,0.0,0.0
2276,68,90405.11828,56061.143561348,0.0,56061.143561348,1221.308,0.0,593.212,23696.143726913306,28.499999999999996,74.364,0.0,0.0,0.0,1851.4997499999936,0.0,6878.947241740763,33393.9158310542,6878.947241740763,34343.974718651996,16.242599999999836,16.242599999999836,16.242599999999836
2277,69,90263.55436,58735.488400539994,0.0,58735.488400539994,1221.308,0.0,593.212,23707.99920645837,0.0,74.364,0.0,0.0,0.0,0.0,0.0,5931.182753002284,27150.565564736004,5931.182753002284,31528.06595946,9.730500000000358,9.730500000000358,9.730500000000358
2278,70,85588.08068,54619.829199275,0.0,54619.829199275,1221.308,0.0,593.212,23718.833430154402,28.5,74.364,0.0,0.0,0.0,1851.4997499999936,0.0,3480.534300568831,23486.84524834776,3480.534300568831,30968.251480724997,16.24260000000011,16.24260000000011,16.24260000000011
2279,71,79809.7384,54275.578148336004,0.0,54275.578148336004,1221.308,0.0,0.0,23730.57704163366,0.0,74.364,0.0,0.0,0.0,0.0,0.0,507.9112100282582,22952.201869370645,507.9112100282582,25534.160251663998,3.218399999999889,3.218399999999889,3.218399999999889
2280,72,75092.67061,55909.118001838004,0.0,55909.118001839786,1221.308,0.0,0.0,23739.378209552728,0.0,74.364,0.0,0.0,0.0,0.0,5851.497601392804,0.0,28511.12459069381,-5851.497601392804,19183.552608160215,0.0,0.0,0.0
2281,73,72272.26564,55714.147750726,0.0,47586.691900726,860.4847645762086,0.0,0.0,23750.724974697783,0.0,74.364,0.0,0.0,0.0,0.0,0.0,0.0,28511.12459069381,0.0,24685.573739273997,0.0,0.0,0.0
2282,74,70624.72309,52652.771807213,0.0,45566.34719690665,1221.308,0.0,0.0,23762.70389309334,0.0,74.364,0.0,0.0,0.0,0.0,0.0,0.0,28511.12459069381,0.0,25058.375893093347,0.0,0.0,0.0
2283,75,70260.21038,45812.770660954004,0.0,45765.963460682004,1202.6349634719693,0.0,0.0,23217.247955846018,0.0,74.364,0.0,0.0,0.0,0.0,0.0,0.0,28511.12459069381,0.0,24494.246919318,0.0,0.0,0.0
2284,76,71307.81961,45996.660659878,0.0,45996.660659878,1221.308,0.0,11.235,23785.483730530148,0.0,74.364,0.0,0.0,0.0,0.0,0.0,218.76821959171505,28280.842254281477,218.76821959171505,25311.158950122008,4.97499999993986,4.97499999993986,4.97499999993986
2285,77,74868.15434,45570.47230153,0.0,45570.47230153,1221.308,0.0,0.0,23794.10956135169,0.0,74.364,0.0,0.0,0.0,0.0,0.0,4207.900477064271,23851.473331055928,4207.900477064271,29297.682038469997,3.218400000377108,3.218400000377108,3.218400000377108
2286,78,79976.56747,33387.761055219,876.1716,33387.761055219,1221.308,876.1716,593.212,23805.816027070752,28.5,74.364,0.0,0.0,0.0,1851.49975,0.0,18137.93503771025,4758.910133466193,18137.93503771025,45712.63481478099,16.2426,16.2426,16.2426
2287,79,85076.29576,29718.626139797,23250.297336104,29718.626139797,1221.308,23250.297336104,593.2119999998266,23817.52390735001,28.499999999999996,74.364,0.0,0.0,0.0,1851.4997499570295,0.0,4520.964626792884,0.0,4520.964626792884,32107.372284098994,16.242599999876308,16.242599999876308,16.242599999876308
2288,80,87830.71435,31468.036704084996,47527.257680808005,24441.424554080997,636.097480919888,42680.502080808,0.0,19998.326234191096,0.0,74.364,0.0,0.0,0.0,0.0,0.0,0.0,0.0,0.0,20708.787715111,0.0,0.0,0.0
2289,81,89062.81683,30491.743692521995,65152.161972825,30251.398392856998,428.479,34542.77545815187,0.0,23840.16397899111,0.0,0.0,0.0,0.0,0.0,0.0,0.0,0.0,0.0,0.0,24268.642978991134,0.0,0.0,0.0
2290,82,88903.56956,32316.845554858995,72659.5041543355,32316.845554858995,1221.308,32226.53637783547,0.0,23064.515627305518,0.0,74.364,0.0,0.0,0.0,0.0,0.0,0.0,0.0,0.0,24360.187627305535,0.0,0.0,0.0
2291,83,87938.96547,46521.96310005701,75969.162714933,32170.784199251004,1221.308,34464.742638529446,0.0,20007.76663221955,0.0,74.364,0.0,0.0,0.0,0.0,0.0,0.0,0.0,0.0,21303.438632219542,0.0,0.0,0.0
2292,84,86992.01488,56261.43469234001,77660.0461022835,56261.43469234001,1221.308,13129.707138606323,0.0,16305.201049053676,0.0,74.364,0.0,0.0,0.0,0.0,0.0,0.0,0.0,0.0,17600.87304905367,0.0,0.0,0.0
2293,85,85717.30156,50431.77730324201,78355.1074533765,49716.041385707285,0.0,19577.8649421815,0.0,16349.031232111229,0.0,74.364,0.0,0.0,0.0,0.0,0.0,0.0,0.0,0.0,16423.395232111223,0.0,0.0,0.0
2294,86,84987.11922,47195.617347547,80150.4710152905,46011.1586824594,621.265,65359.160362965005,0.0,12995.535174575578,0.0,0.0,0.0,0.0,0.0,0.0,40000.0,0.0,38000.0,-40000.0,-26383.19982542441,0.0,0.0,0.0
2295,87,84007.46134,41896.764991674,75488.831499536,41896.764991674,802.3860000000001,63329.10175419366,0.0,16395.439481930538,0.0,74.364,0.0,0.0,0.0,0.0,38490.594887798215,0.0,74566.0651434083,-38490.594887798215,-21218.405405867663,0.0,0.0,0.0
2296,88,83345.62982,40714.846406280005,70510.41413618499,34803.46725310756,264.92,68191.813786185,0.0,20085.428780707447,0.0,0.0,0.0,0.0,0.0,0.0,40000.0,0.0,112566.0651434083,-40000.0,-19649.65121929256,0.0,0.0,0.0
2297,89,83038.42252,36631.462351833005,57070.5700481035,36631.462351833005,1221.308000001735,57070.5700481035,0.0,23927.407646707456,0.0,74.364,0.0,0.0,0.0,0.0,35886.68952664592,0.0,146658.42019372195,-35886.68952664592,-10663.609879936514,0.0,0.0,0.0
2298,90,82830.0259,33760.276894827,36027.46594875301,33760.276894827,1221.308,36027.46594875301,0.0,23938.879523552514,0.0,74.36400000204928,0.0,0.0,0.0,1851.4997499999945,14043.768217134784,0.0,160000.0,-14043.768217134784,13042.283056419983,0.0,0.0,0.0
2299,91,83943.15971,35375.65179683,9700.550720533502,35375.65179683,1221.308,9700.550720533502,593.212,23950.523916769776,28.5,74.364,0.0,0.0,0.0,3702.999499999974,0.0,9296.04977586676,150214.68444645603,9296.04977586676,38866.9571926365,16.2426,16.2426,16.2426
2300,92,86724.92568,32850.608557754,0.0,32850.608557754,1221.308,0.0,593.212,23962.34650092733,50.0,74.364,0.0,0.0,0.0,5554.49924999999,0.0,22418.587371317048,126616.17142401705,22418.587371317048,53874.317122246,16.242600000000213,16.242600000000213,16.242600000000213
2301,93,87025.28885,32742.852660521,0.0,32742.852660521,1221.308,0.0,593.212,23970.47272828488,50.0,74.364,0.0,0.0,0.0,7405.999,0.0,20967.080461192487,104545.56041223549,20967.080461192487,54282.436189479,16.242600000000373,16.242600000000373,16.242600000000373
2302,94,83565.96729,31737.430089528996,0.0,31737.430089528996,1221.308,0.0,593.212,23982.201159764132,50.0,74.364,0.0,0.0,0.0,7405.999,0.0,18501.453040706852,85070.34668517564,18501.453040706852,51828.53720047101,16.2426,16.2426,16.2426
2303,95,78845.75181,31910.921756422,0.0,31910.921756422,1221.308,0.0,593.212,23993.949287409196,50.0,74.364,0.0,0.0,0.0,7405.999,0.0,13595.99776616709,70758.77008921029,13595.99776616709,46934.830053578,16.2426,16.2426,16.2426
2304,96,74415.44387,31161.811111314,0.0,31161.811111314,1221.308,0.0,593.212,24005.604273166748,50.0,74.364,0.0,0.0,0.0,7405.999,0.0,9903.145485517787,60334.406420244195,9903.145485517787,43253.632758686,16.2426,16.2426,16.2426
2305,1,71533.20924,32470.438489535998,0.0,32470.438489535998,1221.308,0.0,593.212,24017.186881749807,5750.7008687141715,74.364,0.0,0.0,0.0,7405.999,0.0,0.0,0.0,0.0,39062.770750464,16.2426,16.2426,16.2426
2306,2,69859.55248,33874.708343465,0.0,33874.708343465,1221.308,0.0,593.212,24026.137064891063,2663.8240716439163,74.364,0.0,0.0,0.0,7405.999,0.0,0.0,0.0,0.0,35984.844136535,16.2426,16.2426,16.2426
2307,3,69727.56419,32928.574496703004,0.0,32928.574496703004,1221.308,0.0,593.212,24036.87325978662,3467.233433510363,74.364,0.0,0.0,0.0,7405.999,0.0,0.0,0.0,0.0,36798.989693297,16.2426,16.2426,16.2426
2308,4,69969.00136,29670.072708620995,0.0,29670.072708620995,1221.308,0.0,593.212,24048.65415867836,6955.39149270061,74.364,0.0,0.0,0.0,7405.999,0.0,0.0,0.0,0.0,40298.928651379,16.2426,16.2426,16.2426
2309,5,71572.05406,29185.252546007,0.0,29185.252546007,1221.308,0.0,593.212,24060.11085552342,10883.307408469558,74.364,0.0,0.0,0.0,5554.49925,0.0,0.0,0.0,0.0,42386.80151399299,17.18868,17.18868,17.18868
2310,6,73695.20254,31428.270441383997,972.4180499999999,31428.270441383997,1221.308,972.4180499999999,593.212,24072.068496006483,11630.562052609484,74.364,0.0,0.0,0.0,3702.9995,0.0,0.0,0.0,0.0,41294.514048616,17.18868,17.18868,17.18868
2311,7,76788.90913,27955.080889457,22683.7582076205,27955.080889457,1221.308,22683.7582076205,0.0,24080.80805192555,0.0,74.364,0.0,0.0,0.0,1851.49975,1077.909769003053,0.0,1024.0142805529003,-1077.909769003053,26150.0700329225,0.0,0.0,0.0
2312,8,79793.84124,26088.377650453003,43777.477270666,26088.377650453003,560.7139999999999,43777.477270666,0.0,21588.639836921582,0.0,74.364,0.0,0.0,0.0,0.0,12295.731518040591,0.0,12704.959222691461,-12295.731518040591,9927.98631888099,0.0,0.0,0.0
2313,9,81791.43698,22464.656399112,59426.683538988,22464.656399112,1221.308,59426.683538988,0.0,24103.864859100842,0.0,74.364,0.0,0.0,0.0,0.0,25499.43981720085,0.0,36929.42704903227,-25499.43981720085,-99.90295809999952,0.0,0.0,0.0
2314,10,82323.85408,24868.04779266,67682.589853332,16992.20676649884,492.52299999999997,42427.182355352,0.0,22411.941958149164,0.0,0.0,0.0,0.0,0.0,0.0,0.0,0.0,36929.42704903227,0.0,22904.46495814916,0.0,0.0,0.0
2315,11,81914.55622,27407.396151481,71509.223932742,18465.151901301,979.6360000000001,43374.65664734984,0.0,19020.747671349167,0.0,74.364,0.0,0.0,0.0,0.0,0.0,0.0,36929.42704903227,0.0,20074.747671349163,0.0,0.0,0.0
2316,12,80841.92239,24910.713398537002,76904.65255648899,23834.183948537,1133.0900000000001,40380.58432121384,0.0,15419.700120249165,0.0,74.364,0.0,0.0,0.0,0.0,0.0,0.0,36929.42704903227,0.0,16627.154120249164,0.0,0.0,0.0
2317,13,79755.52819,23200.880498316998,76265.327431984,23200.880498316998,1221.308,76265.327431984,0.0,18993.648259698966,0.0,74.364,0.0,0.0,0.0,0.0,40000.0,0.0,74929.42704903227,-40000.0,-19710.679740301,0.0,0.0,0.0
2318,14,78767.5064,22948.107310440002,74980.939736717,22948.107310440002,940.298,61268.458886716995,0.0,22601.385853698965,0.0,74.364,0.0,0.0,0.0,0.0,29065.10765085597,0.0,102541.27931734544,-29065.10765085597,-5449.059797156995,0.0,0.0,0.0
2319,15,78191.88523,20535.549201899998,73208.396709594,20535.549201899998,460.50899999999996,58452.759506450006,0.0,22960.5352429913,0.0,74.364,0.0,0.0,0.0,0.0,24291.831721341314,0.0,125618.51945261969,-24291.831721341314,-796.4234783499996,0.0,0.0,0.0
2320,16,78255.56929,15859.172207337999,68929.676972977,15859.172207337999,1221.308,68929.676972977,0.0,23857.568474146898,0.0,74.364,0.0,0.0,0.0,0.0,31686.520364461896,0.0,155720.7137988585,-31686.520364461896,-6533.279890315003,0.0,0.0,0.0
2321,17,78726.50621,18221.754352397,57301.859454002995,11579.00825,1113.9650000000001,42169.73015029103,0.0,23863.802809708977,0.0,0.0,0.0,0.0,0.0,0.0,0.0,0.0,155720.7137988585,0.0,24977.76780970898,0.0,0.0,0.0
2322,18,79447.94472,19572.826903588,37030.207404324996,19572.826903588,1221.308,37030.207404324996,0.0,24202.250452762255,0.0,74.364,0.0,0.0,0.0,1851.49975,4504.5117906752785,0.0,160000.0,-4504.5117906752785,22844.910412087003,0.0,0.0,0.0
2323,19,81189.08675,21526.22419787,9624.41905439,21526.22419787,1221.308,9624.41905439,593.212,24214.089733279998,28.499999999999996,74.364,0.0,0.0,0.0,3702.9995,0.0,20203.97026446001,138732.6628795158,20203.97026446001,50038.443497739994,16.2426,16.2426,16.2426
2324,20,84308.80086,25806.89384177,0.0,25806.89384177,1221.308,0.0,593.212,24225.01731833755,50.0,74.364,0.0,0.0,0.0,5554.49925,0.0,26783.506449892437,110539.49819541849,26783.506449892437,58501.907018230006,16.2426,16.2426,16.2426
2325,21,84826.00146,25729.104690047003,0.0,25729.104690047003,1221.308,0.0,593.212,24236.5999269206,50.0,74.364,0.0,0.0,0.0,7405.999,0.0,25515.413843032376,83681.16783433178,25515.413843032376,59096.896769953,16.2426,16.2426,16.2426
2326,22,81121.94146,28825.23440014,0.0,28825.23440014,1221.308,0.0,593.212,24245.58858553967,50.0,74.364,0.0,0.0,0.0,7405.999,0.0,18706.235474320325,63990.3936508367,18706.235474320325,52296.70705986,16.2426,16.2426,16.2426
2327,23,76266.53785,30321.925849008,0.0,30321.925849008,1221.308,0.0,593.212,24256.99380242321,50.0,74.364,0.0,0.0,0.0,7405.999,0.0,12342.735198568778,50998.04081023799,12342.735198568778,45944.612000992,16.2426,16.2426,16.2426
2328,24,71915.93946,31362.146141896003,0.0,31362.146141896003,1221.308,0.0,593.212,24268.82617400247,50.0,74.364,0.0,0.0,0.0,5603.618363161602,0.0,8742.464780939908,41795.44630398545,8742.464780939908,40553.79331810399,16.2426,16.2426,16.2426
2329,25,68494.29722,34480.603342949995,0.0,34480.603342949995,1221.308,0.0,593.212,24280.431899221538,21.500000000000004,74.364,0.0,0.0,0.0,3752.1186131616023,0.0,4070.7593646668583,37510.436446441396,4070.7593646668583,34013.69387705,7.529,7.529,7.529
2330,26,66571.89444,34818.967258180004,0.0,34818.967258180004,1221.308,0.0,163.998,24291.46341710508,0.0,74.364,0.0,0.0,0.0,1900.6188631616023,0.0,4101.174901553329,33193.41023428,4101.174901553329,31752.92718182,5.419899999999998,5.419899999999998,5.419899999999998
2331,27,65619.5568,33352.531507087006,0.0,33352.531507087006,1221.308,0.0,0.0,24302.948985734827,0.0,74.364,0.0,0.0,0.0,49.11911316160099,0.0,6619.285194016586,26225.741608999386,6619.285194016586,32267.025292913,0.0,0.0,0.0
2332,28,65685.14919,30349.42124784,0.0,30349.42124784,1221.308,0.0,593.212,24312.026397179892,28.499999999999996,74.364,0.0,0.0,0.0,1900.618863161601,0.0,7205.698681818514,18640.795628137792,7205.698681818514,35335.727942159996,16.167299999999997,16.167299999999997,16.167299999999997
2333,29,66762.77876,28285.207793679,0.0,28285.207793679,1221.308,0.0,593.212,24323.37916119895,50.0,74.364,0.0,0.0,0.0,3752.1186131616005,0.0,8463.189191960442,9732.175426074165,8463.189191960442,38477.570966321,16.2426,16.2426,16.2426
2334,30,68350.86697,29923.043340869,1040.8749500000001,29923.043340869,1221.308,1040.8749500000001,593.212,24323.37916119895,28.499999999999996,74.364,0.0,0.0,0.0,1900.6188631616005,0.0,9245.566654770457,0.0,9245.566654770457,37386.948679131005,16.2426,16.2426,16.2426
2335,31,71115.70724,29811.466957737,24688.6229603425,23122.266457737,1221.308,22554.558671902447,0.0,24094.090997198953,0.0,74.364,0.0,0.0,0.0,49.11911316160058,0.0,0.0,0.0,0.0,25438.882110360555,0.0,0.0,0.0
2336,32,73785.42681,25680.299041528007,46397.013644194005,25680.299041528007,1221.308,46397.013644194005,0.0,24323.37916119895,0.0,74.364,0.0,0.0,0.0,0.0,23910.937036920943,0.0,22715.390185074895,-23910.937036920943,1708.1141242779922,0.0,0.0,0.0
2337,33,76217.5171,23122.395601599004,62646.9696005485,23122.395601599004,1221.308,53882.933650548504,0.0,24094.090997198953,0.0,74.364,0.0,0.0,0.0,0.0,26177.57514934647,0.0,47584.08657695404,-26177.57514934647,-787.8121521475114,0.0,0.0,0.0
2338,34,77061.7786,17317.074658097998,70460.07245191999,11512.85525,1202.183,49962.307849875,0.0,24323.37916119895,0.0,74.364,0.0,0.0,0.0,0.0,10013.310661073936,0.0,57096.73170497428,-10013.310661073936,15586.615500125,0.0,0.0,0.0
2339,35,77021.97436,15153.036648839001,74424.48894307001,14740.834398839,930.7793551670395,37871.922440795,0.0,23478.438165198953,0.0,0.0,0.0,0.0,0.0,0.0,0.0,0.0,57096.73170497428,0.0,24409.217520365994,0.0,0.0,0.0
2340,36,76803.37994,15760.124508084002,73028.705541755,13340.291958801,1151.2759999999998,69866.962691755,0.0,24323.37916119895,0.0,74.364,0.0,0.0,0.0,0.0,31952.893871754964,0.0,87451.98088314148,-31952.893871754964,-6403.874710556003,0.0,0.0,0.0
2341,37,76371.50264,13937.849652477,71221.39689276401,12234.707652377,1221.308,71221.39689276401,0.0,24323.37916119895,0.0,74.364,0.0,0.0,0.0,0.0,32703.65306633995,0.0,118520.45129616444,-32703.65306633995,-7084.601905141004,0.0,0.0,0.0
2342,38,75836.34093,14809.117696795998,69151.524655072,12039.636146796001,361.494,46834.66372162433,0.0,23372.148365198955,0.0,0.0,0.0,0.0,0.0,0.0,6771.6013036192835,0.0,124953.47253460276,-6771.6013036192835,16962.04106157967,0.0,0.0,0.0
2343,39,75393.11086,14077.952402627001,65976.1598965075,13834.335784801053,0.0,38055.504057,0.0,23503.271018198953,0.0,0.0,0.0,0.0,0.0,0.0,0.0,0.0,124953.47253460276,0.0,23503.271018198953,0.0,0.0,0.0
2344,40,75203.79908,17661.136443879,60911.817064298506,17661.136443879,1221.308,60911.817064298506,0.0,24310.77976119895,0.0,74.364,0.0,0.0,0.0,0.0,28975.606189376456,0.0,152480.29841451038,-28975.606189376456,-3369.154428177513,0.0,0.0,0.0
2345,41,75603.27367,23460.384890299,49304.831957461,12187.175989633999,1024.018,38006.93591916704,0.0,24310.77976119895,0.0,74.364,0.0,0.0,0.0,0.0,0.0,0.0,152480.29841451038,0.0,25409.161761198957,0.0,0.0,0.0
2346,42,76428.74649,25751.920040695,31121.750891253,25751.920040695,1221.308,31121.750891253,0.0,24323.37916119895,0.0,74.364,0.0,0.0,0.0,1851.49975,7915.475353146955,0.0,160000.0,-7915.475353146955,19555.07555805201,0.0,0.0,0.0
2347,43,78568.24414,27644.219249451,8914.524988975,27644.219249451,1221.308,8914.524988975,593.212,24323.37916119895,28.499999999999996,74.364,0.0,0.0,0.0,3702.9995,0.0,12065.73724037503,147299.22395749995,12065.73724037503,42009.499901573996,16.2426,16.2426,16.2426
2348,44,82131.0191,28512.058491462,0.0,28512.058491462,1221.308,0.0,593.212,24323.37916119895,50.0,74.364,0.0,0.0,0.0,5554.49925,0.0,21802.198197339036,124349.5416445115,21802.198197339036,53618.96060853801,16.2426,16.2426,16.2426
2349,45,82518.92551,31248.345460045002,0.0,31248.345460045002,1221.308,0.0,593.212,24323.37916119895,50.0,74.364,0.0,0.0,0.0,7405.999,0.0,17602.31788875605,105820.78597213671,17602.31788875605,51270.580049954995,16.2426,16.2426,16.2426
2350,46,78323.04908,35050.349058251,0.0,35050.349058251,1221.308,0.0,593.212,24323.37916119895,50.0,74.364,0.0,0.0,0.0,5554.49925,0.0,11455.937610550045,93761.90427682087,11455.937610550045,43272.700021749,16.2426,16.2426,16.2426
2351,47,73074.52277,34711.292556445,0.0,34711.292556445,1221.308,0.0,593.212,24323.37916119895,28.499999999999996,74.364,0.0,0.0,0.0,3702.9995,0.0,8419.467552356038,84899.3068532882,8419.467552356038,38363.230213555,16.2426,16.2426,16.2426
2352,48,68742.46005,32470.047444645,0.0,32470.047444645,1221.308,0.0,169.95,24323.37916119895,0.0,74.364,0.0,0.0,0.0,1851.49975,0.0,8631.911694156042,75813.08401733448,8631.911694156042,36272.412605355,6.32,6.32,6.32
2353,49,66291.17654,35077.499345109005,0.0,35077.499345109005,1221.308,0.0,0.0,24323.37916119895,0.0,74.364,0.0,0.0,0.0,0.0,0.0,5594.626033692052,69924.00398186916,5594.626033692052,31213.677194890995,0.1167999999999978,0.1167999999999978,0.1167999999999978
2354,50,64735.38641,31775.043093044,0.0,31775.043093044,1221.308,0.0,593.212,24323.37916119895,0.0,74.364,0.0,0.0,0.0,0.0,0.0,6748.080155757053,62820.761712651205,6748.080155757053,32960.343316956,9.7305,9.7305,9.7305
2355,51,64374.3985,29433.317908793004,0.0,29433.317908793004,1221.308,0.0,0.0,24323.37916119895,0.0,74.364,0.0,0.0,0.0,0.0,0.0,9322.029430008039,53008.09915474801,9322.029430008039,34941.080591207,0.0,0.0,0.0
2356,52,65876.991,26764.319157448997,0.0,26764.319157448997,1221.308,0.0,593.212,24323.37916119895,28.499999999999996,74.364,0.0,0.0,0.0,1851.49975,0.0,11020.40893135205,41407.66870069322,11020.40893135205,39112.671842551,16.167299999999997,16.167299999999997,16.167299999999997
2357,53,69534.34876,24642.52175585,0.0,24642.52175585,1221.308,0.0,593.212,24323.37916119895,50.0,74.364,0.0,0.0,0.0,3702.9995,0.0,14926.564342951024,25695.495708113194,14926.564342951024,44891.82700414999,16.2426,16.2426,16.2426
2358,54,75165.14452,30349.052343632004,646.7464500000001,30349.052343632004,1221.308,646.7464500000001,593.212,24323.37916119895,28.499999999999996,74.364,0.0,0.0,0.0,1851.49975,0.0,16077.082815169042,8772.250639514205,16077.082815169042,44169.345726367996,16.2426,16.2426,16.2426
2359,55,80855.75799,28376.662005999002,22962.467159043998,28376.662005999002,1221.308,22962.467159043998,0.0,24323.37916119895,0.0,74.364,0.0,0.0,0.0,0.0,0.0,3897.5776637580275,4669.537309242597,3897.5776637580275,29516.628824957,0.0,0.0,0.0
2360,56,84310.85046,21138.380751727003,46232.680358729005,21138.380751727003,1221.308,46232.680358729005,0.0,24304.048793198952,0.0,74.364,0.0,0.0,0.0,0.0,8659.931443654948,0.0,12896.472180714798,-8659.931443654948,16939.789349543993,0.0,0.0,0.0
2361,57,86216.33441,7730.80915352,61720.293322207996,7730.80915352,1221.308,61720.293322207996,0.0,24323.37916119895,0.0,74.364,0.0,0.0,0.0,0.0,8853.819226926964,0.0,21307.600446295415,-8853.819226926964,16765.231934272007,0.0,0.0,0.0
2362,58,87357.88578,7077.388208148,69770.182952299,7077.388208148,1115.781,69770.182952299,0.0,24304.048793198952,0.0,74.364,0.0,0.0,0.0,0.0,14983.879173645973,0.0,35542.28566125909,-14983.879173645973,10510.314619552999,0.0,0.0,0.0
2363,59,88128.70749,7244.997590798999,73182.28344351151,7244.997590798999,1221.308,73182.28344351151,0.0,24284.718425198953,0.0,74.364,0.0,0.0,0.0,0.0,17878.963969509445,0.0,52527.30143229306,-17878.963969509445,7701.426455689492,0.0,0.0,0.0
2364,60,88530.10264,8904.546652381,74227.9441372345,8904.546652381,1221.308,74227.9441372345,0.0,24304.048793198952,0.0,74.364,0.0,0.0,0.0,0.0,20202.108942814466,0.0,71719.3049279668,-20202.108942814466,5397.611850384492,0.0,0.0,0.0
2365,61,88648.03836,10627.575695018,74038.03940578351,10627.575695018,1221.308,65663.32462584416,0.0,24304.048793198952,0.0,74.364,0.0,0.0,0.0,0.0,13242.582754061119,0.0,84299.75854432487,-13242.582754061119,12357.138039137848,0.0,0.0,0.0
2366,62,88986.22818,11702.619590199,74049.19433593699,11702.619590199,1221.308,74049.19433593699,0.0,24323.37916119895,0.0,74.364,0.0,0.0,0.0,0.0,22384.636907334934,0.0,105565.16360629306,-22384.636907334934,3234.4142538640153,0.0,0.0,0.0
2367,63,88740.45043,15304.43505743,69850.17764066749,15304.43505743,1221.308,69850.17764066749,0.0,24323.37916119895,0.0,74.364,0.0,0.0,0.0,0.0,22033.213429296466,0.0,126496.7163641247,-22033.213429296466,3585.837731902502,0.0,0.0,0.0
2368,64,88380.62057,22714.757440281002,63106.028710647006,22714.757440281002,1221.308,63106.028710647006,0.0,24323.37916119895,0.0,74.364,0.0,0.0,0.0,0.0,23059.216742126984,0.0,148402.97226914534,-23059.216742126984,2559.8344190719945,0.0,0.0,0.0
2369,65,88047.00831,22381.387152993004,50402.467857234,22381.387152993004,1221.308,50402.467857234,0.0,24323.37916119895,0.0,74.364,0.0,0.0,0.0,1851.49975,12207.397611425977,0.0,160000.0,-12207.397611425977,15263.153299773003,0.0,0.0,0.0
2370,66,87566.00737,19696.225502095,31817.91189361,19696.225502095,1221.308,31817.91189361,0.0,24323.37916119895,21.500000000000004,74.364,0.0,0.0,0.0,3702.9995,0.0,6708.319313096047,152938.6112493726,6708.319313096047,36051.86997429501,0.9354800000000054,0.9354800000000054,0.9354800000000054
2371,67,88078.46491,18689.375458765,6610.570609074,18689.375458765,1221.308,6610.570609074,593.212,24323.37916119895,17392.024159999997,74.364,36.160000000000004,257.0,0.0,5554.49925,0.0,13326.572270962022,138910.64043783362,13326.572270962022,62778.51884216099,33.44188,33.44188,33.44188
2372,68,90552.48127,25291.133647597002,0.0,25291.133647597002,1221.308,0.0,593.212,24323.37916119895,24452.49,74.364,36.160000000000004,257.0,0.0,7405.999,0.0,6897.435461204035,131650.18205761883,6897.435461204035,65261.347622403,33.44188,33.44188,33.44188
2373,69,89686.28,25791.513194785002,0.0,25791.513194785002,1221.308,0.0,593.212,24323.37916119895,7110.465840000001,74.364,0.0,0.0,0.0,7405.999,0.0,23166.038804016032,107264.87805339144,23166.038804016032,63894.766805215,16.2426,16.2426,16.2426
2374,70,83643.03054,26660.839159449002,0.0,26660.839159449002,1221.308,0.0,593.212,24323.37916119895,50.0,74.364,0.0,0.0,0.0,7405.999,0.0,23313.929219352052,82723.89992775771,23313.929219352052,56982.191380551005,16.2426,16.2426,16.2426
2375,71,77010.33706,27525.484100712998,0.0,27525.484100712998,1221.308,0.0,593.212,24323.37916119895,50.0,74.364,0.0,0.0,0.0,7405.999,0.0,15816.590798088064,66074.85698240185,15816.590798088064,49484.852959287,16.2426,16.2426,16.2426
2376,72,71753.26956,28783.381752527002,0.0,28783.381752527002,1221.308,0.0,593.212,24323.37916119895,50.0,74.364,0.0,0.0,0.0,7405.999,0.0,9301.625646274038,56283.67209158707,9301.625646274038,42969.887807473,16.2426,16.2426,16.2426
2377,73,69120.08141,31953.359597145998,0.0,31953.359597145998,1221.308,0.0,593.212,24323.37916119895,50.0,74.364,0.0,0.0,0.0,7405.999,0.0,3498.4596516550587,52601.08298458174,3498.4596516550587,37166.721812854,16.2426,16.2426,16.2426
2378,74,67252.07312,27409.293651370997,0.0,27409.293651370997,1221.308,0.0,593.212,24323.37916119895,50.0,74.364,0.0,0.0,0.0,7405.999,0.0,6174.517307430049,46101.5910820238,6174.517307430049,39842.779468629,16.2426,16.2426,16.2426
2379,75,66545.15683,28424.718708271997,0.0,28424.718708271997,1221.308,0.0,593.212,24323.37916119895,50.0,74.364,0.0,0.0,0.0,7405.999,0.0,4452.175960529061,41415.090070940576,4452.175960529061,38120.43812172801,16.2426,16.2426,16.2426
2380,76,67592.44558,28037.501255295003,0.0,28037.501255295003,1221.308,0.0,593.212,24323.37916119895,50.0,74.364,0.0,0.0,0.0,7405.999,0.0,5886.6821635060605,35218.58253040788,5886.6821635060605,39554.94432470499,16.2426,16.2426,16.2426
2381,77,70869.0806,28256.058095406996,0.0,28256.058095406996,1221.308,0.0,593.212,24323.37916119895,50.0,74.364,0.0,0.0,0.0,5593.606910500387,0.0,10757.152432893676,23895.264179993486,10757.152432893676,42613.022504593006,16.2426,16.2426,16.2426
2382,78,76311.75929,25781.469941837,1007.5058,25781.469941837,1221.308,1007.5058,593.212,24323.37916119895,28.499999999999996,74.364,0.0,0.0,0.0,3742.107160500385,0.0,19539.913226463657,3326.934467926478,19539.913226463657,49522.783548163,16.2426,16.2426,16.2426
2383,79,81678.97932,28471.449144396,22189.1608593745,28471.449144396,1221.308,22189.1608593745,348.123,24323.37916119895,0.0,74.364,0.0,0.0,0.0,1890.607410500385,0.0,3160.5877445301544,0.0,3160.5877445301544,31018.3693162295,6.436799999999998,6.436799999999998,6.436799999999998
2384,80,84927.07873,26888.817757661,43747.1018584205,26888.817757661,1221.308,43747.1018584205,0.0,21469.359172198954,0.0,74.364,0.0,0.0,0.0,39.10766050038501,8512.979718780847,0.0,8087.330732841804,-8512.979718780847,14291.15911391849,0.0,0.0,0.0
2385,81,86616.54855,19170.149943253004,58673.399343408004,19170.149943253004,1221.308,48139.130004548046,0.0,18011.596602198955,0.0,74.364,0.0,0.0,0.0,0.0,0.0,0.0,8087.330732841804,0.0,19307.268602198965,0.0,0.0,0.0
2386,82,87887.65656,12310.313495822002,67256.34619773,12310.313495822002,1221.308,67256.34619773,0.0,15492.987498198956,0.0,74.364,0.0,0.0,0.0,0.0,8467.662631750949,0.0,16131.610233005205,-8467.662631750949,8320.996866447997,0.0,0.0,0.0
2387,83,88462.41183,11569.789003861,71785.780666259,11569.789003861,1221.308,71785.780666259,0.0,13105.679736164355,0.0,74.364,0.0,0.0,0.0,0.0,9294.509576284381,0.0,24961.394330475367,-9294.509576284381,5106.8421598799905,0.0,0.0,0.0
2388,84,88770.91697,17912.213448804003,72191.9471019035,17912.213448804003,351.725,72191.9471019035,0.0,14556.177309764355,0.0,74.364,0.0,0.0,0.0,0.0,16315.509890471827,0.0,40461.1287264236,-16315.509890471827,-1333.2435807074944,0.0,0.0,0.0
2389,85,88622.2341,19691.415154442002,72394.70216825602,19691.415154442002,383.339,72394.70216825602,0.0,15313.612266054935,0.0,74.364,0.0,0.0,0.0,0.0,19235.198488752925,0.0,58734.56729073888,-19235.198488752925,-3463.8832226980157,0.0,0.0,0.0
2390,86,88871.65737,28141.077050944998,69175.87961405999,22802.454040130673,991.331,50396.247010105,0.0,14607.261319764355,0.0,74.364,0.0,0.0,0.0,0.0,0.0,0.0,58734.56729073888,0.0,15672.95631976433,0.0,0.0,0.0
2391,87,88535.07147,31144.470544654003,69753.91883931999,31144.470544654003,1043.368,38017.217607581646,0.0,18255.651317764354,0.0,74.364,0.0,0.0,0.0,0.0,0.0,0.0,58734.56729073888,0.0,19373.383317764346,0.0,0.0,0.0
2392,88,88064.07377,34521.405856931,63152.128083102994,34521.405856931,989.5980000000001,63152.128083102994,0.0,20649.01849479896,0.0,74.364,0.0,0.0,0.0,0.0,31322.440664832942,0.0,88490.88592233017,-31322.440664832942,-9609.460170033992,0.0,0.0,0.0
2393,89,88094.08928,38469.794802068,50755.900094886,21363.040502214,198.128,47036.05902858705,0.0,19422.497749198952,0.0,74.364,0.0,0.0,0.0,0.0,0.0,0.0,88490.88592233017,0.0,19694.989749198947,0.0,0.0,0.0
2394,90,88247.19637,37065.218360175,31313.812696083005,33851.04350171802,1221.308,31313.812696083005,0.0,21786.66817219895,0.0,74.364,0.0,0.0,0.0,0.0,0.0,0.0,88490.88592233017,0.0,23082.34017219898,0.0,0.0,0.0
2395,91,89381.12342,37075.383258529,6136.1754072534995,37075.383258529,1221.308,6136.1754072534995,593.212,24323.37916119895,28.499999999999996,74.364,0.0,0.0,0.0,1851.49975,0.0,18077.30184301855,69462.14714020539,18077.30184301855,46169.56475421751,16.167299999999997,16.167299999999997,16.167299999999997
2396,92,91363.52431,40602.771657004,0.0,40602.771657004,1221.308,0.0,593.212,24323.37916119895,50.0,74.364,0.0,0.0,0.0,3702.9995,0.0,20795.489991797014,47572.157675155904,20795.489991797014,50760.752652995994,16.2426,16.2426,16.2426
2397,93,90099.324,42449.199860680994,0.0,42449.199860680994,1221.308,0.0,593.212,24323.37916119895,28.499999999999996,74.364,0.0,0.0,0.0,1851.49975,0.0,19557.86122812003,26984.9353297664,19557.86122812003,47650.124139319,16.2426,16.2426,16.2426
2398,94,84085.85197,42640.652795469,0.0,42640.652795469,1221.308,0.0,0.0,24323.37916119895,0.0,0.0,0.0,0.0,0.0,0.0,0.0,15900.512013332045,10247.554263101089,15900.512013332045,41445.199174531,0.0,0.0,0.0
2399,95,77411.08351,39583.644048855,0.0,39583.644048855,1221.308,0.0,593.212,24323.37916119895,28.499999999999996,74.364,0.0,0.0,0.0,1851.49975,0.0,9735.176549946034,0.0,9735.176549946034,37827.439461145,16.2426,16.2426,16.2426
2400,96,71942.79319,46453.30914514101,0.0,46323.74202880104,1221.308,0.0,0.0,24323.37916119895,0.0,74.364,0.0,0.0,0.0,0.0,0.0,0.0,0.0,0.0,25619.051161198957,0.0,0.0,0.0
2401,1,69099.29495,38945.349841696,0.0,38945.349841696,1221.308,0.0,593.212,24323.37916119895,0.0,74.364,0.0,0.0,0.0,7405.999,3464.3170528957703,0.0,3291.101200250982,-3464.3170528957703,30153.945108303997,9.730500000001374,9.730500000001374,9.730500000001374
2402,2,67452.11561,35548.115554574,0.0,35548.115554574,1221.308,0.0,593.212,24323.37916119895,0.0,74.364,0.0,0.0,0.0,7405.998999998459,1714.2621057729593,0.0,4919.650200735363,-1714.2621057729593,31904.000055425997,9.730499999999907,9.730499999999907,9.730499999999907
2403,3,66745.53272,34879.39945129299,0.0,34879.39945129299,1221.308,0.0,593.212,24323.37916119895,0.0,74.364,0.0,0.0,0.0,7405.998999997115,1752.1288924907894,0.0,6584.1726486018,-1752.1288924907894,31866.13326870701,9.730500000000035,9.730500000000035,9.730500000000035
2404,4,67416.55577,35824.65730322299,0.0,35824.65730322299,1221.308,0.0,593.212,24323.37916119895,21.5,74.364,0.0,0.0,0.0,7405.999,2047.863694421147,0.0,8529.643158304909,-2047.863694421147,31591.898466777013,9.730499999999793,9.730499999999793,9.730499999999793
2405,5,70777.76164,35675.985100453,0.0,35675.985100453,1221.308,0.0,593.212,24323.37916119895,50.0,74.364,0.0,0.0,0.0,5554.49925,0.0,3285.0141283480425,5071.733549517627,3285.0141283480425,35101.776539547,16.242599999999353,16.242599999999353,16.242599999999353
2406,6,76099.27666,37060.481342208,491.64599999999996,37060.481342208,1221.308,491.64599999999996,593.212,24323.37916119895,3813.7397845513124,74.364,0.0,0.0,0.0,3702.999499999975,0.0,4818.146872041745,0.0,4818.146872041745,38547.149317792006,16.242600000000166,16.242600000000166,16.242600000000166
2407,7,81704.51127,42239.43660031699,14756.640499600999,40387.23425120008,1221.308,14756.640499600999,0.0,23413.46476919895,0.0,74.364,0.0,0.0,0.0,1851.4997499999695,0.0,0.0,0.0,0.0,26560.63651919892,0.0,0.0,0.0
2408,8,85006.24353,42980.971745550996,36570.1966398105,35948.492745551004,1151.2759999999998,27876.408585250105,0.0,19955.7021991989,0.0,74.364,0.0,0.0,0.0,0.0,0.0,0.0,0.0,0.0,21181.342199198898,0.0,0.0,0.0
2409,9,86317.52187,43009.05860414801,52922.108448258005,19605.744449984,0.0,48971.03216081713,0.0,17666.38125919885,0.0,74.364,0.0,0.0,0.0,0.0,0.0,0.0,0.0,0.0,17740.745259198877,0.0,0.0,0.0
2410,10,87408.62904,45603.07929436099,59412.596291971,45603.07929436099,979.6360000000001,48564.98837929097,0.0,17070.83185719891,0.0,74.364,0.0,0.0,0.0,0.0,24884.270490850882,0.0,23640.05696630834,-24884.270490850882,-6759.43863365196,0.0,0.0,0.0
2411,11,88112.40883,47713.330048371994,64099.014751393996,47713.330048371994,1135.1980000000003,25214.747345429467,0.0,13974.769436198882,0.0,74.364,0.0,0.0,0.0,0.0,0.0,0.0,23640.056966308726,0.0,15184.33143619854,0.0,0.0,0.0
2412,12,88141.23244,50981.04939718701,66505.96768995251,50981.04939718701,1168.4080000000004,21747.37229901427,0.0,14170.038743798716,0.0,74.364,0.0,0.0,0.0,0.0,0.0,0.0,23640.056966308726,0.0,15412.810743798727,0.0,0.0,0.0
2413,13,87867.23676,53581.25800159501,66469.2986941545,53581.25800159501,1105.8310000000001,19007.368194606905,0.0,14098.415563798913,0.0,74.364,0.0,0.0,0.0,0.0,0.0,0.0,23640.056966309614,0.0,15278.610563798087,0.0,0.0,0.0
2414,14,87276.45922,60224.924990164,63956.659800293506,56758.264790164,113.47099999999999,16703.047484901614,0.0,13627.31194493439,0.0,74.364,0.0,0.0,0.0,0.0,0.0,0.0,23640.056966309614,0.0,13815.14694493439,0.0,0.0,0.0
2415,15,86657.06048,65646.052692679,60356.3085002905,43030.209692679,482.17299999999994,26432.128394122235,0.0,16638.185393198757,0.0,74.364,0.0,0.0,0.0,0.0,0.0,0.0,23640.056966309614,0.0,17194.72239319876,0.0,0.0,0.0
2416,16,86246.08177,69571.76381042,54380.554290471504,30669.938760420002,188.915,35121.81803338118,0.0,20265.409976198815,0.0,0.0,0.0,0.0,0.0,0.0,0.0,0.0,23640.056966309614,0.0,20454.32497619882,0.0,0.0,0.0
2417,17,85997.47843,64546.937401954005,42000.18151802,45256.904190428766,19.125,20139.2408123725,0.0,20507.844427198936,0.0,74.364,0.0,0.0,0.0,0.0,0.0,0.0,23640.05696630983,0.0,20601.333427198737,0.0,0.0,0.0
2418,18,85842.51489,63161.761098489005,24445.964451002,43263.787200192004,100.697,21699.54510760128,0.0,20704.121582198917,0.0,74.364,0.0,0.0,0.0,0.0,0.0,0.0,23640.056966302418,0.0,20879.182582206722,0.0,0.0,0.0
2419,19,87560.05331,55893.144251330006,1980.498122197,55893.144251330006,1221.308,1980.498122197,0.0,24323.37916119895,0.0,74.364,0.0,0.0,0.0,0.0,0.0,4067.3597752716864,19358.62562391589,4067.3597752716864,29686.410936472996,3.218399999999999,3.218399999999999,3.218399999999999
2420,20,90154.69174,55055.074850915,0.0,55055.074850915,1221.308,0.0,593.212,24323.37916119895,28.5,74.364,0.0,0.0,0.0,1851.4997499999972,0.0,7007.353977886032,11982.463541927336,7007.353977886032,35099.616889084995,16.24260000000003,16.24260000000003,16.24260000000003
2421,21,89252.83408,55228.660504162995,0.0,55228.660504162995,1221.308,0.0,593.212,24323.37916119895,0.0,74.364,0.0,0.0,0.0,0.0,0.0,7811.910414635918,3759.3999475743367,7811.910414635918,34024.173575837005,9.730500000000006,9.730500000000006,9.730500000000006
2422,22,84070.72686,52407.033998604995,0.0,52407.033998604995,1221.308,0.0,593.212,24323.37916119895,28.499999999999996,74.364,0.0,0.0,0.0,1851.49975,0.0,3571.4299501960227,0.0,3571.4299501960227,31663.692861395,16.242600000000024,16.242600000000024,16.242600000000024
2423,23,77695.60593,54237.929545704,0.0,54044.311295704,1168.4080000000004,0.0,0.0,22408.522634291927,0.0,74.364,0.0,0.0,0.0,0.0,0.0,0.0,0.0,0.0,23651.294634296006,0.0,0.0,0.0
2424,24,72612.77969,54533.636452839004,0.0,54533.636452839004,1221.3079999999932,0.0,0.0,24323.37916119895,0.0,74.364,0.0,0.0,0.0,0.0,7539.907924037943,0.0,7162.912527840328,-7539.907924037943,18079.14323716099,0.0,0.0,0.0
2425,25,69818.38239,55745.99141056901,0.0,55745.99141056901,1221.308,0.0,0.0,24323.37916119895,0.0,74.364,0.0,0.0,0.0,0.0,11546.660181767953,0.0,18132.23970051988,-11546.660181767953,14072.390979430987,0.0,0.0,0.0
2426,26,67983.9966,50400.896000037,0.0,46809.28905380111,471.822,0.0,0.0,20702.885546198886,0.0,0.0,0.0,0.0,0.0,0.0,0.0,0.0,18132.239700519884,0.0,21174.707546198886,0.0,0.0,0.0
2427,27,67441.74354,51179.956295979006,0.0,50353.013787139076,770.772,0.0,0.0,24116.07703319895,0.0,0.0,0.0,0.0,0.0,0.0,7798.11928033804,0.0,25540.45301684102,-7798.11928033804,17088.72975286092,0.0,0.0,0.0
2428,28,68593.38212,50667.855502021,0.0,46734.752450686,1157.3278461167129,0.0,0.0,20701.301823198894,0.0,0.0,0.0,0.0,0.0,0.0,0.0,0.0,25540.4530168427,0.0,21858.629669313996,0.0,0.0,0.0
2429,29,72084.43888,45721.793802210006,0.0,45721.793802210006,1221.308,0.0,26.91699999999387,24323.37916119895,0.0,74.364,0.0,0.0,0.0,0.0,0.0,716.6769165910455,24786.05626253634,716.6769165910455,26362.645077789995,5.3229999999999595,5.3229999999999595,5.3229999999999595
2430,30,77750.45074,41992.837394887,1344.2247,41992.837394887,1221.308,1344.2247,593.212,24323.37916119895,28.499999999999996,74.364,0.0,0.0,0.0,1851.4997499999045,0.0,6321.125733914139,18132.239700521455,6321.125733914139,34413.388645113,16.24260000000003,16.24260000000003,16.24260000000003
2431,31,83209.05042,38887.618755123,20845.230713435496,38887.618755123,1106.3960000000002,20845.230713435496,0.0,22295.440951441513,0.0,74.364,0.0,0.0,0.0,0.0,0.0,0.0,18132.239700521455,0.0,23476.2009514415,0.0,0.0,0.0
2432,32,85755.73873,35821.418353087,42309.0496003175,35821.418353087,979.6360000000001,27098.05842571403,0.0,21782.26195119894,0.0,74.364,0.0,0.0,0.0,0.0,0.0,0.0,18132.239700521455,0.0,22836.26195119897,0.0,0.0,0.0
2433,33,86699.37495,37211.060149515004,56770.895680934496,37211.060149515004,1029.308,24061.26363928603,0.0,24323.37916119895,0.0,74.364,0.0,0.0,0.0,0.0,0.0,0.0,18132.239700521455,0.0,25427.051161198964,0.0,0.0,0.0
2434,34,87201.3379,35295.266394009,67118.4720111385,33877.29868335754,1221.308,27779.3520554435,0.0,24323.37916119895,0.0,0.0,0.0,0.0,0.0,0.0,0.0,0.0,18132.239700521455,0.0,25544.687161198955,0.0,0.0,0.0
2435,35,87063.86075,39674.102998054994,71274.8432591415,38044.42680071208,897.9340000000001,27565.735654089,0.0,20481.40029519895,0.0,74.364,0.0,0.0,0.0,0.0,0.0,0.0,18132.239700521455,0.0,21453.69829519893,0.0,0.0,0.0
2436,36,86613.41985,42033.96490006,71068.34951229101,37140.14896603107,947.6060000000001,31753.94175517,0.0,16771.723128798898,0.0,0.0,0.0,0.0,0.0,0.0,0.0,0.0,18132.239700521455,0.0,17719.329128798938,0.0,0.0,0.0
2437,37,85826.67379,41774.79659286299,71849.03295600349,34692.568942829996,1004.0550000000001,69800.30290337106,0.0,20255.38294379894,0.0,74.364,0.0,0.0,0.0,0.0,40000.0,0.0,56132.23970052146,-40000.0,-18666.198056201058,0.0,0.0,0.0
2438,38,85254.67909,39787.18505703,72172.0416820355,39482.693831765566,1215.1800000000003,63397.2983820355,0.0,21085.142876198945,0.0,74.364,0.0,0.0,0.0,0.0,40000.0,0.0,94132.23970052146,-40000.0,-17625.31312380106,0.0,0.0,0.0
2439,39,84671.91579,34256.778858546,66411.148762401,28845.3763,926.7360000000001,43202.26181048669,0.0,22992.460029053025,0.0,74.364,0.0,0.0,0.0,0.0,11369.282349539717,0.0,104933.0579325842,-11369.282349539717,12624.277679513303,0.0,0.0,0.0
2440,40,84268.3611,37855.081440746,55547.55691205051,37855.08144074741,1221.308,55547.55691205051,0.0,24323.37916119895,0.0,74.364,0.0,0.0,0.0,0.0,34753.32841399712,0.0,137948.71992588145,-34753.32841399712,-9134.277252797925,0.0,0.0,0.0
2441,41,84210.22049,38704.39450061,42755.20083284951,38704.39450061135,1221.308,42755.20083284951,0.0,24323.37916119895,0.0,74.364,0.0,0.0,0.0,0.0,22868.426004659912,0.0,159673.72463030854,-22868.426004659912,2750.6251565391503,0.0,0.0,0.0
2442,42,84166.69163,36756.994390834,20645.062084143996,36756.994390834,979.6360000000001,20645.062084143996,0.0,23859.13540502198,0.0,74.364,0.0,0.0,0.0,1851.4997500000063,0.0,0.0,159673.72463030866,0.0,26764.635155022006,0.0,0.0,0.0
2443,43,86729.30771,30380.896845162002,1201.8179007965,30380.896845162002,1221.308,1201.8179007965,593.212,24323.37916119895,7247.501999999615,74.364,0.0,0.0,0.0,3702.9995000000063,0.0,17983.828302842907,140743.37904836916,17983.828302842907,55146.59296404149,17.188680000000005,17.188680000000005,17.188680000000005
2444,44,89674.53101,27301.454596613,0.0,27301.454596613,1221.308,0.0,593.212,24323.37916119895,7269.002,74.364,0.0,0.0,0.0,5554.499250000003,0.0,23337.312002184422,116177.7874671161,23337.312002184422,62373.07641338701,17.188679999999906,17.188679999999906,17.188679999999906
2445,45,89045.38328,33017.104340603,0.0,33017.104340603,1221.308,0.0,593.212,24323.37916119895,50.0,74.364,0.0,0.0,0.0,7405.999,0.0,22360.01677819436,92640.92770059431,22360.01677819436,56028.278939396994,16.242600445612094,16.242600445612094,16.242600445612094
2446,46,84202.56754,32504.333296186996,0.0,32504.333296186996,1221.308,0.0,593.212,24323.37916119895,50.0,74.364,0.0,0.0,0.0,7405.999,0.0,18029.972082614055,73662.00971889397,18029.972082614055,51698.23424381301,16.242599999999815,16.242599999999815,16.242599999999815
2447,47,77962.2622,33611.455900042005,0.0,33611.455900042005,1221.308,0.0,593.212,24323.37916119895,50.0,74.364,0.0,0.0,0.0,7405.999,0.0,10682.544138759033,62417.226414936114,10682.544138759033,44350.80629995799,16.242600000000177,16.242600000000177,16.242600000000177
2448,48,72928.02313,36025.211701725,0.0,36025.211701725,1221.308,0.0,593.212,24323.37916119895,50.0,74.364,0.0,0.0,0.0,7405.999,0.0,3234.5492670714707,59012.43771275492,3234.5492670714707,36902.811428275,16.24260000000008,16.24260000000008,16.24260000000008
2449,49,70105.93292,33000.000506058,0.0,33000.000506058,1221.308,0.0,593.212,24323.37916119895,50.0,74.364,0.0,0.0,0.0,7405.999,0.0,3437.6702527412667,55393.83744671224,3437.6702527412667,37105.932413942006,16.242599999999918,16.242599999999918,16.242599999999918
2450,50,68626.39856,32092.757607829,0.0,32092.757607829,1221.308,0.0,593.212,24323.37916119895,50.0,74.364,0.0,0.0,0.0,7405.999,0.0,2865.3787909745424,52377.64924568641,2865.3787909745424,36533.640952171,16.242600000000124,16.242600000000124,16.242600000000124
2451,51,68127.73802,30795.634952818,0.0,30795.634952818,1221.308,0.0,593.212,24323.37916119895,50.0,74.364,0.0,0.0,0.0,7405.999,0.0,3663.8409059830474,48520.97460780952,3663.8409059830474,37332.103067182004,16.242600000000106,16.242600000000106,16.242600000000106
2452,52,69420.53758,31948.768952460996,0.0,31948.768952460996,1221.308,0.0,593.212,24323.37916119895,50.0,74.364,0.0,0.0,0.0,7405.999,0.0,3803.5064663400485,44517.28359060947,3803.5064663400485,37471.76862753901,16.242600000000255,16.242600000000255,16.242600000000255
2453,53,73125.19854,29664.778750791,0.0,29664.778750791,1221.308,0.0,593.212,24323.37916119895,50.0,74.364,0.0,0.0,0.0,7405.999,0.0,9792.15762801005,34209.749245335726,9792.15762801005,43460.419789209,16.242600000000134,16.242600000000134,16.242600000000134
2454,54,78471.18089,27563.975806034003,1515.54175,27563.975806034003,1221.308,1515.54175,593.212,24323.37916119895,50.0,74.364,0.0,0.0,0.0,5554.499250000002,0.0,17574.90092276523,15709.853537157338,17574.90092276523,49391.663333966004,16.242599999998493,16.242599999998493,16.242599999998493
2455,55,83882.58133,25126.487108214,14680.504849668001,25126.487108214,1221.308,14680.504849668001,593.212,24323.37916119895,28.5,74.364,0.0,0.0,0.0,3702.999499999998,0.0,14131.826710917072,834.246473029918,14131.826710917072,44075.589372118,16.242600000000003,16.242600000000003,16.242600000000003
2456,56,86224.44935,24960.101350532997,32974.345938886,24960.101350532997,1221.308,32974.345938886,26.917,24323.37916119895,0.0,74.364,0.0,0.0,0.0,1851.4997499999904,0.0,792.5341493782399,0.0,792.5341493782399,28290.002060581,5.322999999999936,5.322999999999936,5.322999999999936
2457,57,87261.13994,26757.189957796996,47116.274051390996,26757.189957796996,1221.308,47116.274051390996,0.0,24323.379161198907,0.0,74.364,0.0,0.0,0.0,0.0,12231.37523038691,0.0,11619.806468867599,-12231.37523038691,13387.675930812002,0.0,0.0,0.0
2458,58,87402.48604,24753.455596724998,53068.558351164,24753.455596724998,1221.308,53068.55835116559,0.0,24323.37916119895,0.0,74.364,0.0,0.0,0.0,0.0,16038.579069089674,0.0,26856.456584502885,-16038.579069089674,9580.472092109412,0.0,0.0,0.0
2459,59,87184.42314,23319.407556480997,57285.568658464,5452.4767496859995,781.6510000000001,57285.568658464,0.0,23590.362731850004,0.0,74.364,0.0,0.0,0.0,0.0,0.0,0.0,26856.456584502987,0.0,24446.37773185,0.0,0.0,0.0
2460,60,86572.58031,19684.500148791998,57817.9806557865,19684.500148791998,1221.308,57817.98065578796,0.0,24323.37916119895,0.0,74.364,0.0,0.0,0.0,0.0,16548.9516557792,0.0,42577.960657493226,-16548.9516557792,9070.099505420054,0.0,0.0,0.0
2461,61,85698.42403,19852.665105759,55703.0602898765,19852.665105759,1221.308,55703.0602898765,0.0,24323.37916119895,0.0,74.364,0.0,0.0,0.0,0.0,15476.35252683446,0.0,57280.49555798597,-15476.35252683446,10142.698634364504,0.0,0.0,0.0
2462,62,85426.36794,27695.938551902997,54908.616037080996,27695.938551902997,1221.3080000013847,54908.616037080996,0.0,24323.37916119895,0.0,74.364,0.0,0.0,0.0,0.0,22797.23781018461,0.0,78937.87147766135,-22797.23781018461,2821.813351016004,0.0,0.0,0.0
2463,63,84163.45371,24870.138159873997,52780.724351953,16404.219060018,1091.6641564300517,43509.096996353,0.0,23158.473497198953,0.0,0.0,0.0,0.0,0.0,0.0,0.0,0.0,78937.87147766135,0.0,24250.137653628997,0.0,0.0,0.0
2464,64,83421.35735,29937.678304216002,47853.831421821495,20687.53936887454,718.2650000000001,38599.20181992649,0.0,23341.98716119895,0.0,74.364,0.0,0.0,0.0,0.0,0.0,0.0,78937.87147766136,0.0,24134.616161198974,0.0,0.0,0.0
2465,65,82723.97936,27552.88844458,35909.3874129625,27552.88844458,1221.308,35909.3874129625,0.0,24323.37916119895,0.0,74.364,0.0,0.0,0.0,0.0,6357.347658741459,0.0,84977.35175346574,-6357.347658741459,19261.7035024575,0.0,0.0,0.0
2466,66,82800.35864,28658.602706249003,21171.534006230002,28658.602706249003,1221.308,21171.534006230002,169.95,24323.37916119895,0.0,74.364,0.0,0.0,0.0,1851.499749999999,0.0,5329.721016322055,79367.11910470568,5329.721016322055,32970.221927521,6.320000000000137,6.320000000000137,6.320000000000137
2467,67,84068.08071,32712.588445097004,1989.7679701099999,32712.588445097004,1221.308,1989.7679701099999,593.212,24323.37916119895,28.5,74.364,0.0,0.0,0.0,3702.9994999999876,0.0,19421.961633594026,58922.94896408039,19421.961633594026,49365.72429479299,16.24260000000001,16.24260000000001,16.24260000000001
2468,68,86280.49194,43720.873008697,0.0,43720.873008697,1221.308,0.0,593.212,24323.37916119895,50.0,74.364,0.0,0.0,0.0,5554.499250000008,0.0,10742.856520104044,47614.67894291824,10742.856520104044,42559.618931303005,16.242600000000024,16.242600000000024,16.242600000000024
2469,69,86425.2577,44438.935456082996,0.0,44438.935456082996,1221.308,0.0,593.212,24323.37916119895,50.0,74.364,0.0,0.0,0.0,3702.9995000000085,0.0,12021.059582716709,34960.93201374276,12021.059582716709,41986.322243917006,16.242600000000024,16.242600000000024,16.242600000000024
2470,70,82722.54934,47725.111247263994,0.0,47725.111247263994,1221.308,0.0,593.212,24323.37916119895,28.5,74.364,0.0,0.0,0.0,1851.499749999999,0.0,6905.175181535664,27692.326559494686,6905.175181535664,34997.438092736,12.948899999988935,12.948899999988935,12.948899999988935
2471,71,77744.94068,49667.60944497801,0.0,49667.60944497801,1221.308,0.0,0.0,24323.37916119895,0.0,74.364,0.0,0.0,0.0,0.0,0.0,2458.2800738230508,25104.663323891476,2458.2800738230508,28077.331235021993,0.0,0.0,0.0
2472,72,73105.79443,47715.372142711,0.0,47715.372142711,1201.977631999997,0.0,0.0,24114.080655289,0.0,74.364,0.0,0.0,0.0,0.0,0.0,0.0,25104.663323891476,0.0,25390.422287288995,0.0,0.0,0.0
2473,73,70044.44027,46625.304901439995,0.0,45406.13102780106,518.321,0.0,0.0,24119.988242198946,0.0,0.0,0.0,0.0,0.0,0.0,0.0,0.0,25104.663323891476,0.0,24638.30924219895,0.0,0.0,0.0
2474,74,68123.15548,44440.901094416,0.0,44440.901094416,1221.308,0.0,0.0,24323.37916119895,0.0,74.364,0.0,0.0,0.0,0.0,1936.7967756149542,0.0,26944.620260725682,-1936.7967756149542,23682.254385583998,0.0,0.0,0.0
2475,75,67374.44321,44910.987545776006,0.0,43726.723821801046,551.5310000000001,0.0,0.0,23096.188388198952,0.0,0.0,0.0,0.0,0.0,0.0,0.0,0.0,26944.620260725686,0.0,23647.71938819895,0.0,0.0,0.0
2476,76,67518.13789,44376.873603996995,0.0,19937.753845276595,363.09999999999997,0.0,0.0,23988.49034619895,0.0,0.0,0.0,0.0,0.0,0.0,0.0,23228.793698524452,2493.2584728052107,23228.793698524452,47580.3840447234,0.0,0.0,0.0
2477,77,68897.68664,41536.137658021,0.0,41536.137658021,1221.308,0.0,593.212,24323.37916119895,0.0,74.364,0.0,0.0,0.0,0.0,0.0,1149.2858207812938,1283.4839246137894,1149.2858207812938,27361.548981979002,9.730499999999969,9.730499999999969,9.730499999999969
2478,78,71192.84485,42195.956210418,1565.31575,42195.956210418,1221.308,1565.31575,593.2119999999992,24323.37916119748,0.0,74.364,0.0,0.0,0.0,0.0,0.0,1219.309728383041,0.0,1219.309728383041,27431.572889581992,9.730500000000223,9.730500000000223,9.730500000000223
2479,79,73751.0242,40853.938688519,20553.757963796503,37040.963738519,553.519,12079.507960283514,0.0,24077.033501197475,0.0,0.0,0.0,0.0,0.0,0.0,0.0,0.0,0.0,0.0,24630.552501197486,0.0,0.0,0.0
2480,80,77198.69029,35672.55085350801,41057.093468814,26369.517304068002,0.0,30026.224299734582,0.0,20802.94868619742,0.0,0.0,0.0,0.0,0.0,0.0,0.0,0.0,0.0,0.0,20802.948686197415,0.0,0.0,0.0
2481,81,79535.11872,32622.316791375004,55758.17561440451,23092.265110683085,1221.308,36419.3159071195,0.0,18802.22970219741,0.0,0.0,0.0,0.0,0.0,0.0,0.0,0.0,0.0,0.0,20023.537702197413,0.0,0.0,0.0
2482,82,80502.27329,32246.362102889005,64058.548108025,30074.055501704002,778.3180000000001,31008.63074109707,0.0,18641.26904719893,0.0,0.0,0.0,0.0,0.0,0.0,0.0,0.0,0.0,0.0,19419.587047198926,0.0,0.0,0.0
2483,83,80136.69962,32422.441156771998,67407.4960981275,32013.380257803583,52.9,30428.1577917975,0.0,17642.26157039892,0.0,0.0,0.0,0.0,0.0,0.0,0.0,0.0,0.0,0.0,17695.161570398916,0.0,0.0,0.0
2484,84,79068.33246,36031.600059826,67189.769415121,35892.276490113596,932.715,26459.871952487505,0.0,15783.469017398756,0.0,0.0,0.0,0.0,0.0,0.0,0.0,0.0,0.0,0.0,16716.184017398904,0.0,0.0,0.0
2485,85,77661.48091,46265.212010223004,66244.845604304,40354.207510223,732.527,24204.540757412677,0.0,12370.205642364319,0.0,0.0,0.0,0.0,0.0,0.0,0.0,0.0,0.0,0.0,13102.73264236432,0.0,0.0,0.0
2486,86,76298.52305,59003.310705231,66469.957511789,18851.669449423996,869.7600000000001,42725.167660377236,0.0,13851.925940198767,0.0,0.0,0.0,0.0,0.0,0.0,0.0,0.0,0.0,0.0,14721.685940198775,0.0,0.0,0.0
2487,87,75320.79588,59252.789804036,63218.86360516399,12111.688,70.03200000000001,50826.87245020109,0.0,12312.203429798907,0.0,0.0,0.0,0.0,0.0,0.0,0.0,0.0,0.0,0.0,12382.235429798915,0.0,0.0,0.0
2488,88,75255.15293,63354.281096469,60141.3258444895,11927.41545,461.69899999999996,48448.45874180114,0.0,14417.579738198849,0.0,0.0,0.0,0.0,0.0,0.0,0.0,0.0,0.0,0.0,14879.278738198853,0.0,0.0,0.0
2489,89,75730.04452,63646.877305797,50717.9482644375,52876.5706178011,0.0,5358.4693,0.0,17495.00460219889,0.0,0.0,0.0,0.0,0.0,0.0,0.0,0.0,0.0,0.0,17495.004602198893,0.0,0.0,0.0
2490,90,76550.71838,69649.000649887,32071.778166469998,55257.811299887006,455.75617894866804,0.0,0.0,20837.15090116434,0.0,0.0,0.0,0.0,0.0,0.0,0.0,0.0,0.0,0.0,21292.907080113,0.0,0.0,0.0
2491,91,78450.8269,66974.313443039,9010.661412473,45712.14931132775,991.331,9010.661412473,0.0,22736.68517619895,0.0,0.0,0.0,0.0,0.0,0.0,0.0,0.0,0.0,0.0,23728.016176199253,0.0,0.0,0.0
2492,92,81304.4486,64649.24629171802,0.0,56512.20660680066,934.8700000000001,0.0,0.0,23783.007993198942,0.0,74.364,0.0,0.0,0.0,0.0,0.0,0.0,0.0,0.0,24792.241993199343,0.0,0.0,0.0
2493,93,82435.14056,65326.424159671995,0.0,58184.856563200556,761.215,0.0,0.0,23414.704996798948,0.0,74.364,0.0,0.0,0.0,0.0,0.0,0.0,0.0,0.0,24250.283996799444,0.0,0.0,0.0
2494,94,79152.7332,55688.097102791,0.0,54364.787103201044,757.62,0.0,0.0,23955.96209679895,0.0,74.364,0.0,0.0,0.0,0.0,0.0,0.0,0.0,0.0,24787.946096798958,0.0,0.0,0.0
2495,95,74737.78392,55143.55675989301,0.0,49754.29480989301,834.4200000000001,0.0,0.0,24074.705110106155,0.0,74.364,0.0,0.0,0.0,0.0,0.0,0.0,0.0,0.0,24983.489110106995,0.0,0.0,0.0
2496,96,70815.56831,58330.642400402,0.0,45345.34028880104,1221.308,0.0,0.0,24174.556021198954,0.0,74.364,0.0,0.0,0.0,0.0,0.0,0.0,0.0,0.0,25470.228021198964,0.0,0.0,0.0
2497,1,67934.07882,55710.220453035,0.0,42315.02765880103,1221.308,0.0,0.0,24323.37916119895,0.0,74.364,0.0,0.0,0.0,0.0,0.0,0.0,0.0,0.0,25619.051161198964,0.0,0.0,0.0
2498,2,66263.17514,54706.154159661,0.0,40644.12397880104,1221.308,0.0,0.0,24323.37916119895,0.0,74.364,0.0,0.0,0.0,0.0,0.0,0.0,0.0,0.0,25619.051161198964,0.0,0.0,0.0
2499,3,65397.74049,52599.284107397,0.0,39995.94232880104,1004.0550000000001,0.0,0.0,24323.37916119895,0.0,74.364,0.0,0.0,0.0,0.0,0.0,0.0,0.0,0.0,25401.79816119896,0.0,0.0,0.0
2500,4,65516.86089,52848.288140305,0.0,40115.06272880105,1004.0550000000001,0.0,0.0,24323.37916119895,0.0,74.364,0.0,0.0,0.0,0.0,0.0,0.0,0.0,0.0,25401.798161198953,0.0,0.0,0.0
2501,5,66408.35382,55301.91395496699,0.0,40981.302658801054,1029.308,0.0,0.0,24323.37916119895,0.0,74.364,0.0,0.0,0.0,0.0,0.0,0.0,0.0,0.0,25427.05116119895,0.0,0.0,0.0
2502,6,68052.3472,56241.515709374,1527.3899999999999,42625.29603880104,1029.308,0.0,0.0,24323.37916119895,0.0,74.364,0.0,0.0,0.0,0.0,0.0,0.0,0.0,0.0,25427.051161198964,0.0,0.0,0.0
2503,7,70000.98314,53464.473292045,24735.8787893925,53464.473292045,1221.308,24735.8787893925,0.0,24323.37916119895,0.0,74.364,0.0,0.0,0.0,0.0,33818.42010263657,0.0,32127.49909750474,-33818.42010263657,-8199.3689414375,0.0,0.0,0.0
2504,8,73101.59096,47206.281839958,47032.0428178505,20917.221391067,1168.4080000000004,29447.185168734068,0.0,21494.41240019894,0.0,74.364,0.0,0.0,0.0,0.0,0.0,0.0,32127.49909750474,0.0,22737.184400198938,0.0,0.0,0.0
2505,9,75575.62439,35849.764805051,62931.489667989,12825.344700000001,1221.308,42700.479985601065,0.0,18754.127704398932,0.0,74.364,0.0,0.0,0.0,0.0,0.0,0.0,32127.49909750474,0.0,20049.79970439893,0.0,0.0,0.0
2506,10,76887.73686,35120.125107741,70544.885306417,17046.654757792,979.6360000000001,43144.92985307343,0.0,15642.152249134571,0.0,74.364,0.0,0.0,0.0,0.0,0.0,0.0,32127.49909750474,0.0,16696.152249134575,0.0,0.0,0.0
2507,11,77059.26406,34207.187608397,75236.518350022,15549.179650000002,1221.308,74410.7038041749,0.0,14600.046019798985,0.0,74.364,0.0,0.0,0.0,0.0,28796.337413973924,0.0,59484.01964077997,-28796.337413973924,-12900.619394174908,0.0,0.0,0.0
2508,12,76632.12547,33907.519007131996,76003.4950060365,28737.829800267995,1184.4859999999999,74492.76092893303,0.0,11898.560612798976,0.0,74.364,0.0,0.0,0.0,0.0,39755.87587200001,0.0,97252.10171917998,-39755.87587200001,-26598.465259201024,0.0,0.0,0.0
2509,13,75566.12965,36024.183261578,76069.0379471175,28059.77379695861,19.125,35801.5686436425,0.0,11685.6622093989,0.0,0.0,0.0,0.0,0.0,0.0,0.0,0.0,97252.10171917998,0.0,11704.787209398892,0.0,0.0,0.0
2510,14,74949.60406,36807.080544831995,77078.52678657901,0.0,1221.308,61576.4728426011,0.0,12077.4592173989,0.0,74.364,0.0,0.0,0.0,0.0,0.0,0.0,97252.10171917998,0.0,13373.131217398899,0.0,0.0,0.0
2511,15,74872.26935,36490.431640818,72296.4899641855,3202.791299936,1221.308,55152.51547286507,0.0,15221.290577198924,0.0,74.364,0.0,0.0,0.0,0.0,0.0,0.0,97252.10171917998,0.0,16516.962577198938,0.0,0.0,0.0
2512,16,75122.11678,38362.953852375,66860.048904156,31842.388813509428,1221.308,64421.47905415601,0.0,17636.940912334572,0.0,0.0,0.0,0.0,0.0,0.0,40000.0,0.0,135252.10171917998,-40000.0,-21141.75108766544,0.0,0.0,0.0
2513,17,76162.94834,46222.26509698399,55383.34691174849,3663.1614,59.028,51959.35864480105,0.0,20481.400295198942,0.0,0.0,0.0,0.0,0.0,0.0,0.0,0.0,135252.10171917998,0.0,20540.42829519896,0.0,0.0,0.0
2514,18,77491.63647,39918.611104758995,36152.8936970105,39918.611104758995,1221.308,36152.8936970105,0.0,24323.37916119895,0.0,74.364,0.0,0.0,0.0,1851.49975,26050.41924296844,0.0,160000.0,-26050.41924296844,1420.1316682305041,0.0,0.0,0.0
2515,19,80070.17917,28757.802095653,9363.057125108002,28757.802095653,1221.308,9363.057125108002,593.212,24323.37916119895,28.5,74.364,0.0,0.0,0.0,3702.9995000000017,0.0,12005.557288040047,147362.57127574732,12005.557288040047,41949.319949239,16.2426,16.2426,16.2426
2516,20,82984.86226,29064.432149437,0.0,29064.432149437,1221.308,0.0,593.212,24323.37916119895,50.0,74.364,0.0,0.0,0.0,5554.499250000002,0.0,22103.667699364036,124095.55264483781,22103.667699364036,53920.43011056299,16.24260000000013,16.24260000000013,16.24260000000013
2517,21,83329.95833,29442.450643178,0.0,29442.450643178,1221.308,0.0,593.212,24323.37916119895,50.0,74.364,0.0,0.0,0.0,7405.999,0.0,20219.245525623046,102812.13630207672,20219.245525623046,53887.50768682199,16.24259999999996,16.24259999999996,16.24259999999996
2518,22,78922.43158,31584.260348236,0.0,31584.260348236,1221.308,0.0,593.212,24323.37916119895,50.0,74.364,0.0,0.0,0.0,7405.999,0.0,13669.909070565027,88422.75833306089,13669.909070565027,47338.171231764005,16.242600000000024,16.242600000000024,16.242600000000024
2519,23,73452.53887,32692.215096327003,0.0,32692.215096327003,1221.308,0.0,593.212,24323.37916119895,50.0,74.364,0.0,0.0,0.0,5554.499249999997,0.0,8943.561362474053,79008.48321466717,8943.561362474053,40760.323773673,16.242600000000074,16.242600000000074,16.242600000000074
2520,24,68932.05857,31763.225056704,0.0,31763.225056704,1221.308,0.0,593.212,24323.37916119895,28.5,74.364,0.0,0.0,0.0,3702.9994999999963,0.0,7225.070852097046,71403.14547561765,7225.070852097046,37168.83351329599,16.242600000000024,16.242600000000024,16.242600000000024
2521,25,66500.92688,33467.855391879,0.0,33467.855391879,1221.308,0.0,348.123,24323.37916119895,0.0,74.364,0.0,0.0,0.0,1851.4997499999981,0.0,5214.397576922054,65914.30592096286,5214.397576922054,33033.071488121,6.436799999999887,6.436799999999887,6.436799999999887
2522,26,64914.03901,34779.025146164,0.0,34779.025146164,1221.308,0.0,0.0,24323.37916119895,0.0,74.364,0.0,0.0,0.0,0.0,0.0,4515.9627026370545,61160.660970818586,4515.9627026370545,30135.013863836,0.0,0.0,0.0
2523,27,64777.28952,35732.400056264,0.0,35732.400056264,1221.308,0.0,0.0,24323.37916119895,0.0,74.364,0.0,0.0,0.0,455.8846890900086,0.0,2969.9536134470445,58034.394009295385,2969.9536134470445,29044.889463736,0.0,0.0,0.0
2524,28,66230.04477,30420.561056669,0.0,30420.561056669,1221.308,0.0,593.212,24323.37916119895,28.5,74.364,0.0,0.0,0.0,2307.3844390900103,0.0,7261.3361130420235,50390.882311356414,7261.3361130420235,35809.48371333099,12.948899999999998,12.948899999999998,12.948899999999998
2525,29,70122.35103,25292.840645618006,0.0,25292.840645618006,1221.308,0.0,593.212,24323.37916119895,50.0,74.364,0.0,0.0,0.0,4158.884189090011,0.0,14408.363034093032,35224.184380732164,14408.363034093032,44829.510384381996,16.2426,16.2426,16.2426
2526,30,75899.93893,17090.70320186,1958.45155,17090.70320186,1221.308,1958.45155,593.212,24323.37916119895,50.0,74.364,0.0,0.0,0.0,5554.49925,0.0,25034.02176694103,8872.58252079424,25034.02176694103,56850.784178140006,16.24259999999996,16.24259999999996,16.24259999999996
2527,31,80923.50097,16714.624654489002,25836.160259557495,16714.624654489002,1221.308,25836.160259557495,593.212,24323.37916119895,28.5,74.364,0.0,0.0,0.0,3702.9995,0.0,8428.953394754528,0.0,8428.953394754528,38372.7160559535,16.2426,16.2426,16.2426
2528,32,84398.31493,13766.487806598,47241.031741269006,10321.99461053203,1221.308,46692.039691269005,0.0,24237.108878198953,0.0,74.364,0.0,0.0,0.0,1851.499749999999,0.0,0.0,0.0,0.0,27384.28062819896,0.0,0.0,0.0
2529,33,85466.90764,10904.199891938,62562.602185517506,10272.240292551,1221.308,49748.156752250055,0.0,24150.83859519895,0.0,74.364,0.0,0.0,0.0,0.0,0.0,0.0,0.0,0.0,25446.510595198954,0.0,0.0,0.0
2530,34,86367.45833,10114.544048206999,69514.73374009451,5177.5891479,1221.308,55657.08830390104,0.0,24237.108878198953,0.0,74.364,0.0,0.0,0.0,0.0,0.0,0.0,0.0,0.0,25532.78087819896,0.0,0.0,0.0
2531,35,86733.28128,14150.863890784,73568.359912819,14150.863890783998,1221.308,73568.359912819,0.0,24323.37916119895,0.0,74.364,0.0,0.0,0.0,0.0,26604.99368480197,0.0,25274.744000561877,-26604.99368480197,-985.9425236029929,0.0,0.0,0.0
2532,36,87002.11324,17889.318406336002,74948.50063225749,12040.274683203545,1221.308,49342.7873955975,0.0,24323.37916119895,0.0,74.364,0.0,0.0,0.0,0.0,0.0,0.0,25274.744000561877,0.0,25619.051161198957,0.0,0.0,0.0
2533,37,86687.00746,19286.662698276003,75044.0588816095,17170.543931148546,0.0,49035.0632336525,0.0,20481.400295198946,0.0,0.0,0.0,0.0,0.0,0.0,0.0,0.0,25274.744000561877,0.0,20481.400295198953,0.0,0.0,0.0
2534,38,86192.73508,19097.180451847,75919.398666868,15491.64340778849,1158.7310000000002,49755.56101075999,0.0,24323.37916119895,0.0,74.364,0.0,0.0,0.0,0.0,4610.943499747438,0.0,29655.140325321954,-4610.943499747438,20945.530661451514,0.0,0.0,0.0
2535,39,85903.7282,23805.279595117,71652.674327476,23805.279595117,1221.308,71652.67432747598,0.0,24323.37916119895,0.0,74.364,0.0,0.0,0.0,0.0,35173.276883792016,0.0,63069.75336492437,-35173.276883792016,-9554.225722592979,0.0,0.0,0.0
2536,40,86039.70532,26140.543842313004,65357.8420221835,15549.014142125,1221.308,44871.64001667604,0.0,24323.37916119895,0.0,74.364,0.0,0.0,0.0,0.0,0.0,0.0,63069.75336492437,0.0,25619.05116119895,0.0,0.0,0.0
2537,41,86096.43436,28885.625604773002,54304.1656982005,15278.59655,1221.308,53770.107472302676,0.0,24323.37916119895,0.0,74.364,0.0,0.0,0.0,0.0,8571.32082350163,0.0,71212.50814725092,-8571.32082350163,17047.73033769732,0.0,0.0,0.0
2538,42,86140.01103,36146.072551374,34465.507957921,28376.642900248,1221.308,32347.707887553035,0.0,24119.98824219895,0.0,74.364,0.0,0.0,0.0,0.0,0.0,0.0,71212.50814725092,0.0,25415.66024219896,0.0,0.0,0.0
2539,43,87331.0522,37653.928949937996,8951.469907964001,37653.928949937996,1221.308,8951.469907964001,593.212,24323.37916119895,28.5,74.364,0.0,0.0,0.0,1851.4997500000004,0.0,12633.39043089905,57914.20243051508,12633.39043089905,40725.65334209801,12.94889999999984,12.94889999999984,12.94889999999984
2540,44,89724.55792,41673.530496657004,0.0,41673.530496657004,1221.308,0.0,593.212,24323.37916119895,50.0,74.364,0.0,0.0,0.0,3702.9995000000004,0.0,18085.76476214404,38876.55531246871,18085.76476214404,48051.027423343,16.24260000000019,16.24260000000019,16.24260000000019
2541,45,89591.89311,45181.740608401,0.0,45181.740608401,1221.308,0.0,593.212,24323.37916119895,50.0,74.364,0.0,0.0,0.0,3702.999500000002,0.0,14444.88984040003,23671.408112047626,14444.88984040003,44410.152501599005,16.242600000000014,16.242600000000014,16.242600000000014
2542,46,84537.24201,47282.053545169,0.0,47282.053545169,1221.308,0.0,593.212,24323.37916119895,28.5,74.364,0.0,0.0,0.0,1851.4997500000022,0.0,9162.925553632009,14026.223318750775,9162.925553632009,37255.188464831,12.948900000000057,12.948900000000057,12.948900000000057
2543,47,77379.70035,50220.612257518,0.0,50220.612257518,1221.308,0.0,0.0,24323.37916119895,0.0,74.364,0.0,0.0,0.0,0.0,0.0,1540.0369312830312,12405.131812137059,1540.0369312830312,27159.088092482,0.0,0.0,0.0
2544,48,72256.07201,52008.764000621,0.0,47777.18174880105,342.36899999999986,0.0,0.0,24136.521261198955,0.0,0.0,0.0,0.0,0.0,0.0,0.0,0.0,12405.131812137057,0.0,24478.890261198954,0.0,0.0,0.0
2545,49,69389.68021,53932.34334203499,0.0,53932.34334203499,1221.308,0.0,0.0,24323.37916119895,0.0,74.364,0.0,0.0,0.0,0.0,10161.714293234087,0.0,22058.760390709438,-10161.714293234087,15457.336867965016,0.0,0.0,0.0
2546,50,67899.18649,48343.351001564006,0.0,48343.351001564355,1221.308,0.0,0.0,24323.37916119895,0.0,74.364,0.0,0.0,0.0,0.0,6063.215672763559,0.0,27818.81527983482,-6063.215672763559,19555.835488435638,0.0,0.0,0.0
2547,51,67304.8268,46835.389301801,0.0,46835.389301801,1221.308,0.0,0.0,24323.37916119895,0.0,74.364,0.0,0.0,0.0,0.0,5149.613662999979,0.0,32710.9482596848,-5149.613662999979,20469.437498198997,0.0,0.0,0.0
2548,52,68547.4017,46857.509697732,0.0,46857.509697732,1145.1480000000001,0.0,0.0,24323.37916119895,0.0,64.25371700001034,0.0,0.0,0.0,0.0,3842.8888759309584,0.0,36361.69269181921,-3842.8888759309584,21689.892002268003,0.0,0.0,0.0
2549,53,72229.45873,42291.442555334004,0.0,42291.442555334004,1221.308,0.0,593.212,24323.37916119895,0.0,74.364,0.0,0.0,0.0,0.0,0.0,3725.7530134670446,32439.847414485477,3725.7530134670446,29938.016174665994,9.730499999999921,9.730499999999921,9.730499999999921
2550,54,78083.02877,43093.356053321,1981.16255,43093.356053321,1221.308,1981.16255,593.212,24323.37916119895,28.499999999999996,74.364,0.0,0.0,0.0,1851.49975,0.0,4916.2472554800515,27264.850303453844,4916.2472554800515,33008.51016667901,16.242600000000003,16.242600000000003,16.242600000000003
2551,55,83026.74024,39644.834253525994,26553.112759890504,37786.581853526,1221.308,19707.377508275065,0.0,24237.108878198953,0.0,74.364,0.0,0.0,0.0,0.0,0.0,0.0,27264.850303453844,0.0,25532.780878198937,0.0,0.0,0.0
2552,56,85897.33825,29655.031250358,47729.519405561005,15543.412149927999,1221.308,44734.874938873036,0.0,24323.37916119895,0.0,74.364,0.0,0.0,0.0,0.0,0.0,0.0,27264.850303453844,0.0,25619.051161198964,0.0,0.0,0.0
2553,57,86890.23587,20217.187145204,62588.94991141049,19838.097987630543,1221.308,41519.35700417049,0.0,24237.108878198953,0.0,74.364,0.0,0.0,0.0,0.0,0.0,0.0,27264.850303453844,0.0,25532.780878198966,0.0,0.0,0.0
2554,58,87618.46353,15257.696493199,69743.237182849,7087.916643249,1221.308,65913.9678451287,0.0,24323.37916119895,0.0,74.364,0.0,0.0,0.0,0.0,11002.472119576676,0.0,37717.198817051685,-11002.472119576676,14616.579041622288,0.0,0.0,0.0
2555,59,88449.90751,14429.396007365,73753.9690306115,13375.936088399001,1221.308,49541.190543401506,0.0,24237.108878199506,0.0,74.364,0.0,0.0,0.0,0.0,0.0,0.0,37717.198817051685,0.0,25532.780878199497,0.0,0.0,0.0
2556,60,89045.85374,14625.862199177998,74894.82185226599,14625.862199177998,1221.308,74894.82185226599,0.0,24262.989963098953,0.0,74.364,0.0,0.0,0.0,0.0,26033.492274542936,0.0,62449.01647786747,-26033.492274542936,-474.8303114439768,0.0,0.0,0.0
2557,61,89404.52372,16722.571158308,74281.965754395,16722.571158308,1221.308,74281.965754395,0.0,24323.37916119895,0.0,74.364,0.0,0.0,0.0,0.0,27219.06435390201,0.0,88307.12761407439,-27219.06435390201,-1600.0131927030016,0.0,0.0,0.0
2558,62,89557.16908,18738.830897452,74335.1515522185,15521.513597451998,465.44100000000003,49172.471321349054,0.0,24323.37916119895,0.0,74.364,0.0,0.0,0.0,0.0,0.0,0.0,88307.12761407439,0.0,24863.18416119896,0.0,0.0,0.0
2559,63,89713.70077,25754.217492208,70449.028771844,25364.587653439514,1221.308,61276.224421843996,0.0,24323.37916119895,0.0,74.364,0.0,0.0,0.0,0.0,22546.162466482463,0.0,109725.98195723273,-22546.162466482463,3072.8886947164865,0.0,0.0,0.0
2560,64,89884.7176,28303.306957655,63856.26383882051,28303.306957655,1221.308,63856.26383882051,0.0,24323.37916119895,0.0,74.364,0.0,0.0,0.0,0.0,27893.904357674488,0.0,136225.19109702366,-27893.904357674488,-2274.8531964755093,0.0,0.0,0.0
2561,65,89926.35339,33045.548805025,53422.9414535795,33045.548805025,1221.308,53422.9414535795,0.0,24323.37916119895,0.0,74.364,0.0,0.0,0.0,0.0,22161.18802980346,0.0,157278.31972533694,-22161.18802980346,3457.8631313955048,0.0,0.0,0.0
2562,66,89768.48985,30445.755105534,34717.11043817549,30445.755105534,1221.308,34717.11043817549,0.0,24323.37916119895,0.0,74.364,0.0,0.0,0.0,1851.499750000009,2864.9266049084845,0.0,160000.0,-2864.9266049084845,24605.624306290505,0.0,0.0,0.0
2563,67,90352.31647,26973.678040105,8752.498662165,26973.678040105,1221.308,8752.498662165,593.212,24323.37916119895,28.5,74.364,0.0,0.0,0.0,3702.9995000000185,0.0,24682.377106531,134018.5504141779,24682.377106531,54626.139767730005,16.24259999999995,16.24259999999995,16.24259999999995
2564,68,92189.22582,30375.960998266,0.0,30375.960998266,1221.308,0.0,593.212,24323.37916119895,50.0,74.364,0.0,0.0,0.0,5554.499250000028,0.0,29996.502410535017,102443.28471887787,29996.502410535017,61813.264821734,16.24260000000002,16.24260000000002,16.24260000000002
2565,69,91526.53383,33944.975191257,0.0,33944.975191257,1221.308,0.0,593.212,24323.37916119895,50.0,74.364,0.0,0.0,0.0,7405.999,0.0,23913.296477544045,77271.39368988413,23913.296477544045,57581.558638743,16.242600000000095,16.242600000000095,16.242600000000095
2566,70,85647.09233,34012.764349820005,0.0,34012.764349820005,1221.308,0.0,593.212,24323.37916119895,50.0,74.364,0.0,0.0,0.0,7405.999,0.0,17966.06581898106,58359.745459377766,17966.06581898106,51634.327980179994,16.242600000000024,16.242600000000024,16.242600000000024
2567,71,78701.33876,37649.756854283,0.0,37649.756854283,1221.308,0.0,593.212,24323.37916119895,50.0,74.364,0.0,0.0,0.0,7405.999,0.0,7383.319744518046,50587.82993883245,7383.319744518046,41051.581905717,16.242600000000017,16.242600000000017,16.242600000000017
2568,72,73332.40809,40043.849959494,0.0,40043.849959494,1221.308,0.0,593.212,24323.37916119895,28.499999999999996,74.364,0.0,0.0,0.0,6879.14223228984,0.0,168.65273701722163,50410.30074197222,168.65273701722163,33288.558130506,11.931999999999965,11.931999999999965,11.931999999999965
2569,73,69920.68985,38884.247654827,0.0,38884.247654827,1221.308,0.0,593.2119999999782,24323.37916119895,0.0,74.364,0.0,0.0,0.0,5027.64248228984,203.46344831580106,0.0,50603.59101787223,-203.46344831580106,31036.442195172996,7.529000000000009,7.529000000000009,7.529000000000009
2570,74,68272.44105,33963.998851457996,0.0,33963.998851457996,1221.308,0.0,593.212,24323.37916119895,28.5,74.364,0.0,0.0,0.0,3702.9995000000513,0.0,4364.679537342978,46009.19150487962,4364.679537342978,34308.442198542,11.856700000000565,11.856700000000565,11.856700000000565
2571,75,67424.02934,36187.893290815,0.0,36187.893290815,1221.308,0.0,0.0,24323.37916119895,0.0,74.364,0.0,0.0,0.0,1851.4997500000447,0.0,3765.585137985986,42045.417675420686,3765.585137985986,31236.136049184992,0.0,0.0,0.0
2572,76,68386.11424,33386.311095567995,0.0,33386.311095567995,1221.308,0.0,593.212,24323.37916119895,28.5,74.364,0.0,0.0,0.0,3702.9995000000345,0.0,5056.040483232984,36723.26979833402,5056.040483232984,34999.803144432,16.242600000000017,16.242600000000017,16.242600000000017
2573,77,71992.0492,27967.871849913,0.0,27967.871849913,1221.308,0.0,593.212,24323.37916119895,50.0,74.364,0.0,0.0,0.0,5554.4992500000235,0.0,12207.414938888447,23873.35933634692,12207.414938888447,44024.17735008699,16.242599999999864,16.242599999999864,16.242599999999864
2574,78,77523.37361,26800.86739676,2089.4341517375,26800.86739676,1221.308,2089.4341517375,593.212,24323.37916119895,50.0,74.364,0.0,0.0,0.0,3702.999500000011,0.0,18667.80940030356,4223.033651816857,18667.80940030356,48633.07206150249,16.24259999999993,16.24259999999993,16.24259999999993
2575,79,82476.92554,27399.912002165,22979.86865741,27399.912002165,1221.308,22979.86865741,593.212,24323.37916119895,21.5,74.364,0.0,0.0,0.0,1851.4997500000022,0.0,4011.8819692260486,0.0,4011.8819692260486,32097.144880424996,7.528999999999979,7.528999999999979,7.528999999999979
2576,80,85435.31404,25897.280059421002,43409.3733840035,25897.280059421002,1221.308,43409.3733840035,0.0,24094.090997198953,0.0,74.364,0.0,0.0,0.0,0.0,9261.10240062347,0.0,8798.047280592295,-9261.10240062347,16128.6605965755,0.0,0.0,0.0
2577,81,87022.37937,25146.532052522,59092.95328418,23287.69827741338,267.313,34857.111044825,0.0,20252.112131198945,0.0,0.0,0.0,0.0,0.0,0.0,0.0,8358.14491656268,0.0,8358.14491656268,28877.57004776162,0.0,0.0,0.0
2578,82,87961.40403,24823.689299743,64805.275195149006,24551.155936094554,1221.308,38226.015691906505,0.0,23888.560401998955,0.0,74.364,0.0,0.0,0.0,0.0,0.0,0.0,0.0,0.0,25184.232401998946,0.0,0.0,0.0
2579,83,88997.73285,28129.604991275,69957.95298424052,24515.650891275,1221.308,39527.137720726045,0.0,23659.27223799895,0.0,74.364,0.0,0.0,0.0,0.0,0.0,0.0,0.0,0.0,24954.944237998956,0.0,0.0,0.0
2580,84,89628.50825,31451.309908281,71721.22874359752,10577.851200000001,342.369,58456.17591880105,0.0,20252.112131198945,0.0,0.0,0.0,0.0,0.0,0.0,0.0,0.0,0.0,0.0,20594.481131198947,0.0,0.0,0.0
2581,85,89815.18794,36370.31479909799,69925.73800541801,22851.94069887,903.476,43591.73397844598,0.0,22468.037262683996,0.0,0.0,0.0,0.0,0.0,0.0,0.0,0.0,0.0,0.0,23371.513262684035,0.0,0.0,0.0
2582,86,90564.02751,44440.226391834,69451.1274455285,27645.6996111635,1221.308,42005.7253567525,0.0,19616.930542083977,0.0,74.364,0.0,0.0,0.0,0.0,0.0,0.0,0.0,0.0,20912.602542084,0.0,0.0,0.0
2583,87,90629.94408,45257.843091223,66235.24935398751,43762.30169122301,1221.308,65468.990661266005,0.0,20102.979727511007,0.0,74.364,0.0,0.0,0.0,0.0,40000.0,0.0,38000.0,-40000.0,-18601.348272489013,0.0,0.0,0.0
2584,88,90378.38338,48383.736248475,59143.274987013996,45726.315548474995,1221.308,21016.758059813998,0.0,22339.637771710997,0.0,74.364,0.0,0.0,0.0,0.0,0.0,0.0,38000.0,0.0,23635.309771711007,0.0,0.0,0.0
2585,89,90025.69004,57351.55320401201,48132.784198888,47849.432078912556,1168.4080000000004,31406.515742465504,0.0,23976.970361198953,0.0,74.364,0.0,0.0,0.0,0.0,14450.000142577032,0.0,51727.50013544818,-14450.000142577032,10769.742218621941,0.0,0.0,0.0
2586,90,89550.59248,60160.617759461995,30222.042695688,45157.724759462,1221.308,19003.104723339038,0.0,24094.090997198953,0.0,74.364,0.0,0.0,0.0,0.0,0.0,0.0,51727.50013544818,0.0,25389.76299719897,0.0,0.0,0.0
2587,91,89553.88002,54547.785547944,6759.4578275735,54547.785547944,1221.308,6759.4578275735,0.0,24323.37916119895,0.0,74.364,0.0,0.0,0.0,0.0,0.0,2627.585483283532,48961.620679360254,2627.585483283532,28246.6366444825,3.2183999999999884,3.2183999999999884,3.2183999999999884
2588,92,91252.67729,52987.4995391,0.0,52987.4995391,1221.308,0.0,593.212,24323.37916119895,28.499999999999996,74.364,0.0,0.0,0.0,1851.49975,0.0,10172.91483970108,38253.28926914861,10172.91483970108,38265.17775090001,16.24260000000001,16.24260000000001,16.24260000000001
2589,93,90997.01161,51874.24844048299,0.0,51874.24844048299,1221.308,0.0,593.212,24323.37916119895,0.0,74.364,0.0,0.0,0.0,0.0,0.0,12910.500008318042,24663.289260392783,12910.500008318042,39122.76316951701,9.7305,9.7305,9.7305
2590,94,85558.92583,45934.209093438,0.0,45934.209093438,1221.308,0.0,593.212,24323.37916119895,28.5,74.364,0.0,0.0,0.0,1851.4997500000031,0.0,11532.453825363022,12523.864181063269,11532.453825363022,39624.71673656199,16.242600000000042,16.242600000000042,16.242600000000042
2591,95,79168.54061,45023.400558527,0.0,45023.400558527,1221.308,0.0,0.0,24323.37916119895,0.0,74.364,0.0,0.0,0.0,0.0,0.0,8526.08889027405,3549.0337702484794,8526.08889027405,34145.140051473,3.2183999999999564,3.2183999999999564,3.2183999999999564
2592,96,73359.6478,43775.802557065,0.0,43775.802557065,1221.308,0.0,593.212,24323.37916119895,0.0,74.364,0.0,0.0,0.0,0.0,0.0,3371.5820817360454,0.0,3371.5820817360454,29583.845242935007,9.730500000000012,9.730500000000012,9.730500000000012
2593,1,70240.8631,47616.275896126004,0.0,47616.275896126004,1221.308,0.0,0.0,24323.37916119895,0.0,74.364,0.0,0.0,0.0,0.0,2994.4639573249597,0.0,2844.7407594587116,-2994.4639573249597,22624.587203873998,0.0,0.0,0.0
2594,2,68163.45923,47977.575297081,0.0,47977.575297081,1221.308,0.0,0.0,24323.37916119895,0.0,74.364,0.0,0.0,0.0,0.0,5433.167228279954,0.0,8006.249626324667,-5433.167228279954,20185.883932918994,0.0,0.0,0.0
2595,3,67454.93357,48065.58656009001,0.0,48065.58656009001,1221.308,0.0,0.0,24323.37916119895,0.0,74.364,0.0,0.0,0.0,0.0,6229.704151288954,0.0,13924.468570049172,-6229.704151288954,19389.347009909987,0.0,0.0,0.0
2596,4,68373.24113,45706.988696805995,0.0,45706.988696805995,1221.308,0.0,0.0,24323.37916119895,0.0,74.364,0.0,0.0,0.0,0.0,2952.798728004966,0.0,16729.62736165389,-2952.798728004966,22666.252433194,0.0,0.0,0.0
2597,5,71958.51989,44523.285943158,0.0,44523.285943158,1221.308,0.0,593.212,24323.37916119895,0.0,74.364,0.0,0.0,0.0,0.0,0.0,1222.9707856430498,15442.289692555942,1222.9707856430498,27435.233946841996,9.7305,9.7305,9.7305
2598,6,77770.71341,45322.590397271,1513.9750999999999,45322.590397271,1221.308,1513.9750999999999,593.212,24323.37916119895,28.499999999999996,74.364,0.0,0.0,0.0,1851.49975,0.0,2841.885001530039,12450.831796208531,2841.885001530039,30934.147912728997,16.2426,16.2426,16.2426
2599,7,82724.86094,42881.912604611,24213.5349896235,42881.912604611,1221.308,24213.5349896235,0.0,24323.37916119895,0.0,74.364,0.0,0.0,0.0,0.0,9989.63781543345,0.0,21940.98772087031,-9989.63781543345,15629.413345765497,0.0,0.0,0.0
2600,8,86217.46576,35179.82450946,44328.5906053625,35179.82450946,1221.308,44328.5906053625,0.0,23986.356997198953,0.0,74.364,0.0,0.0,0.0,0.0,18572.97835202145,0.0,39585.317155290686,-18572.97835202145,6709.050645177507,0.0,0.0,0.0
2601,9,87571.35724,28120.843508915,59510.338096769505,17421.996247279545,696.994,49521.901752900005,0.0,23400.71630119895,0.0,0.0,0.0,0.0,0.0,0.0,3470.2510613784975,0.0,42882.05566360026,-3470.2510613784975,20627.459239820448,0.0,0.0,0.0
2602,10,88932.83776,21105.403254715,66365.172043239,21092.175257504525,960.6030000000001,43710.071597296504,0.0,23095.62390519895,0.0,74.364,0.0,0.0,0.0,0.0,0.0,0.0,42882.05566360026,0.0,24130.590905198966,0.0,0.0,0.0
2603,11,90188.2396,18024.331858103,70144.29124831401,18024.331858103,1221.308,70144.29124831401,0.0,23526.719265198957,0.0,74.364,0.0,0.0,0.0,0.0,22802.774771615972,0.0,64544.69169663543,-22802.774771615972,2019.6164935829875,0.0,0.0,0.0
2604,12,90980.76938,16682.967908303,71582.3849484965,16682.967908303,1221.308,71582.3849484965,0.0,23758.068890164355,0.0,74.364,0.0,0.0,0.0,0.0,22338.324366963872,0.0,85766.09984525111,-22338.324366963872,2715.416523200489,0.0,0.0,0.0
2605,13,91385.46251,14372.956294480002,71127.9722807965,14372.956294480002,1221.308,71127.9722807965,0.0,23716.752486164358,0.0,74.364,0.0,0.0,0.0,0.0,19127.890551440854,0.0,103937.59586911992,-19127.890551440854,5884.5339347234985,0.0,0.0,0.0
2606,14,92285.54315,15308.321743215001,71571.41975180649,15308.321743215001,1221.308,71571.41975180649,0.0,23939.545661198958,0.0,74.364,0.0,0.0,0.0,0.0,19829.416006220465,0.0,122775.54107502935,-19829.416006220465,5405.80165497851,0.0,0.0,0.0
2607,15,92668.1484,16381.448556095998,68388.8044355585,16381.448556095998,1221.308,68388.8044355585,0.0,24304.048793198952,0.0,74.364,0.0,0.0,0.0,0.0,17701.825384853444,0.0,139592.27519064012,-17701.825384853444,7897.895408345503,0.0,0.0,0.0
2608,16,93035.24266,20033.706445073,62162.080286695,20033.706445073,1221.308,62162.080286695,0.0,24094.090997198953,0.0,74.364,0.0,0.0,0.0,0.0,14550.30706896694,0.0,153415.06690615873,-14550.30706896694,10839.455928232004,0.0,0.0,0.0
2609,17,92951.33968,23601.180989763,50662.616048871,23601.180989763,1221.308,50662.616048871,0.0,24323.37916119895,0.0,74.364,0.0,0.0,0.0,0.0,6931.508519832916,0.0,160000.0,-6931.508519832916,18687.542641366002,0.0,0.0,0.0
2610,18,92408.94391,29029.063102423,34913.8913009465,29029.063102423,1221.308,34913.8913009465,348.123,24323.37916119895,0.0,74.364,0.0,0.0,0.0,1851.49975,0.0,647.3155954315544,159318.61516270362,647.3155954315544,28465.989506630503,6.436799999999998,6.436799999999998,6.436799999999998
2611,19,92372.08481,28454.849500656,9569.31879437,28454.849500656,1221.308,9569.31879437,593.212,24323.37916119895,28.499999999999996,74.364,0.0,0.0,0.0,3702.9995,0.0,24404.153853775035,133630.0321587299,24404.153853775035,54347.916514974,16.2426,16.2426,16.2426
2612,20,93474.09317,28535.128947014,0.0,28535.128947014,1221.308,0.0,593.212,24323.37916119895,7110.465840000001,74.364,0.0,0.0,0.0,5554.49925,0.0,26061.73597178702,106196.62587263831,26061.73597178702,64938.96422298599,16.2426,16.2426,16.2426
2613,21,92668.4991,23513.266394776998,0.0,23513.266394776998,1221.308,0.0,593.212,24323.37916119895,24452.49,74.364,448.7680000000001,257.0,0.0,7405.999,0.0,10378.71254402405,95271.66529998141,10378.71254402405,69155.232705223,35.458,35.458,35.458
2614,22,87164.73117,22490.071007221,0.0,22490.071007221,1221.308,0.0,593.212,24323.37916119895,7110.465840000001,74.364,0.0,0.0,0.0,7405.999,0.0,23945.932161580058,70065.42091937082,23945.932161580058,64674.660162779,16.2426,16.2426,16.2426
2615,23,80302.3,23429.509299779,0.0,23429.509299779,1221.308,0.0,593.212,24323.37916119895,50.0,74.364,0.0,0.0,0.0,7405.999,0.0,23204.528539022045,45639.601404610774,23204.528539022045,56872.790700221,16.2426,16.2426,16.2426
2616,24,74634.20379,23049.617494031,0.0,23049.617494031,1221.308,0.0,593.212,24323.37916119895,50.0,74.364,0.0,0.0,0.0,7405.999,0.0,17916.32413477003,26780.31284169495,17916.32413477003,51584.586295969,16.2426,16.2426,16.2426
2617,25,70969.03232,29013.930548745,0.0,29013.930548745,1221.308,0.0,593.212,24323.37916119895,50.0,74.364,0.0,0.0,0.0,6404.822965751307,0.0,9288.015644304744,17003.45426874259,9288.015644304744,41955.101771254995,16.2426,16.2426,16.2426
2618,26,68647.2844,33891.185591801,0.0,33891.185591801,1221.308,0.0,593.212,24323.37916119895,28.499999999999996,74.364,0.0,0.0,0.0,4553.323215751307,0.0,3962.012431248746,12832.914867428122,3962.012431248746,34756.09880819901,16.2426,16.2426,16.2426
2619,27,67531.78751,39106.289553554,0.0,39106.289553554,1221.308,0.0,0.0,24323.37916119895,0.0,74.364,0.0,0.0,0.0,2701.8234657513067,0.0,104.62332949573693,12722.785046906294,104.62332949573693,28425.497956445994,0.0,0.0,0.0
2620,28,68119.80546,43720.956939634,0.0,43720.956939634,1221.308,0.0,0.0,24323.37916119895,0.0,74.364,0.0,0.0,0.0,850.3237157513066,2070.526356584247,0.0,14689.785085661328,-2070.526356584247,24398.848520366002,0.0,0.0,0.0
2621,29,71105.78721,39923.371959601,0.0,39923.371959601,1221.308,0.0,593.212,24323.37916119895,28.499999999999996,74.364,0.0,0.0,0.0,2701.8234657513067,0.0,2239.8286234487414,12332.070745188968,2239.8286234487414,31182.415250398997,16.167299999999997,16.167299999999997,16.167299999999997
2622,30,76278.53846,34223.041540386,2247.7668004855004,34223.041540386,1221.308,2247.7668004855004,593.212,24323.37916119895,28.499999999999996,74.364,0.0,0.0,0.0,1851.49975,0.0,11715.467207929521,0.0,11715.467207929521,39807.73011912849,16.2426,16.2426,16.2426
2623,31,81435.80404,32115.434804237,27201.888444740503,32115.434804237,1221.308,27201.888444740503,0.0,24323.37916119895,0.0,74.364,0.0,0.0,0.0,0.0,3500.5703701764573,0.0,3325.5418516676345,-3500.5703701764573,22118.480791022503,0.0,0.0,0.0
2624,32,85133.30392,26610.038097535,48371.7648637075,26610.038097535,1221.308,48371.7648637075,0.0,24304.048793198952,0.0,74.364,0.0,0.0,0.0,0.0,15448.219834441454,0.0,18001.350694387016,-15448.219834441454,10151.500958757504,0.0,0.0,0.0
2625,33,87690.88961,24060.112503858,63093.2652634665,24060.112503858,1221.308,63093.2652634665,0.0,23917.445158164355,0.0,74.364,0.0,0.0,0.0,0.0,24675.605315488847,0.0,41443.17574410142,-24675.605315488847,537.5118426754998,0.0,0.0,0.0
2626,34,89977.24954,21025.319750137,69712.0889519805,21025.319750137,1184.4859999999999,62184.32491768946,0.0,20369.038703164355,0.0,74.364,0.0,0.0,0.0,0.0,14860.28383099082,0.0,55560.4453835427,-14860.28383099082,6767.604872173542,0.0,0.0,0.0
2627,35,91852.12514,25377.724258326998,73706.74261388251,24917.562758766995,610.3860000000001,49296.87843346864,0.0,16952.93394776435,0.0,74.364,0.0,0.0,0.0,0.0,0.0,0.0,55560.4453835427,0.0,17637.68394776436,0.0,0.0,0.0
2628,36,93153.65457,25075.170941686003,74776.5917647295,25075.170941686003,802.3860000000001,74776.5917647295,0.0,19396.959334764357,0.0,74.364,0.0,0.0,0.0,0.0,26971.817471179853,0.0,81183.67198116356,-26971.817471179853,-6698.108136415511,0.0,0.0,0.0
2629,37,94190.57036,24385.832600633003,74539.6128357925,24367.307000633,737.562,52619.115622602665,0.0,16466.585736764355,0.0,0.0,0.0,0.0,0.0,0.0,0.0,0.0,81183.67198116356,0.0,17204.14773676434,0.0,0.0,0.0
2630,38,95307.85935,25346.291105797998,75750.793813693,25346.291105797998,802.3860000000001,75750.793813693,0.0,20067.366187764354,0.0,74.364,0.0,0.0,0.0,0.0,26733.34175725536,0.0,106580.34665055614,-26733.34175725536,-5789.225569490998,0.0,0.0,0.0
2631,39,95696.87958,26637.450353878,72326.39323219251,26637.450353878,1221.308,72326.39323219251,0.0,23443.212332798954,0.0,74.364,0.0,0.0,0.0,0.0,28005.84833886946,0.0,133185.90257248213,-28005.84833886946,-3266.9640060705133,0.0,0.0,0.0
2632,40,96149.68222,19072.264946758,67004.830603067,19072.264946758,1221.308,67004.830603067,0.0,24300.75272879895,0.0,74.364,0.0,0.0,0.0,0.0,15523.838058623964,0.0,147933.54872817488,-15523.838058623964,10072.586670174991,0.0,0.0,0.0
2633,41,95489.0436,21190.475954042,56127.171342122005,21190.475954042,1221.308,56127.171342122005,0.0,21825.71170419895,0.0,74.364,0.0,0.0,0.0,1851.49975,6801.48715036296,0.0,154394.9615210197,-6801.48715036296,18171.39630383601,0.0,0.0,0.0
2634,42,94101.98287,19329.637659136002,37046.784693222005,19329.637659136002,1221.308,37046.784693222005,593.212,24323.37916119895,28.499999999999996,74.364,0.0,0.0,0.0,3702.9995,0.0,7781.7978564430305,146203.59535634282,7781.7978564430305,37725.560517642,16.2426,16.2426,16.2426
2635,43,92970.42155,19637.587145432,11943.796107468,19637.587145432,1221.308,11943.796107468,593.212,24323.37916119895,50.0,74.364,0.0,0.0,0.0,5554.49925,0.0,29572.275885901017,115074.88389749965,29572.275885901017,61389.0382971,16.2426,16.2426,16.2426
2636,44,93052.15375,24573.326804482003,0.0,24573.326804482003,1221.308,0.0,593.212,24323.37916119895,50.0,74.364,0.0,0.0,0.0,7405.999,0.0,34810.56478431902,78432.18412453226,34810.56478431902,68478.826945518,16.2426,16.2426,16.2426
2637,45,92431.20469,31578.430698981,0.0,31578.430698981,1221.308,0.0,593.212,24323.37916119895,50.0,74.364,0.0,0.0,0.0,7405.999,0.0,27184.511829820036,49816.908514195384,27184.511829820036,60852.773991019,16.2426,16.2426,16.2426
2638,46,87771.37282,35948.394455418995,0.0,35948.394455418995,1221.308,0.0,593.212,24323.37916119895,50.0,74.364,0.0,0.0,0.0,7405.999,0.0,18154.71620338204,30706.680931687977,18154.71620338204,51822.97836458101,16.2426,16.2426,16.2426
2639,47,81598.98293,35444.757296351,0.0,35444.757296351,1221.308,0.0,593.212,24323.37916119895,50.0,74.364,0.0,0.0,0.0,5554.49925,0.0,14337.46322245005,15614.614381740557,14337.46322245005,46154.225633648995,16.2426,16.2426,16.2426
2640,48,75880.80031,39080.196752071,0.0,39080.196752071,1221.308,0.0,593.212,24323.37916119895,28.499999999999996,74.364,0.0,0.0,0.0,3702.9995,0.0,6856.840896730055,8396.88712202471,6856.840896730055,36800.603557929004,16.2426,16.2426,16.2426
2641,49,71600.94202,42757.839851945,0.0,42757.839851945,1221.308,0.0,169.95,24323.37916119895,0.0,74.364,0.0,0.0,0.0,1851.49975,0.0,1202.6012568560486,7130.991062176237,1202.6012568560486,28843.102168055004,6.32,6.32,6.32
2642,50,68879.24923,43129.527791274,0.0,43129.527791274,1221.308,0.0,0.0,24323.37916119895,0.0,74.364,0.0,0.0,0.0,0.0,0.0,130.67027752705113,6993.443401621446,130.67027752705113,25749.721438726003,0.1167999999999978,0.1167999999999978,0.1167999999999978
2643,51,67449.70328,41859.181107321,0.0,41859.181107321,1221.308,0.0,0.0,24323.37916119895,0.0,74.364,0.0,0.0,0.0,0.0,28.528988519958006,0.0,7020.545940715407,-28.528988519958006,25590.522172679004,0.0,0.0,0.0
2644,52,67248.6988,40542.173952886995,0.0,40542.173952886995,1221.308,0.0,169.95,24323.37916119895,0.0,74.364,0.0,0.0,0.0,0.0,0.0,917.5236859140464,6054.731534490094,917.5236859140464,26706.524847113003,6.32,6.32,6.32
2645,53,68023.77415,38197.764042257004,0.0,38197.764042257004,1221.308,0.0,593.212,24323.37916119895,0.0,74.364,0.0,0.0,0.0,0.0,0.0,3613.7469465440395,2250.7873802332106,3613.7469465440395,29826.010107742994,9.7305,9.7305,9.7305
2646,54,69636.73717,38460.779895841995,2825.4461017374997,38460.779895841995,1221.308,2825.4461017374997,593.212,24323.37916119895,0.0,74.364,0.0,0.0,0.0,0.0,0.0,2138.2480112215503,0.0,2138.2480112215503,28350.511172420498,9.7305,9.7305,9.7305
2647,55,72224.56761,32889.475003287,28978.528059913,32889.475003287,1221.308,28978.528059913,0.0,24323.37916119895,0.0,74.364,0.0,0.0,0.0,0.0,15262.486614398946,0.0,14499.362283678998,-15262.486614398946,10356.5645468,0.0,0.0,0.0
2648,56,76108.37995,24331.790105861,49575.186116131,24331.790105861,1221.308,49575.186116131,0.0,24007.82071419895,0.0,74.364,0.0,0.0,0.0,0.0,23102.088986190945,0.0,36446.3468205604,-23102.088986190945,2201.403728008001,0.0,0.0,0.0
2649,57,80238.10367,13823.782697838,63610.835739311005,13150.266949735,910.7840000000001,51224.405447703764,0.0,23484.960139198953,0.0,74.364,0.0,0.0,0.0,0.0,8606.676866637734,0.0,44622.68984386625,-8606.676866637734,15863.431272561233,0.0,0.0,0.0
2650,58,83429.38634,12332.470658086999,69896.895695086,12332.470658086999,1221.308,69896.895695086,0.0,22942.76919619895,0.0,74.364,0.0,0.0,0.0,0.0,23038.42120937197,0.0,66509.18999276962,-23038.42120937197,1200.0199868269992,0.0,0.0,0.0
2651,59,85776.51846,11464.859692132999,73931.9670028875,11464.859692132999,1221.308,73931.9670028875,0.0,22802.406983198955,0.0,74.364,0.0,0.0,0.0,0.0,23718.38721821945,0.0,89041.6578500781,-23718.38721821945,379.69176497950684,0.0,0.0,0.0
2652,60,87395.3252,12036.469650076999,74511.2756129205,12036.469650076999,1221.308,74511.2756129205,0.0,22910.663302198955,0.0,74.364,0.0,0.0,0.0,0.0,23358.75536519645,0.0,111232.47544701473,-23358.75536519645,847.5799370025197,0.0,0.0,0.0
2653,61,88735.78286,15261.776591802998,74988.577497857,15261.776591802998,1158.7310000000002,74988.577497857,0.0,22731.991028198954,0.0,74.364,0.0,0.0,0.0,0.0,25479.65725785896,0.0,135438.14984198075,-25479.65725785896,-1514.5712296599959,0.0,0.0,0.0
2654,62,90029.19956,17603.032508523,74580.6026939825,17603.032508523,1158.7310000000002,74580.6026939825,0.0,22467.048471198952,0.0,74.364,0.0,0.0,0.0,0.0,25854.57911370447,0.0,160000.0,-25854.57911370447,-2154.435642505501,0.0,0.0,0.0
2655,63,91251.72875,15970.539106351998,72246.65550724,15188.666306357,1125.5210000000002,52984.05406144405,0.0,21953.487382198953,0.0,0.0,0.0,0.0,0.0,0.0,0.0,0.0,160000.0,0.0,23079.008382198946,0.0,0.0,0.0
2656,64,92482.45795,15020.298143135999,67188.170547684,14476.509143136,1099.703,53950.22907966505,0.0,22881.65272719895,0.0,74.364,0.0,0.0,0.0,0.0,0.0,0.0,160000.0,0.0,24055.719727198943,0.0,0.0,0.0
2657,65,93321.60052,12349.718559607,56905.92271504651,11322.768709627,1150.0500331275498,55569.0206150465,0.0,23353.897412198952,0.0,74.364,0.0,0.0,0.0,1851.49975,0.0,0.0,160000.0,0.0,26429.81119532651,0.0,0.0,0.0
2658,66,92973.46114,16381.270292281999,37578.3811473365,16381.270292281999,1221.308,37578.3811473365,593.212,24323.37916119895,28.499999999999996,74.364,0.0,0.0,0.0,3702.9995,0.0,9070.047039182535,150452.58206401838,9070.047039182535,39013.8097003815,16.2426,16.2426,16.2426
2659,67,92286.33909,20113.512350277997,12683.9001036535,20113.512350277997,1221.308,12683.9001036535,593.212,24323.37916119895,50.0,74.364,0.0,0.0,0.0,5554.49925,0.0,27672.164224869503,121323.98814310311,27672.164224869503,59488.92663606849,16.2426,16.2426,16.2426
2660,68,92283.21932,24610.350907696,0.0,24610.350907696,1221.308,0.0,593.212,24323.37916119895,16628.224159999998,74.364,0.0,0.0,0.0,7405.999,0.0,17426.382091105035,102980.42804720308,17426.382091105035,67672.868412304,19.080840000000006,19.080840000000006,19.080840000000006
2661,69,91288.58284,29692.778305216,0.0,29692.778305216,1221.308,0.0,593.212,24323.37916119895,50.0,74.364,0.0,0.0,0.0,7405.999,0.0,27927.542373585024,73583.01502237674,27927.542373585024,61595.804534784,16.2426,16.2426,16.2426
2662,70,86725.3138,33057.222290941,0.0,33057.222290941,1221.308,0.0,593.212,24323.37916119895,50.0,74.364,0.0,0.0,0.0,7405.999,0.0,19999.829347860046,52530.5630772609,19999.829347860046,53668.091509059006,16.2426,16.2426,16.2426
2663,71,80597.27606,34139.265004662,0.0,34139.265004662,1221.308,0.0,593.212,24323.37916119895,50.0,74.364,0.0,0.0,0.0,7405.999,0.0,12789.748894139047,39067.669504482954,12789.748894139047,46458.01105533801,16.2426,16.2426,16.2426
2664,72,74910.40959,31670.485495271998,0.0,31670.485495271998,1221.308,0.0,593.212,24323.37916119895,50.0,74.364,0.0,0.0,0.0,7405.999,0.0,9571.661933529052,28992.23589024185,9571.661933529052,43239.924094728,16.2426,16.2426,16.2426
2665,73,70887.81947,32521.856208071997,0.0,32521.856208071997,1221.308,0.0,593.212,24323.37916119895,50.0,74.364,0.0,0.0,0.0,7405.999,0.0,4697.701100729046,24047.287363158644,4697.701100729046,38365.963261928,16.2426,16.2426,16.2426
2666,74,68342.99827,34206.851944197995,0.0,34206.851944197995,1221.308,0.0,593.212,24323.37916119895,517.8841646030205,74.364,0.0,0.0,0.0,7405.999,0.0,0.0,24047.287363158644,0.0,34136.146325802,16.2426,16.2426,16.2426
2667,75,66563.63225,33631.562905667,0.0,33631.562905667,1221.308,0.0,593.212,24323.37916119895,21.500000000000004,74.364,0.0,0.0,0.0,7405.999,707.6928168659488,0.0,24719.595539181297,-707.6928168659488,32932.069344332995,9.7305,9.7305,9.7305
2668,76,65857.34085,26714.47630926,0.0,26714.47630926,1221.308,0.0,593.212,24323.37916119895,50.0,74.364,0.0,0.0,0.0,7405.999,0.0,5474.602379541047,18956.856192295985,5474.602379541047,39142.86454073999,16.2426,16.2426,16.2426
2669,77,66077.70788,24762.396510557,0.0,24762.396510557,1221.308,0.0,593.212,24323.37916119895,50.0,74.364,0.0,0.0,0.0,5554.49925,0.0,9498.548958244046,8958.383604670675,9498.548958244046,41315.31136944301,16.2426,16.2426,16.2426
2670,78,66552.50078,23489.640257109997,3225.4740519419993,23489.640257109997,1221.308,3225.4740519419993,593.212,24323.37916119895,1411.6593853119084,74.364,0.0,0.0,0.0,3702.9995,0.0,8510.464424437141,0.0,8510.464424437141,39837.386470948004,16.2426,16.2426,16.2426
2671,79,68325.51996,18754.022752222,29914.181006165498,18754.022752222,1221.308,29914.181006165498,0.0,24323.37916119895,0.0,74.364,0.0,0.0,0.0,1851.49975,7813.234709586438,0.0,7422.572974107115,-7813.234709586438,19657.316201612506,0.0,0.0,0.0
2672,80,72009.99013,13001.144959109,49929.555693764996,13001.144959109,1221.308,49929.555693764996,0.0,24323.37916119895,0.0,74.364,0.0,0.0,0.0,0.0,16539.76168407293,0.0,23135.3465739764,-16539.76168407293,9079.28947712601,0.0,0.0,0.0
2673,81,76468.54494,6787.629990825002,63763.469303061494,3708.960690425,1020.2476059385431,50809.435805437504,0.0,20929.90083819895,0.0,0.0,0.0,0.0,0.0,0.0,0.0,0.0,23135.3465739764,0.0,21950.148444137507,0.0,0.0,0.0
2674,82,80009.11343,6709.657652481,69903.1467180385,6709.657652481,1221.308,69903.1467180385,0.0,21657.49502319895,0.0,74.364,0.0,0.0,0.0,0.0,19556.857963718452,0.0,41714.36163950893,-19556.857963718452,3396.3090594805108,0.0,0.0,0.0
2675,83,83210.66379,6800.022651459,73256.76593569148,6800.022651459,1221.308,73256.76593569148,0.0,24136.52126119896,0.0,74.364,0.0,0.0,0.0,0.0,22278.318058349443,0.0,62878.763794940896,-22278.318058349443,3153.875202849522,0.0,0.0,0.0
2676,84,85746.57722,10774.227354195998,74395.2450471265,10774.227354195998,1221.308,74395.2450471265,0.0,24120.289190164356,0.0,74.364,0.0,0.0,0.0,0.0,24838.85637148686,0.0,86475.67734785342,-24838.85637148686,577.1048186775006,0.0,0.0,0.0
2677,85,87768.96666,15377.133405186001,74729.342546771,15377.133405186001,1221.308,74729.342546771,0.0,23408.736861764355,0.0,74.364,0.0,0.0,0.0,0.0,27041.918153721348,0.0,112165.4995938887,-27041.918153721348,-2337.5092919570016,0.0,0.0,0.0
2678,86,89549.64661,19466.800546751998,75650.6875552315,16500.889346752,1221.308,71982.26983155998,0.0,20996.796431198953,0.0,0.0,0.0,0.0,0.0,0.0,21151.616999510963,0.0,132259.53574342412,-21151.616999510963,1066.487431688016,0.0,0.0,0.0
2679,87,91354.74606,19665.787151768,71440.0234505625,19665.787151768,1221.308,71440.0234505625,0.0,23402.700416198957,0.0,74.364,0.0,0.0,0.0,0.0,24449.436958529463,0.0,155486.5008540271,-24449.436958529463,248.9354576695041,0.0,0.0,0.0
2680,88,93014.85827,17209.426503806997,66345.9240471055,5635.8061,223.769,64271.7250471055,0.0,22809.19412289451,0.0,74.364,0.0,0.0,0.0,0.0,0.0,0.0,155486.5008540271,0.0,23107.327122894494,0.0,0.0,0.0
2681,89,94139.4393,19093.548490446,55686.924774711,19093.548490446,909.4760000000001,48769.189907355045,0.0,23441.361152198955,0.0,74.364,0.0,0.0,0.0,1851.49975,0.0,0.0,155486.5008540271,0.0,26276.70090219895,0.0,0.0,0.0
2682,90,94149.65684,19336.751144326998,36601.31284581399,19336.751144326998,1221.308,36601.31284581399,0.0,24323.37916119895,21.500000000000004,74.364,0.0,0.0,0.0,3702.9995,0.0,8868.042188660049,146151.719602806,8868.042188660049,38211.592849859,1.8815600000000074,1.8815600000000074,1.8815600000000074
2683,91,94126.58543,17660.309245739998,13590.0550473455,17660.309245739998,1221.308,13590.0550473455,593.212,24323.37916119895,17392.024159999997,74.364,36.160000000000004,257.0,0.0,5554.49925,0.0,13424.274565715526,132020.90427047387,13424.274565715526,62876.2211369145,33.44188,33.44188,33.44188
2684,92,94188.37496,22932.942140186,0.0,22932.942140186,1221.308,0.0,593.212,24323.37916119895,50.0,74.364,0.0,0.0,0.0,7405.999,0.0,37587.17065861504,92455.46147193172,37587.17065861504,71255.432819814,16.2426,16.2426,16.2426
2685,93,92954.06603,23002.155445518,0.0,23002.155445518,1221.308,0.0,593.212,24323.37916119895,50.0,74.364,0.0,0.0,0.0,7405.999,0.0,36283.648423283,54262.14734216015,36283.648423283,69951.910584482,16.2426,16.2426,16.2426
2686,94,86879.953,23630.019949861995,0.0,23630.019949861995,1221.308,0.0,593.212,24323.37916119895,50.0,74.364,0.0,0.0,0.0,7405.999,0.0,29581.670888939054,23123.54640643483,29581.670888939054,63249.933050138,16.2426,16.2426,16.2426
2687,95,79194.94746,29681.682802283998,0.0,29681.682802283998,1221.308,0.0,593.212,24323.37916119895,50.0,74.364,0.0,0.0,0.0,7405.999,0.0,15845.002496517029,6444.596410101116,15845.002496517029,49513.264657716,16.2426,16.2426,16.2426
2688,96,73659.68911,33869.060359205,0.0,33869.060359205,1221.308,0.0,593.212,24323.37916119895,50.0,74.364,0.0,0.0,0.0,7405.999,0.0,6122.36658959606,0.0,6122.36658959606,39790.628750795004,16.2426,16.2426,16.2426
2689,1,69068.44284,33482.319389286,0.0,33482.319389286,1221.308,0.0,593.212,24323.37916119895,1967.86128951502,74.364,0.0,0.0,0.0,7405.999,0.0,0.0,0.0,0.0,35586.123450714,16.242599999999932,16.242599999999932,16.242599999999932
2690,2,66771.49916,29725.252240855,0.0,29725.252240855,1221.308,0.0,593.212,24323.37916119895,3427.9847579460347,74.364,0.0,0.0,0.0,7405.999,0.0,0.0,0.0,0.0,37046.24691914501,16.24260000000008,16.24260000000008,16.24260000000008
2691,3,66008.92219,28781.333257421997,0.0,28781.333257421997,1221.308,0.0,593.212,24323.37916119895,3609.3267713790337,74.364,0.0,0.0,0.0,7405.999,0.0,0.0,0.0,0.0,37227.588932578,16.242599999999925,16.242599999999925,16.242599999999925
2692,4,66590.99384,29639.640204234,0.0,29639.640204234,1221.308,0.0,593.212,24323.37916119895,3333.091474567013,74.364,0.0,0.0,0.0,7405.999,0.0,0.0,0.0,0.0,36951.35363576599,16.242600000000063,16.242600000000063,16.242600000000063
2693,5,69608.60932,27554.380400021997,0.0,27554.380400021997,1221.308,0.0,593.212,24323.37916119895,8435.966758779028,74.364,0.0,0.0,0.0,7405.999,0.0,0.0,0.0,0.0,42054.228919978006,17.18867999999992,17.18867999999992,17.18867999999992
2694,6,74734.63681,25490.525753335998,2787.2613994380004,25490.525753335998,1221.308,2787.2613994380004,593.212,24328.369002148153,12833.597655077807,74.364,0.0,0.0,0.0,7405.999,0.0,0.0,0.0,0.0,46456.849657226,17.18868000094229,17.18868000094229,17.18868000094229
2695,7,80135.5568,20880.257352287997,27828.592705392002,20880.257352287997,1221.308,27828.592705392002,593.212,24333.54932380886,28.5,74.364,0.0,0.0,0.0,5554.499250000001,378.7258314888505,0.0,359.789539914408,-378.7258314888505,31426.706742320006,16.242599999998976,16.242599999998976,16.242599999998976
2696,8,84833.81181,13554.841003082001,48810.2920567665,13554.841003082001,1221.308,48810.2920567665,163.998,24339.161639303285,0.0,74.364,0.0,0.0,0.0,3702.999500000012,7033.152389151806,0.0,7041.2843096086235,-7033.152389151806,22468.678750151492,5.490719999294271,5.490719999294271,5.490719999294271
2697,9,87617.06748,12420.014103271,63139.9336609485,12420.014103271,1221.308,63139.9336609485,0.0,24344.192570514486,0.0,74.364,0.0,0.0,0.0,1851.4997500000231,15434.244604734033,0.0,21703.816684105954,-15434.244604734033,12057.1197157805,0.0,0.0,0.0
2698,10,90700.98657,10028.241702766001,69816.499031503,10028.241702766001,1221.308,69816.49903150297,0.0,24349.129951325205,0.0,74.364,0.0,0.0,0.0,0.0,14788.556115594198,0.0,35752.94499392044,-14788.556115594198,10856.245835731024,0.0,0.0,0.0
2699,11,93110.07116,7885.880594384,73026.95787743552,7885.880594384,1221.308,73026.95787743552,0.0,24354.06051865992,0.0,74.364,0.0,0.0,0.0,0.0,13452.499830479414,0.0,48532.81983287589,-13452.499830479414,12197.232688180491,0.0,0.0,0.0
2700,12,94977.50412,8046.31739083,73291.16116060251,8046.31739083,1221.307999999999,73291.16116060251,0.0,24356.547554420147,0.0,74.364,0.0,0.0,0.0,0.0,12012.193985852693,0.0,59944.404119435945,-12012.193985852693,13640.025568567493,0.0,0.0,0.0
2701,13,96664.53674,11065.996452280002,73358.76078975,11065.996452280002,1221.308,73358.76078975,0.0,24361.569255769344,0.0,74.364,0.0,0.0,0.0,0.0,13417.4617577994,0.0,72690.99278934537,-13417.4617577994,12239.779497969997,0.0,0.0,0.0
2702,14,98057.00985,14344.453797814997,72361.014949689,14344.453797814997,1221.308,72361.014949689,0.0,24366.764757430057,0.0,74.364,0.0,0.0,0.0,0.0,14310.89565493406,0.0,86286.34366153272,-14310.89565493406,11351.54110249602,0.0,0.0,0.0
2703,15,98438.82914,18483.376343846,67976.50456333399,18483.376343846,1221.308,67976.50456333399,0.0,24371.54585043697,0.0,74.364,0.0,0.0,0.0,0.0,13688.26961761696,0.0,99290.19979826883,-13688.26961761696,11978.94823282001,0.0,0.0,0.0
2704,16,98285.93082,21279.567110953,62418.34998023499,21279.567110953,1221.308,62418.34998023499,0.0,24377.05430243568,0.0,74.3639999999987,0.0,0.0,0.0,1774.2219286966947,12858.934502320375,0.0,111506.18757547319,-12858.934502320375,14588.01372881201,0.0,0.0,0.0
2705,17,97575.22035,21154.393498584002,53059.7969428795,21154.393498584002,1221.308,53059.7969428795,163.998,24381.976503246395,0.0,74.364,0.0,0.0,0.0,3625.7216786966947,6106.338273406578,0.0,117307.20893520943,-6106.338273406578,23361.029908536504,5.490720000281836,5.490720000281836,5.490720000281836
2706,18,96455.08999,22625.772493554,34526.2661007825,22625.772493554,1221.308,34526.2661007825,593.212,24386.777941781107,28.499999999999996,74.364,0.0,0.0,0.0,5477.221428696696,0.0,7521.6680251856915,109389.66364554029,7521.6680251856915,39303.05139566349,16.242600002315417,16.242600002315417,16.242600002315417
2707,19,95791.8518,27396.030240957996,11943.472234274997,27396.030240957996,1221.308,11943.472234274997,593.212,24391.949982192313,7269.002,74.364,0.0,0.0,0.0,7328.721178696697,0.0,15573.792163877966,92996.19820987928,15573.792163877966,56452.349324767005,17.18867999999994,17.18867999999994,17.18867999999994
2708,20,96216.72272,31654.550090407,0.0,31654.550090407,1221.308,0.0,593.212,24397.562296290533,7269.002,74.364,0.0,0.0,0.0,7405.999,0.0,23600.72533330246,68153.32943798196,23600.72533330246,64562.172629593006,17.188679999998783,17.188679999998783,17.188679999998783
2709,21,94544.36513,32574.400396627,0.0,32574.400396627,1221.308,0.0,593.212,24402.432107689245,50.0,74.364,0.0,0.0,0.0,7405.999,0.0,28222.649625683778,38445.27720042106,28222.649625683778,61969.96473337301,16.242599999999427,16.242599999999427,16.242599999999427
2710,22,87796.3986,35765.309456815005,0.0,35765.309456815005,1221.308,0.0,593.212,24404.436291696646,50.0,74.364,0.0,0.0,0.0,7405.999,0.0,18281.769851489273,19201.308935695506,18281.769851489273,52031.089143184996,16.242600000000042,16.242600000000042,16.242600000000042
2711,23,80144.67934,34302.3826415,0.0,34302.3826415,1221.308,0.0,593.212,24409.55587196936,50.0,74.364,0.0,0.0,0.0,7405.999,0.0,12087.85782653064,6477.2480656632615,12087.85782653064,45842.2966985,16.24260000000008,16.24260000000008,16.24260000000008
2712,24,73972.94305,38571.175450664996,0.0,38571.175450664996,1221.308,0.0,593.212,24415.168186067585,50.0,74.364,0.0,0.0,0.0,7405.999,0.0,1641.7164132674106,4749.125525381777,1641.7164132674106,35401.767599335006,16.24259999999982,16.24259999999982,16.24259999999982
2713,25,70368.7427,37455.641145273,0.0,37455.641145273,1221.308,0.0,593.212,24419.98361514079,50.0,74.364,0.0,0.0,0.0,5554.499249999991,0.0,999.7346895862145,3696.7732205541834,999.7346895862145,32913.101554727,16.2426000009433,16.2426000009433,16.2426000009433
2714,26,68201.41213,34643.97569506,0.0,34643.97569506,1221.308,0.0,593.212,24425.11837541351,28.5,74.364,0.0,0.0,0.0,3702.99949999999,0.0,3511.934559526474,0.0,3511.934559526474,33557.43643494,16.242600000000202,16.242600000000202,16.242600000000202
2715,27,66954.29301,40574.840803322,0.0,40574.699694122006,1221.308,0.0,0.0,23232.421565877998,0.0,74.364,0.0,0.0,0.0,1851.4997499999981,0.0,0.0,0.0,0.0,26379.593315877988,0.0,0.0,0.0
2716,28,67299.96317,45116.406392979996,0.0,45116.406392979996,1221.308,0.0,0.0,24435.407919022928,0.0,74.364,0.0,0.0,0.0,0.0,3547.5231420029268,0.0,3370.1469849027803,-3547.5231420029268,22183.556777020007,0.0,0.0,0.0
2717,29,69726.00949,50303.883250299004,0.0,50303.883250299004,1221.308,0.0,0.0,24440.390862617835,0.0,74.364,0.0,0.0,0.0,0.0,6313.9366229168445,0.0,9368.38677667378,-6313.9366229168445,19422.126239700992,0.0,0.0,0.0
2718,30,74642.48822,50226.307842534,3725.3510058770007,48425.40210480112,94.191,3349.9357499999996,0.0,22698.59536519887,0.0,74.364,0.0,0.0,0.0,0.0,0.0,0.0,9368.386776673782,0.0,22867.15036519888,0.0,0.0,0.0
2719,31,79803.3345,51257.031244825,27461.327944529003,51257.031244825,1221.308,27461.327944529003,0.0,24450.30671450127,0.0,74.364,0.0,0.0,0.0,0.0,24661.00340385528,0.0,32796.340010336295,-24661.00340385528,1084.9753106459975,0.0,0.0,0.0
2720,32,84101.26854,39078.862246312005,44944.8300522775,25756.546481737823,223.614,37428.6008033275,0.0,20618.14325493468,0.0,74.364,0.0,0.0,0.0,0.0,0.0,0.0,32796.340010336295,0.0,20916.121254934682,0.0,0.0,0.0
2721,33,86999.20203,39376.086849522006,60103.4282413575,10231.315966507778,1221.308,51015.6509413575,0.0,24456.56312213469,0.0,74.364,0.0,0.0,0.0,0.0,0.0,0.0,32796.340010336295,0.0,25752.23512213472,0.0,0.0,0.0
2722,34,89457.56331,43351.15774319,65890.41082295851,33002.20245012,1189.694,31991.657836036542,0.0,23199.645023843455,0.0,74.364,0.0,0.0,0.0,0.0,0.0,0.0,32796.340010336295,0.0,24463.703023843456,0.0,0.0,0.0
2723,35,91818.17463,43051.844508113994,69605.9259153315,42101.832207176994,1221.308,68876.45481246834,0.0,19544.21561035464,0.0,74.364,0.0,0.0,0.0,0.0,40000.0,0.0,70796.3400103363,-40000.0,-19160.112389645335,0.0,0.0,0.0
2724,36,93514.76683,42286.58314534301,65509.7567688075,34548.99019632,36.822,62691.87031718052,0.0,15755.13238637321,0.0,0.0,0.0,0.0,0.0,0.0,19518.048069873705,0.0,89338.48567671631,-19518.048069873705,-3726.093683500527,0.0,0.0,0.0
2725,37,95012.92809,43592.310808832,57547.49004145,38090.311558122004,450.536,39386.02948900482,0.0,17086.051042873183,0.0,0.0,0.0,0.0,0.0,0.0,0.0,0.0,89338.48567671631,0.0,17536.58704287318,0.0,0.0,0.0
2726,38,96186.08772,43524.705649443,58312.61663452,43524.705649443,1164.4410000000003,58312.61663451998,0.0,20812.694983922443,0.0,74.364,0.0,0.0,0.0,0.0,27702.73454788546,0.0,115656.0834972075,-27702.73454788546,-5651.234563962986,0.0,0.0,0.0
2727,39,96741.37271,44599.02339249799,52763.3587898095,44599.02339249799,1221.308,52763.358789809514,0.0,24488.040485234946,0.0,74.364,0.0,0.0,0.0,0.0,26404.72195754273,0.0,140740.56935687308,-26404.72195754273,-621.009472307509,0.0,0.0,0.0
2728,40,96660.94713,42458.310553015996,47321.685615900504,42458.310553015996,1221.308,47321.6856159005,0.0,24493.91092745588,0.0,74.364,0.0,0.0,0.0,0.0,18908.631966372417,0.0,158703.76972492688,-18908.631966372417,6880.950961083508,0.0,0.0,0.0
2729,41,96093.66067,37685.14944571,32127.0479162145,37685.14944571,1221.308,32127.0479162145,0.0,24498.74447920508,0.0,74.364,0.0,0.0,0.0,1851.4997500000086,1364.4529211296062,0.0,160000.0,-1364.4529211296062,26281.4633080755,0.0,0.0,0.0
2730,42,94716.8863,37202.707855332,19290.564850618997,37202.707855331995,1221.308,19290.564850618997,593.212,24503.87923220379,7247.502,74.364,0.0,0.0,0.0,3702.999500000011,0.0,880.3488618451968,159073.31698753138,880.3488618451968,38223.613594049006,17.18867999999967,17.18867999999967,17.18867999999967
2731,43,94031.84579,38728.443605611,2554.266149819,38728.443605611,1221.308,2554.266149819,593.212,24505.646375010707,7269.002,74.364,0.0,0.0,0.0,5554.499250000017,0.0,13531.104409559282,144830.0491879953,13531.104409559282,52749.13603457001,17.188680000000076,17.188680000000076,17.188680000000076
2732,44,95021.42672,38412.349357644,0.0,38412.349357644,1221.308,0.0,593.212,24511.428168171416,7269.002,74.364,0.0,0.0,0.0,7405.999,0.0,15533.764194184576,128478.71845727469,15533.764194184576,56609.077362356,17.188679999999714,17.188679999999714,17.188679999999714
2733,45,93952.88587,38614.878549661,0.0,38614.878549661,1221.308,0.0,593.212,24516.27149764414,14329.467839999967,74.364,0.0,0.0,0.0,7405.999,0.0,7197.384982694908,120902.52373864844,7197.384982694908,55338.007320339,17.1886799999999,17.1886799999999,17.1886799999999
2734,46,87928.62885,20478.842391233997,0.0,20478.842391233997,1221.308,0.0,593.212,24521.20887845485,24452.49,74.364,448.7680000000001,257.0,0.0,7405.999,0.0,8475.43658031113,111981.01154884725,8475.43658031113,67449.786458766,35.45800000115346,35.45800000115346,35.45800000115346
2735,47,80371.61868,40937.637957646,0.0,40937.637957646,1221.308,0.0,593.212,24526.38091886605,7081.965839999996,74.364,0.0,0.0,0.0,7405.99899999983,1469.2490365119043,0.0,113376.79813353356,-1469.2490365119043,39433.980722354,9.73049999999991,9.73049999999991,9.73049999999991
2736,48,74244.94284,23343.716040417996,0.0,23343.716040417996,1221.308,0.0,593.212,24531.663110826277,7269.001999996712,74.364,0.0,0.0,0.0,7405.999,0.0,9805.67868875901,103055.0310927346,9805.67868875901,50901.22679958201,17.188679999999586,17.188679999999586,17.188679999999586
2737,49,70559.62518,40566.881554556,0.0,40566.881554556,1221.308,0.0,593.212,24536.782683824986,28.499999999999996,74.364,0.0,0.0,0.0,7405.999,3867.422058380988,0.0,106729.08204819653,-3867.422058380988,29992.743625444004,12.002820000233342,12.002820000233342,12.002820000233342
2738,50,68367.56502,42767.291455272,0.0,42767.291455272,1221.308,0.0,0.0,24541.720066040176,0.0,74.364,0.0,0.0,0.0,5554.49924999999,5791.617751312486,0.0,112231.1189119434,-5791.617751312486,25600.27356472799,0.0,0.0,0.0
2739,51,67451.85374,22535.624053189997,0.0,22535.624053189997,1221.308,0.0,593.212,24546.7078058051,7247.502,74.364,0.0,0.0,0.0,7405.999,0.0,3827.1368810046997,108202.55377404392,3827.1368810046997,44916.22968681001,17.188680000938323,17.188680000938323,17.188680000938323
2740,52,67667.98747,43059.42470823199,0.0,43059.42470823199,1221.308,0.0,0.0,24552.241248565326,21.5,74.364,0.0,0.0,0.0,5554.49925,6815.349736797332,0.0,114677.13602400139,-6815.349736797332,24608.562761768,0.0,0.0,0.0
2741,53,70667.64713,19261.193148869,0.0,19261.193148869,1221.308,0.0,593.212,24554.258151576043,16628.224159999998,74.364,0.0,0.0,0.0,7405.999,0.0,929.0886695549552,113699.14795078566,929.0886695549552,51406.453981130995,25.514080000000355,25.514080000000355,25.514080000000355
2742,54,75987.52755,18428.924796831,1640.5670499999999,18428.924796831,1221.308,1640.5670499999999,593.212,24559.054501187245,7269.002,74.364,0.0,0.0,0.0,7405.999,0.0,14795.096201981773,98125.36247501537,14795.096201981773,55918.035703169,17.188679999999888,17.188679999999888,17.188679999999888
2743,55,81243.61809,26888.984645702,8309.624953582499,26888.984645702,1221.308,8309.624953582499,593.212,24564.037443385954,7269.002,74.364,0.0,0.0,0.0,7405.999,0.0,4917.0860473295725,92949.48242519477,4917.0860473295725,46045.0084907155,17.188679999997817,17.188679999997817,17.188679999997817
2744,56,85116.58846,13743.255656404,21935.3341090465,13743.255656404,1221.308,21935.3341090465,593.212,24569.870426546175,7269.002,74.364,0.0,0.0,0.0,7405.999,0.0,8304.24326800024,84208.17372203662,8304.24326800024,49437.998694549504,17.188679999999337,17.188679999999337,17.188679999999337
2745,57,87624.91347,10805.694505553,37497.0474097805,10805.694505553,1221.308,37497.0474097805,593.212,24574.70397969157,5452.584574974925,74.364,0.0,0.0,0.0,7405.999,0.0,0.0,84208.17372203662,0.0,39322.17155466651,16.242599999998596,16.242599999998596,16.242599999998596
2746,58,89819.45123,12057.644899331997,43924.39149530199,12057.644899331997,1221.308,43924.39149530199,593.212,24579.56248916429,21.5,74.364,0.0,0.0,0.0,7405.999,58.53065379829604,0.0,84263.777843145,-58.53065379829604,33837.41483536602,9.730499999998749,9.730499999998749,9.730499999998749
2747,59,91553.37249,9473.091440858001,48703.493511942506,9473.091440858001,1221.308,48703.493511942506,593.212,24584.49305649901,0.0,74.364,0.0,0.0,0.0,7405.999,502.58851929949014,0.0,84741.23693647952,-502.58851929949014,33376.78753719949,9.730499999998827,9.730499999998827,9.730499999998827
2748,60,93005.1447,10009.488105518,49759.0193436485,10009.488105518,1221.308,49759.0193436485,593.212,24590.157830735723,0.0,74.364,0.0,0.0,0.0,7405.998999999836,648.4035799020494,0.0,85357.22033738662,-648.4035799020494,33236.637250833504,9.73049999999246,9.73049999999246,9.73049999999246
2749,61,93865.37173,14607.072994429,48748.600546183996,14607.072994429,1221.308,48748.600546183996,593.212,24595.183342208435,0.0,74.364,0.0,0.0,0.0,7405.999,3380.368152821433,0.0,88568.5700825667,-3380.368152821433,30509.69818938701,9.730500000000042,9.730500000000042,9.730500000000042
2750,62,94544.86133,17760.359542743,46279.9543663915,17760.359542743,1221.308,46279.9543663915,593.211999998576,24600.07752430643,21.5,74.364,0.0,0.0,0.0,7405.999,3411.913103440924,0.0,91809.88753083652,-3411.913103440924,30504.5474208655,9.730500000018605,9.730500000018605,9.730500000018605
2751,63,94406.68268,18620.200742167002,41625.8175453525,18620.200742167002,1221.308,41625.8175453525,593.212,24605.249564718342,260.53182776214635,74.364,0.0,0.0,0.0,7405.999,0.0,0.0,91809.88753083652,0.0,34160.6643924805,16.24259999999986,16.24259999999986,16.24259999999986
2752,64,93970.50082,18026.974199364002,36041.631720698,18026.974199364002,1221.308,36041.631720698,593.212,24607.565711612766,63.31771571880108,74.364,0.0,0.0,0.0,7405.999,0.0,5936.1284726064305,85561.33124388239,5936.1284726064305,39901.89489993799,16.242600000000404,16.242600000000404,16.242600000000404
2753,65,93327.67962,18277.027109327002,26182.2410014515,18277.027109327002,1221.308,26182.2410014515,593.212,24612.409041085488,14329.467839999965,74.364,0.0,0.0,0.0,7405.999,0.0,631.65162813605,84896.43479321287,631.65162813605,48868.41150922149,17.18867999999992,17.18867999999992,17.18867999999992
2754,66,92263.33313,15687.938839490002,16855.2881458015,15687.938839490002,1221.308,16855.2881458015,593.212,24617.657010158677,24452.49,74.364,36.160000000000004,0.0,0.0,7405.999,0.0,1318.9161345498323,83508.10202000252,1318.9161345498323,59720.106144708494,30.763720000000042,30.763720000000042,30.763720000000042
2755,67,92733.82794,13519.976342633,1803.1456016515,13519.976342633,1221.308,1803.1456016515,593.212,24622.438101769396,25028.690000000002,74.364,469.10799999999995,257.0,0.0,7405.999,0.0,17738.586893946085,64835.905289532966,17738.586893946085,77410.7059957155,35.45800000080408,35.45800000080408,35.45800000080408
2756,68,93797.34825,18089.454254182998,0.0,18089.454254182998,1221.308,0.0,593.212,24628.247795329622,25028.690000000002,74.364,701.2,257.0,0.0,7405.999,0.0,15797.873200487404,48206.565078493586,15797.873200487404,75707.893995817,35.458000001363914,35.458000001363914,35.458000001363914
2757,69,92416.93815,25258.1147061,0.0,25258.1147061,1221.308,0.0,593.212,24633.16999026253,24452.49,74.364,448.7680000000001,257.0,0.0,7405.999,0.0,8072.512453637453,39709.1835483489,8072.512453637453,67158.82344390001,34.785560000000494,34.785560000000494,34.785560000000494
2758,70,86583.74378,36718.38109881501,0.0,36718.38109881501,1221.308,0.0,593.212,24638.02708713953,7110.4658399999835,74.364,0.0,0.0,0.0,7405.999,0.0,8821.98675404549,30422.881701985225,8821.98675404549,49865.362681185,16.242600000000007,16.242600000000007,16.242600000000007
2759,71,79618.96497,36682.283005466,0.0,36682.283005466,1221.308,0.0,593.212,24642.94928934645,7269.002,74.364,0.0,0.0,0.0,7405.999,0.0,1729.8476751875696,28601.9894123141,1729.8476751875696,42936.681964534,17.188680000000208,17.188680000000208,17.188680000000208
2760,72,74351.4669,35386.163593690006,0.0,35386.163593690006,1221.308,0.0,593.212,24648.482732106673,5021.937574203301,74.364,0.0,0.0,0.0,7405.999,0.0,0.0,28601.9894123141,0.0,38965.303306309994,16.242600000000017,16.242600000000017,16.242600000000017
2761,73,71013.57136,24605.924955882,0.0,24605.924955882,1221.308,0.0,593.212,24653.715521179874,7269.002,74.364,0.0,0.0,0.0,7405.999,0.0,5190.045882938132,23138.783219747645,5190.045882938132,46407.646404118,17.188679999999977,17.188679999999977,17.188679999999977
2762,74,68695.16527,26676.847846286,0.0,26676.847846286,1221.308,0.0,593.212,24655.502554890594,7269.002,74.364,0.0,0.0,0.0,7405.999,0.0,798.9298688234121,22297.80441045984,798.9298688234121,42018.317423714,17.188679999999927,17.188679999999927,17.188679999999927
2763,75,67618.64813,28129.56778951,0.0,28129.56778951,1221.308,0.0,593.212,24660.372366289303,50.0,74.364,0.0,0.0,0.0,7405.999,0.0,5483.824974200701,16525.357069195947,5483.824974200701,39489.08034049,16.242599999999896,16.242599999999896,16.242599999999896
2764,76,68254.48197,24751.767706348,0.0,24751.767706348,1221.308,0.0,593.212,24666.060438796216,7269.002,74.364,0.0,0.0,0.0,7405.999,0.0,2272.7688248557897,14132.968832505641,2272.7688248557897,43502.71426365199,17.18867999999854,17.18867999999854,17.18867999999854
2765,77,71441.90353,25592.163203938002,0.0,25592.163203938002,1221.308,0.0,593.212,24671.09964986072,7269.002,74.364,0.0,0.0,0.0,7405.999,0.0,4614.755676201291,9275.331278609547,4614.755676201291,45849.74032606199,17.188680000000012,17.188680000000012,17.188680000000012
2766,78,76736.30422,32304.721650521005,1445.0393026830002,32304.721650521005,1221.308,1445.0393026830002,593.212,24676.037032067637,7269.002,74.364,0.0,0.0,0.0,5554.499249999989,0.0,3598.1209847283817,5487.83550521125,3598.1209847283817,42986.543266796,17.188679999999962,17.188679999999962,17.188679999999962
2767,79,81904.71362,30083.355658201,16306.597910169501,30083.355658201,1221.308,16306.597910169501,593.212,24680.932821678838,28.5,74.364,0.0,0.0,0.0,3702.999499999989,0.0,5213.443729950688,0.0,5213.443729950688,35514.76005162949,16.242600000000134,16.242600000000134,16.242600000000134
2768,80,85826.68189,33030.659590382,35493.2018089545,31872.548140217998,172.722,31016.594044103203,0.0,20838.953955678808,0.0,74.364,0.0,0.0,0.0,1851.4997500000009,0.0,0.0,0.0,0.0,22937.539705678802,0.0,0.0,0.0
2769,81,88007.92716,41041.490089800005,49013.924281485495,36904.87693996,458.799,33375.15246904077,0.0,17269.09875099924,0.0,0.0,0.0,0.0,0.0,0.0,0.0,0.0,0.0,0.0,17727.89775099924,0.0,0.0,0.0
2770,82,89094.05135,54493.953601286994,55949.913700094,27255.667401128998,83.94900000000001,46130.69948187178,0.0,15549.37146699922,0.0,74.364,0.0,0.0,0.0,0.0,0.0,0.0,0.0,0.0,15707.684466999213,0.0,0.0,0.0
2771,83,90027.90846,60335.561943821,62669.245464375,56128.46559226762,106.825,21937.557058432496,0.0,11780.696809299894,0.0,74.364,0.0,0.0,0.0,0.0,0.0,0.0,0.0,0.0,11961.885809299893,0.0,0.0,0.0
2772,84,90156.25331,67971.728402355,63354.1511725345,27797.766901575364,120.77100000000002,53156.4191225345,0.0,9081.296285890137,0.0,0.0,0.0,0.0,0.0,0.0,0.0,0.0,0.0,0.0,9202.067285890138,0.0,0.0,0.0
2773,85,89832.92503,72283.788352783,62287.915937780504,44996.40634830951,170.729,33647.7474368905,0.0,11018.04224479996,0.0,0.0,0.0,0.0,0.0,0.0,0.0,0.0,0.0,0.0,11188.771244799987,0.0,0.0,0.0
2774,86,89968.56167,77112.78070374699,62201.305613783494,31760.640703571,630.047,47587.9052337086,0.0,9989.968732720403,0.0,0.0,0.0,0.0,0.0,0.0,0.0,0.0,0.0,0.0,10620.015732720392,0.0,0.0,0.0
2775,87,89073.70364,80119.989159512,57190.695957403,42885.925809511995,0.0,35232.215088764235,0.0,10881.198741723763,0.0,74.364,0.0,0.0,0.0,0.0,0.0,0.0,0.0,0.0,10955.562741723777,0.0,0.0,0.0
2776,88,88606.58637,80516.463808683,53842.370838252,36164.520026171354,6.128,41430.411592496996,0.0,11005.526751331643,0.0,0.0,0.0,0.0,0.0,0.0,0.0,0.0,0.0,0.0,11011.654751331655,0.0,0.0,0.0
2777,89,88229.99175,79673.745858114,44999.3766600555,53024.012800075005,1067.7110000000002,19387.85031414794,0.0,14676.053635777054,0.0,74.364,0.0,0.0,0.0,0.0,0.0,0.0,0.0,0.0,15818.128635777055,0.0,0.0,0.0
2778,90,87579.90076,77481.325744653,33499.438211836496,74868.14850838644,1005.1340000000001,33178.090611836495,0.0,18454.163639777067,0.0,74.364,0.0,0.0,0.0,0.0,40000.0,0.0,38000.0,-40000.0,-20466.33836022293,0.0,0.0,0.0
2779,91,87942.61905,78700.502903542,12836.862893659,30281.43020861972,543.962,10543.0832974015,0.0,16521.50756041435,0.0,0.0,0.0,0.0,0.0,0.0,0.0,30052.635983564414,6365.64633309009,30052.635983564414,47118.105543978774,0.0,0.0,0.0
2780,92,89849.02355,77918.161103171,0.0,73312.68896594255,1221.308,0.0,0.0,15240.662584057436,0.0,74.364,0.0,0.0,0.0,0.0,0.0,0.0,6365.64633309009,0.0,16536.334584057448,0.0,0.0,0.0
2781,93,90259.58347,77736.339944575,0.0,77265.21081029717,1105.8310000000001,0.0,0.0,11814.177659702824,0.0,74.364,0.0,0.0,0.0,0.0,0.0,0.0,6365.64633309009,0.0,12994.372659702829,0.0,0.0,0.0
2782,94,85216.58525,73182.858491976,0.0,73182.858491976,1158.7310000000002,0.0,0.0,8438.226147414016,0.0,0.0,0.0,0.0,0.0,0.0,0.0,2436.769610609987,3800.6256903427357,2436.769610609987,12033.726758024,0.0,0.0,0.0
2783,95,78576.1899,68917.551649915,0.0,68917.551649915,1221.3079999999923,0.0,0.0,4752.371844259408,0.0,74.364,0.0,0.0,0.0,0.0,0.0,3610.594405825599,0.0,3610.594405825599,9658.638250085001,0.0,0.0,0.0
2784,96,73235.13025,69112.324907287,0.0,69079.658707439,1221.3079999999986,0.0,0.0,2859.7995425609975,0.0,74.364,0.0,0.0,0.0,0.0,0.0,0.0,0.0,0.0,4155.471542561005,0.0,0.0,0.0
2785,1,69955.95292,65336.356798331,0.0,51748.77495610174,0.0,0.0,0.0,18132.81396389826,0.0,74.364,0.0,0.0,0.0,0.0,0.0,0.0,0.0,0.0,18207.177963898255,0.0,0.0,0.0
2786,2,68140.1188,66510.44429636799,0.0,47465.361603829035,0.0,0.0,0.0,20600.393196170957,0.0,74.364,0.0,0.0,0.0,0.0,0.0,0.0,0.0,0.0,20674.757196170962,0.0,0.0,0.0
2787,3,67283.68552,63484.07319494201,0.0,48002.55232110919,0.0,0.0,0.0,19206.769198890797,0.0,74.364,0.0,0.0,0.0,0.0,0.0,0.0,0.0,0.0,19281.133198890806,0.0,0.0,0.0
2788,4,68031.02903,66393.793007076,0.0,47344.63303265762,0.0,0.0,0.0,20612.03199734238,0.0,74.364,0.0,0.0,0.0,0.0,0.0,0.0,0.0,0.0,20686.395997342384,0.0,0.0,0.0
2789,5,71390.45027,67361.696401411,0.0,53026.424316784905,0.0,0.0,0.0,18289.661953215083,0.0,74.364,0.0,0.0,0.0,0.0,0.0,0.0,0.0,0.0,18364.025953215096,0.0,0.0,0.0
2790,6,76709.03238,57806.240993348,3876.5656416960005,57806.240993348,0.0,1940.5198830101926,0.0,16887.907503641814,0.0,74.364,0.0,0.0,0.0,0.0,0.0,0.0,0.0,0.0,16962.27150364181,0.0,0.0,0.0
2791,7,81905.3574,51158.70546033301,31245.176535542003,51158.70546033301,1221.308,11155.213530080477,0.0,18295.766409586508,0.0,74.364,0.0,0.0,0.0,0.0,0.0,0.0,0.0,0.0,19591.438409586506,0.0,0.0,0.0
2792,8,85421.41583,45947.16724053199,51037.309749028,45947.16724053199,1221.308,20101.96604604856,0.0,18076.610543419436,0.0,74.364,0.0,0.0,0.0,0.0,0.0,0.0,0.0,0.0,19372.282543419446,0.0,0.0,0.0
2793,9,87058.032,51001.664948049,64503.48535685501,35441.342848774,0.0,36101.20626192073,0.0,15441.118889305275,0.0,74.364,0.0,0.0,0.0,0.0,0.0,0.0,0.0,0.0,15515.482889305276,0.0,0.0,0.0
2794,10,88016.39253,48286.507444250994,70980.96459239951,48286.507444250994,1221.308,62740.5893572345,0.0,15693.623728514498,0.0,74.364,0.0,0.0,0.0,0.0,40000.0,0.0,38000.0,-40000.0,-23010.704271485498,0.0,0.0,0.0
2795,11,88851.67898,43965.188744474,74826.183339727,43965.188744474,1184.4859999999999,36807.441366405605,0.0,15241.251500699305,0.0,74.364,0.0,0.0,0.0,0.0,8421.052631578932,0.0,46000.0,-8421.052631578932,8079.048869120394,0.0,0.0,0.0
2796,12,89017.03561,43960.712394154994,75745.73181297799,43960.712394154994,1195.667,31328.195813209746,0.0,12458.096402635274,0.0,74.364,0.0,0.0,0.0,0.0,0.0,0.0,46000.0,0.0,13728.127402635266,0.0,0.0,0.0
2797,13,88961.99113,48901.26470490201,75796.1681893425,48901.26470490201,1221.308,23837.187791636698,0.0,14927.866633461317,0.0,74.364,0.0,0.0,0.0,0.0,0.0,0.0,46000.0,0.0,16223.538633461289,0.0,0.0,0.0
2798,14,89082.2275,45614.859551222005,75983.496467848,45614.859551222005,1221.308,64840.63569147237,0.0,17331.06025730561,0.0,74.364,0.0,0.0,0.0,0.0,40000.0,0.0,84000.0,-40000.0,-21373.267742694385,0.0,0.0,0.0
2799,15,88883.23061,43702.302406553,73172.706482049,40011.90149944,1031.454,67033.67497268478,0.0,20731.836137875234,0.0,74.364,0.0,0.0,0.0,0.0,40000.0,0.0,122000.0,-40000.0,-18162.345862124777,0.0,0.0,0.0
2800,16,88652.3207,37493.415896772,68231.46087609901,37493.415896772,1221.308,28231.430516098964,0.0,21631.80228712905,0.0,74.364,0.0,0.0,0.0,0.0,0.0,0.0,122000.0,0.0,22927.474287129033,0.0,0.0,0.0
2801,17,88189.38113,55271.865360106,57965.9314471105,50673.834919353714,1120.6109999999999,55383.9162471105,0.0,21011.018963535753,0.0,0.0,0.0,0.0,0.0,0.0,40000.0,0.0,160000.0,-40000.0,-17868.37003646422,0.0,0.0,0.0
2802,18,87209.19516,63522.06919793501,38520.105563461504,53492.532898098,1221.308,8402.555377547638,0.0,24018.43488435436,0.0,74.364,0.0,0.0,0.0,0.0,0.0,0.0,160000.0,0.0,25314.10688435437,0.0,0.0,0.0
2803,19,86873.56007,62717.231300815,14703.3804887025,46020.544648401534,1221.308,14703.3804887025,0.0,24853.96293289599,0.0,74.364,0.0,0.0,0.0,0.0,0.0,0.0,160000.0,0.0,26149.634932895973,0.0,0.0,0.0
2804,20,88152.04617,53999.238092996005,0.0,53999.238092996005,1221.308,0.0,593.212,24858.759204506707,28.499999999999996,74.364,0.0,0.0,0.0,1851.4997499999936,0.0,5525.165122497298,154184.03671316075,5525.165122497298,34152.808077003996,16.167299999999692,16.167299999999692,16.167299999999692
2805,21,88841.12965,50230.782241122,0.0,50230.782241122,1221.308,0.0,593.212,24863.93124631411,50.0,74.364,0.0,0.0,0.0,3702.999499999989,0.0,8104.532662563908,145652.94969993556,8104.532662563908,38610.347408878006,16.242600000000095,16.242600000000095,16.242600000000095
2806,22,84902.9391,49148.899848397,0.0,49148.899848397,1221.308,0.0,593.212,24868.67960691282,28.499999999999996,74.364,0.0,0.0,0.0,1851.49975,0.0,7116.475894690193,138161.92244236695,7116.475894690193,35754.039251603004,16.24260000000021,16.24260000000021,16.24260000000021
2807,23,79362.47512,49474.01870821201,0.0,49474.01870821201,1221.308,0.0,0.0,24874.056760473042,0.0,74.364,0.0,0.0,0.0,0.0,0.0,3718.727651314948,134247.47228308805,3718.727651314948,29888.456411787993,0.0,0.0,0.0
2808,24,74200.65616,51913.929291190005,0.0,51913.929291190005,1173.9709276530825,0.0,0.0,21038.391941156915,0.0,74.364,0.0,0.0,0.0,0.0,0.0,0.0,134247.47228308805,0.0,22286.726868809994,0.0,0.0,0.0
2809,25,70461.84516,49345.893201233004,0.0,22514.207824578145,1082.8690000000001,0.0,0.0,22641.276439291367,0.0,0.0,0.0,0.0,0.0,0.0,0.0,24223.491896130465,108749.05976084546,24223.491896130465,47947.63733542185,0.0,0.0,0.0
2810,26,68105.0934,47511.450653902,0.0,6975.291966984615,0.0,0.0,0.0,21055.437433015373,0.0,74.364,0.0,0.0,0.0,0.0,0.0,40000.0,66643.79660295072,40000.0,61129.80143301538,0.0,0.0,0.0
2811,27,66890.59969,43851.385160397,0.0,4521.9107403262315,31.769,0.0,0.0,22336.91994967376,0.0,0.0,0.0,0.0,0.0,0.0,0.0,40000.0,24538.53344505599,40000.0,62368.68894967377,0.0,0.0,0.0
2812,28,66675.20683,41886.656510267,0.0,41886.656510267,1221.3079999999593,0.0,0.0,23492.87831973302,0.0,74.364,0.0,0.0,0.0,0.0,0.0,0.0,24538.53344505599,0.0,24788.550319732996,0.0,0.0,0.0
2813,29,67555.7602,39871.949643638,0.0,39871.949643638,1221.308,0.0,593.212,24901.728880034007,0.0,74.364,0.0,0.0,0.0,0.0,0.0,893.197676327989,23598.325364710738,893.197676327989,27683.810556362005,9.7305,9.7305,9.7305
2814,30,69411.16021,38896.967840947,4116.4145451965005,38896.967840947,1221.308,4116.4145451965005,11.234999999999998,24906.49874044521,0.0,74.364,0.0,0.0,0.0,0.0,0.0,184.37208341129372,23404.249487435693,184.37208341129372,26397.7778238565,4.975000000000157,4.975000000000157,4.975000000000157
2815,31,71870.00735,36678.66740116,31666.885633798003,35806.985851924,392.90200000000004,14605.59962363083,0.0,21064.519874445174,0.0,0.0,0.0,0.0,0.0,0.0,0.0,0.0,23404.249487435693,0.0,21457.421874445172,0.0,0.0,0.0
2816,32,75587.18879,32890.181094087005,51109.662261313,18410.70532394736,0.0,39953.9424576075,0.0,17222.54100844514,0.0,0.0,0.0,0.0,0.0,0.0,0.0,0.0,23404.249487435693,0.0,17222.541008445136,0.0,0.0,0.0
2817,33,78981.92268,21333.558602777,64737.037462981,11951.275503154,693.8040000000001,52875.76407504431,0.0,13461.0791018017,0.0,0.0,0.0,0.0,0.0,0.0,0.0,0.0,23404.249487435693,0.0,14154.883101801694,0.0,0.0,0.0
2818,34,81199.80527,16481.003648246,70991.1056152875,16325.116548360998,357.17360054983965,54701.19131528749,0.0,9816.32380580167,0.0,0.0,0.0,0.0,0.0,0.0,0.0,0.0,23404.249487435693,0.0,10173.497406351511,0.0,0.0,0.0
2819,35,82441.2013,15263.060446761,74627.073261586,13259.905446761,1221.308,54227.32118143734,0.0,13658.302671801659,0.0,74.364,0.0,0.0,0.0,0.0,0.0,0.0,23404.249487435693,0.0,14953.974671801661,0.0,0.0,0.0
2820,36,82929.34783,18792.675642217,76000.07919286001,18792.675642217,1221.308,45340.71864998134,0.0,17500.28153780167,0.0,74.364,0.0,0.0,0.0,0.0,0.0,0.0,23404.249487435693,0.0,18795.95353780166,0.0,0.0,0.0
2821,37,83185.94756,20010.368494319,76329.15374022399,20010.368494319,1221.308,40614.40362252332,0.0,21265.503443157682,0.0,74.364,0.0,0.0,0.0,0.0,0.0,0.0,23404.249487435693,0.0,22561.175443157677,0.0,0.0,0.0
2822,38,83281.48376,17532.32809766,77548.271691719,17532.32809766,1221.308,39550.03132277108,0.0,24903.452339568907,0.0,74.364,0.0,0.0,0.0,0.0,0.0,0.0,23404.249487435693,0.0,26199.124339568916,0.0,0.0,0.0
2823,39,83236.74515,17654.924208908,73507.1871390325,17654.92420890972,1221.308,73507.1871390325,0.0,24952.817624537343,0.0,74.364,0.0,0.0,0.0,0.0,34173.85582247982,0.0,55869.41251879152,-34173.85582247982,-7925.366197942218,0.0,0.0,0.0
2824,40,83729.85176,19441.751791944,68061.469948017,19441.751791944,1221.308,68061.46994801857,0.0,24955.160295810543,0.0,74.364,0.0,0.0,0.0,0.0,30024.20227577332,0.0,84392.40468077618,-30024.20227577332,-3773.369979962561,0.0,0.0,0.0
2825,41,84304.68914,30305.420650378997,58135.385383856,30305.420650378997,1221.30800000183,58135.385383856,0.0,24960.082496621257,0.0,74.364,0.0,0.0,0.0,0.0,30391.871390858283,0.0,113264.68250209154,-30391.871390858283,-4136.116894234998,0.0,0.0,0.0
2826,42,84347.06446,36737.328939139,39673.574547388496,36737.328939139,1221.308,21348.846271240996,0.0,24965.217249619967,0.0,74.364,0.0,0.0,0.0,0.0,0.0,0.0,113264.68250209154,0.0,26260.88924962,0.0,0.0,0.0
2827,43,84641.87201,36602.58569263,17542.6359323,36602.58569263,1221.308,17542.6359323,0.0,24970.39711038888,0.0,74.364,0.0,0.0,0.0,0.0,0.0,4230.581274681133,108811.43905505877,4230.581274681133,30496.65038507001,3.218399999999742,3.218399999999742,3.218399999999742
2828,44,85737.74958,42765.8857428,0.0,42765.8857428,1221.308,0.0,593.212,24975.39523258759,28.499999999999996,74.364,0.0,0.0,0.0,1851.49975,0.0,14227.58485461244,93835.03394494041,14227.58485461244,42971.863837200006,16.242600000000266,16.242600000000266,16.242600000000266
2829,45,86168.67395,39659.319003438,0.0,39659.319003438,1221.308,0.0,593.212,24980.514812860307,0.0,74.364,0.0,0.0,0.0,0.0,0.0,19639.956133701693,73161.39590946495,19639.956133701693,46509.354946561994,9.73049999999974,9.73049999999974,9.73049999999974
2830,46,82503.76503,37479.49954172499,0.0,37479.49954172499,1221.308,0.0,593.212,24985.363544609507,0.0,74.364,0.0,0.0,0.0,0.0,0.0,18150.01794366541,54056.113863501356,18150.01794366541,45024.26548827501,9.730500000000259,9.730500000000259,9.730500000000259
2831,47,77259.46405,35967.411203442,0.0,35967.411203442,1221.308,0.0,593.212,24991.158058169734,28.5,74.364,0.0,0.0,0.0,1851.4997500000009,0.0,12532.011038388257,40864.523296776875,12532.011038388257,41292.05284655799,16.242600000000138,16.242600000000138,16.242600000000138
2832,48,72435.56179,36951.211240300996,0.0,36951.211240300996,1221.308,0.0,0.0,24995.80248594245,0.0,74.364,0.0,0.0,0.0,0.0,0.0,9192.876063756572,31187.81165071733,9192.876063756572,35484.35054969901,3.2183999999998605,3.2183999999998605,3.2183999999998605
2833,49,69067.8132,37502.785548092,0.0,37502.785548092,1221.308,0.0,593.212,25000.557166353647,0.0,74.364,0.0,0.0,0.0,0.0,0.0,4675.586485554356,26266.14166592327,4675.586485554356,31565.027651908007,9.730499999999886,9.730499999999886,9.730499999999886
2834,50,66893.62862,37245.770892182,0.0,37245.770892182,1221.308,0.0,593.2119999999503,25002.786622948555,0.0,74.364,0.0,0.0,0.0,0.0,0.0,2756.1871048694848,23364.89208185013,2756.1871048694848,29647.857727818002,9.730500000000113,9.730500000000113,9.730500000000113
2835,51,65615.28542,32323.394251542,0.0,32323.394251542,1221.308,0.0,593.212,25008.444505708787,0.0,74.364,0.0,0.0,0.0,0.0,0.0,6394.562662749245,16633.773489482504,6394.562662749245,33291.891168458,9.7305,9.7305,9.7305
2836,52,65046.27284,32506.804942656,0.0,32506.804942656,1221.308,0.0,593.2119999999982,25013.4381567815,0.0,74.364,0.0,0.0,0.0,0.0,0.0,5637.1457405625,10699.935867837765,5637.1457405625,32539.467897344,9.730500000000497,9.730500000000497,9.730500000000497
2837,53,65406.49555,29772.520451660002,0.0,29772.520451660002,1221.308,0.0,593.212,25018.4128177307,28.5,74.364,0.0,0.0,0.0,1851.4997500000009,0.0,6846.6785306093,3492.90583561745,6846.6785306093,35633.97509834,16.2426,16.2426,16.2426
2838,54,66191.63227,30614.503201896,5939.898707864,30614.503201896,1221.308,5939.898707864,0.0,25023.297816403414,0.0,74.364,0.0,0.0,0.0,0.0,0.0,3318.260543836578,0.0,3318.260543836578,29637.23036024,3.2183999999995017,3.2183999999995017,3.2183999999995017
2839,55,67937.5378,26883.950938814,33098.083708162994,8883.54039267336,852.594,33098.083708162994,0.0,25028.955699163642,0.0,74.364,0.0,0.0,0.0,0.0,0.0,0.0,0.0,0.0,25955.913699163655,0.0,0.0,0.0
2840,56,71406.66669,22926.096850250997,52582.165191482,20472.24115016817,884.2080000000001,25016.468690657,0.0,25033.74884917484,0.0,0.0,0.0,0.0,0.0,0.0,0.0,0.0,0.0,0.0,25917.95684917483,0.0,0.0,0.0
2841,57,75272.95376,17117.011603881998,65943.36769331401,16969.622441821255,447.243,32742.855894608998,0.0,25038.86842356975,0.0,74.364,0.0,0.0,0.0,0.0,0.0,0.0,0.0,0.0,25560.475423569755,0.0,0.0,0.0
2842,58,78107.61806,13638.072859823,71746.72834084499,13638.072859823,1221.308,38130.067395796534,0.0,25043.805804380467,0.0,74.364,0.0,0.0,0.0,0.0,0.0,0.0,0.0,0.0,26339.47780438046,0.0,0.0,0.0
2843,59,79726.50035,12221.440193701,74835.36215420901,12221.440193701,1221.308,41160.16944045783,0.0,25049.218715841176,0.0,74.364,0.0,0.0,0.0,0.0,0.0,0.0,0.0,0.0,26344.890715841175,0.0,0.0,0.0
2844,60,81040.204,11850.766495356,75830.97909880601,5390.943601041,1168.4080000000004,67776.85022704952,0.0,25051.250798851892,0.0,74.364,0.0,0.0,0.0,0.0,18421.612626942457,0.0,17500.531995595335,-18421.612626942457,7872.410171909476,0.0,0.0,0.0
2845,61,81795.55814,13745.976545786001,75753.143651637,13745.976545786001,1221.3080000015934,75753.143651637,0.0,25056.370379124608,0.0,74.364,0.0,0.0,0.0,0.0,34055.60443654943,0.0,49853.35621031729,-34055.60443654943,-7703.562057423012,0.0,0.0,0.0
2846,62,82818.17142,16765.992705083998,76834.83724155201,16765.992705083998,1221.308,76834.83724155375,0.0,25061.326899935808,0.0,74.364,0.0,0.0,0.0,0.0,37139.65742657379,0.0,85136.03076556239,-37139.65742657379,-10782.658526637751,0.0,0.0,0.0
2847,63,83819.58533,17454.6835953,72714.954492113,17454.683595299997,1221.308,72714.95449211473,0.0,25066.845162696034,0.0,74.364,0.0,0.0,0.0,0.0,32712.569920111026,0.0,116212.97218966787,-32712.569920111026,-6350.052757414727,0.0,0.0,0.0
2848,64,84932.47411,14079.014809984,67963.382989873,14079.014809985623,1221.308,67963.382989873,0.0,25071.73015409474,0.0,74.364,0.0,0.0,0.0,0.0,23477.3258439536,0.0,138516.4317414238,-23477.3258439536,2890.0763101413613,0.0,0.0,0.0
2849,65,86053.63739,18759.500806168002,58041.499904478,18759.500806168002,1221.308,40921.90087659186,0.0,25076.563707240144,0.0,74.364,0.0,0.0,0.0,0.0,0.0,0.0,138516.4317414238,0.0,26372.235707240143,0.0,0.0,0.0
2850,66,86542.51042,18516.352095255,40151.8337029595,18403.41775086564,979.6360000000001,40151.8337029595,0.0,25081.759216174858,0.0,74.364,0.0,0.0,0.0,1851.499749999999,0.0,0.0,138516.4317414238,0.0,27987.258966174864,0.0,0.0,0.0
2851,67,87336.04956,19042.84950639,17376.037692004502,19042.84950639,1221.308,17376.037692004502,593.212,25087.35635027308,28.5,74.364,0.0,0.0,0.0,3702.999499999998,0.0,20209.422511332417,117243.35541370546,20209.422511332417,50917.16236160549,16.2426000000001,16.2426000000001,16.2426000000001
2852,68,88625.67053,20152.994297952002,0.0,20152.994297952002,1221.308,0.0,593.212,25092.54357068428,50.0,74.364,0.0,0.0,0.0,5554.499249999999,0.0,35886.74941136372,79467.82971753311,35886.74941136372,68472.676232048,16.24260000000014,16.24260000000014,16.24260000000014
2853,69,88419.633,25564.615956651003,0.0,25564.615956651003,1221.308,0.0,593.212,25097.324663691194,50.0,74.364,0.0,0.0,0.0,7405.998999999997,0.0,28412.809379657825,49559.60931789329,28412.809379657825,62855.017043349,16.24259999999975,16.24259999999975,16.24259999999975
2854,70,83234.64607,32899.343708008,0.0,32899.343708008,1221.308,0.0,593.212,25099.088853755704,50.0,74.364,0.0,0.0,0.0,5554.499250000003,0.0,17742.830258236303,30882.945888170885,17742.830258236303,50335.302361992006,16.2426,16.2426,16.2426
2855,71,76550.90217,36528.958491733996,0.0,36528.958491733996,1221.308,0.0,593.2119999999702,25104.77942721593,28.499999999999996,74.364,0.0,0.0,0.0,3702.999500000001,0.0,9296.780751050097,21096.860887065523,9296.780751050097,40021.943678266005,16.2426,16.2426,16.2426
2856,72,71328.1283,38135.881948015,0.0,38135.881948015,1221.308,0.0,169.95,25109.62816036133,0.0,74.364,0.0,0.0,0.0,1851.49975,0.0,4765.49644162369,16080.54884325111,4765.49644162369,33192.246351985,6.320000000000988,6.320000000000988,6.320000000000988
2857,73,68166.41683,38268.19359575301,0.0,38268.19359575301,1221.308,0.0,0.0,25114.747740634048,0.0,74.364,0.0,0.0,0.0,0.0,0.0,3487.8034936129607,12409.176744711152,3487.8034936129607,29898.223234246994,0.11679999999901014,0.11679999999901014,0.11679999999901014
2858,74,66318.14277,42600.692801079,0.0,42600.69280108031,1221.308,0.0,0.0,25119.745862832755,0.0,74.364,0.0,0.0,0.0,0.0,2697.967893913359,0.0,14972.246243928843,-2697.967893913359,23717.449968919696,0.0,0.0,0.0
2859,75,65604.02006,39233.94634804901,0.0,39233.94634804901,1221.308,0.0,0.0,25125.225262605476,0.0,74.364,0.0,0.0,0.0,0.0,50.82355065640468,0.0,15020.528617052427,-50.82355065640468,26370.073711950987,0.0,0.0,0.0
2860,76,66571.29446,38287.022840335,0.0,38287.022840335,1221.308,0.0,0.0,25130.08377207819,0.0,74.364,0.0,0.0,0.0,0.0,0.0,1858.515847586813,13064.196145908414,1858.515847586813,28284.271619665007,3.218399999999871,3.218399999999871,3.218399999999871
2861,77,69839.03262,36768.311707224,0.0,36768.311707224,1221.308,0.0,593.212,25135.066714276898,28.499999999999996,74.364,0.0,0.0,0.0,1851.499749999999,0.0,4166.770448499115,8678.121989593556,4166.770448499115,33070.720912776,16.242600000000127,16.242600000000127,16.242600000000127
2862,78,75374.79877,32608.878498086,5612.707806312001,32608.878498086,1221.308,5612.707806312001,593.212,25140.11282548809,28.5,74.364,0.0,0.0,0.0,1851.4997500000145,0.0,8244.21589011388,0.0,8244.21589011388,37153.212465601995,16.242600000000113,16.242600000000113,16.242600000000113
2863,79,80578.75182,30471.331448032997,32391.751561407502,30471.331448032997,1221.308,26509.836913384534,0.0,22301.911458582494,0.0,74.364,0.0,0.0,0.0,0.0,0.0,0.0,0.0,0.0,23597.58345858247,0.0,0.0,0.0
2864,80,85061.63568,28591.616849283,51745.500197305,24562.648049283,1221.308,39601.828322672336,0.0,19601.487308044663,0.0,74.364,0.0,0.0,0.0,0.0,0.0,0.0,0.0,0.0,20897.15930804467,0.0,0.0,0.0
2865,81,87910.0796,33940.417857456996,64021.276399200004,33940.417857456996,1221.308,31111.703163576596,0.0,21562.286578966403,0.0,74.364,0.0,0.0,0.0,0.0,0.0,0.0,0.0,0.0,22857.958578966405,0.0,0.0,0.0
2866,82,90239.12324,40525.439710502,69225.5373671495,40525.439710502,1221.308,29518.999646909986,0.0,18899.011882588038,0.0,74.364,0.0,0.0,0.0,0.0,0.0,0.0,0.0,0.0,20194.68388258801,0.0,0.0,0.0
2867,83,92018.04659,45697.586060435,72644.4312053935,14792.76395,189.854,58661.585506085634,0.0,18299.479133914345,0.0,74.364,0.0,0.0,0.0,0.0,0.0,0.0,0.0,0.0,18563.697133914357,0.0,0.0,0.0
2868,84,94096.78326,49007.660142609995,72858.781854862,34715.411699820004,358.371,42898.063635080674,0.0,16050.572925099346,0.0,74.364,0.0,0.0,0.0,0.0,0.0,0.0,0.0,0.0,16483.307925099318,0.0,0.0,0.0
2869,85,95313.14839,56495.559453758004,72386.82148365151,56495.559453758004,1221.308,21962.900856259854,0.0,15559.01607998214,0.0,74.364,0.0,0.0,0.0,0.0,0.0,0.0,0.0,0.0,16854.688079982145,0.0,0.0,0.0
2870,86,96114.59351,55530.647853090006,73837.1857502335,55530.647853090006,811.8240000000001,27257.1306617206,0.0,12440.626995189414,0.0,74.364,0.0,0.0,0.0,0.0,0.0,0.0,0.0,0.0,13326.814995189401,0.0,0.0,0.0
2871,87,96354.04349,58194.140404945996,69941.5243016225,58194.140404945996,476.60999999999996,22692.434461009598,0.0,14990.85862404438,0.0,0.0,0.0,0.0,0.0,0.0,0.0,0.0,0.0,0.0,15467.468624044403,0.0,0.0,0.0
2872,88,96755.46726,67557.648397384,64145.76965508749,67557.648397384,129.06,11504.93589148398,0.0,17563.822971132027,0.0,0.0,0.0,0.0,0.0,0.0,0.0,0.0,0.0,0.0,17692.882971132032,0.0,0.0,0.0
2873,89,96515.98372,70213.34130644299,54271.58803347601,19666.534756864952,1221.308,54271.58803347601,0.0,21356.55292965904,0.0,0.0,0.0,0.0,0.0,0.0,0.0,0.0,0.0,0.0,22577.860929659037,0.0,0.0,0.0
2874,90,95551.73299,67424.842906201,36121.243988332,67424.842906201,1034.5010000000002,17743.78426851837,0.0,25198.531795659055,0.0,74.364,0.0,0.0,0.0,0.0,15924.290980378424,0.0,15128.076431359503,-15924.290980378424,10383.105815280636,0.0,0.0,0.0
2875,91,95122.55476,62872.908599256996,13753.009908574499,62872.908599256996,1087.893,5886.50393077702,0.0,25200.88522996597,0.0,74.364,0.0,0.0,0.0,0.0,0.0,0.0,15128.076431359503,0.0,26363.142229965983,0.0,0.0,0.0
2876,92,95867.33683,58962.355293862,2.20395,58962.355293862,1221.308,2.20395,593.212,25206.080730230486,28.499999999999996,74.364,0.0,0.0,0.0,1851.49975,0.0,7927.813105907515,6783.010004088435,7927.813105907515,36902.777586138,16.242600000000103,16.242600000000103,16.242600000000103
2877,93,95056.31858,63132.630550897,0.0,63132.630550897,1221.308,0.0,593.212,25211.002932437394,0.0,74.364,0.0,0.0,0.0,0.0,0.0,4823.801096665613,1705.3246391772664,4823.801096665613,31923.688029103003,9.730500000000042,9.730500000000042,9.730500000000042
2878,94,89106.41447,60381.385850032995,0.0,60381.385850032995,1221.308,0.0,593.2119999999999,25216.086212748596,0.0,74.364,0.0,0.0,0.0,0.0,0.0,1620.058407218404,0.0,1620.058407218404,28725.028619967008,9.7305,9.7305,9.7305
2879,95,81581.56862,61293.035956923006,0.0,58551.467856111,1059.8766137404532,0.0,0.0,21895.860150148554,0.0,74.364,0.0,0.0,0.0,0.0,0.0,0.0,0.0,0.0,23030.100763889008,0.0,0.0,0.0
2880,96,75570.22457,61495.040310057,0.0,55673.984624051474,1221.308,0.0,0.0,18600.567945948544,0.0,74.364,0.0,0.0,0.0,0.0,0.0,0.0,0.0,0.0,19896.23994594853,0.0,0.0,0.0
2881,1,71805.24313,61039.313098563005,0.0,59609.504960149025,1221.308,0.0,0.0,10900.066169850985,0.0,74.364,0.0,0.0,0.0,0.0,0.0,0.0,0.0,0.0,12195.738169850978,0.0,0.0,0.0
2882,2,69465.90499,60709.382152537,0.0,56310.756052785,1181.5481076514204,0.0,0.0,11899.236829563579,0.0,74.364,0.0,0.0,0.0,0.0,0.0,0.0,0.0,0.0,13155.148937214995,0.0,0.0,0.0
2883,3,68716.43744,57504.543645265,0.0,52329.1013810594,1221.308,0.0,0.0,15091.664058940592,0.0,74.364,0.0,0.0,0.0,0.0,0.0,0.0,0.0,0.0,16387.336058940593,0.0,0.0,0.0
2884,4,69564.39457,49750.632955014,0.0,49750.632955014,1221.308,0.0,0.0,18518.089614986005,0.0,74.364,0.0,0.0,0.0,0.0,0.0,0.0,0.0,0.0,19813.761614986004,0.0,0.0,0.0
2885,5,72702.41962,52224.164755007005,0.0,52224.164755007005,1221.308,0.0,0.0,19182.58286499301,0.0,74.364,0.0,0.0,0.0,0.0,0.0,0.0,0.0,0.0,20478.254864992996,0.0,0.0,0.0
2886,6,78347.18381,52501.241199391996,3701.912698959,52501.241199391996,456.7409425230701,3687.534548959,0.0,21627.303119125932,0.0,74.364,0.0,0.0,0.0,0.0,0.0,0.0,0.0,0.0,22158.408061649006,0.0,0.0,0.0
2887,7,83717.42476,52889.675052996005,26928.498501667502,52060.432444237005,1221.308,7124.358400000001,0.0,23311.32591576298,0.0,0.0,0.0,0.0,0.0,0.0,0.0,0.0,0.0,0.0,24532.63391576299,0.0,0.0,0.0
2888,8,87512.39934,46753.238542039006,44844.527258169,17367.194898827,666.722,44837.743632359074,0.0,24566.37480881393,0.0,74.364,0.0,0.0,0.0,0.0,0.0,0.0,0.0,0.0,25307.46080881393,0.0,0.0,0.0
2889,9,89427.09466,47030.664696652,59838.678579237014,20938.054649715,241.672,46076.054922038165,0.0,22171.31308824683,0.0,0.0,0.0,0.0,0.0,0.0,0.0,0.0,0.0,0.0,22412.985088246845,0.0,0.0,0.0
2890,10,90743.48228,50491.534991311,66064.724295518,42634.454691310995,1221.308,28049.79291578194,0.0,18837.926672907044,0.0,0.0,0.0,0.0,0.0,0.0,0.0,0.0,0.0,0.0,20059.23467290706,0.0,0.0,0.0
2891,11,91952.5583,43518.565850735,70811.567954882,39162.13195785326,1221.308,34952.607608227,0.0,16542.146733919766,0.0,74.364,0.0,0.0,0.0,0.0,0.0,0.0,0.0,0.0,17837.818733919747,0.0,0.0,0.0
2892,12,92742.50391,47477.652392495,73241.318800747,45870.00673163004,1221.308,70147.789000747,0.0,15248.508732737278,0.0,0.0,0.0,0.0,0.0,0.0,39745.10855511434,0.0,37757.85312735862,-39745.10855511434,-23275.29182237704,0.0,0.0,0.0
2893,13,93306.43145,44706.709260552,72433.9449392525,21045.766157591628,0.0,56374.4050892525,0.0,15886.26020315586,0.0,0.0,0.0,0.0,0.0,0.0,0.0,0.0,37757.85312735862,0.0,15886.260203155878,0.0,0.0,0.0
2894,14,93835.09569,48145.959107372,70549.6114581805,20233.602301401,0.0,55120.97322873069,0.0,18480.520159868316,0.0,0.0,0.0,0.0,0.0,0.0,0.0,0.0,37757.85312735862,0.0,18480.520159868312,0.0,0.0,0.0
2895,15,93995.76994,53882.797156908004,67767.772364598,37009.07972143703,1221.308,37102.586606805,0.0,18662.795611757938,0.0,0.0,0.0,0.0,0.0,0.0,0.0,0.0,37757.85312735862,0.0,19884.103611757964,0.0,0.0,0.0
2896,16,93923.4532,52139.993858636,63008.746811068,50545.62166832778,1188.098,20718.964313382497,0.0,21470.769218289726,0.0,0.0,0.0,0.0,0.0,0.0,0.0,0.0,37757.85312735862,0.0,22658.867218289724,0.0,0.0,0.0
2897,17,93660.50958,55699.080740034995,48170.337555939506,55699.08074003632,1221.308,48170.337555939506,0.0,25307.39031547923,0.0,74.364,0.0,0.0,0.0,0.0,36811.971031455294,0.0,72729.22560724115,-36811.971031455294,-10208.908715975827,0.0,0.0,0.0
2898,18,93092.3643,57671.631008641,32740.8834536635,57671.631008641,1221.308,32740.8834536635,0.0,25312.270625351943,0.0,74.364,0.0,0.0,0.0,0.0,23928.092787656493,0.0,95460.91375551482,-23928.092787656493,2679.8498376954994,0.0,0.0,0.0
2899,19,93383.69846,50475.264846761,12818.2952057685,50475.264846761,1221.308,12818.2952057685,0.0,25318.065138912167,0.0,74.364,0.0,0.0,0.0,0.0,0.0,3476.401268558302,91801.54399913766,3476.401268558302,30090.138407470502,0.0,0.0,0.0
2900,20,94752.41416,48046.097490659005,3.1485,48046.097490659005,1221.308,3.1485,593.212,25323.05498125757,28.499999999999996,74.364,0.0,0.0,0.0,1851.49975,0.0,17611.229438083436,73263.40774852352,17611.229438083436,46703.16816934099,16.242600000000046,16.242600000000046,16.242600000000046
2901,21,94531.05913,46009.51989908,0.0,46009.51989908,1221.308,0.0,593.212,25327.75720153028,50.0,74.364,0.0,0.0,0.0,3702.999500000001,0.0,17551.89852938971,54787.72508600804,17551.89852938971,48521.539230919996,16.2426,16.2426,16.2426
2902,22,88851.70863,48152.02569522699,0.0,48152.02569522699,1221.308,0.0,593.212,25332.59900009479,28.499999999999996,74.364,0.0,0.0,0.0,1851.4997500000009,0.0,11598.200184678202,42579.09331266256,11598.200184678202,40699.682934773,16.16729999999995,16.16729999999995,16.16729999999995
2903,23,81688.79521,49732.771650488,0.0,49732.771650488,1221.308,0.0,0.0,25338.24860300171,0.0,74.364,0.0,0.0,0.0,0.0,0.0,5322.102956510281,36976.87967423069,5322.102956510281,31956.023559511996,0.0,0.0,0.0
2904,24,75729.86844,49727.209604626994,0.0,49713.518155026984,1215.179999999999,0.0,0.0,24726.80628497302,0.0,74.364,0.0,0.0,0.0,0.0,0.0,0.0,36976.87967423069,0.0,26016.35028497302,0.0,0.0,0.0
2905,25,72341.70778,49060.667942899,0.0,46111.32633238885,882.2170000000001,0.0,0.0,25348.164447611132,0.0,0.0,0.0,0.0,0.0,0.0,0.0,0.0,36976.87967423069,0.0,26230.381447611144,0.0,0.0,0.0
2906,26,70405.66338,49751.248400256,0.0,43901.978900336006,1119.662,0.0,0.0,25350.507118884336,0.0,33.51536077965443,0.0,0.0,0.0,0.0,0.0,0.0,36976.87967423069,0.0,26503.684479663993,0.0,0.0,0.0
2907,27,69649.08656,45896.00559423399,0.0,45757.206994114,1012.3190000000001,0.0,0.0,22805.85645136603,0.0,73.70411451999439,0.0,0.0,0.0,0.0,0.0,0.0,36976.87967423069,0.0,23891.879565885996,0.0,0.0,0.0
2908,28,70402.25399,48164.910093417006,0.0,47249.896343348555,490.947,0.0,0.0,22587.04664665146,0.0,74.364,0.0,0.0,0.0,0.0,0.0,0.0,36976.87967423069,0.0,23152.357646651442,0.0,0.0,0.0
2909,29,73755.41485,50209.492394577006,0.0,47156.51516927151,1158.7310000000002,0.0,0.0,25365.804680728477,0.0,74.364,0.0,0.0,0.0,0.0,0.0,0.0,36976.87967423069,0.0,26598.899680728493,0.0,0.0,0.0
2910,30,79230.1557,49548.817058844994,3700.109096295,48949.07131024357,1221.308,3700.109096295,0.0,25285.303293461384,0.0,74.364,0.0,0.0,0.0,0.0,0.0,0.0,36976.87967423069,0.0,26580.975293461433,0.0,0.0,0.0
2911,31,84460.24206,44633.427348745005,27645.053796531996,40195.5516117264,888.5780000000001,17999.716988252,0.0,25376.395460021606,0.0,0.0,0.0,0.0,0.0,0.0,0.0,0.0,36976.87967423069,0.0,26264.973460021607,0.0,0.0,0.0
2912,32,87926.283,42008.418090823994,46040.662290618,18527.550950008,291.7095801416669,43651.575390617996,0.0,25381.083079232325,0.0,74.364,0.0,0.0,0.0,0.0,0.0,0.0,36976.87967423069,0.0,25747.15665937399,0.0,0.0,0.0
2913,33,89535.86683,40372.083608671,61367.95554363649,39849.529258105475,130.876,24169.249643689,0.0,25386.211928205525,0.0,0.0,0.0,0.0,0.0,0.0,0.0,0.0,36976.87967423069,0.0,25517.087928205525,0.0,0.0,0.0
2914,34,90927.39823,39195.939847296,68532.10340281151,10670.653299078,25.641,58016.06996734181,0.0,22215.033963580176,0.0,0.0,0.0,0.0,0.0,0.0,0.0,0.0,36976.87967423069,0.0,22240.674963580197,0.0,0.0,0.0
2915,35,91974.9481,25688.425847628998,72002.29560373799,23657.843647629,1020.292,41900.285988398304,0.0,25396.526463972667,0.0,0.0,0.0,0.0,0.0,0.0,0.0,0.0,36976.87967423069,0.0,26416.818463972682,0.0,0.0,0.0
2916,36,92742.52627,27382.513354051003,73174.589275265,27382.513354051003,1221.3080000014716,73174.589275265,0.0,25398.808386583867,0.0,74.364,0.0,0.0,0.0,0.0,34509.05674590156,0.0,69760.48358283716,-34509.05674590156,-7814.576359315994,0.0,0.0,0.0
2917,37,92915.12575,29681.312694055996,72792.7018224225,29681.312694055996,1221.308,72792.70182242409,0.0,25403.673509182576,0.0,74.364,0.0,0.0,0.0,0.0,36258.23427566285,0.0,104205.80614471687,-36258.23427566285,-9558.888766480079,0.0,0.0,0.0
2918,38,93563.52893,32713.060796685997,68813.9222474925,32713.060796685997,1221.308,68813.92224749397,0.0,25408.558507855294,0.0,74.364,0.0,0.0,0.0,0.0,34667.68462203549,0.0,137140.1065356506,-34667.68462203549,-7963.454114179971,0.0,0.0,0.0
2919,39,93739.66867,33607.633542654,65869.52309723801,21412.558265409974,1202.183,45636.355302498,0.0,25414.208102092005,0.0,74.364,0.0,0.0,0.0,0.0,0.0,0.0,137140.1065356506,0.0,26690.75510209203,0.0,0.0,0.0
2920,40,93481.20842,35186.446141488996,60404.48739007601,30221.69517199828,1221.308,36544.713887775,0.0,25419.127360226717,0.0,74.364,0.0,0.0,0.0,0.0,0.0,0.0,137140.10653565056,0.0,26714.799360226723,0.0,0.0,0.0
2921,41,93157.03179,34032.1643542,50119.725486851494,34032.1643542,1221.308,50119.72548685314,0.0,25424.105824025428,0.0,74.364,0.0,0.0,0.0,0.0,17714.63587507877,0.0,153969.0106169754,-17714.63587507877,9005.141948946854,0.0,0.0,0.0
2922,42,92410.33203,38382.247846284,31800.226644211503,38382.247846284,1221.308,31800.226644213002,0.0,25429.095666370824,0.0,74.364,0.0,0.0,0.0,1851.4997499999627,6348.409876867987,0.0,160000.0,-6348.409876867987,22227.857539503002,0.0,0.0,0.0
2923,43,92446.99352,39585.557852303005,10798.452987953999,39585.557852303005,1221.308,10798.452987953999,593.212,25434.64042560506,28.499999999999996,74.364,0.0,0.0,0.0,3702.999499999962,0.0,11007.958754137973,148412.67499564425,11007.958754137973,42062.982679743,16.2426,16.2426,16.2426
2924,44,94143.88336,34087.721305082996,0.0,34087.721305082996,1221.308,0.0,593.212,25439.497438603765,50.0,74.364,0.0,0.0,0.0,5554.49925,0.0,27123.28136631324,119861.85250478818,27123.28136631324,60056.16205491701,16.2426,16.2426,16.2426
2925,45,94087.46585,32710.064249682,0.0,32710.064249682,1221.308,0.0,593.212,25444.56553891496,50.0,74.364,0.0,0.0,0.0,7405.999,0.0,26587.953061403026,91874.533492785,26587.953061403026,61377.40160031799,16.2426,16.2426,16.2426
2926,46,88502.70789,38137.69240958,0.0,38137.69240958,1221.308,0.0,593.212,25446.597621925677,50.0,74.364,0.0,0.0,0.0,7405.999,0.0,15573.534858494322,75481.33890489624,15573.534858494322,50365.01548042001,16.2426,16.2426,16.2426
2927,47,81438.73475,40235.429058829,0.0,40235.429058829,1221.308,0.0,593.212,25451.97477548591,50.0,74.364,0.0,0.0,0.0,7405.999,0.0,6406.447915685105,68737.70951996456,6406.447915685105,41203.305691171,16.2426,16.2426,16.2426
2928,48,75557.35126,39301.922853065,0.0,39301.922853065,1221.308,0.0,593.212,25456.97298295911,28.499999999999996,74.364,0.0,0.0,0.0,5554.499249999998,0.0,3326.572173975899,65236.054599989926,3326.572173975899,36255.428406934996,11.932000000000272,11.932000000000272,11.932000000000272
2929,49,72135.26752,37401.635946801,0.0,37401.635946801,1221.308,0.0,385.1934368943779,25461.89518516602,0.0,74.364,0.0,0.0,0.0,3702.999499999998,0.0,3887.8714511385715,61143.558335633534,3887.8714511385715,34733.631573198996,7.529,7.529,7.529
2930,50,70248.54813,34714.239699968,0.0,34714.239699968,1221.308,0.0,593.212,25466.88882896473,0.0,74.364,0.0,0.0,0.0,1851.4997499999963,0.0,6327.0358510672795,54483.52059766798,6327.0358510672795,35534.308430032,9.7305,9.7305,9.7305
2931,51,69360.24846,32653.832449499005,0.0,32653.832449499005,1221.308,0.0,0.0,25472.599179137447,0.0,74.364,0.0,0.0,0.0,0.0,0.0,9938.144831363505,44022.315512022185,9938.144831363505,36706.416010500994,0.0,0.0,0.0
2932,52,70033.91407,30587.237139466004,0.0,30587.237139466004,1221.308,0.0,593.212,25477.733932136158,28.5,74.364,0.0,0.0,0.0,1851.4997500000009,0.0,10200.059248397843,33285.41104002445,10200.059248397843,39446.676930534,16.16729999999981,16.16729999999981,16.16729999999981
2933,53,73173.4059,30031.810303212,0.2669,30031.810303212,1221.308,0.2669,593.212,25482.656132946875,50.0,74.364,0.0,0.0,0.0,3702.999500000001,0.0,12016.789063841134,20636.159393875892,12016.789063841134,43141.328696788,16.242600000000206,16.242600000000206,16.242600000000206
2934,54,78306.05975,26899.035451339,4397.338335815,26899.035451339,1221.308,4397.338335815,593.212,25487.12376434558,28.5,74.364,0.0,0.0,0.0,1851.4997500000009,0.0,17753.67844850041,1948.076816507043,17753.67844850041,47009.68596284599,16.2426,16.2426,16.2426
2935,55,83495.25083,25489.086655633997,29366.787704704,25489.086655633997,1221.308,29366.787704704,0.0,25493.031493980296,0.0,74.364,0.0,0.0,0.0,0.0,0.0,1850.672975681691,0.0,1850.672975681691,28639.37646966201,0.0,0.0,0.0
2936,56,87581.94873,20462.424698339004,49265.7068831185,20424.689948339004,575.729,41009.73807667379,0.0,25497.4277049872,0.0,74.364,0.0,0.0,0.0,0.0,0.0,0.0,0.0,0.0,26147.52070498721,0.0,0.0,0.0
2937,57,89941.07664,19675.30970899,61940.60760710049,13152.620959014,345.466,50868.66428930008,0.0,25499.96139168592,0.0,74.364,0.0,0.0,0.0,0.0,0.0,0.0,0.0,0.0,25919.79139168591,0.0,0.0,0.0
2938,58,91835.71993,26275.370393187997,67571.78228385799,24310.465893187997,844.662,41175.64080417685,0.0,25504.951232635125,0.0,0.0,0.0,0.0,0.0,0.0,0.0,0.0,0.0,0.0,26349.613232635158,0.0,0.0,0.0
2939,59,93103.81605,25154.877701909,70542.88666602051,25154.877701909,1221.308,41142.70961483364,0.0,25510.55673325735,0.0,74.364,0.0,0.0,0.0,0.0,0.0,0.0,0.0,0.0,26806.228733257347,0.0,0.0,0.0
2940,60,93917.41402,32842.66009101101,71722.70570579999,30697.066968411942,829.8820000000001,36875.112046719994,0.0,25515.353004868062,0.0,0.0,0.0,0.0,0.0,0.0,0.0,0.0,0.0,0.0,26345.23500486806,0.0,0.0,0.0
2941,61,94433.96276,32137.973348872005,72694.69780147799,5040.593099975,1010.1830000000001,62788.57386554571,0.0,25520.248794479267,0.0,74.364,0.0,0.0,0.0,0.0,0.0,0.0,0.0,0.0,26604.795794479287,0.0,0.0,0.0
2942,62,95173.63734,34918.060646329,74596.1376325575,30586.451946329,1171.1722600425041,38957.341684515,0.0,24384.30744911351,0.0,74.364,0.0,0.0,0.0,0.0,0.0,0.0,0.0,0.0,25629.843709155997,0.0,0.0,0.0
2943,63,94884.00242,33133.430647993,71119.5729544225,6077.28645021,683.8420000000001,62517.56259968159,0.0,25530.947370108406,0.0,74.364,0.0,0.0,0.0,0.0,0.0,0.0,0.0,0.0,26289.15337010842,0.0,0.0,0.0
2944,64,94842.87564,43956.685507781,66534.6653940435,21241.143298795003,196.484,50228.82573928538,0.0,23102.058601919598,0.0,74.364,0.0,0.0,0.0,0.0,0.0,0.0,0.0,0.0,23372.906601919625,0.0,0.0,0.0
2945,65,94963.89961,59779.614247148,56318.900746247484,58585.086247148,1221.308,26076.458869799935,0.0,21707.07642267849,0.0,74.364,0.0,0.0,0.0,0.0,12700.39392962642,0.0,12065.374233145098,-12700.39392962642,10302.354493052058,0.0,0.0,0.0
2946,66,94030.14725,67286.28335630099,39485.49834496799,35827.31974035346,0.0,32581.786044968,0.0,25546.677464678538,0.0,74.364,0.0,0.0,0.0,0.0,0.0,0.0,12065.374233145098,0.0,25621.041464678536,0.0,0.0,0.0
2947,67,93944.69379,65751.274000954,17931.322801644503,53280.590996408275,418.92199999999997,14622.289946301998,0.0,25548.52684728974,0.0,74.364,0.0,0.0,0.0,0.0,0.0,0.0,12065.374233145098,0.0,26041.81284728973,0.0,0.0,0.0
2948,68,95142.21127,68013.124645372,7.03165,68013.124645372,1221.308,7.03165,26.917,25553.36028800046,0.0,74.364,0.0,0.0,0.0,0.0,0.0,246.10568662678497,11806.315615643218,246.10568662678497,27122.054974628005,5.3230000000527955,5.3230000000527955,5.3230000000527955
2949,69,94890.55114,64066.46934783301,0.0,64066.46934783301,1221.308,0.0,593.2119999744616,25558.479860999167,0.0,74.364,0.0,0.0,0.0,4.397392942318466e-8,0.0,3376.717931148595,8251.87568811838,3376.717931148595,30824.081792166988,9.730500000231102,9.730500000231102,9.730500000231102
2950,70,89421.76191,56913.65944039,0.0,56913.659440389994,1221.308,0.0,593.2119999894926,25563.81452037188,0.0,74.364,0.0,0.0,0.0,2.1769248280783462e-8,0.0,5055.403949226855,2930.3978468269543,5055.403949226855,32508.102469610007,9.73050000002597,9.73050000002597,9.73050000002597
2951,71,82487.71621,52549.554740266,0.0,52549.554740266,1221.308,0.0,593.211999993202,25568.934102040796,0.0,74.364,0.0,0.0,0.0,0.0,0.0,2480.343367700002,319.5100913532681,2480.343367700002,29938.161469733997,9.730499999974027,9.730499999974027,9.730499999974027
2952,72,76488.93781,49288.942747637,0.0,49288.942747637,1221.308,0.0,26.91699999985909,25573.871475577504,0.0,74.364,0.0,0.0,0.0,0.0,0.0,303.5345867856047,0.0,303.5345867856047,27199.995062363007,5.322999999996884,5.322999999996884,5.322999999996884
2953,73,72662.97504,48472.999892427,0.0,45862.81709334977,1221.308,0.0,0.0,25578.849946650225,0.0,0.0,0.0,0.0,0.0,0.0,0.0,0.0,0.0,0.0,26800.157946650237,0.0,0.0,0.0
2954,74,70273.16135,47265.899942297,0.0,46623.685642517,587.4412620701357,0.0,0.0,23062.034445412857,0.0,0.0,0.0,0.0,0.0,0.0,0.0,0.0,0.0,0.0,23649.475707482998,0.0,0.0,0.0
2955,75,69883.78379,50273.39229149801,0.0,43663.59946297835,630.9920000000001,0.0,0.0,25589.192327021647,0.0,0.0,0.0,0.0,0.0,0.0,0.0,0.0,0.0,0.0,26220.18432702165,0.0,0.0,0.0
2956,76,70602.13991,50405.321451403,0.0,44315.59093190564,692.363,0.0,0.0,25594.185978094363,0.0,0.0,0.0,0.0,0.0,0.0,0.0,0.0,0.0,0.0,26286.54897809436,0.0,0.0,0.0
2957,77,73228.87219,52831.386693157,0.2669,47632.55610009443,0.0,0.0,0.0,25596.316089905566,0.0,0.0,0.0,0.0,0.0,0.0,0.0,0.0,0.0,0.0,25596.316089905566,0.0,0.0,0.0
2958,78,78139.91912,50379.093252007995,6185.646473481,45200.344952148,1085.9,6177.184382990012,0.0,25602.12578486199,0.0,74.364,0.0,0.0,0.0,0.0,0.0,0.0,0.0,0.0,26762.389784861996,0.0,0.0,0.0
2959,79,83734.12299,47837.411438993,32138.475999809,29657.389090023,262.032,28133.2899215783,0.0,25607.047978398692,0.0,74.364,0.0,0.0,0.0,0.0,0.0,0.0,0.0,0.0,25943.4439783987,0.0,0.0,0.0
2960,80,87950.17473,45345.195798163004,51169.38258602699,10773.65060026,325.907,51164.5127418301,0.0,25611.740387909893,0.0,74.364,0.0,0.0,0.0,0.0,0.0,0.0,0.0,0.0,26012.011387909894,0.0,0.0,0.0
2961,81,90171.43612,43134.612507951,64401.95602480399,20322.343849852,318.33799999999997,46358.96525330341,0.0,23097.4250168446,0.0,74.364,0.0,0.0,0.0,0.0,0.0,0.0,0.0,0.0,23490.12701684459,0.0,0.0,0.0
2962,82,91652.95906,41405.688046644,69813.97787687149,31712.104245262002,192.0,39274.29098939517,0.0,20474.56382534281,0.0,0.0,0.0,0.0,0.0,0.0,0.0,0.0,0.0,0.0,20666.56382534282,0.0,0.0,0.0
2963,83,92686.65999,40212.15450723,73942.566294234,38874.49950722999,1088.997,34571.99933971697,0.0,18076.800143053042,0.0,74.364,0.0,0.0,0.0,0.0,0.0,0.0,0.0,0.0,19240.16114305304,0.0,0.0,0.0
2964,84,93206.92735,39568.858154957,75655.41246002751,31670.98905469946,81.702,44374.13850338501,0.0,17080.097791915552,0.0,0.0,0.0,0.0,0.0,0.0,0.0,0.0,0.0,0.0,17161.79979191553,0.0,0.0,0.0
2965,85,93729.56093,40082.690394426005,76069.014379797,35148.90039332,796.258,41386.65689530297,0.0,16323.381641377027,0.0,74.364,0.0,0.0,0.0,0.0,0.0,0.0,0.0,0.0,17194.003641377036,0.0,0.0,0.0
2966,86,94457.10253,50956.309795425004,76023.92156332699,11531.034000156,1094.409,64979.43453332237,0.0,16852.224996521625,0.0,0.0,0.0,0.0,0.0,0.0,0.0,0.0,0.0,0.0,17946.63399652164,0.0,0.0,0.0
2967,87,94769.29566,60096.63693983699,73085.72839047501,59916.84928712305,418.922,18609.4784998725,0.0,15824.045873004428,0.0,0.0,0.0,0.0,0.0,0.0,0.0,0.0,0.0,0.0,16242.967873004454,0.0,0.0,0.0
2968,88,94672.99104,63271.459091848,68122.7584567675,12674.06234982,0.0,65013.276087604,0.0,16911.288602576013,0.0,74.364,0.0,0.0,0.0,0.0,0.0,0.0,0.0,0.0,16985.652602575996,0.0,0.0,0.0
2969,89,93965.36277,65093.524556995006,58604.6715530795,18981.841549976,692.363,53538.44325304799,0.0,20752.714966976026,0.0,0.0,0.0,0.0,0.0,0.0,0.0,0.0,0.0,0.0,21445.077966976016,0.0,0.0,0.0
2970,90,92563.28965,67825.169539558,40528.365512436,39258.402350000004,290.561,32229.4274517355,0.0,23257.774823975098,0.0,74.364,0.0,0.0,0.0,0.0,2547.2399757106073,0.0,2419.877976925077,-2547.2399757106073,21075.4598482645,0.0,0.0,0.0
2971,91,91729.28463,71593.200453943,18096.179593629,47481.255849999994,1087.7406611888468,17495.144393629,0.0,25665.143725182144,0.0,0.0,0.0,0.0,0.0,0.0,0.0,0.0,2419.877976925077,0.0,26752.884386371,0.0,0.0,0.0
2972,92,92189.6883,69830.06044036601,21.6197,68244.23619024201,1029.308,21.6197,0.0,22821.98572159203,0.0,72.53868816596105,0.0,0.0,0.0,0.0,0.0,0.0,2419.877976925077,0.0,23923.832409757986,0.0,0.0,0.0
2973,93,92799.98201,62937.145093429004,0.0,62937.145093429004,1221.308,0.0,593.212,25675.068838492054,0.0,74.364,0.0,0.0,0.0,0.0,0.0,2298.884078078823,0.0,2298.884078078823,29862.836916571003,9.73049999999986,9.73049999999986,9.73049999999986
2974,94,88659.08555,62720.152494616006,0.0,62715.21807740546,1158.7310000000002,0.0,0.0,24710.772472594545,0.0,74.364,0.0,0.0,0.0,0.0,0.0,0.0,0.0,0.0,25943.867472594546,0.0,0.0,0.0
2975,95,82792.12567,67484.232196761,0.0,56749.2637286974,358.371,0.0,0.0,25684.490941302593,0.0,0.0,0.0,0.0,0.0,0.0,0.0,0.0,0.0,0.0,26042.861941302595,0.0,0.0,0.0
2976,96,77140.8295,66651.35634699401,0.0,51376.07581006381,0.0,0.0,0.0,25690.389689936193,0.0,74.364,0.0,0.0,0.0,0.0,0.0,0.0,0.0,0.0,25764.753689936195,0.0,0.0,0.0
2977,1,73112.64909,57818.268098327,0.0,57818.268098327,1221.308,0.0,0.0,25695.524442934904,0.0,74.364,0.0,0.0,0.0,0.0,11696.815451261893,0.0,11111.9746786988,-11696.815451261893,15294.38099167301,0.0,0.0,0.0
2978,2,70595.35556,59121.44625511499,0.0,44897.139272096654,0.0,0.0,0.0,25698.216287903335,0.0,0.0,0.0,0.0,0.0,0.0,0.0,0.0,11111.974678698829,0.0,25698.216287903342,0.0,0.0,0.0
2979,3,69653.16857,58503.906308776015,0.0,43040.04365794,835.4985129454514,0.0,0.0,25703.26239911454,0.0,74.364,0.0,0.0,0.0,0.0,0.0,0.0,11111.974678698829,0.0,26613.124912059997,0.0,0.0,0.0
2980,4,69362.81216,54223.118494867995,0.0,54223.118494867995,1221.308,0.0,0.0,25708.245341313246,0.0,74.36399999665409,0.0,0.0,0.0,0.0,11864.223676177875,0.0,22382.98717106944,-11864.223676177875,15139.693665132007,0.0,0.0,0.0
2981,5,70218.77736,52436.184304511,0.8007,44431.30950921404,0.0,0.0,0.0,25713.10385078596,0.0,74.364,0.0,0.0,0.0,0.0,0.0,0.0,22382.987171069515,0.0,25787.46785078595,0.0,0.0,0.0
2982,6,72155.4526,50588.012393748,5944.0378151935,50588.012393748,1221.308,5944.037815193499,0.0,25718.559953684675,0.0,74.364,0.0,0.0,0.0,0.0,11390.829562626168,0.0,33204.275255564455,-11390.829562626168,15623.402391058502,0.0,0.0,0.0
2983,7,75019.9455,48386.410255571005,31944.674950491,48386.410255571005,1221.308,31944.674950491,0.0,25723.454143057388,0.0,74.364,0.0,0.0,0.0,0.0,32330.2658491194,0.0,63918.027812227716,-32330.2658491194,-5311.139706062004,0.0,0.0,0.0
2984,8,79058.51721,45342.101594407,51556.242938584,43931.51079507801,644.1320000000001,51556.242938584,0.0,22884.77521365608,0.0,41.856262681905235,0.0,0.0,0.0,0.0,40000.0,0.0,101918.02781222822,-40000.0,-16429.236523662003,0.0,0.0,0.0
2985,9,82356.84728,41569.47070419,65349.640851631004,37151.802004567515,52.9,65349.640851631004,0.0,19728.140423801477,0.0,74.364,0.0,0.0,0.0,0.0,40000.0,0.0,139918.02781222825,-40000.0,-20144.595576198517,0.0,0.0,0.0
2986,10,84756.57919,37687.050106760995,72854.565906097,36311.61004624102,869.065,29687.8712046625,0.0,17888.032939096473,0.0,0.0,0.0,0.0,0.0,0.0,0.0,0.0,139918.02781222825,0.0,18757.097939096486,0.0,0.0,0.0
2987,11,86071.1604,28805.175096998,75903.5724653185,28805.175096998,1221.308,35435.906567318496,0.0,20534.406735683497,0.0,74.364,0.0,0.0,0.0,0.0,0.0,0.0,139918.02781222982,0.0,21830.0787356835,0.0,0.0,0.0
2988,12,86697.93079,37976.331090812,76887.081943243,13370.202999951998,0.0,55469.35722352957,0.0,17858.370566518395,0.0,0.0,0.0,0.0,0.0,0.0,0.0,0.0,139918.02781222982,0.0,17858.370566518424,0.0,0.0,0.0
2989,13,86870.61836,36295.209139975996,76733.227936877,36295.209139975996,1221.308,34317.65245299436,0.0,15260.968276960806,0.0,0.0,0.0,0.0,0.0,0.0,224.51950993121136,0.0,140131.3213466644,-224.51950993121136,16257.756767029634,0.0,0.0,0.0
2990,14,87128.62623,40164.350459642,77674.854595491,16039.649499191,0.0,53925.01254141642,0.0,17163.96418939255,0.0,0.0,0.0,0.0,0.0,0.0,0.0,0.0,140131.32134666448,0.0,17163.964189392573,0.0,0.0,0.0
2991,15,87423.5635,37398.424503509,72279.19240585952,37398.424503509,976.4080000000001,32129.820962383303,0.0,16844.546034107705,0.0,74.364,0.0,0.0,0.0,0.0,0.0,0.0,140131.32134666448,0.0,17895.318034107702,0.0,0.0,0.0
2992,16,87632.02425,40748.842207448004,68518.926319762,40748.842207448004,1189.694,26832.871532612662,0.0,18786.252509939342,0.0,74.364,0.0,0.0,0.0,0.0,0.0,0.0,140131.32134666448,0.0,20050.310509939336,0.0,0.0,0.0
2993,17,87630.15785,47463.63390679,59936.0954997655,47463.63390679,917.0590000000001,19800.097272504132,0.0,19375.003670705868,0.0,74.364,0.0,0.0,0.0,0.0,0.0,0.0,140131.32134666448,0.0,20366.426670705874,0.0,0.0,0.0
2994,18,87049.96758,57096.141651950995,42168.943680408,29728.02813036307,0.0,37866.462680408,0.0,19381.112769228937,0.0,74.364,0.0,0.0,0.0,0.0,0.0,0.0,140131.32134666448,0.0,19455.476769228924,0.0,0.0,0.0
2995,19,86808.96311,59783.111746593,20994.179146623002,43535.818595753,259.60585918450573,20994.179146623002,0.0,21944.995508439497,0.0,74.364,0.0,0.0,0.0,0.0,0.0,0.0,140131.32134666448,0.0,22278.965367623994,0.0,0.0,0.0
2996,20,87204.0319,54057.697157214,26.447948773500002,54057.697157214,1221.308,26.447948773500002,593.212,25786.97437443954,28.499999999999996,74.364,0.0,0.0,0.0,1851.49975,0.0,3564.0286695729405,136379.71222079822,3564.0286695729405,33119.8867940125,16.24260000000013,16.24260000000013,16.24260000000013
2997,21,87858.74818,52975.988350173,0.0,52975.988350173,1221.308,0.0,593.212,25791.911749372448,28.499999999999996,74.364,0.0,0.0,0.0,1851.49975,0.0,5321.964330454543,130777.64450453068,5321.964330454543,34882.759829826995,16.242600000002216,16.242600000002216,16.242600000002216
2998,22,84252.86333,55411.612152814996,0.0,55411.612152814996,1221.308,0.0,0.0,25794.664418210967,0.0,74.364,0.0,0.0,0.0,0.0,0.0,1750.914758974033,128934.57633718959,1750.914758974033,28841.251177184997,3.218399999997283,3.218399999997283,3.218399999997283
2999,23,79324.38072,55296.626558391006,0.0,52702.70870864101,747.8473201411098,0.0,0.0,25799.460691217886,0.0,74.364,0.0,0.0,0.0,0.0,0.0,0.0,128934.57633718959,0.0,26621.67201135899,0.0,0.0,0.0
3000,24,74433.6861,56275.616441692,0.0,56275.61644169199,1221.308,0.0,0.0,25804.580264216587,0.0,74.364,0.0,0.0,0.0,0.0,8942.182605908594,0.0,137429.64981280276,-8942.182605908594,18158.069658308013,0.0,0.0,0.0
3001,25,70822.62786,52892.697847936004,0.0,52892.697847936004,1221.308,0.0,0.0,25809.49123382779,0.0,74.364,0.0,0.0,0.0,0.0,9175.233221763949,0.0,146146.1213734785,-9175.233221763949,17929.93001206399,0.0,0.0,0.0
3002,26,68729.94384,47262.151893498,0.0,47262.151893498,1221.308,0.0,0.0,25815.008007388016,0.0,74.364,0.0,0.0,0.0,0.0,5642.888060886005,0.0,151506.8650313203,-5642.888060886005,21467.79194650201,0.0,0.0,0.0
3003,27,67615.43937,43763.758502211,0.0,43763.758502211,1221.308,0.0,0.0,25819.893006060734,0.0,74.364,0.0,0.0,0.0,0.0,3263.8841382717656,0.0,154607.5549626786,-3263.8841382717656,23851.680867788993,0.0,0.0,0.0
3004,28,67271.2345,48761.89680099199,0.0,40150.69483159388,1221.308,0.0,0.0,25824.867668406136,0.0,74.364,0.0,0.0,0.0,0.0,0.0,0.0,154607.55496267852,0.0,27120.539668406127,0.0,0.0,0.0
3005,29,67734.19007,48909.552889893,0.0,41333.07701052935,571.191,0.0,0.0,25829.922059470642,0.0,0.0,0.0,0.0,0.0,0.0,0.0,0.0,154607.55496267858,0.0,26401.11305947065,0.0,0.0,0.0
3006,30,68813.79718,48676.456259862,8369.724194164,40945.789909862,0.0,2032.4880678989366,0.0,25835.519202239077,0.0,0.0,0.0,0.0,0.0,0.0,0.0,0.0,154607.55496267858,0.0,25835.519202239062,0.0,0.0,0.0
3007,31,70672.24383,46691.954893291004,34876.4391164555,40920.395293291,1061.065,2776.0933049587384,0.0,25840.326231750274,0.0,74.364,0.0,0.0,0.0,0.0,0.0,0.0,154607.5549626785,0.0,26975.755231750263,0.0,0.0,0.0
3008,32,74088.18296,38192.342859824996,52819.78649728351,38192.342859824996,914.812,11905.01679782604,0.0,23001.647302348978,0.0,74.364,0.0,0.0,0.0,0.0,0.0,0.0,154607.5549626785,0.0,23990.82330234897,0.0,0.0,0.0
3009,33,77180.86884,32692.641854267004,65088.32568858051,28489.386555484,776.8770000000001,28319.503441334098,0.0,19595.1018431819,0.0,0.0,0.0,0.0,0.0,0.0,0.0,0.0,154607.55496267826,0.0,20371.978843181896,0.0,0.0,0.0
3010,34,79464.53433,30029.769207544,71420.62839361001,30029.769207544,1195.667,27987.45612937412,0.0,20177.277993081894,0.0,74.364,0.0,0.0,0.0,0.0,0.0,0.0,154607.55496267814,0.0,21447.308993081875,0.0,0.0,0.0
3011,35,81107.04722,29395.776394743,75842.283592894,3559.9161,33.21,59596.9570114739,0.0,17916.964108526077,0.0,0.0,0.0,0.0,0.0,0.0,0.0,0.0,154607.55496267817,0.0,17950.174108526087,0.0,0.0,0.0
3012,36,82075.33533,22461.354944071998,77265.3989570415,22461.354944071998,1221.308,36796.6275010415,0.0,21521.680884886497,0.0,74.364,0.0,0.0,0.0,0.0,0.0,0.0,154607.55496267817,0.0,22817.35288488651,0.0,0.0,0.0
3013,37,82566.81293,23377.349258516,77347.134538464,20328.539458516,1221.308,38035.243516474075,0.0,22981.721955009918,0.0,0.0,0.0,0.0,0.0,0.0,0.0,0.0,154607.554962678,0.0,24203.02995500993,0.0,0.0,0.0
3014,38,83057.31002,20498.509896176,76125.89593979,15668.731046846999,260.797,41786.457115519006,0.0,25266.960857633992,0.0,74.364,0.0,0.0,0.0,0.0,0.0,0.0,154607.5549626786,0.0,25602.121857634003,0.0,0.0,0.0
3015,39,83987.0514,20468.35040088,72944.107362149,12940.577099254999,111.55057977234901,44982.313104202505,0.0,25878.246616770175,0.0,74.364,0.0,0.0,0.0,0.0,0.0,0.0,154607.55496267896,0.0,26064.161196542496,0.0,0.0,0.0
3016,40,84820.75059,16554.660797815,67799.389457452,15041.048597814999,619.0645090770984,43367.752156890005,0.0,25883.168818977098,0.0,74.364,0.0,0.0,0.0,0.0,164.64749275918095,0.0,154763.97008080018,-164.64749275918095,26411.949835294996,0.0,0.0,0.0
3017,41,85810.47482,15679.846095589,58699.449804726006,11770.125495589,1221.308,46930.624537756885,0.0,25888.416786654096,0.0,0.0,0.0,0.0,0.0,0.0,0.0,0.0,154763.97008080018,0.0,27109.724786654115,0.0,0.0,0.0
3018,42,86454.53253,23681.283241403,41260.066349771,23681.283241403,649.9420370048315,39980.281149771,0.0,22068.662101821177,0.0,74.364,0.0,0.0,0.0,0.0,0.0,0.0,154763.97008080018,0.0,22792.968138826,0.0,0.0,0.0
3019,43,87219.89822,30082.271694941002,20145.644006484497,30082.271694941002,1221.308,20145.644006484497,169.95,25895.74857372123,0.0,74.364,0.0,0.0,0.0,1851.4997499999972,0.0,7779.112194853282,146575.43092832304,7779.112194853282,36991.9825185745,6.320000000000065,6.320000000000065,6.320000000000065
3020,44,88236.33328,33136.623946248,128.99190756299998,33136.623946248,1221.308,128.99190756299998,593.212,25900.783983332432,28.5,74.364,0.0,0.0,0.0,3702.999499999998,0.0,23449.54994285657,121891.69414636875,23449.54994285657,54970.717426189,16.242600000000017,16.242600000000017,16.242600000000017
3021,45,88847.30708,33632.490991792,0.0,33632.490991792,1221.308,0.0,593.212,25905.50137633114,50.0,74.364,0.0,0.0,0.0,5554.499249999998,0.0,21815.931461876855,98927.55576544577,21815.931461876855,55214.816088208,16.242600198328997,16.242600198328997,16.242600198328997
3022,46,84346.19986,34991.011543484,0.0,34991.011543484,1221.308,0.0,593.212,25911.295889891368,50.0,74.364,0.0,0.0,0.0,3702.999500000001,0.0,17802.008926624625,80188.59900057774,17802.008926624625,49355.188316515996,16.242600000000113,16.242600000000113,16.242600000000113
3023,47,77855.98628,32652.891058761,0.0,32652.891058761,1221.308,0.0,593.212,25916.285730840566,28.5,74.364,0.0,0.0,0.0,1851.49975,0.0,15517.92574039842,63853.94032647415,15517.92574039842,45203.095221239,12.948900000000167,12.948900000000167,12.948900000000167
3024,48,72340.35446,32427.376693536004,0.0,32427.376693536004,1221.308,0.0,0.0,25921.216298175277,0.0,74.364,0.0,0.0,0.0,0.0,0.0,12696.089468288708,50489.63562301235,12696.089468288708,39912.977766464,0.0,0.0,0.0
3025,49,69127.6028,33021.543549480004,0.0,33021.543549480004,1221.308,0.0,593.212,25926.01256390819,0.0,74.364,0.0,0.0,0.0,0.0,0.0,8291.162686611817,41762.09595289465,8291.162686611817,36106.05925051999,9.7305,9.7305,9.7305
3026,50,67244.57739,32688.296601761,0.0,32688.296601761,1221.308,0.0,593.212,25931.859544880906,0.0,74.364,0.0,0.0,0.0,0.0,0.0,6735.537243358095,34672.056749359814,6735.537243358095,34556.280788239004,9.7305,9.7305,9.7305
3027,51,66622.56411,31919.77634134,0.0,31919.77634134,1221.308,0.0,593.212,25936.718054353627,0.0,74.364,0.0,0.0,0.0,0.0,0.0,6877.185714285714,27432.91389219519,6877.185714285714,34702.78776866001,9.73050000000002,9.73050000000002,9.73050000000002
3028,52,67740.93657,32610.247950275996,0.0,32610.247950275996,1221.308,0.0,0.0,25941.55988735233,0.0,74.364,0.0,0.0,0.0,0.0,0.0,7893.456732371638,19124.012068646094,7893.456732371638,35130.68861972401,3.218400000000002,3.218400000000002,3.218400000000002
3029,53,71099.61681,30814.663353282,0.0,30814.663353362,1221.308,0.0,593.212,25943.789349825045,28.499999999999996,74.364,0.0,0.0,0.0,1851.49975,0.0,10572.280356892968,7995.295903495606,10572.280356892968,40284.953456638,16.24260000000011,16.24260000000011,16.24260000000011
3030,54,76495.99906,30888.163940186,9112.961319089502,30888.163940186,1221.308,9112.961319089502,593.212,25949.085242361758,28.499999999999996,74.364,0.0,0.0,0.0,1851.49975,0.0,6776.904808362751,861.7118946927101,6776.904808362751,36494.8738007245,16.242600000000117,16.242600000000117,16.242600000000117
3031,55,81976.31509,29220.329504096004,34911.789526864006,29220.329504096004,1221.308,34911.789526864006,0.0,25954.13964209647,0.0,74.364,0.0,0.0,0.0,0.0,9405.615583056478,0.0,9797.046698596363,-9405.615583056478,17844.19605903999,0.0,0.0,0.0
3032,56,85795.66602,22372.194999927004,52814.720805945006,22372.194999927004,1221.308,52814.720805945006,0.0,25959.08512662938,0.0,74.364,0.0,0.0,0.0,0.0,16646.006912501365,0.0,25610.75326547265,-16646.006912501365,10608.750214127998,0.0,0.0,0.0
3033,57,88114.42775,12485.486255369,65377.228150652496,12485.486255369,1221.308,65377.228150653995,0.0,25964.27234704058,0.0,74.364,0.0,0.0,0.0,0.0,17008.231003063815,0.0,41768.57271838327,-17008.231003063815,10251.713343977004,0.0,0.0,0.0
3034,58,90141.18088,9864.36576152,70459.5098290905,9864.36576152,1221.308,70459.50982909203,0.0,25969.64950787481,0.0,74.364,0.0,0.0,0.0,0.0,17448.016218487057,0.0,58344.18812594598,-17448.016218487057,9817.305289387965,0.0,0.0,0.0
3035,59,91729.37136,10752.930947589,74104.682896104,10530.557947589,1136.7940000000003,57847.86013552626,0.0,22139.795276884706,0.0,74.364,0.0,0.0,0.0,0.0,0.0,0.0,58344.18812594598,0.0,23350.95327688475,0.0,0.0,0.0
3036,60,93159.20656,11847.827752960999,75589.125781855,11847.827752960999,1221.308,75589.12578185664,0.0,25979.56990888472,0.0,74.364,0.0,0.0,0.0,0.0,21552.98888370258,0.0,78819.52756546343,-21552.98888370258,5722.253025182363,0.0,0.0,0.0
3037,61,94242.34368,12048.464390226,75155.61025783999,12048.464390226,1221.308,54913.700000078556,0.0,25984.507289695437,0.0,74.364,0.0,0.0,0.0,0.0,0.0,0.0,78819.52756546343,0.0,27280.17928969545,0.0,0.0,0.0
3038,62,95138.23217,13121.223942047998,74287.7362885045,13121.223942047998,1221.308,74287.73628850604,0.0,25990.160695451865,0.0,74.364,0.0,0.0,0.0,0.0,19556.560756006093,0.0,97398.26028366924,-19556.560756006093,7729.271939445956,0.0,0.0,0.0
3039,63,95654.12701,21369.665840562,71042.2275029865,21252.93996062599,869.481,67508.1525029865,0.0,25992.353027663063,0.0,74.364,0.0,0.0,0.0,0.0,20043.163481275562,0.0,116439.26559088103,-20043.163481275562,6893.034546387513,0.0,0.0,0.0
3040,64,96189.28528,24565.567404747002,64982.516507434004,24565.567404747002,1221.308,64982.516507435525,0.0,25997.222839061775,0.0,74.364,0.0,0.0,0.0,0.0,20651.69347124452,0.0,136058.37438856333,-20651.69347124452,6641.201367817477,0.0,0.0,0.0
3041,65,96197.02525,28986.268107697,57020.4739437735,28986.268107697,1221.308,57020.4739437735,0.0,26001.94023933449,0.0,74.364,0.0,0.0,0.0,1851.4997499999972,18958.828790804997,0.0,154069.26173982807,-18958.828790804997,10190.283198529505,0.0,0.0,0.0
3042,66,95025.33846,29683.69393991,40147.4843023695,29683.69393991,1221.308,40147.4843023695,0.0,26007.54664940721,0.0,74.364,0.0,0.0,0.0,3702.999499999998,5812.057931686724,0.0,159590.71677493045,-5812.057931686724,25194.1602177205,0.0,0.0,0.0
3043,67,94290.27976,25104.409904959997,18983.260170452,25104.409904959997,1221.308,18983.260170452,593.212,26012.681402405917,7088.965839999985,74.364,0.0,0.0,0.0,5554.499249999998,0.0,9657.579192182111,149424.84394105454,9657.579192182111,50202.60968458802,16.2426,16.2426,16.2426
3044,68,94409.44598,26928.773507264006,153.9245543435,26928.773507264006,1221.308,153.9245543435,593.212,26017.46249401663,24452.49,74.364,36.160000000000004,257.0,0.0,7405.999,0.0,7268.752424375876,141773.52559960625,7268.752424375876,67326.7479183925,33.44188,33.44188,33.44188
3045,69,94009.62595,25963.858742969,0.0,25963.858742969,1221.308,0.0,593.212,26022.64971442783,24452.49,74.364,36.16,257.0,0.0,7405.998999999989,0.0,7982.584492603182,133370.80508107657,7982.584492603182,68045.76720703099,33.44188,33.44188,33.44188
3046,70,88417.96228,27376.39710396,0.0,27376.39710396,1221.308,0.0,593.212,26028.05783698426,7110.465839999993,74.364,0.0,0.0,0.0,7405.999,0.0,18608.15849905576,113783.2698189126,18608.15849905576,61041.56517604001,16.242599999999875,16.242599999999875,16.242599999999875
3047,71,81276.60303,28698.870860114,0.0,28698.870860114,1221.308,0.0,593.212,26033.05148805697,50.0,74.364,0.0,0.0,0.0,7405.999,0.0,17199.797681829037,95678.21962751361,17199.797681829037,52577.732169886,16.24260000000011,16.24260000000011,16.24260000000011
3048,72,74860.38098,26006.643044005003,0.0,26006.643044005003,1221.308,0.0,593.212,26037.89481025568,50.0,74.364,0.0,0.0,0.0,7405.999,0.0,13470.96012574076,81498.26160041807,13470.96012574076,48853.737935995,16.242600000000174,16.242600000000174,16.242600000000174
3049,73,70755.9032,27307.816210395,0.0,27307.816210395,1221.308,0.0,593.212,26042.88465120488,50.0,74.364,0.0,0.0,0.0,7405.999,0.0,8060.319338401249,73013.71492841677,8060.319338401249,43448.086989605,16.24259999999986,16.24259999999986,16.24259999999986
3050,74,68605.15393,21250.174844840003,0.0,21250.174844840003,1221.308,0.0,593.212,26045.834615627104,50.0,74.364,0.0,0.0,0.0,7405.999,0.0,11964.261469534209,60419.75548680181,11964.261469534209,47354.97908516,16.24260000000058,16.24260000000058,16.24260000000058
3051,75,67807.5414,19900.68459121,0.0,19900.68459121,1221.308,0.0,593.212,26050.404415237823,50.0,74.364,0.0,0.0,0.0,7405.999,0.0,12511.569393553225,47249.68244095631,12511.569393553225,47906.856808790006,16.242600000000103,16.242600000000103,16.242600000000103
3052,76,68488.91721,19909.7432922,0.0,19909.7432922,1221.308,0.0,593.212,26055.57645564902,50.0,74.364,0.0,0.0,0.0,7405.999,0.0,13178.714462150978,33377.351428165806,13178.714462150978,48579.1739178,16.2426,16.2426,16.2426
3053,77,71276.73069,20337.505654034,0.0,20337.505654034,1221.308,0.0,593.212,26060.40989048193,50.0,74.364,0.0,0.0,0.0,5554.499250000004,0.0,17385.431895485457,15076.89680133901,17385.431895485457,50939.225035965996,16.24260000000056,16.24260000000056,16.24260000000056
3054,78,75734.76829,21047.039443456,8683.883494791,21047.039443456,1221.308,8683.883494791,593.212,26060.40989048193,28.499999999999996,74.364,0.0,0.0,0.0,3702.9995000000044,0.0,14323.05196127206,0.0,14323.05196127206,46003.84535175301,16.242600000000103,16.242600000000103,16.242600000000103
3055,79,80612.42656,21931.374605429,33153.85493759601,21931.374605429,1221.308,29473.470314089063,0.0,26060.40989048193,0.0,74.364,0.0,0.0,0.0,1851.4997499999972,0.0,0.0,0.0,0.0,29207.58164048195,0.0,0.0,0.0
3056,80,84694.2558,19783.145001948997,50526.7490759405,19783.145001948997,1221.308,50526.7490759422,0.0,26060.40989048193,0.0,74.364,0.0,0.0,0.0,0.0,12971.720168373342,0.0,12323.13415995468,-12971.720168373342,14384.361722108799,0.0,0.0,0.0
3057,81,87221.2043,15633.980204133,63244.9700563375,15633.980204133,1221.308,60708.66650258332,0.0,26060.40989048193,0.0,74.364,0.0,0.0,0.0,0.0,16477.52429719825,0.0,27976.78224229302,-16477.52429719825,10878.55759328368,0.0,0.0,0.0
3058,82,89299.6605,16727.15025064,69532.37710391752,16727.15025064,1136.7940000000003,45300.942358878034,0.0,26060.40989048193,0.0,74.364,0.0,0.0,0.0,0.0,0.0,0.0,27976.78224229302,0.0,27271.567890481965,0.0,0.0,0.0
3059,83,91263.51926,14518.633342111,72509.09768804451,14518.633342111,1221.308,72509.09768804608,0.0,26060.40989048193,0.0,74.364,0.0,0.0,0.0,0.0,23120.29366063922,0.0,49941.06121990028,-23120.29366063922,4235.788229842918,0.0,0.0,0.0
3060,84,92836.91464,15199.639991097003,74127.69313430699,15199.639991097003,1221.3080000016184,74127.69313430699,0.0,26060.40989048193,0.0,74.364,0.0,0.0,0.0,0.0,23846.500375887754,0.0,72595.23657699364,-23846.500375887754,3509.5815145960078,0.0,0.0,0.0
3061,85,94285.42992,16080.779859435002,73557.965204146,5395.003700028,825.09,65846.90519549008,0.0,22218.431024481917,0.0,0.0,0.0,0.0,0.0,0.0,0.0,0.0,72595.23657699364,0.0,23043.521024481917,0.0,0.0,0.0
3062,86,96019.65754,20672.030495067,71947.3241840715,20672.030495067,1221.308,71947.3241840734,0.0,26060.40989048193,0.0,74.364,0.0,0.0,0.0,0.0,23955.77902962255,0.0,95353.22665513508,-23955.77902962255,3400.302860859607,0.0,0.0,0.0
3063,87,97107.07517,28441.365452882994,70713.11432662098,28441.365452882994,1221.3080000023215,70713.11432662098,0.0,26060.40989048193,0.0,74.364,0.0,0.0,0.0,0.0,29403.486499988452,0.0,123286.5388301241,-29403.486499988452,-2047.4046095039812,0.0,0.0,0.0
3064,88,98011.09769,28765.420051045003,65916.95684298349,28765.420051045003,1221.308,65916.95684298503,0.0,26060.40989048193,0.0,74.364,0.0,0.0,0.0,0.0,24027.36109451219,0.0,146112.5318699107,-24027.36109451219,3328.720795969959,0.0,0.0,0.0
3065,89,98211.12664,28950.440008867998,56522.99224600501,28950.440008870028,1221.308,56522.99224600501,0.0,26060.40989048193,0.0,74.364,0.0,0.0,0.0,0.0,14618.387505357176,0.0,160000.0,-14618.387505357176,12737.69438512496,0.0,0.0,0.0
3066,90,97574.55292,29092.222155800002,39617.599437433,19055.22185,895.1220000000001,22881.4911348525,0.0,25059.851613481922,0.0,0.0,0.0,0.0,0.0,1851.49975,0.0,27831.36657166558,130703.82466140465,27831.36657166558,55637.8399351475,0.0,0.0,0.0
3067,91,96926.50203,28832.378748972995,19357.0939920835,28832.378748972995,1221.308,19357.0939920835,593.212,26060.40989048193,28.5,74.364,0.0,0.0,0.0,3702.999500000001,0.0,17056.235898461568,112749.89213670825,17056.235898461568,48737.029288943515,16.242600000000138,16.242600000000138,16.242600000000138
3068,92,96779.64525,35684.059107526,86.373851533,35684.059107526,1221.308,86.373851533,593.212,26060.40989048193,50.0,74.364,0.0,0.0,0.0,5554.499250000001,0.0,27455.41915045907,83849.45092569871,27455.41915045907,61009.212290941,16.24260000000013,16.24260000000013,16.24260000000013
3069,93,96141.71806,43914.752953569005,0.0,43914.752953569005,1221.308,0.0,593.212,26060.40989048193,50.0,74.364,0.0,0.0,0.0,5554.49925,0.0,18673.171965949063,64193.48043522601,18673.171965949063,52226.965106430995,16.2426,16.2426,16.2426
3070,94,90516.05132,40336.125857007995,0.0,40336.125857007995,1221.308,0.0,593.212,26060.40989048193,28.499999999999996,74.364,0.0,0.0,0.0,3702.9995,0.0,18499.132072510063,44720.709832583845,18499.132072510063,50179.925462992,16.2426,16.2426,16.2426
3071,95,82961.58093,40729.500441032,0.0,40729.500441032,1221.308,0.0,169.95034244016452,26060.40989048193,0.0,74.364,0.0,0.0,0.0,1851.499749999999,0.0,12854.548506045885,31189.606142009226,12854.548506045885,42232.08048896799,6.320012146744636,6.320012146744636,6.320012146744636
3072,96,76524.50113,45058.794892169,0.0,45058.794892169,1221.308,0.0,0.0,26060.40989048193,0.0,74.364,0.0,0.0,0.0,0.0,0.0,4109.624347349077,26863.685776378617,4109.624347349077,31465.706237831007,0.11678785325536173,0.11678785325536173,0.11678785325536173
3073,1,72585.68972,44893.838298487004,0.0,44893.838298487004,1221.308,0.0,335.7695310310447,26060.40989048193,0.0,74.364,0.0,0.0,0.0,0.0,0.0,0.0,0.0,0.0,27691.85142151299,6.32,6.32,6.32
3074,2,70268.62449,44226.69444122301,0.0,44226.69444122301,1221.308,0.0,0.0,24746.258048777017,0.0,74.364,0.0,0.0,0.0,0.0,0.0,0.0,0.0,0.0,26041.930048776994,0.0,0.0,0.0
3075,3,69458.13489,45955.122298384,0.0,45955.122298384,1221.308,0.0,0.0,22207.340591615968,0.0,74.364,0.0,0.0,0.0,0.0,0.0,0.0,0.0,0.0,23503.012591616003,0.0,0.0,0.0
3076,4,69868.27796,46802.94960160599,0.0,46802.94960160599,1221.308,0.0,0.0,21769.656358394,0.0,74.364,0.0,0.0,0.0,0.0,0.0,0.0,0.0,0.0,23065.328358394014,0.0,0.0,0.0
3077,5,72562.52201,52274.207345885996,85.1411,52274.207345885996,1221.308,85.1411,0.0,18907.501564114,0.0,74.364,0.0,0.0,0.0,0.0,0.0,0.0,0.0,0.0,20203.173564114004,0.0,0.0,0.0
3078,6,77467.58461,52492.668493328005,9296.343617757999,51810.046294127984,1221.308,9296.343617757999,0.0,15065.522698114004,0.0,74.364,0.0,0.0,0.0,0.0,0.0,0.0,0.0,0.0,16361.194698114023,0.0,0.0,0.0
3079,7,83032.59537,50878.449903367,35202.307351251,49577.17988469997,1195.667,21036.204653186,0.0,11223.543832114003,0.0,0.0,0.0,0.0,0.0,0.0,0.0,0.0,0.0,0.0,12419.210832114022,0.0,0.0,0.0
3080,8,87788.27003,49421.825194058,52765.33431791249,49421.825194058,1221.308,29689.207869827973,0.0,7381.564966114002,0.0,74.364,0.0,0.0,0.0,0.0,0.0,0.0,0.0,0.0,8677.236966114026,0.0,0.0,0.0
3081,9,90336.13841,43581.80214775501,64620.698646204495,43581.80214775501,1221.308,64620.698646204495,0.0,3809.0114735828024,0.0,74.364,0.0,0.0,0.0,0.0,22971.04585754231,0.0,21822.493564665194,-22971.04585754231,-17866.362383959502,0.0,0.0,0.0
3082,10,92918.70572,30649.185005417,69858.2285880405,30649.185005417,1221.308,69858.2285880405,0.0,1481.8929975828023,0.0,74.364,0.0,0.0,0.0,0.0,10366.272871040328,0.0,31670.452792153505,-10366.272871040328,-7588.707873457497,0.0,0.0,0.0
3083,11,95077.62644,33771.640951898,73258.43950020851,33771.640951898,1221.308,59398.08721051918,0.0,612.2262775828023,0.0,74.364,0.0,0.0,0.0,0.0,0.0,0.0,31670.452792153505,0.0,1907.8982775828117,0.0,0.0,0.0
3084,12,96903.07894,36155.656349002,73803.151900654,35494.9416410085,1221.308,59867.1791041915,0.0,245.2861947999996,0.0,74.364,0.0,0.0,0.0,0.0,0.0,0.0,31670.452792153505,0.0,1540.958194800005,0.0,0.0,0.0
3085,13,98395.19239,37331.124504705,74004.30310458549,37331.124504705,1221.308,57818.53663849496,0.0,1949.859246800002,0.0,74.364,0.0,0.0,0.0,0.0,0.0,0.0,31670.452792153505,0.0,3245.531246800034,0.0,0.0,0.0
3086,14,99961.03805,45748.005689928,71945.5483827865,45648.83222126277,1088.997,48312.579696786495,0.0,4836.265131950732,0.0,74.364,0.0,0.0,0.0,0.0,0.0,0.0,31670.452792153505,0.0,5999.626131950739,0.0,0.0,0.0
3087,15,101026.469,49864.642659798,70154.8468641145,49773.043859797996,842.1170000000001,42051.35651825125,0.0,8285.587621950734,0.0,74.364,0.0,0.0,0.0,0.0,0.0,0.0,31670.452792153505,0.0,9202.068621950755,0.0,0.0,0.0
3088,16,101535.3545,51052.726289137,65370.13883615,23169.27635923801,1149.2830000000004,65370.13883615,0.0,11772.292304611965,0.0,74.364,0.0,0.0,0.0,0.0,0.0,0.0,31670.452792153505,0.0,12995.939304611995,0.0,0.0,0.0
3089,17,100746.2254,50272.720943617,56904.4939482215,50272.720943617,1221.308,45065.287004209764,0.0,15614.271170611968,0.0,74.364,0.0,0.0,0.0,0.0,11501.725718438745,0.0,42597.09222467031,-11501.725718438745,5408.21745217323,0.0,0.0,0.0
3090,18,99329.66945,52454.373205997006,38946.497781924,39631.24963146401,1221.308,38946.497781924,0.0,19456.250036611964,0.0,74.364,0.0,0.0,0.0,0.0,0.0,0.0,42597.09222467031,0.0,20751.92203661199,0.0,0.0,0.0
3091,19,98179.93698,53881.730251841,19704.305825547,53881.730251841,1221.308,19704.305825547,0.0,23298.228902611965,0.0,74.364,0.0,0.0,0.0,0.0,0.0,0.0,42597.09222467031,0.0,24593.900902612,0.0,0.0,0.0
3092,20,97876.59894,49482.39429104,87.12989734249999,49482.39429104,1221.308,87.12989734249999,593.212,26060.40989048193,28.499999999999996,74.364,0.0,0.0,0.0,1851.49975,0.0,18477.781111135573,23146.79631821182,18477.781111135573,48307.074751617496,16.2426,16.2426,16.2426
3093,21,97479.90229,52032.677955215,0.0,52032.677955215,1221.308,0.0,593.212,26060.40989048193,50.0,74.364,0.0,0.0,0.0,3702.9995,0.0,13744.930944303078,8678.447955787526,13744.930944303078,45447.224334785,16.2426,16.2426,16.2426
3094,22,91924.86921,54596.412989058,0.0,54596.412989058,1221.308,0.0,593.212,26060.40989048193,28.499999999999996,74.364,0.0,0.0,0.0,1851.49975,0.0,7499.162580460082,784.5926079348086,7499.162580460082,37328.456220942004,16.167299999999997,16.167299999999997,16.167299999999997
3095,23,84263.31673,59971.920959979994,0.0,59971.920959979994,1221.308,0.0,0.0,22250.36079248193,0.0,74.364,0.0,0.0,0.0,0.0,0.0,745.3629775380682,0.0,745.3629775380682,24291.39577002001,0.0,0.0,0.0
3096,24,77985.75096,60942.102590532,0.0,60942.102590532,1221.308,0.0,0.0,18408.381926481932,0.0,74.364,0.0,0.0,0.0,0.0,2660.4055570139376,0.0,2527.3852791632407,-2660.4055570139376,17043.648369468006,0.0,0.0,0.0
3097,25,73931.0708,58086.996202702,0.0,58086.996202702,1221.308,0.0,0.0,15162.491796481932,0.0,74.364,0.0,0.0,0.0,0.0,614.0891991839418,0.0,3110.770018387985,-614.0891991839418,15844.074597298,0.0,0.0,0.0
3098,26,71594.45115,56469.553399157,0.0,56469.553399157,1221.308,0.0,0.0,13829.22575084302,0.0,74.364,0.0,0.0,0.0,0.0,0.0,0.0,3110.770018387985,0.0,15124.897750842996,0.0,0.0,0.0
3099,27,70767.59816,55406.54535196501,0.0,55406.54535196501,1221.308,0.0,0.0,14065.380808034995,0.0,74.364,0.0,0.0,0.0,0.0,0.0,0.0,3110.770018387985,0.0,15361.052808034983,0.0,0.0,0.0
3100,28,71492.3535,54870.363848329995,0.0,54870.363848329995,1221.308,0.0,0.0,16886.794129831007,0.0,74.364,0.0,0.0,0.0,0.0,1560.4764781610259,0.0,4593.22267264096,-1560.4764781610259,16621.989651670003,0.0,0.0,0.0
3101,29,74609.77149,52252.93835629201,97.6854,52252.93835629201,1221.308,97.6854,0.0,20265.400180831006,0.0,74.364,0.0,0.0,0.0,0.0,0.0,698.075552876986,3858.406301191501,698.075552876986,22259.14773370799,0.0,0.0,0.0
3102,30,79838.11566,49199.436309248005,9091.083989112,49199.436309248005,1221.308,9091.083989112,0.0,16773.578479631007,0.0,74.364,0.0,0.0,0.0,0.0,0.0,3478.344882008982,196.99063591888853,3478.344882008982,21547.595361639993,0.0,0.0,0.0
3103,31,84769.3395,41688.917298607004,34486.255618238996,41688.917298607004,1221.308,34486.255618238996,0.0,12944.199013631007,0.0,74.364,0.0,0.0,0.0,0.0,5645.704430476993,0.0,5560.409844872032,-5645.704430476993,8594.166583154001,0.0,0.0,0.0
3104,32,88553.59338,25745.541655694004,52397.560176675,25745.541655694004,1221.308,52397.560176675,0.0,9114.819547631008,0.0,74.364,0.0,0.0,0.0,0.0,0.0,0.0,5560.409844872032,0.0,10410.491547631005,0.0,0.0,0.0
3105,33,90337.84188,23472.869253315,64416.6634241925,22326.375574176483,1221.308,61517.317624192496,0.0,5272.840681631006,0.0,0.0,0.0,0.0,0.0,0.0,0.0,0.0,5560.409844872032,0.0,6494.148681631035,0.0,0.0,0.0
3106,34,92429.81039,20061.11940661,69854.3955211385,20061.11940661,1221.308,68746.74957424091,0.0,2326.2694091490766,0.0,74.364,0.0,0.0,0.0,0.0,0.0,0.0,5560.409844872032,0.0,3621.9414091490908,0.0,0.0,0.0
3107,35,93387.78713,24970.209942722002,73385.18504624501,24970.209942722002,1221.308,73385.18504624501,0.0,5300.615079149077,0.0,74.364,0.0,0.0,0.0,0.0,11563.894938116106,0.0,16546.110036082333,-11563.894938116106,-4967.6078589670215,0.0,0.0,0.0
3108,36,94743.62833,29739.459902844996,74553.95650468998,29739.459902844996,1221.308,57099.59716800592,0.0,6608.899259149077,0.0,74.364,0.0,0.0,0.0,0.0,0.0,0.0,16546.110036082333,0.0,7904.571259149088,0.0,0.0,0.0
3109,37,96495.60724,25154.753001838995,74665.7719959745,24541.063659464362,439.378,73650.4664959745,0.0,9418.390080149078,0.0,74.364,0.0,0.0,0.0,0.0,11628.05499558797,0.0,27592.762281890904,-11628.05499558797,-1695.9229154388595,0.0,0.0,0.0
3110,38,97883.24817,28512.589404388003,74952.912946981,25558.40101739741,0.0,59461.2939024535,0.0,12863.553250149078,0.0,0.0,0.0,0.0,0.0,0.0,0.0,0.0,27592.762281890904,0.0,12863.553250149096,0.0,0.0,0.0
3111,39,98772.23161,26131.295409308,70764.658748391,26131.295409308,1221.308,70764.658748391,0.0,16666.488584149083,0.0,74.364,0.0,0.0,0.0,0.0,16085.883131848077,0.0,42874.351257146576,-16085.883131848077,1876.2774523010012,0.0,0.0,0.0
3112,40,99224.72439,32265.199050574,65507.760640813496,32265.199050574,1221.308,65507.760640813496,0.0,20504.186773749076,0.0,74.364,0.0,0.0,0.0,0.0,20348.09407513657,0.0,62205.040628526316,-20348.09407513657,1451.764698612511,0.0,0.0,0.0
3113,41,99313.97129,35799.50259755101,57179.140941620004,35799.50259755101,1221.308,57179.140941620004,0.0,23851.732778680278,0.0,74.364,0.0,0.0,0.0,0.0,18812.077027851265,0.0,80076.51380498502,-18812.077027851265,6335.32775082899,0.0,0.0,0.0
3114,42,98113.33148,41275.954107653,40812.706408993,41275.954107653,1221.308,40812.706408993,0.0,25305.7061193312,0.0,74.364,0.0,0.0,0.0,0.0,10576.707155977218,0.0,90124.38560316338,-10576.707155977218,16024.670963353994,0.0,0.0,0.0
3115,43,96838.3874,37868.523248234,21139.8723045595,37868.523248234,1221.308,21139.8723045595,169.95,26060.40989048193,0.0,74.364,0.0,0.0,0.0,1851.49975,0.0,8452.460206724589,81227.05906976908,8452.460206724589,37829.991847206504,6.32,6.32,6.32
3116,44,97086.05818,39623.465846224,333.87729169500005,39623.465846224,1221.308,333.87729169500005,593.212,26060.40989048193,28.499999999999996,74.364,0.0,0.0,0.0,3702.9995,0.0,25447.921651599067,54439.77312071744,25447.921651599067,57128.715042081014,16.2426,16.2426,16.2426
3117,45,97113.12366,44404.887460683,0.0,44404.887460683,1221.308,0.0,593.212,26060.40989048193,50.0,74.364,0.0,0.0,0.0,5554.49925,0.0,19154.443058835073,34277.20147983841,19154.443058835073,52708.236199317,16.2426,16.2426,16.2426
3118,46,91968.4286,43055.310755381,0.0,43055.310755381,1221.308,0.0,593.212,26060.40989048193,50.0,74.364,0.0,0.0,0.0,3702.9995,0.0,17210.82445413707,16160.544159694125,17210.82445413707,48913.117844619,16.2426,16.2426,16.2426
3119,47,84448.41972,45868.914102654,0.0,45868.914102654,1221.308,0.0,593.212,26060.40989048193,28.499999999999996,74.364,0.0,0.0,0.0,1851.49975,0.0,8750.211976864082,6949.794710363512,8750.211976864082,38579.505617346,12.948899999999998,12.948899999999998,12.948899999999998
3120,48,78089.33299,46185.940897377994,0.0,46185.940897377994,1221.308,0.0,0.0,26060.40989048193,0.0,74.364,0.0,0.0,0.0,0.0,0.0,4547.310202140058,2163.1523923213463,4547.310202140058,31903.392092622,0.0,0.0,0.0
3121,49,73906.66373,47381.700841263,0.0,47381.700841263,1221.308,0.0,0.0,26060.40989048193,0.0,74.364,0.0,0.0,0.0,0.0,831.1190017449229,0.0,2952.715443979023,-831.1190017449229,26524.962888736998,0.0,0.0,0.0
3122,50,71894.24815,47296.760795385,0.0,47296.760795385,1221.308,0.0,0.0,26060.40989048193,0.0,74.364,0.0,0.0,0.0,0.0,2758.59453586693,0.0,5573.380253052606,-2758.59453586693,24597.487354614997,0.0,0.0,0.0
3123,51,71256.93189,46837.760048428005,0.0,46837.760048428005,1221.308,0.0,0.0,26060.40989048193,0.0,74.364,0.0,0.0,0.0,0.0,2936.910048909928,0.0,8363.444799517038,-2936.910048909928,24419.171841572002,0.0,0.0,0.0
3124,52,71998.32106,43991.357499055994,0.0,43991.357499055994,1221.308,0.0,0.0,26060.40989048193,0.0,74.364,0.0,0.0,0.0,0.0,0.0,650.8816704620582,7678.306199030661,650.8816704620582,28006.96356094401,3.218399999999999,3.218399999999999,3.218399999999999
3125,53,74914.13231,40288.594708121,0.5338,40288.594708121,1221.308,0.5338,593.212,26060.40989048193,28.499999999999996,74.364,0.0,0.0,0.0,1851.49975,0.0,4795.710161397076,2630.190239665318,4795.710161397076,34625.003801879,16.2426,16.2426,16.2426
3126,54,79608.52719,37123.375601792,12037.176970044,37123.375601792,1221.308,12037.176970044,593.212,26060.40989048193,0.0,74.364,0.0,0.0,0.0,0.0,0.0,2498.6807276820523,0.0,2498.6807276820523,30447.974618163993,9.7305,9.7305,9.7305
3127,55,84499.47786,36188.518790288006,36068.716590014,36188.518790288006,1221.308,36068.716590014,0.0,24932.276268001064,0.0,74.364,0.0,0.0,0.0,0.0,13985.705788303074,0.0,13286.420498887917,-13985.705788303074,12242.24247969799,0.0,0.0,0.0
3128,56,88060.79027,34775.711811073,53725.047018535995,34775.711811073,1221.308,53725.047018535995,0.0,21946.375587001065,0.0,74.364,0.0,0.0,0.0,0.0,23682.016146610105,0.0,35784.335838167506,-23682.016146610105,-439.9685596089985,0.0,0.0,0.0
3129,57,90142.92333,23433.755843516,65473.27592634401,23433.755843516,1221.308,65473.27592634401,0.0,18245.480121001063,0.0,74.364,0.0,0.0,0.0,0.0,18305.260560861076,0.0,53174.33337098554,-18305.260560861076,1235.891560139993,0.0,0.0,0.0
3130,58,92026.52743,17731.61590778,70741.3609022115,17731.61590778,1221.308,70741.3609022115,0.0,15958.511484001068,0.0,74.364,0.0,0.0,0.0,0.0,13700.632863992581,0.0,66189.9345917785,-13700.632863992581,3553.5506200085074,0.0,0.0,0.0
3131,59,93755.85897,16418.825503256,74212.6319714045,16418.825503256,1221.308,74212.6319714045,0.0,13782.594108001063,0.0,74.364,0.0,0.0,0.0,0.0,11953.864612661575,0.0,77546.105973807,-11953.864612661575,3124.401495339509,0.0,0.0,0.0
3132,60,94926.82292,16839.369547402,74956.0667012555,16839.369547402,1221.308,74956.0667012555,0.0,10983.934123001061,0.0,74.364,0.0,0.0,0.0,0.0,9148.219451658546,0.0,86236.91445288263,-9148.219451658546,3131.3866713425086,0.0,0.0,0.0
3133,61,96117.35137,23891.915357638,75224.795900319,23891.915357638,1221.308,75224.795900319,0.0,12391.40144440106,0.0,74.364,0.0,0.0,0.0,0.0,16686.433332358058,0.0,102089.02611862279,-16686.433332358058,-2999.3598879570054,0.0,0.0,0.0
3134,62,97288.4657,23002.374590774,76425.376697498,23002.374590774,1221.308,76425.376697498,0.0,14029.242304801057,0.0,74.364,0.0,0.0,0.0,0.0,17464.19989307307,0.0,118680.0160170422,-17464.19989307307,-2139.285588272003,0.0,0.0,0.0
3135,63,98307.34108,25478.141688985,71460.131521914,25478.141688985,1221.308,54582.81673954513,0.0,16950.71065146985,0.0,74.364,0.0,0.0,0.0,0.0,0.0,0.0,118680.0160170422,0.0,18246.38265146986,0.0,0.0,0.0
3136,64,98783.00767,32245.563757911,67050.4146798175,32245.563757911,1221.308,67050.4146798175,0.0,20792.68951746985,0.0,74.364,0.0,0.0,0.0,0.0,22601.33228519833,0.0,140151.2816879806,-22601.33228519833,-512.9707677285041,0.0,0.0,0.0
3137,65,98458.28638,34268.43634687801,57929.499210031005,34268.43634687801,1221.308,57929.499210031005,0.0,23354.58393240105,0.0,74.364,0.0,0.0,0.0,0.0,18389.90510931007,0.0,157621.69154182516,-18389.90510931007,6260.350823090994,0.0,0.0,0.0
3138,66,97089.46895,32221.19905586,41795.4881868105,32221.19905586,1221.308,41795.4881868105,0.0,22429.09254488193,0.0,74.364,0.0,0.0,0.0,1851.49975,2503.482587552464,0.0,160000.0,-2503.482587552464,23072.781707329494,0.0,0.0,0.0
3139,67,95436.36952,30649.414005716,22014.6055061255,30649.414005716,1221.308,22014.6055061255,0.0,26060.40989048193,21.500000000000004,74.364,0.0,0.0,0.0,3702.9995,0.0,11691.768617676566,147692.87513928782,11691.768617676566,42772.35000815849,0.9354800000000054,0.9354800000000054,0.9354800000000054
3140,68,94722.10831,27820.406645186,379.8864424615,27820.406645186,1221.308,379.8864424615,593.212,26060.40989048193,17392.024159999997,74.364,36.160000000000004,257.0,0.0,5554.49925,0.0,15332.837921870558,131553.0457478451,15332.837921870558,66521.8152223525,33.44188,33.44188,33.44188
3141,69,94435.40819,30072.229401292003,0.0,30072.229401292003,1221.308,0.0,593.212,26060.40989048193,24452.49,74.364,36.160000000000004,257.0,0.0,7405.999,0.0,4262.235898226076,127066.48164444925,4262.235898226076,64363.178788708,33.44188,33.44188,33.44188
3142,70,90325.37321,30200.010496447005,0.0,30200.010496447005,1221.308,0.0,593.212,26060.40989048193,7110.465840000001,74.364,0.0,0.0,0.0,7405.999,0.0,17659.603983071087,108477.4248201639,17659.603983071087,60125.362713553,16.2426,16.2426,16.2426
3143,71,83745.11789,27211.610752693,0.0,27211.610752693,1221.308,0.0,593.212,26060.40989048193,50.0,74.364,0.0,0.0,0.0,7405.999,0.0,21128.214246825064,86237.19929719015,21128.214246825064,56533.507137306995,16.2426,16.2426,16.2426
3144,72,77889.71481,26517.094392397998,0.0,26517.094392397998,1221.308,0.0,593.212,26060.40989048193,50.0,74.364,0.0,0.0,0.0,7405.999,0.0,15967.32752712009,69429.48611074795,15967.32752712009,51372.62041760201,16.2426,16.2426,16.2426
3145,73,73495.87115,23301.412294503003,0.0,23301.412294503003,1221.308,0.0,593.212,26060.40989048193,50.0,74.364,0.0,0.0,0.0,7405.999,0.0,14789.165965015072,53861.94298967945,14789.165965015072,50194.458855497,16.2426,16.2426,16.2426
3146,74,70781.58582,23696.201658214002,0.0,23696.201658214002,1221.308,0.0,593.212,26060.40989048193,50.0,74.364,0.0,0.0,0.0,7405.999,0.0,11680.09127130407,41567.11007251727,11680.09127130407,47085.38416178599,16.2426,16.2426,16.2426
3147,75,69607.29257,25412.096990605,0.0,25412.096990605,1221.308,0.0,593.212,26060.40989048193,50.0,74.364,0.0,0.0,0.0,7405.999,0.0,8789.90268891308,32314.580926292976,8789.90268891308,44195.195579395004,16.2426,16.2426,16.2426
3148,76,69153.0634,22053.534890905,0.0,22053.534890905,1221.308,0.0,593.212,26060.40989048193,50.0,74.364,0.0,0.0,0.0,5554.49925,0.0,13545.735368613066,18055.91211722659,13545.735368613066,47099.528509095,16.2426,16.2426,16.2426
3149,77,69814.47542,22386.799351529,0.0,22386.799351529,1221.308,0.0,593.212,26060.40989048193,28.499999999999996,74.364,0.0,0.0,0.0,3702.9995,0.0,15746.882677989079,1480.2461403959824,15746.882677989079,47427.676068471,16.2426,16.2426,16.2426
3150,78,71492.25258,27753.636594165,13110.870949268501,27753.636594165,1221.308,13110.870949268501,169.95,26060.40989048193,0.0,74.364,0.0,0.0,0.0,1851.49975,0.0,1250.2133960845636,164.23203925433654,1250.2133960845636,30627.7450365665,6.32,6.32,6.32
3151,79,73870.04441,28708.853603646003,36088.475892843504,28708.853603646003,1221.308,36088.475892843504,0.0,24745.71279848193,0.0,74.364,0.0,0.0,0.0,0.0,16968.669884971456,0.0,16284.46842997722,-16968.669884971456,9072.7149135105,0.0,0.0,0.0
3152,80,78130.33596,12531.467845778001,54598.9251854505,12531.467845778001,1221.308,54598.9251854505,0.0,22149.87983048193,0.0,74.364,0.0,0.0,0.0,0.0,12445.60890171044,0.0,28107.79688660214,-12445.60890171044,10999.942928771503,0.0,0.0,0.0
3153,81,82246.60618,7106.183940844,65555.8664430095,7106.183940844,1221.308,65555.8664430095,0.0,18539.670164481933,0.0,74.364,0.0,0.0,0.0,0.0,10250.786368335448,0.0,37846.043936520815,-10250.786368335448,9584.55579614651,0.0,0.0,0.0
3154,82,84988.87596,4009.704848722,70549.6270828095,4009.704848722,1221.308,70549.6270828095,0.0,15950.311414276697,0.0,74.364,0.0,0.0,0.0,0.0,6816.439385808209,0.0,44321.66135303861,-6816.439385808209,10429.544028468503,0.0,0.0,0.0
3155,83,87065.11457,6398.652758653,73405.9872938235,6398.652758653,1221.308,73405.9872938235,0.0,19201.812162945498,0.0,74.364,0.0,0.0,0.0,0.0,13237.009645422018,0.0,56896.820516189524,-13237.009645422018,7260.4745175235,0.0,0.0,0.0
3156,84,88318.99672,8374.363496642,74433.411848395,8374.363496642,1221.308,74433.411848395,0.0,22561.394198945498,0.0,74.364,0.0,0.0,0.0,0.0,18345.84482398251,0.0,74325.37309897291,-18345.84482398251,5511.221374962988,0.0,0.0,0.0
3157,85,89541.42167,8035.6533540519995,74663.09967653951,8035.6533540519995,1221.308,74663.09967653951,0.0,20223.1635999455,0.0,74.364,0.0,0.0,0.0,0.0,14676.166960537023,0.0,88267.73171148307,-14676.166960537023,6842.668639408483,0.0,0.0,0.0
3158,86,90861.35037,10136.376501984,75213.933139494,10136.376501984,1221.308,75213.933139494,0.0,21044.825120950733,0.0,74.364,0.0,0.0,0.0,0.0,16829.456392428758,0.0,104255.71528429039,-16829.456392428758,5511.0407285220135,0.0,0.0,0.0
3159,87,92257.40855,11569.483201970997,71548.0985870975,11569.483201970997,1221.308,71548.0985870975,0.0,24316.418358950734,0.0,74.364,0.0,0.0,0.0,0.0,16472.26359801926,0.0,119904.36570240869,-16472.26359801926,9139.826760931493,0.0,0.0,0.0
3160,88,93422.8577,13509.530307133997,67511.9532404985,13509.530307133997,1221.308,67511.9532404985,0.0,22128.11771495073,0.0,74.364,0.0,0.0,0.0,0.0,11022.415562583255,0.0,130375.66048686278,-11022.415562583255,12401.374152367498,0.0,0.0,0.0
3161,89,94280.24554,19883.311445783,58995.1697945205,19883.311445783,1221.308,58995.1697945205,0.0,25743.46408495073,0.0,74.364,0.0,0.0,0.0,0.0,11637.371785254229,0.0,141431.1636828543,-11637.371785254229,15401.764299696493,0.0,0.0,0.0
3162,90,94034.46906,22625.504291216,41697.398103983505,22625.504291216,1221.308,41697.398103983505,26.917,26060.40989048193,0.0,74.364,0.0,0.0,0.0,1851.49975,0.0,477.0680243185943,140928.9868151505,477.0680243185943,29711.5666648005,5.323,5.323,5.323
3163,91,93173.20888,27051.307648841,22066.066096845498,27051.307648841,1221.308,22066.066096845498,593.212,26060.40989048193,28.499999999999996,74.364,0.0,0.0,0.0,3702.9995,0.0,12375.041743831576,127902.62708480148,12375.041743831576,44055.83513431351,16.2426,16.2426,16.2426
3164,92,92317.28488,27085.328197659,404.76584869600003,27085.328197659,1221.308,404.76584869600003,593.212,26060.40989048193,50.0,74.364,0.0,0.0,0.0,5554.49925,0.0,31273.39769316307,94983.26109199825,31273.39769316307,64827.19083364501,16.2426,16.2426,16.2426
3165,93,91843.94815,24177.750497693003,0.0,24177.750497693003,1221.308,0.0,593.212,26060.40989048193,50.0,74.364,0.0,0.0,0.0,7405.999,0.0,32260.90476182509,61024.41397428764,32260.90476182509,67666.19765230699,16.2426,16.2426,16.2426
3166,94,88058.20232,26476.006202518,0.0,26476.006202518,1221.308,0.0,593.212,26060.40989048193,50.0,74.364,0.0,0.0,0.0,7405.999,0.0,26176.903227000108,33469.778998498055,26176.903227000108,61582.196117481995,16.2426,16.2426,16.2426
3167,95,81975.49022,28930.819544129004,0.0,28930.819544129004,1221.308,0.0,593.212,26060.40989048193,50.0,74.364,0.0,0.0,0.0,7405.999,0.0,17639.377785389093,14902.0129086148,17639.377785389093,53044.670675871006,16.2426,16.2426,16.2426
3168,96,76130.53076,26568.325606333998,0.0,26568.325606333998,1221.308,0.0,593.212,26060.40989048193,50.0,74.364,0.0,0.0,0.0,7405.999,0.0,14156.912263184062,0.0,14156.912263184062,49562.205153666,16.2426,16.2426,16.2426
3169,1,71963.70276,23932.368308446003,0.0,23932.368308446003,1221.308,0.0,593.212,26060.40989048193,12676.041561072032,74.364,0.0,0.0,0.0,7405.999,0.0,0.0,0.0,0.0,48031.334451553994,17.18868,17.18868,17.18868
3170,2,69447.67741,23565.800757355,0.0,23565.800757355,1221.308,0.0,593.212,26060.40989048193,10526.583762161676,74.364,0.0,0.0,0.0,7405.999,0.0,0.0,0.0,0.0,45881.876652645005,17.18867999999988,17.18867999999988,17.18867999999988
3171,3,67966.50878,24896.461741720996,0.0,24896.461741720996,1221.308,0.0,593.212,26060.40989048193,7714.754147797053,74.364,0.0,0.0,0.0,7405.999,0.0,0.0,0.0,0.0,43070.04703827901,17.18868000000008,17.18868000000008,17.18868000000008
3172,4,67233.06974,26542.982997955,0.0,26542.982997955,1221.308,0.0,593.212,26060.40989048193,5334.793851563049,74.364,0.0,0.0,0.0,7405.999,0.0,0.0,0.0,0.0,40690.08674204501,16.242600000000067,16.242600000000067,16.242600000000067
3173,5,67087.43452,25073.448298569,22.9534,25073.448298569,1221.308,22.9534,593.212,26060.40989048193,8487.23968094906,74.364,0.0,0.0,0.0,5554.49924999999,0.0,0.0,0.0,0.0,41991.032821431,17.188679999999902,17.188679999999902,17.188679999999902
3174,6,67633.98538,17614.334944425,13682.327758523998,17614.334944425,1221.308,13682.327758523998,593.212,26060.40989048193,4685.029286569093,74.364,0.0,0.0,0.0,3702.999499999975,0.0,0.0,0.0,0.0,36337.322677050994,16.242600000000117,16.242600000000117,16.242600000000117
3175,7,69602.70015,12314.378695064,36370.203500902,12314.378695064,1221.308,36370.203500902,0.0,26060.40989048193,0.0,74.364,0.0,0.0,0.0,1851.4997499999981,8289.463686447965,0.0,7874.990502125566,-8289.463686447965,20918.11795403401,0.0,0.0,0.0
3176,8,73810.84566,6847.518796298001,53513.675096302,6391.214096298,1221.308,40137.91367322009,0.0,26060.40989048193,0.0,0.0,0.0,0.0,0.0,0.0,0.0,0.0,7874.990502125566,0.0,27281.71789048191,0.0,0.0,0.0
3177,9,78103.53179,3886.392055039,65421.4274313875,3886.392055039,1221.308,65421.42743138884,0.0,26060.40989048193,0.0,74.364,0.0,0.0,0.0,0.0,18560.36958691002,0.0,25507.341609690084,-18560.36958691002,8795.712303572152,0.0,0.0,0.0
3178,10,81765.24908,8237.369203604,62958.489663809,8237.369203604,1221.308,46171.79798591404,0.0,26060.40989048193,0.0,74.364,0.0,0.0,0.0,0.0,0.0,0.0,25507.34160969009,0.0,27356.081890481953,0.0,0.0,0.0
3179,11,83856.82951,7065.960103839,72379.536996911,7065.960103839,1221.308,72379.53699691234,0.0,26060.40989048193,0.0,74.364,0.0,0.0,0.0,0.0,22944.7494812335,0.0,47304.85361686192,-22944.7494812335,4411.332409248658,0.0,0.0,0.0
3180,12,85816.28355,7980.989149452001,72907.20776004551,7980.989149452001,1221.308,72907.20776004673,0.0,26060.40989048193,0.0,74.364,0.0,0.0,0.0,0.0,22427.995249980886,0.0,68611.44910434376,-22427.995249980886,4928.086640501264,0.0,0.0,0.0
3181,13,87464.84484,11295.620696239997,73190.48833728599,11295.620696239997,1221.308,73190.48833728759,0.0,26060.40989048193,0.0,74.364,0.0,0.0,0.0,0.0,24377.346084009732,0.0,91769.927884153,-24377.346084009732,2978.7358064724103,0.0,0.0,0.0
3182,14,88836.05142,15439.312559863,75054.9025023185,15439.312559863,1221.308,75054.9025023185,0.0,26060.409890481744,0.0,74.364,0.0,0.0,0.0,0.0,29014.245532665096,0.0,119333.46114018485,-29014.245532665096,-1658.163642181491,0.0,0.0,0.0
3183,15,90106.05783,13278.748600628,70698.9367012075,13278.748600628,1221.308,69272.41154060533,0.0,26060.40989048193,0.0,74.364,0.0,0.0,0.0,0.0,19801.184201715252,0.0,138144.58613181434,-19801.184201715252,7554.8976887666795,0.0,0.0,0.0
3184,16,91413.70732,20126.447205046003,66936.877033087,20126.447205046003,1221.308,66936.87703308853,0.0,26060.409890481744,0.0,74.364,0.0,0.0,0.0,0.0,23005.69880861648,0.0,160000.0,-23005.69880861648,4350.383081865468,0.0,0.0,0.0
3185,17,92445.37759,15119.512495525001,57886.06794112549,15119.512495525001,1221.308,48118.283453993085,0.0,26060.40989048193,0.0,74.364,0.0,0.0,0.0,1851.4997499999972,0.0,0.0,160000.0,0.0,29207.581640481912,0.0,0.0,0.0
3186,18,92510.49962,14206.126242197,41440.854848599,14206.126242197,1221.308,41440.854848599,593.212,26060.40989048193,28.5,74.364,0.0,0.0,0.0,3702.999499999998,0.0,5182.725138722055,154544.4998539768,5182.725138722055,36863.518529204,16.242599999999996,16.242599999999996,16.242599999999996
3187,19,92312.86017,14358.142707539002,21475.699195813497,14358.142707539002,1221.308,21475.699195813497,593.212,26060.40989048193,50.0,74.364,0.0,0.0,0.0,5554.499249999998,0.0,22925.225126165577,130412.68393169723,22925.225126165577,56479.01826664751,16.242600388961854,16.242600388961854,16.242600388961854
3188,20,92307.79937,22371.481347701003,250.7615465755,22371.481347701003,1221.308,250.7615465755,593.212,26060.40989048193,7269.002,74.364,0.0,0.0,0.0,7405.999,0.0,27061.26158524156,101927.14542091664,27061.26158524156,69685.5564757235,17.188680000000126,17.188680000000126,17.188680000000126
3189,21,92457.36446,29216.96110773,0.0,29216.96110773,1221.308,0.0,593.212,26060.40989048193,50.0,74.364,0.0,0.0,0.0,7405.999,0.0,27835.110461788063,72627.0291453509,27835.110461788063,63240.40335227,16.2426,16.2426,16.2426
3190,22,88005.84586,27760.170807745002,0.0,27760.170807745002,1221.308,0.0,593.212,26060.40989048193,50.0,74.364,0.0,0.0,0.0,7405.999,0.0,24840.382161774585,46479.25844874608,24840.382161774585,60245.675052255,16.242600000000248,16.242600000000248,16.242600000000248
3191,23,81070.32423,27685.017443017998,0.0,27685.017443017998,1221.308,0.0,593.212,26060.40989048193,50.0,74.364,0.0,0.0,0.0,7405.999,0.0,17980.01389650192,27552.928031375635,17980.01389650192,53385.306786982,16.242600000000103,16.242600000000103,16.242600000000103
3192,24,74660.32872,28849.198654276,0.0,28849.198654276,1221.308,0.0,593.212,26060.40989048193,50.0,74.364,0.0,0.0,0.0,7405.999,0.0,10405.83717524372,16599.41521532961,10405.83717524372,45811.130065724006,16.24259999999988,16.24259999999988,16.24259999999988
3193,25,70413.94175,30686.813002762003,0.0,30686.813002762003,1221.308,0.0,593.212,26060.40989048193,50.0,74.364,0.0,0.0,0.0,7405.999,0.0,4321.835856757868,12050.114313479222,4321.835856757868,39727.12874723799,16.242600000000113,16.242600000000113,16.242600000000113
3194,26,68684.36612,31534.508392061,0.0,31534.508392061,1221.308,0.0,593.212,26060.40989048193,50.0,74.364,0.0,0.0,0.0,7405.999,0.0,1744.5648374577404,10213.730274050024,1744.5648374577404,37149.857727939,16.24260000000011,16.24260000000011,16.24260000000011
3195,27,67758.57312,31820.767702325003,0.0,31820.767702325003,1221.308,0.0,593.212,26060.40989048193,50.0,74.364,0.0,0.0,0.0,7405.999,0.0,532.512527185481,9653.190771749521,532.512527185481,35937.805417675,16.2426,16.2426,16.2426
3196,28,68314.36553,30816.905647844997,0.0,30816.905647844997,1221.308,0.0,593.212,26060.40989048193,50.0,74.364,0.0,0.0,0.0,7405.999,0.0,2092.1669916745604,7450.9097278815625,2092.1669916745604,37497.459882155,16.24260000000009,16.24260000000009,16.24260000000009
3197,29,70930.63874,32502.84284262,163.8766,32502.84284262,1221.308,163.8766,593.212,26060.40989048193,28.499999999999996,74.364,0.0,0.0,0.0,5554.499250000001,0.0,4731.626156899134,2470.2506153561585,4731.626156899134,38263.919297379995,16.242599999999893,16.242599999999893,16.242599999999893
3198,30,75528.85755,31173.612544292002,14126.624116037,31173.612544292002,1221.308,14126.624116037,348.123,26060.40989048193,0.0,74.364,0.0,0.0,0.0,3702.9995000000004,1178.583500810948,0.0,3589.9049411265587,-1178.583500810948,30228.620889671,6.436799999998999,6.436799999998999,6.436799999998999
3199,31,81026.92139,27807.107744576002,36839.140678183,27807.107744576002,1221.308,36839.14067818463,0.0,26060.40989048193,0.0,74.364,0.0,0.0,0.0,1851.4997499999995,12826.908673242757,0.0,15775.468180707177,-12826.908673242757,16380.67296723937,0.0,0.0,0.0
3200,32,86570.73806,19492.128152721998,53803.4706469885,19492.128152721998,1221.308,53803.4706469885,0.0,26060.40989048193,0.0,74.364,0.0,0.0,0.0,0.0,14080.94263019248,0.0,29152.363679390044,-14080.94263019248,13275.139260289507,0.0,0.0,0.0
3201,33,90441.43025,6302.017655912002,65317.2179382395,6302.017655912002,1221.308,65317.21793823741,0.0,26060.40989048193,0.0,74.364,0.0,0.0,0.0,0.0,8533.887234631351,0.0,37259.556552289825,-8533.887234631351,18822.194655850595,0.0,0.0,0.0
3202,34,93566.24515,3724.4219046309995,70255.3438707095,3724.4219046309995,1221.308,70255.34387071141,0.0,26060.40989048193,0.0,74.364,0.0,0.0,0.0,0.0,7769.6025158245575,0.0,44640.67894232315,-7769.6025158245575,19586.47937465759,0.0,0.0,0.0
3203,35,96212.85492,4324.670651295,73221.12629188152,4324.670651294998,1221.308,73221.12629188152,0.0,26060.409890483475,0.0,74.364,0.0,0.0,0.0,0.0,8689.02391366025,0.0,52895.25166030039,-8689.02391366025,18667.057976823475,0.0,0.0,0.0
3204,36,98479.04802,6260.892204865,74063.8911477245,6260.892204865,1221.308,74063.89114772616,0.0,26060.40989048193,0.0,74.364,0.0,0.0,0.0,0.0,9201.817223073373,0.0,61636.97802222009,-9201.817223073373,18154.264667408846,0.0,0.0,0.0
3205,37,100343.8895,9624.520409644,74995.6203589295,9624.520409644,1221.308,74995.62035893025,0.0,26060.40989048193,0.0,74.364,0.0,0.0,0.0,0.0,11632.333159056474,0.0,72687.69452332375,-11632.333159056474,15723.74873142576,0.0,0.0,0.0
3206,38,102281.4669,12460.791211145,73835.67145157499,12460.791211145,1221.308000001692,73835.67145157499,0.0,26060.40989048193,0.0,74.364,0.0,0.0,0.0,0.0,11371.077653203833,0.0,83490.2182938674,-11371.077653203833,15985.004237280009,0.0,0.0,0.0
3207,39,103660.2619,15715.539055424002,71814.16824475498,15715.539055424002,1221.3080000014656,71814.16824475498,0.0,26060.40989048193,0.0,74.364,0.0,0.0,0.0,0.0,11225.52729066259,0.0,94154.46921999686,-11225.52729066259,16130.554599821015,0.0,0.0,0.0
3208,40,104746.8787,17751.566344499002,67647.473593218,17751.566344499002,1221.308,67647.473593218,0.0,26060.40989048193,0.0,74.364,0.0,0.0,0.0,1403.9703413105217,9412.21346950945,0.0,103096.07201603075,-9412.21346950945,19347.83876228299,0.0,0.0,0.0
3209,41,104684.9662,16997.37915623,59384.69334045701,16997.37915623,1221.308,59384.69334045701,348.123,26060.40989048193,0.0,74.364,0.0,0.0,0.0,3255.4700913105235,2656.7812784794664,0.0,105620.01423058625,-2656.7812784794664,28302.893703312984,6.436800000238229,6.436800000238229,6.436800000238229
3210,42,103273.688,19036.433748765998,42042.312599473,19036.433748765998,1221.308,42042.312599473,593.212,26060.40989048193,28.5,74.364,0.0,0.0,0.0,5106.969841269842,0.0,9110.177919968544,96030.35326219832,9110.177919968544,42194.941651761,16.24260000000018,16.24260000000018,16.24260000000018
3211,43,101409.8114,21388.342540449,22083.3110694115,21388.342540449,1221.308,22083.3110694115,593.212,26060.40989048193,7110.465839999982,74.364,0.0,0.0,0.0,6958.469591310525,0.0,15919.928468347069,79272.53382183299,15919.928468347069,57938.15779013951,16.242599999999875,16.242599999999875,16.242599999999875
3212,44,100247.8707,25978.917299828,113.56905500799999,25978.917299828,1221.308,113.56905500799999,593.212,26060.40989048193,24452.49,74.364,448.7680000000001,257.0,0.0,7405.999,0.0,13641.833454682064,64912.70913269397,13641.833454682064,74155.384345164,35.458000001161125,35.458000001161125,35.458000001161125
3213,45,99264.17325,30780.068702219,0.0,30780.068702219,1221.308,0.0,593.212,26060.40989048193,16628.224159999998,74.364,0.0,0.0,0.0,7405.999,0.0,16500.587497299075,47543.66966185284,16500.587497299075,68484.10454778101,18.134760000000007,18.134760000000007,18.134760000000007
3214,46,92970.07008,33272.545757702,0.0,33272.545757702,1221.308,0.0,593.212,26060.40989048193,50.0,74.364,0.0,0.0,0.0,7405.999,0.0,24292.231431816064,21972.899733625403,24292.231431816064,59697.524322298006,16.242599999999996,16.242599999999996,16.242599999999996
3215,47,85041.80573,36340.781193270996,0.0,36340.781193270996,1221.308,0.0,593.212,26060.40989048193,50.0,74.364,0.0,0.0,0.0,5554.499250000001,0.0,15147.231396248097,6028.445632311618,15147.231396248097,48701.024536729,16.242600000000117,16.242600000000117,16.242600000000117
3216,48,78038.84159,40631.024848821005,0.0,40631.024848821005,1221.308,0.0,593.212,26060.40989048193,28.5,74.364,0.0,0.0,0.0,3702.9995000000113,0.0,5727.023350696038,0.0,5727.023350696038,37407.81674117899,16.24260000000009,16.24260000000009,16.24260000000009
3217,49,73633.60609,44848.430959873,0.0,44457.63844951807,1189.694,0.0,0.0,26060.40989048193,0.0,74.364,0.0,0.0,0.0,1851.4997500000095,0.0,0.0,0.0,0.0,29175.967640481933,0.0,0.0,0.0
3218,50,71330.75447,46391.680591045,0.0,43974.67257951806,1221.308,0.0,0.0,26060.40989048193,0.0,74.364,0.0,0.0,0.0,0.0,0.0,0.0,0.0,0.0,27356.08189048194,0.0,0.0,0.0
3219,51,70066.44045,47624.859553548,0.0,43624.30355951805,307.363,0.0,0.0,26060.40989048193,0.0,74.364,0.0,0.0,0.0,0.0,0.0,0.0,0.0,0.0,26442.136890481946,0.0,0.0,0.0
3220,52,70359.4417,48879.61789678,0.0,48879.61789678,1221.308,0.0,0.0,26060.40989048193,0.0,74.364,0.0,0.0,0.0,0.0,5876.258087261943,0.0,5582.445182898846,-5876.258087261943,21479.823803219995,0.0,0.0,0.0
3221,53,72794.31758,46775.457697276,314.046,41573.969297836,1015.868,314.046,0.0,24581.68244872402,0.0,5.428909686064799,0.0,0.0,0.0,0.0,0.0,5303.3229237539035,0.0,5303.3229237539035,30906.302282164,0.0,0.0,0.0
3222,54,77592.76945,44861.009454488,14987.579761497002,35249.10779802107,1221.308,14987.579761497002,0.0,26060.40989048193,0.0,74.364,0.0,0.0,0.0,0.0,0.0,0.0,0.0,0.0,27356.08189048194,0.0,0.0,0.0
3223,55,83111.17157,36553.199300049004,36888.8512077645,34467.762900145004,322.3091716085744,22260.6896077645,0.0,26060.40989048193,0.0,0.0,0.0,0.0,0.0,0.0,0.0,0.0,0.0,0.0,26382.719062090502,0.0,0.0,0.0
3224,56,88107.92303,29786.592240504,54477.028912264,26526.952532978066,862.9370000000001,34583.25960654,0.0,26060.40989048193,0.0,74.364,0.0,0.0,0.0,0.0,0.0,0.0,0.0,0.0,26997.71089048194,0.0,0.0,0.0
3225,57,91269.20378,25626.289040273998,65389.473332161,21915.935790478,745.263,42547.595099040074,0.0,26060.40989048193,0.0,0.0,0.0,0.0,0.0,0.0,0.0,0.0,0.0,0.0,26805.672890481917,0.0,0.0,0.0
3226,58,94599.49604,18895.145258312998,70101.46884168351,17857.009658313,850.4580000000001,49757.25449120505,0.0,26060.40989048193,0.0,74.364,0.0,0.0,0.0,0.0,0.0,0.0,0.0,0.0,26985.23189048194,0.0,0.0,0.0
3227,59,96831.66331,17528.555158937,73279.84503316451,17528.555158937,1221.308,51947.026260581035,0.0,26060.40989048193,0.0,74.364,0.0,0.0,0.0,0.0,0.0,0.0,0.0,0.0,27356.081890481968,0.0,0.0,0.0
3228,60,98972.0163,19542.133239492003,74927.8839113645,19542.133239492003,1221.308,52073.80117002606,0.0,26060.40989048193,0.0,74.364,0.0,0.0,0.0,0.0,0.0,0.0,0.0,0.0,27356.08189048194,0.0,0.0,0.0
3229,61,100819.2036,29772.985393336003,74916.400797529,24397.091593336,941.0900000000001,49346.248116182076,0.0,26060.40989048193,0.0,74.364,0.0,0.0,0.0,0.0,0.0,0.0,0.0,0.0,27075.86389048191,0.0,0.0,0.0
3230,62,102791.8681,34657.012745086,73604.960164483,34657.012745086,1221.308,41408.72456040156,0.0,26060.40989048193,0.0,74.364,0.0,0.0,0.0,0.0,629.9510959695181,0.0,598.4535411710458,-629.9510959695181,26726.130794512443,0.0,0.0,0.0
3231,63,104370.543,40071.729801756,71665.866427378,40071.729801728005,1221.308,71665.8664273796,0.0,26060.40989048193,0.0,74.364,0.0,0.0,0.0,0.0,34723.13511961755,0.0,33585.431904807716,-34723.13511961755,-7367.0532291076015,0.0,0.0,0.0
3232,64,105307.8359,44316.820901513,66802.473609772,44310.32725328357,743.2330000000001,34119.5017562345,0.0,26060.40989048193,0.0,74.364,0.0,0.0,0.0,0.0,0.0,0.0,33585.431904807716,0.0,26878.006890481935,0.0,0.0,0.0
3233,65,105495.1435,48361.096457314,57829.928978971,43219.935107314,822.072,35318.362502204065,0.0,26060.40989048193,0.0,74.364,0.0,0.0,0.0,0.0,0.0,0.0,33585.431904807716,0.0,26956.84589048194,0.0,0.0,0.0
3234,66,104213.3762,53045.896450271,41709.56420312,50360.37985507805,852.1720000000001,26866.050454439996,0.0,26060.40989048193,0.0,74.364,0.0,0.0,0.0,0.0,0.0,0.0,33585.431904807716,0.0,26986.945890481955,0.0,0.0,0.0
3235,67,102157.969,52704.992299720005,21853.3857997205,52704.992299720005,1221.308,21853.3857997205,0.0,26060.40989048192,0.0,74.364,0.0,0.0,0.0,0.0,0.0,243.50901007765424,33329.10663104177,243.50901007765424,27599.59090055949,0.0,0.0,0.0
3236,68,101004.4041,56712.54610889,278.0214481855,56712.54610889,1221.308,278.0214481855,593.212,26060.40989048193,28.499999999999996,74.364,0.0,0.0,0.0,1851.4997500000081,0.0,14184.542902442565,18398.00883899696,14184.542902442565,44013.8365429245,16.2426,16.2426,16.2426
3237,69,100153.0256,56005.322092566996,0.0,56005.322092566996,1221.308,0.0,593.212,26060.40989048193,50.0,74.364,0.0,0.0,0.0,3702.999500000008,0.0,12445.410116951061,5297.577136943213,12445.410116951061,44147.703507433,16.242600000000092,16.242600000000092,16.242600000000092
3238,70,94297.32918,59435.337259422,0.0,59435.337259422,1221.308,0.0,593.212,26060.40989048193,28.5,74.364,0.0,0.0,0.0,1851.4997500000081,0.0,5032.698280096053,0.0,5032.698280096053,34861.991920578,16.167300000000356,16.167300000000356,16.167300000000356
3239,71,86250.12585,61958.420955491994,0.0,61958.420955491994,1221.308,0.0,0.0,22996.03289450798,0.0,74.364,0.0,0.0,0.0,0.0,0.0,0.0,0.0,0.0,24291.704894508002,0.0,0.0,0.0
3240,72,79267.102,57732.806642073,0.0,57732.806642073,1221.308,0.0,0.0,20238.623357927,0.0,74.36399999999975,0.0,0.0,0.0,0.0,0.0,0.0,0.0,0.0,21534.295357926996,0.0,0.0,0.0
3241,73,75174.76444,52821.48215001099,0.0,52142.41250001099,740.792951507113,0.0,0.0,22217.194988481882,0.0,74.364,0.0,0.0,0.0,0.0,0.0,0.0,0.0,0.0,23032.351939989006,0.0,0.0,0.0
3242,74,72618.88109,49430.297555054996,0.0,48887.53334890422,0.0,0.0,0.0,23731.347741095768,0.0,0.0,0.0,0.0,0.0,0.0,0.0,0.0,0.0,0.0,23731.34774109578,0.0,0.0,0.0
3243,75,71088.1214,50869.887347202995,0.0,43732.03950951807,1221.308,0.0,0.0,26060.40989048193,0.0,74.364,0.0,0.0,0.0,0.0,0.0,0.0,0.0,0.0,27356.08189048193,0.0,0.0,0.0
3244,76,71233.64494,49470.351595030006,0.0,47434.94261951804,1196.0550000000003,0.0,0.0,22602.64732048192,0.0,0.0,0.0,0.0,0.0,0.0,0.0,0.0,0.0,0.0,23798.702320481956,0.0,0.0,0.0
3245,77,73550.38106,49164.082708555005,129.7785,49143.60178095498,549.149,0.0,0.0,23783.266279045012,0.0,74.364,0.0,0.0,0.0,0.0,0.0,0.0,0.0,0.0,24406.77927904502,0.0,0.0,0.0
3246,78,77962.78546,53298.740654939,14357.713212161,45308.776454939,0.0,6519.235114579067,0.0,26060.40989048193,0.0,74.364,0.0,0.0,0.0,0.0,0.0,0.0,0.0,0.0,26134.773890481934,0.0,0.0,0.0
3247,79,83670.80413,49721.032890487004,36261.006052197,21163.309249216003,1093.752,35278.96899030207,0.0,26060.40989048193,0.0,74.364,0.0,0.0,0.0,0.0,0.0,0.0,0.0,0.0,27228.525890481927,0.0,0.0,0.0
3248,80,88676.55797,38265.703792947,53362.28544911149,36260.594492915,788.474,25492.71558660308,0.0,26060.40989048193,0.0,74.364,0.0,0.0,0.0,0.0,0.0,0.0,0.0,0.0,26923.247890481915,0.0,0.0,0.0
3249,81,92245.48176,29192.996292842996,64978.532911124006,24610.441842843,1151.2759999999998,40348.990026675034,0.0,26060.40989048193,0.0,74.364,0.0,0.0,0.0,0.0,0.0,0.0,0.0,0.0,27286.04989048197,0.0,0.0,0.0
3250,82,95481.81721,28264.960948246997,69679.789048205,27734.645698246997,647.84,40964.557621271306,0.0,26060.40989048167,0.0,74.364,0.0,0.0,0.0,0.0,0.0,0.0,0.0,0.0,26782.61389048169,0.0,0.0,0.0
3251,83,98781.3913,31507.177657291006,73089.446698427,31507.177657291006,1050.579,40088.860752227076,0.0,26060.40989048193,0.0,74.364,0.0,0.0,0.0,0.0,0.0,0.0,0.0,0.0,27185.352890481925,0.0,0.0,0.0
3252,84,101267.8219,34401.452551621,73748.1891625,34401.452551621,1046.416203502341,39685.179254395,0.0,26060.409890481667,0.0,74.364,0.0,0.0,0.0,0.0,0.0,0.0,0.0,0.0,27181.190093983998,0.0,0.0,0.0
3253,85,103161.0996,51881.833191457,74410.30355530449,32913.7410133233,1168.973,46700.36840133595,0.0,22303.65318528166,0.0,74.364,0.0,0.0,0.0,0.0,0.0,0.0,0.0,0.0,23546.990185340757,0.0,0.0,0.0
3254,86,105424.2807,54418.292097841,73706.41820451198,52600.126347841,282.70369316537784,73706.41820451198,0.0,18760.66845448165,0.0,74.364,0.0,0.0,0.0,0.0,40000.0,0.0,38000.0,-40000.0,-20882.263852352975,0.0,0.0,0.0
3255,87,107143.3703,58328.967140524,70698.049791184,57597.86768433435,762.383,66490.324591184,0.0,22218.431024481604,0.0,74.364,0.0,0.0,0.0,0.0,40000.0,0.0,76000.0,-40000.0,-16944.82197551836,0.0,0.0,0.0
3256,88,108036.564,57155.242447268,66211.43425034301,57155.242447268,1202.183,64974.94635425035,0.0,24629.828198481668,0.0,74.364,0.0,0.0,0.0,0.0,40000.0,0.0,114000.0,-40000.0,-14093.624801518352,0.0,0.0,0.0
3257,89,108264.9542,57371.027007203,57712.746779990004,57371.027007203,1221.3080000014234,57712.746779990004,0.0,26060.40989048193,0.0,74.364,0.0,0.0,0.0,0.0,34174.90147767658,0.0,146466.15640379276,-34174.90147767658,-6818.819587193015,0.0,0.0,0.0
3258,90,106616.4128,60048.54438920601,41355.12943396549,52343.35262945519,1029.308,41355.12943396549,0.0,26060.409890481664,0.0,74.364,0.0,0.0,0.0,0.0,14246.151153902349,0.0,160000.0,-14246.151153902349,12917.930736579321,0.0,0.0,0.0
3259,91,104388.8704,58692.818491867,21466.7074465225,58692.81849186697,1221.308,21466.7074465225,0.0,22933.672461610517,0.0,74.364,0.0,0.0,0.0,0.0,0.0,0.0,160000.0,0.0,24229.344461610526,0.0,0.0,0.0
3260,92,103076.7249,57529.209504728,287.9836543945,57529.209504728,1221.308,287.9836543945,593.212,26060.40989048193,28.499999999999996,74.364,0.0,0.0,0.0,1851.4997499999936,0.0,15430.238100395583,143757.64410484675,15430.238100395583,45259.5317408775,16.24259999999999,16.24259999999999,16.24259999999999
3261,93,101555.5169,59439.230010412,0.0,59439.230010412,1221.308,0.0,593.212,26060.40989048193,0.0,74.364,0.0,0.0,0.0,0.0,0.0,14166.992999106064,128845.01989526143,14166.992999106064,42116.286889588,9.730499999999985,9.730499999999985,9.730499999999985
3262,94,95501.68301,56663.81689162099,0.0,56663.81689162099,1221.308,0.0,593.212,26060.40989048193,0.0,74.364,0.0,0.0,0.0,0.0,0.0,10888.572227897079,117383.36491852766,10888.572227897079,38837.866118379,9.7305,9.7305,9.7305
3263,95,87373.64266,47410.986989224,0.0,47410.986989224,1221.308,0.0,593.212,26060.40989048193,28.5,74.364,0.0,0.0,0.0,1851.4997499999936,0.0,10133.36203029407,106716.6680445339,10133.36203029407,39962.655670775996,16.24260000000014,16.24260000000014,16.24260000000014
3264,96,80118.68863,48545.499608379,0.0,48545.499608379,1221.308,0.0,0.0,26060.40989048193,0.0,74.364,0.0,0.0,0.0,0.0,0.0,4217.107131139075,102277.60790649278,4217.107131139075,31573.189021621,3.218399999999857,3.218399999999857,3.218399999999857
3265,1,75705.20141,50332.419044268005,0.0,50332.41904426799,1221.308,0.0,0.0,24077.110365731987,0.0,74.364,0.0,0.0,0.0,0.0,0.0,0.0,0.0,0.0,25372.782365732004,0.0,0.0,0.0
3266,2,73080.00778,54283.679807627,0.0,45723.92588951806,1221.308,0.0,0.0,26060.40989048193,0.0,74.364,0.0,0.0,0.0,0.0,0.0,0.0,0.0,0.0,27356.08189048194,0.0,0.0,0.0
3267,3,71563.11192,52323.38788983599,0.0,44207.03002951806,1221.308,0.0,0.0,26060.40989048193,0.0,74.364,0.0,0.0,0.0,0.0,0.0,0.0,0.0,0.0,27356.08189048194,0.0,0.0,0.0
3268,4,71805.10686,53046.628001305005,0.0,44641.02496951806,1029.308,0.0,0.0,26060.40989048193,0.0,74.364,0.0,0.0,0.0,0.0,0.0,0.0,0.0,0.0,27164.08189048194,0.0,0.0,0.0
3269,5,74052.7242,50575.92695802,146.9015,46938.314309518064,979.6360000000001,0.0,0.0,26060.40989048193,0.0,74.364,0.0,0.0,0.0,0.0,0.0,0.0,0.0,0.0,27114.409890481933,0.0,0.0,0.0
3270,6,78678.04374,52074.642901089,12145.7924974705,45263.168151645,1221.308,6925.621968856533,0.0,26060.40989048193,0.0,74.364,0.0,0.0,0.0,0.0,866.8282709834717,0.0,823.4868574342981,-866.8282709834717,26489.253619498464,0.0,0.0,0.0
3271,7,84804.93533,47681.016008089,34890.3338907305,38660.646308054005,1221.308,18788.207131464056,0.0,26060.40989048193,0.0,74.364,0.0,0.0,0.0,0.0,0.0,0.0,823.4868574342981,0.0,27356.08189048193,0.0,0.0,0.0
3272,8,89631.40376,39071.95270773499,52602.010035980995,12560.4139,1158.7310000000002,49777.48496951806,0.0,26060.40989048193,0.0,74.364,0.0,0.0,0.0,0.0,0.0,0.0,823.4868574342981,0.0,27293.50489048194,0.0,0.0,0.0
3273,9,92720.00507,27670.263346896005,63078.114251203,5517.7829498440005,1221.308,59846.140229674056,0.0,26060.40989048193,0.0,74.364,0.0,0.0,0.0,0.0,0.0,0.0,823.4868574342981,0.0,27356.081890481946,0.0,0.0,0.0
3274,10,95953.94319,24689.324095472,68976.56483376301,5876.544065755089,979.6360000000001,62962.989233763,0.0,26060.40989048193,0.0,74.364,0.0,0.0,0.0,0.0,0.0,0.0,823.4868574342981,0.0,27114.40989048191,0.0,0.0,0.0
3275,11,98892.68969,28737.523040844,71952.97086278349,15534.469086734574,1221.308,56002.138712783504,0.0,26060.40989048193,0.0,74.364,0.0,0.0,0.0,0.0,0.0,0.0,823.4868574342981,0.0,27356.081890481917,0.0,0.0,0.0
3276,12,101026.6836,35180.924799052,73004.90001089651,30838.913549052,1221.308,42831.68816046609,0.0,26060.40989048193,0.0,74.364,0.0,0.0,0.0,0.0,0.0,0.0,823.4868574342981,0.0,27356.081890481917,0.0,0.0,0.0
3277,13,102695.3699,44242.75264808901,75880.743224098,27964.97712442006,1221.308,50215.731474098,0.0,23218.989301481917,0.0,74.364,0.0,0.0,0.0,0.0,0.0,0.0,823.4868574342981,0.0,24514.661301481938,0.0,0.0,0.0
3278,14,104359.5481,46203.817455282,73809.341506031,24163.005199675,1221.308,54180.207128038004,0.0,24720.663772287004,0.0,74.364,0.0,0.0,0.0,0.0,0.0,0.0,823.4868574342981,0.0,26016.335772287,0.0,0.0,0.0
3279,15,105414.7306,51486.801805832,69113.865773272,26514.463705864,1221.308,53438.39489248925,0.0,24166.20000164674,0.0,74.364,0.0,0.0,0.0,0.0,0.0,0.0,823.4868574342981,0.0,25461.872001646756,0.0,0.0,0.0
3280,16,106087.89,52895.199359447004,64019.258135893506,52895.199359447004,1221.308,64019.258135893506,0.0,26060.40989048193,0.0,74.364,0.0,0.0,0.0,0.0,38182.64938582247,0.0,37097.00377396565,-38182.64938582247,-10826.56749534051,0.0,0.0,0.0
3281,17,105582.7186,48206.398192041,57014.1977131755,42317.607097723056,1221.308,35909.029611795,0.0,26060.40989048193,0.0,74.364,0.0,0.0,0.0,0.0,0.0,0.0,37097.00377396565,0.0,27356.08189048194,0.0,0.0,0.0
3282,18,103544.0453,51192.277709498005,38114.080436943,38636.200659955,1221.308,37551.76274956306,0.0,26060.40989048193,0.0,74.364,0.0,0.0,0.0,0.0,0.0,0.0,37097.00377396565,0.0,27356.08189048194,0.0,0.0,0.0
3283,19,101296.1565,60924.444246342,18724.085127187,56620.012864331075,928.6110000000001,17651.802277187002,0.0,26021.36635848193,0.0,74.364,0.0,0.0,0.0,0.0,0.0,0.0,37097.00377396565,0.0,27024.34135848192,0.0,0.0,0.0
3284,20,100174.2774,60558.20355791199,329.446694225,60558.20355791199,1221.308,329.446694225,593.212,26060.40989048193,28.5,74.364,0.0,0.0,0.0,1851.4997499999972,0.0,9457.333507381061,27141.915871459267,9457.333507381061,39286.627147863015,16.2426,16.2426,16.2426
3285,21,99351.11137,55779.56249547101,0.0,55779.56249547101,1221.308,0.0,593.2119999999998,26060.40989048193,50.0,74.364,0.0,0.0,0.0,3702.999499999997,0.0,11869.25548404708,14647.962730357083,11869.25548404708,43571.54887452899,16.242600000000003,16.242600000000003,16.242600000000003
3286,22,94148.06034,55650.252641128005,0.0,55650.252641128005,1221.308,0.0,593.212,26060.40989048192,28.499999999999996,74.364,0.0,0.0,0.0,1851.49975,0.0,8668.514058390083,5523.21108994647,8668.514058390083,38497.80769887199,16.1673,16.1673,16.1673
3287,23,86431.36202,54488.377340381005,0.0,54488.377340381005,1221.3079999999998,0.0,0.0,26060.40989048193,0.0,74.364,0.0,0.0,0.0,0.0,0.0,4586.902789137053,694.892364539046,4586.902789137053,31942.984679618996,0.0,0.0,0.0
3288,24,79643.07283,55699.004491568,0.0,52318.604939518074,1189.694,0.0,0.0,26060.40989048193,0.0,74.364,0.0,0.0,0.0,0.0,0.0,0.0,694.892364539046,0.0,27324.46789048193,0.0,0.0,0.0
3289,25,75364.0872,59261.762009999,0.0,48039.61930951805,1189.694,0.0,0.0,26060.40989048193,0.0,74.364,0.0,0.0,0.0,0.0,0.0,0.0,694.892364539046,0.0,27324.467890481945,0.0,0.0,0.0
3290,26,72959.9967,56341.59919901699,0.0,46265.57580951806,559.647,0.0,0.0,26060.40989048193,0.0,74.364,0.0,0.0,0.0,0.0,0.0,0.0,694.892364539046,0.0,26694.420890481946,0.0,0.0,0.0
3291,27,71793.66604,57383.435405979995,0.0,44629.584149518065,1029.308,0.0,0.0,26060.40989048193,0.0,74.364,0.0,0.0,0.0,0.0,0.0,0.0,694.892364539046,0.0,27164.08189048193,0.0,0.0,0.0
3292,28,71850.60148,57068.100039013996,0.0,44686.51958951807,1029.308,0.0,0.0,26060.40989048193,0.0,74.364,0.0,0.0,0.0,0.0,0.0,0.0,694.892364539046,0.0,27164.081890481924,0.0,0.0,0.0
3293,29,74286.21198,53383.466941521,273.1314,46950.34038951805,1195.667,5.430700000000001,0.0,26060.40989048193,0.0,74.364,0.0,0.0,0.0,0.0,0.0,0.0,694.892364539046,0.0,27330.44089048194,0.0,0.0,0.0
3294,30,78911.43077,54015.93049846099,14927.74601998,38655.602609538066,1221.308,12899.74626998,0.0,26060.40989048193,0.0,74.364,0.0,0.0,0.0,0.0,0.0,0.0,694.892364539046,0.0,27356.08189048194,0.0,0.0,0.0
3295,31,84565.96765,47890.391045640994,37257.279783968,35112.003244823994,979.6360000000001,22339.554514694075,0.0,26060.40989048193,0.0,74.364,0.0,0.0,0.0,0.0,0.0,0.0,694.892364539046,0.0,27114.409890481937,0.0,0.0,0.0
3296,32,89258.39937,43825.015454758,53737.745390022494,43825.015454758,1221.308,53737.745390022494,0.0,26060.40989048193,0.0,74.364,0.0,0.0,0.0,0.0,35660.44336526261,0.0,34572.313561538525,-35660.44336526261,-8304.361474780497,0.0,0.0,0.0
3297,33,92185.91024,38398.157650258996,64784.32999827549,32503.830149628047,1221.308,32325.99819989,0.0,26060.40989048193,0.0,74.364,0.0,0.0,0.0,0.0,0.0,0.0,34572.313561538525,0.0,27356.08189048195,0.0,0.0,0.0
3298,34,94526.7257,34397.204946633996,70084.60425059599,27589.77387068056,0.0,44718.5208048375,0.0,22218.43102448192,0.0,0.0,0.0,0.0,0.0,0.0,0.0,0.0,34572.313561538525,0.0,22218.431024481943,0.0,0.0,0.0
3299,35,96487.58636,36543.44714562,72954.03430578,36543.44714562,1221.308,72954.03430577999,0.0,25694.43290860003,0.0,74.364,0.0,0.0,0.0,0.0,40000.0,0.0,72572.31356153853,-40000.0,-13009.895091399987,0.0,0.0,0.0
3300,36,97185.65885,38849.091090202,74675.97514923102,22193.799106219587,1221.308,50063.8054432985,0.0,23632.382300481924,0.0,74.364,0.0,0.0,0.0,0.0,0.0,0.0,72572.31356153853,0.0,24928.054300481926,0.0,0.0,0.0
3301,37,97305.88412,45528.126557456,74734.80115955349,44597.086507456,1221.308,70187.98575315745,0.0,21225.139859386563,0.0,74.364,0.0,0.0,0.0,0.0,40000.0,0.0,110572.31356153853,-40000.0,-17479.18814061345,0.0,0.0,0.0
3302,38,98227.10379,45661.325891437,76492.1468344535,27031.044330023044,1188.098,47384.339638695004,0.0,22549.25782128192,0.0,74.364,0.0,0.0,0.0,0.0,0.0,0.0,110572.31356153853,0.0,23811.71982128195,0.0,0.0,0.0
3303,39,98653.98485,42189.825542886,71424.8078389685,27633.734193141998,1120.6109999999999,45975.99553771246,0.0,23849.280119145522,0.0,74.364,0.0,0.0,0.0,0.0,0.0,0.0,110572.31356153853,0.0,25044.255119145542,0.0,0.0,0.0
3304,40,98685.6048,49194.738455356994,67099.1849491845,9020.677,1221.308,64806.51336651808,0.0,23562.74243348192,0.0,74.364,0.0,0.0,0.0,0.0,0.0,0.0,110572.31356153853,0.0,24858.41443348193,0.0,0.0,0.0
3305,41,97935.82403,49585.241909612,59828.1291776715,48910.14242738807,1221.308,21669.59971213,0.0,26060.40989048193,0.0,74.364,0.0,0.0,0.0,0.0,0.0,0.0,110572.31356153853,0.0,27356.081890481935,0.0,0.0,0.0
3306,42,96165.61853,51937.83999929499,42901.516379316,33620.44176020207,419.22400000000005,35991.178879316,0.0,26060.40989048193,0.0,74.364,0.0,0.0,0.0,0.0,0.0,0.0,110572.31356153853,0.0,26553.997890481936,0.0,0.0,0.0
3307,43,94375.21063,50736.581752817,23471.265958100998,43801.707852816995,967.4629286000606,23471.265958100998,0.0,26060.40989048193,0.0,74.364,0.0,0.0,0.0,0.0,0.0,0.0,110572.31356153853,0.0,27102.23681908201,0.0,0.0,0.0
3308,44,93946.58475,50398.819706525996,466.44480096999996,50398.819706525996,1221.308,466.44480096999996,593.2119999999198,26060.40989048193,28.499999999999996,74.364,0.0,0.0,0.0,1851.4997500000018,0.0,13252.026602022155,96622.81187519942,13252.026602022155,43081.320242504,16.242599999997726,16.242599999997726,16.242599999997726
3309,45,93908.86844,51715.501250475005,0.0,51715.501250475005,1221.308,0.0,593.2120000087577,26060.40989048193,50.0,74.364,0.0,0.0,0.0,3702.999500000106,0.0,10491.07379902596,85579.57629727735,10491.07379902596,42193.367189525,12.948900000055302,12.948900000055302,12.948900000055302
3310,46,90266.26176,46117.541858697004,0.0,46117.541858697004,1221.308,0.0,593.212,26060.40989048193,50.0,74.364,0.0,0.0,0.0,3702.9995000000013,0.0,12446.42651081753,72478.07470694311,12446.42651081753,44148.71990130299,16.2426,16.2426,16.2426
3311,47,83931.93902,46409.389290843,0.0,46409.389290843,1221.308,0.0,593.2111242644027,26060.40989048193,28.5,74.364,0.0,0.0,0.0,1851.4997500000004,0.0,7693.256964410651,64379.90948124768,7693.256964410651,37522.54972915701,12.948899999999995,12.948899999999995,12.948899999999995
3312,48,77948.42423,50807.637541464006,0.0,50807.637541464006,1221.3079999999973,0.0,0.0,25845.114688536018,0.0,74.364,0.0,0.0,0.0,0.0,0.0,0.0,64379.90948124768,0.0,27140.786688535998,0.0,0.0,0.0
3313,49,73667.69222,50848.309401128994,0.0,46311.61032951807,1221.308,0.0,0.0,26060.40989048193,0.0,74.364,0.0,0.0,0.0,0.0,0.0,0.0,64379.90948124768,0.0,27356.081890481924,0.0,0.0,0.0
3314,50,71171.57361,51906.694155922,0.0,44624.591719518074,486.572,0.0,0.0,26060.40989048193,0.0,0.0,0.0,0.0,0.0,0.0,0.0,0.0,64379.90948124768,0.0,26546.981890481933,0.0,0.0,0.0
3315,51,69968.23647,48337.34150674801,0.0,42712.15957951806,1195.667,0.0,0.0,26060.40989048193,0.0,0.0,0.0,0.0,0.0,0.0,0.0,0.0,64379.90948124768,0.0,27256.07689048194,0.0,0.0,0.0
3316,52,69535.52094,47391.744848974,0.0,42406.83504951805,1068.2759999999998,0.0,0.0,26060.40989048193,0.0,0.0,0.0,0.0,0.0,0.0,0.0,0.0,64379.90948124768,0.0,27128.685890481953,0.0,0.0,0.0
3317,53,70005.08704,42004.001400121,25.8755,42004.001400121,1221.308,25.8755,26.917,26060.40989048193,0.0,74.364,0.0,0.0,0.0,0.0,0.0,592.2112493970562,63756.52921872446,592.2112493970562,27975.210139879,5.32300000000001,5.32300000000001,5.32300000000001
3318,54,71636.28344,42261.493854791,15171.396616434,33926.121604911,170.729,11479.02294460706,0.0,26060.40989048193,0.0,0.0,0.0,0.0,0.0,0.0,0.0,0.0,63756.52921872446,0.0,26231.13889048194,0.0,0.0,0.0
3319,55,74308.27124,42086.92309828,37141.476510376,42086.92309828,1221.308,37141.476510376,0.0,26060.40989048193,0.0,74.364,0.0,0.0,0.0,0.0,32276.210259138134,0.0,94418.92896490569,-32276.210259138134,-4920.128368655998,0.0,0.0,0.0
3320,56,78778.54393,33252.028498172,55220.785810527,13194.34635,1221.308,38228.115689518076,0.0,26060.40989048193,0.0,74.364,0.0,0.0,0.0,0.0,0.0,0.0,94418.92896490569,0.0,27356.08189048193,0.0,0.0,0.0
3321,57,82714.92015,26157.765505205,65793.397941463,10153.3788,979.636,45447.131459518074,0.0,26060.40989048193,0.0,74.364,0.0,0.0,0.0,0.0,0.0,0.0,94418.92896490569,0.0,27114.409890481926,0.0,0.0,0.0
3322,58,85690.20669,23780.096302105005,70728.30249990549,13434.08505715057,1221.308,44900.0397423675,0.0,26060.40989048193,0.0,74.364,0.0,0.0,0.0,0.0,0.0,0.0,94418.92896490569,0.0,27356.08189048193,0.0,0.0,0.0
3323,59,87879.64804,22126.605448134,74070.72253955448,22126.605448134,1221.308,74070.7225395546,0.0,26060.40989048193,0.0,74.364,0.0,0.0,0.0,0.0,35673.76183817073,0.0,128309.00271116788,-35673.76183817073,-8317.679947688594,0.0,0.0,0.0
3324,60,89210.16788,20175.110158505,75037.920345573,20175.110158505,1221.308,75037.92034557305,0.0,26060.40989048193,0.0,74.364,0.0,0.0,0.0,0.0,33358.944514560135,0.0,160000.0,-33358.944514560135,-6002.862624078058,0.0,0.0,0.0
3325,61,90072.28748,21199.774859193996,74945.97369666949,12474.202091773093,1221.308,50242.003497745,0.0,26060.40989048193,0.0,74.364,0.0,0.0,0.0,0.0,0.0,0.0,160000.0,0.0,27356.081890481903,0.0,0.0,0.0
3326,62,91126.66908,19749.963345096,75037.859459935,18979.177133860565,1188.098,44824.6200556575,0.0,26060.40989048193,0.0,74.364,0.0,0.0,0.0,0.0,0.0,0.0,160000.0,0.0,27322.871890481947,0.0,0.0,0.0
3327,63,92232.53479,18745.592704029998,72091.12025584599,17125.90365481208,1188.098,47783.759244705994,0.0,26060.40989048193,0.0,74.364,0.0,0.0,0.0,0.0,0.0,0.0,160000.0,0.0,27322.871890481932,0.0,0.0,0.0
3328,64,93381.08722,17923.127907772003,67715.550845719,17745.271853754064,363.64899999999994,53053.735341764004,0.0,22218.431024481917,0.0,0.0,0.0,0.0,0.0,0.0,0.0,0.0,160000.0,0.0,22582.080024481933,0.0,0.0,0.0
3329,65,93979.57217,25104.786045654,59026.72263996049,21302.236145654,1221.308,43469.754383864085,0.0,26060.40989048193,0.0,74.364,0.0,0.0,0.0,1851.4997499999681,0.0,0.0,160000.0,0.0,29207.58164048192,0.0,0.0,0.0
3330,66,93607.45866,24061.28245932,42768.402542355005,23405.99620932,1221.308,39142.38106019809,0.0,26060.40989048193,0.0,74.364,0.0,0.0,0.0,3702.999499999979,0.0,0.0,160000.0,0.0,31059.081390481915,0.0,0.0,0.0
3331,67,92607.97,18343.990350849,22791.905778160002,18343.990350849,1221.308,22791.905778160002,593.212,26060.40989048193,7088.965839999994,74.364,0.0,0.0,0.0,5554.49924999999,0.0,10879.314890509075,148548.08958893782,10879.314890509075,51472.07387099101,16.2426,16.2426,16.2426
3332,68,92131.10598,18744.052110019,75.6149218,18744.052110019,1221.308,75.6149218,593.212,26060.40989048193,24452.49,74.364,448.7680000000013,257.0,0.0,7405.999,0.0,12797.888057699038,135076.6284755704,12797.888057699038,73311.43894818099,35.45800000117054,35.45800000117054,35.45800000117054
3333,69,91993.67788,22533.448143848,0.0,22533.448143848,1221.308,0.0,593.212,26060.40989048193,11944.70205429682,74.364,0.0,0.0,0.0,7405.999,0.0,22160.234791373237,111750.06553728279,22160.234791373237,69460.229736152,16.2426,16.2426,16.2426
3334,70,88369.82609,27091.887154916,0.0,27091.887154916,1221.308,0.0,593.212,26060.40989048193,50.0,74.364,0.0,0.0,0.0,7405.999,0.0,25872.64604460207,84515.70127980693,25872.64604460207,61277.93893508401,16.24259999999995,16.24259999999995,16.24259999999995
3335,71,82540.31945,28797.525896497,0.0,28797.525896497,1221.308,0.0,593.212,26060.40989048193,50.00000017814503,74.364,0.0,0.0,0.0,7405.999,0.0,18337.50066284292,65213.069003130186,18337.50066284292,53742.793553503,16.24260000000007,16.24260000000007,16.24260000000007
3336,72,77134.88266,29097.723560393002,0.0,29097.723560393002,1221.308,0.0,593.212,26060.40989048193,50.0,74.364,0.0,0.0,0.0,7405.999,0.0,12631.866209125063,51916.36773036697,12631.866209125063,48037.159099607,16.2426,16.2426,16.2426
3337,73,73039.70463,28713.531207455002,0.0,28713.531207455002,1221.308,0.0,593.212,26060.40989048193,50.0,74.364,0.0,0.0,0.0,7405.999,0.0,8920.880532063053,42525.967170300595,8920.880532063053,44326.17342254499,16.24260000000029,16.24260000000029,16.24260000000029
3338,74,70117.40184,28545.91495629,0.0,28545.91495629,1221.308,0.0,593.212,26060.40989048193,50.0,74.364,0.0,0.0,0.0,7405.999,0.0,6166.19399322808,36035.23665111314,6166.19399322808,41571.48688371001,16.2426,16.2426,16.2426
3339,75,68532.94059,27381.812852802002,0.0,27381.812852802002,1221.308,0.0,593.212,26060.40989048193,50.0,74.364,0.0,0.0,0.0,7405.999,0.0,5745.834846716072,29986.98944404359,5745.834846716072,41151.127737197996,16.2426,16.2426,16.2426
3340,76,67986.27243,24378.883145559998,0.0,24378.883145559998,1221.308,0.0,593.212,26060.40989048193,50.0,74.364,0.0,0.0,0.0,7405.999,0.0,8202.096393958063,21353.203766192997,8202.096393958063,43607.389284439996,16.2426,16.2426,16.2426
3341,77,67691.91293,20067.42304716,102.59609999999999,20067.42304716,1221.308,102.59609999999999,593.212,26060.40989048193,50.0,74.364,0.0,0.0,0.0,5554.499249999998,0.0,13968.100642360285,6649.93993212954,13968.100642360285,47521.89378284,16.2426,16.2426,16.2426
3342,78,68205.68221,15011.177495995002,15196.268388,15011.177495995002,1221.308,15196.268388,593.212,26060.40989048193,28.5,74.364,0.0,0.0,0.0,3702.999499999997,0.0,6317.442935523063,0.0,6317.442935523063,37998.236326005004,16.2426,16.2426,16.2426
3343,79,70187.77805,13360.912750892,36538.564497483,13360.912750892,1221.308,36538.564497483,0.0,26060.40989048193,0.0,74.364,0.0,0.0,0.0,1851.4997499999954,8919.28083885694,0.0,8473.316796914092,-8919.28083885694,20288.300801624995,0.0,0.0,0.0
3344,80,74321.38248,7666.206490111001,53319.596146861004,7666.206490111001,1221.308,53319.596146861004,0.0,26060.40989048193,0.0,74.364,0.0,0.0,0.0,0.0,14020.502047454003,0.0,21792.793741995396,-14020.502047454003,13335.579843027997,0.0,0.0,0.0
3345,81,78838.66689,5248.491306431,64889.7195825585,5248.491306431,1221.308,64889.7195825585,0.0,26060.40989048193,0.0,74.364,0.0,0.0,0.0,0.0,18655.625889471597,0.0,39515.63833699341,-18655.625889471597,8700.456001010498,0.0,0.0,0.0
3346,82,83177.33335,3602.534946378,69902.120022719,3602.534946378,1221.3079999999977,69902.120022719,0.0,26060.40989048193,0.0,74.364,0.0,0.0,0.0,0.0,17683.403509578944,0.0,56314.87167109341,-17683.403509578944,9672.678380903002,0.0,0.0,0.0
3347,83,86687.16725,7993.616153998,73268.9780888255,7993.616153998,1221.308,73268.9780888255,0.0,26060.40989048193,0.0,74.364,0.0,0.0,0.0,0.0,21931.508883305432,0.0,77149.80511023357,-21931.508883305432,5424.573007176499,0.0,0.0,0.0
3348,84,89669.25274,13345.527299001,74077.7365242385,11987.598167005937,1221.308,71205.6193742385,0.0,26060.40989048193,0.0,74.364,0.0,0.0,0.0,0.0,20880.04669172636,0.0,96985.84946737361,-20880.04669172636,6476.035198755562,0.0,0.0,0.0
3349,85,92008.80967,21161.359351724,74322.9162488,14174.199401791999,1202.183,50497.65337772604,0.0,26060.40989048193,0.0,74.364,0.0,0.0,0.0,0.0,0.0,0.0,96985.84946737361,0.0,27336.956890481968,0.0,0.0,0.0
3350,86,94693.74906,20716.763054114006,75810.36338751251,11390.942899968,1221.308,55946.7242695501,0.0,26060.40989048193,0.0,74.364,0.0,0.0,0.0,0.0,0.0,0.0,96985.84946737361,0.0,27356.08189048191,0.0,0.0,0.0
3351,87,97233.44171,22238.409002659006,71429.9233946355,22238.409002659002,1221.308,71429.9233946355,0.0,26060.40989048193,0.0,74.364,0.0,0.0,0.0,0.0,23790.972577776454,0.0,119587.27341626125,-23790.972577776454,3565.1093127055065,0.0,0.0,0.0
3352,88,99371.69137,19484.893246739997,66698.8079919105,19484.893246739997,1221.307999999999,66698.8079919105,0.0,26060.40989048193,0.0,74.364,0.0,0.0,0.0,0.0,14168.09175913244,0.0,133046.96058743706,-14168.09175913244,13187.990131349507,0.0,0.0,0.0
3353,89,100905.9205,20920.469990901005,58632.733731935994,15455.012288582066,976.9730000000001,58632.733731935994,0.0,25766.837479481925,0.0,74.364,0.0,0.0,0.0,0.0,0.0,0.0,133046.96058743706,0.0,26818.17447948194,0.0,0.0,0.0
3354,90,100917.2052,21984.622205522002,41769.261083547004,21984.622205522002,1221.308,41769.261083547004,169.94999999999996,26060.40989048193,0.0,74.364,0.0,0.0,0.0,1851.4997500000009,0.0,7785.790270449041,124851.39188170123,7785.790270449041,37163.321910930994,6.32,6.32,6.32
3355,91,99567.51012,21985.693708804003,22597.4645453845,21985.693708804003,1221.308,22597.4645453845,593.212,26060.40989048193,28.5,74.364,0.0,0.0,0.0,3702.9995000000017,0.0,23303.55847532708,100321.33032872537,23303.55847532708,54984.351865811506,16.24259999999972,16.24259999999972,16.24259999999972
3356,92,97789.56551,28517.159200411,70.65170424149998,28517.159200411,1221.308,70.65170424149998,593.212,26060.40989048193,50.0,74.364,0.0,0.0,0.0,5554.499250000002,0.0,35647.96146486546,62797.1603657091,35647.96146486546,69201.7546053475,16.242600000000472,16.242600000000472,16.242600000000472
3357,93,96362.89731,36826.01389458,0.0,36826.01389458,1221.308,0.0,593.212,26060.40989048193,50.0,74.364,0.0,0.0,0.0,7405.999000033147,0.0,24131.59052490453,37395.48612896749,24131.59052490453,59536.88341542,16.242599999999946,16.242599999999946,16.242599999999946
3358,94,91126.32099,37580.719497844,0.0,37580.719497844,1221.308,0.0,593.212,26060.40989048193,50.0,74.364,0.0,0.0,0.0,7405.999,0.0,18140.30860167396,18300.4244429949,18140.30860167396,53545.60149215599,16.242600000000003,16.242600000000003,16.242600000000003
3359,95,83594.38185,36716.233153686,0.0,36716.233153686,1221.308,0.0,593.212,26060.40989048193,50.0,74.364,0.0,0.0,0.0,7405.999,0.0,11472.855805832076,6223.7341210663935,11472.855805832076,46878.148696314005,16.24260000000018,16.24260000000018,16.24260000000018
3360,96,77106.86436,35789.024054505004,0.0,35789.024054505004,1221.308,0.0,593.212,26060.40989048193,50.0,74.364,0.0,0.0,0.0,7405.999,0.0,5912.547415013074,0.0,5912.547415013074,41317.840305495,16.2426,16.2426,16.2426
3361,1,73201.76805,37444.028996773,0.0,37444.028996773,1221.308,0.0,593.212,26060.40989048193,2253.9459127435766,74.364,0.0,0.0,0.0,5554.49925000003,0.0,0.0,0.0,0.0,35757.739053227,16.242599999999918,16.242599999999918,16.242599999999918
3362,2,70870.19047,39600.128604028,0.0,39600.128604028,1221.308,0.0,593.212,26060.40989048193,28.499999999999996,74.364,0.0,0.0,0.0,3702.9995000000345,410.7315245099703,0.0,390.19494828308416,-410.7315245099703,31270.061865972,12.948900000000625,12.948900000000625,12.948900000000625
3363,3,69729.52322,42675.836201555,0.0,42675.836201555,1221.308,0.0,0.0,26060.40989048193,0.0,74.364,0.0,0.0,0.0,1851.4997500000345,2153.894622036976,0.0,2436.3948392182115,-2153.894622036976,27053.687018445,0.0,0.0,0.0
3364,4,70143.63474,43048.369257139006,0.0,43048.369257139006,1221.308,0.0,593.2119999999998,26060.40989048193,0.0,74.364,0.0,0.0,0.0,0.0,854.0284076209459,0.0,3247.72182645811,-854.0284076209459,27095.26548286099,7.529000000000113,7.529000000000113,7.529000000000113
3365,5,72823.84649,39662.887702762,187.8976,39662.887702762,1221.308,187.8976,593.212,26060.40989048193,86.93181162085693,74.364,0.0,0.0,0.0,1851.4997499999936,0.0,3085.335735135204,0.0,3085.335735135204,32973.061187238,16.242600000000213,16.242600000000213,16.242600000000213
3366,6,77536.27756,37206.313405196,16503.019984949,37206.313405196,1221.308,12973.882264322077,0.0,26060.40989048193,0.0,74.364,0.0,0.0,0.0,0.0,0.0,0.0,0.0,0.0,27356.081890481924,0.0,0.0,0.0
3367,7,83232.42087,38724.261199443,36897.296328236,38724.261199443,1221.308,17152.07778007507,0.0,26060.40989048193,0.0,74.364,0.0,0.0,0.0,0.0,0.0,0.0,0.0,0.0,27356.081890481935,0.0,0.0,0.0
3368,8,88688.51358,30021.63534642,53357.139949209995,30021.63534642,1221.308,53357.139949211705,0.0,26060.40989048193,0.0,74.364,0.0,0.0,0.0,0.0,22046.343606113864,0.0,20944.02642580817,-22046.343606113864,5309.7382843682935,0.0,0.0,0.0
3369,9,93096.73114,22311.241810853997,64407.4043484125,22311.241810853997,1215.1800000000003,43435.53543866403,0.0,26060.40989048193,0.0,74.364,0.0,0.0,0.0,0.0,0.0,0.0,20944.02642580817,0.0,27349.95389048197,0.0,0.0,0.0
3370,10,97177.25805,20224.892656840002,69020.341384927,20224.892656840002,1221.308,69020.34138492862,0.0,26060.40989048193,0.0,74.364,0.0,0.0,0.0,0.0,19424.057882250785,0.0,39396.881413946416,-19424.057882250785,7932.024008231383,0.0,0.0,0.0
3371,11,100991.3667,19206.439651448,71743.518798587,19206.439651448,1221.308,54428.84515807005,0.0,26060.40989048193,0.0,74.364,0.0,0.0,0.0,0.0,0.0,0.0,39396.88141394643,0.0,27356.081890481946,0.0,0.0,0.0
3372,12,104350.8562,21696.164209224,73011.1706545105,21696.164209224,1221.308,55298.61010029407,0.0,26060.40989048193,0.0,74.364,0.0,0.0,0.0,0.0,0.0,0.0,39396.88141394643,0.0,27356.081890481917,0.0,0.0,0.0
3373,13,106987.9208,22087.603804634,72737.442908536,22087.603804634,1221.308,57544.235104884094,0.0,26060.40989048193,0.0,74.364,0.0,0.0,0.0,0.0,0.0,0.0,39396.88141394643,0.0,27356.081890481917,0.0,0.0,0.0
3374,14,109372.1416,30494.980893605,73608.8664929205,30494.980893605,1221.308,73608.86649292301,0.0,26060.40989048193,0.0,74.364,0.0,0.0,0.0,0.0,22087.78767701017,0.0,60380.27970710609,-22087.78767701017,5268.294213471992,0.0,0.0,0.0
3375,15,111192.715,37707.405704756995,69173.3698906945,37707.405704756995,1221.308,69173.36989069737,0.0,26060.40989048193,0.0,74.364,0.0,0.0,0.0,0.0,23044.142485936507,0.0,82272.21506874576,-23044.142485936507,4311.939404545628,0.0,0.0,0.0
3376,16,112366.4849,37727.486450838995,64789.3250446995,37727.486450838995,1221.308,56025.27407711163,0.0,26060.40989048193,0.0,74.364,0.0,0.0,0.0,0.0,8742.357518432571,0.0,90577.45471125671,-8742.357518432571,18613.72437204938,0.0,0.0,0.0
3377,17,112635.3619,36695.240154333,56346.046703860506,28933.233305657566,1221.308,56346.046703860506,0.0,26060.40989048193,0.0,74.364,0.0,0.0,0.0,0.0,0.0,0.0,90577.45471125671,0.0,27356.08189048194,0.0,0.0,0.0
3378,18,110891.8327,36153.860444243,33667.961807378,36153.860444243,1221.308,33667.961807378,593.212,26060.40989048193,28.5,74.364,0.0,0.0,0.0,1851.4997499999927,0.0,11240.716807897086,78745.12122925978,11240.716807897086,41070.01044837899,16.242600000000113,16.242600000000113,16.242600000000113
3379,19,108135.2058,45251.107144246,22242.158478577,45251.107144246,1221.308,22242.158478577,0.0,26060.40989048193,0.0,74.364,0.0,0.0,0.0,0.0,0.0,13285.85828669506,64760.00724326497,13285.85828669506,40641.94017717699,3.218399999999857,3.218399999999857,3.218399999999857
3380,20,105913.5435,43053.677143283,175.1434473935,43053.677143283,1221.308,175.1434473935,593.212,26060.40989048193,28.5,74.364,0.0,0.0,0.0,1851.4997499999936,0.0,32855.42926884157,30175.344855010684,32855.42926884157,62684.7229093235,16.24260000000014,16.24260000000014,16.24260000000014
3381,21,103706.7523,52557.595408536996,0.0,52557.595408536996,1221.308,0.0,593.212,26060.40989048193,50.0,74.364,0.0,0.0,0.0,3702.9994999999926,0.0,19446.86350098106,9704.962222399026,19446.86350098106,51149.156891463,16.24260000000015,16.24260000000015,16.24260000000015
3382,22,97401.92551,58352.917758239004,0.0,58352.917758239004,1221.308,0.0,593.212,26060.40989048193,28.5,74.364,0.0,0.0,0.0,1851.4997499999972,0.0,9219.714111279076,0.0,9219.714111279076,39049.007751761,12.948899999999902,12.948899999999902,12.948899999999902
3383,23,88925.78156,61737.45486037,0.0,61737.45486037,1053.5528091480776,0.0,0.0,26060.40989048193,0.0,74.364,0.0,0.0,0.0,0.0,0.0,0.0,0.0,0.0,27188.32669963,0.0,0.0,0.0
3384,24,81943.41244,62873.194791959,0.0,54587.33054951808,1221.308,0.0,0.0,26060.40989048193,0.0,74.364,0.0,0.0,0.0,0.0,0.0,0.0,0.0,0.0,27356.081890481917,0.0,0.0,0.0
3385,25,77347.68506,63700.556801770006,0.0,50150.636169518046,1136.6390000000001,0.0,0.0,26060.40989048193,0.0,0.0,0.0,0.0,0.0,0.0,0.0,0.0,0.0,0.0,27197.048890481958,0.0,0.0,0.0
3386,26,74603.17506,64116.431702228,0.0,47247.09316951806,1221.308,0.0,0.0,26060.40989048193,0.0,74.364,0.0,0.0,0.0,0.0,0.0,0.0,0.0,0.0,27356.08189048193,0.0,0.0,0.0
3387,27,73122.31546,61296.680550526,0.0,45766.23356951808,1221.308,0.0,0.0,26060.40989048193,0.0,74.364,0.0,0.0,0.0,0.0,0.0,0.0,0.0,0.0,27356.081890481917,0.0,0.0,0.0
3388,28,73179.95263,58954.36869451,0.0,45823.87073951808,1221.308,0.0,0.0,26060.40989048193,0.0,74.364,0.0,0.0,0.0,0.0,0.0,0.0,0.0,0.0,27356.081890481917,0.0,0.0,0.0
3389,29,75500.45618,60113.997201391,435.0707,47709.30358951805,1221.308,435.0707,0.0,26060.40989048193,0.0,74.364,0.0,0.0,0.0,0.0,0.0,0.0,0.0,0.0,27356.081890481943,0.0,0.0,0.0
3390,30,80277.56672,59760.672752072,13914.2478151035,51424.452602072,254.577,2463.763227446071,0.0,26060.40989048193,0.0,74.364,0.0,0.0,0.0,0.0,0.0,0.0,0.0,0.0,26389.350890481932,0.0,0.0,0.0
3391,31,86523.02822,57262.250044213,35477.586403574,30943.180399844,394.89099999999996,29050.182929674047,0.0,26060.40989048193,0.0,74.364,0.0,0.0,0.0,0.0,0.0,0.0,0.0,0.0,26529.664890481945,0.0,0.0,0.0
3392,32,91954.14811,55903.05705055001,52091.911804395495,55903.05705055001,1221.308,12152.77173896807,0.0,22602.64732048192,0.0,74.364,0.0,0.0,0.0,0.0,0.0,0.0,0.0,0.0,23898.319320481918,0.0,0.0,0.0
3393,33,95712.16366,49952.62535932999,63151.209638509,49952.62535932999,1221.308,24751.78418533884,0.0,19712.082115331177,0.0,74.364,0.0,0.0,0.0,0.0,0.0,0.0,0.0,0.0,21007.754115331172,0.0,0.0,0.0
3394,34,99044.45494,50110.138958074,67363.74337962,50110.138958074,1221.308,27926.561866595042,0.0,19712.08211533095,0.0,74.364,0.0,0.0,0.0,0.0,0.0,0.0,0.0,0.0,21007.754115330954,0.0,0.0,0.0
3395,35,102263.8599,46420.11534893401,70784.9118075045,46420.11534893401,1221.308,34388.75217258408,0.0,20159.320378481912,0.0,74.364,0.0,0.0,0.0,0.0,0.0,0.0,0.0,0.0,21454.99237848191,0.0,0.0,0.0
3396,36,104749.4761,52288.085593212,73166.69044365601,52288.085593212,1221.308,32319.827891506277,0.0,18845.890615281718,0.0,74.364,0.0,0.0,0.0,0.0,0.0,0.0,0.0,0.0,20141.56261528172,0.0,0.0,0.0
3397,37,106748.2843,55142.70654505299,74255.082740288,50953.39864496299,686.9090000000001,35065.11567091979,0.0,20042.860984117244,0.0,0.0,0.0,0.0,0.0,0.0,0.0,0.0,0.0,0.0,20729.76998411722,0.0,0.0,0.0
3398,38,108968.1958,52854.946610185005,73905.32624702899,52854.946610185005,1221.308,35073.4215962722,0.0,23403.14387211745,0.0,74.364,0.0,0.0,0.0,0.0,3658.988278574652,0.0,3476.0388646459196,-3658.988278574652,21039.827593542796,0.0,0.0,0.0
3399,39,110486.8383,53640.156308654,70197.01133411651,53640.156308654,1120.6109999999999,30297.708334116473,0.0,25353.998657229535,0.0,74.364,0.0,0.0,0.0,0.0,0.0,0.0,3476.0388646459196,0.0,26548.973657229533,0.0,0.0,0.0
3400,40,111117.1266,50347.95749554901,65835.350680658,49694.28684554901,273.702,35014.36386396925,0.0,26060.409890481733,0.0,74.364,0.0,0.0,0.0,0.0,0.0,0.0,3476.0388646459196,0.0,26408.475890481743,0.0,0.0,0.0
3401,41,111157.7607,53952.41885262301,57513.932915180994,53952.41885262301,634.688,30510.243956895065,0.0,26060.40989048193,0.0,0.0,0.0,0.0,0.0,0.0,0.0,0.0,3476.0388646459196,0.0,26695.097890481928,0.0,0.0,0.0
3402,42,109725.8499,62912.989953075004,42065.841757528,54785.98810059754,1221.308,27658.1439089205,0.0,26060.40989048193,0.0,0.0,0.0,0.0,0.0,0.0,0.0,0.0,3476.0388646459196,0.0,27281.71789048196,0.0,0.0,0.0
3403,43,107523.7594,69159.655709103,23830.794752027,69159.65570910477,1221.307999999999,23830.794752027,0.0,26060.40989048193,0.0,74.364,0.0,0.0,0.0,0.0,12822.772951613926,0.0,15657.673168679148,-12822.772951613926,14533.308938868224,0.0,0.0,0.0
3404,44,105806.0226,66881.93645062401,503.49095074,66881.93645062401,1221.308,503.49095074,593.212,26060.40989048193,28.499999999999996,74.364,0.0,0.0,0.0,1851.4997499999936,0.0,8591.301558154053,6614.197844306462,8591.301558154053,38420.59519863599,16.242600000000117,16.242600000000117,16.242600000000117
3405,45,103782.4844,69143.566639821,0.0,69143.566639821,1221.308,0.0,593.212,26060.40989048193,28.499999999999996,74.364,0.0,0.0,0.0,1851.49975,0.0,4809.624119697071,1551.4356130463889,4809.624119697071,34638.917760179,16.242600000000095,16.242600000000095,16.242600000000095
3406,46,97875.62748,69045.681757124,0.0,69045.681757124,1221.308,0.0,0.0,26060.40989048193,0.0,74.364,0.0,0.0,0.0,0.0,0.0,1473.8638323940695,0.0,1473.8638323940695,28829.945722876,3.2183999999999036,3.2183999999999036,3.2183999999999036
3407,47,89806.24567,68467.616347308,0.0,62802.406779518045,869.065,0.0,0.0,26060.40989048193,0.0,74.364,0.0,0.0,0.0,0.0,0.0,0.0,0.0,0.0,27003.83889048196,0.0,0.0,0.0
3408,48,82585.36364,70205.406050377,0.0,55229.28174951808,1221.308,0.0,0.0,26060.40989048193,0.0,74.364,0.0,0.0,0.0,0.0,0.0,0.0,0.0,0.0,27356.081890481917,0.0,0.0,0.0
3409,49,78044.6331,74241.28489214698,0.0,51386.88720951807,522.972,0.0,0.0,26060.40989048193,0.0,74.364,0.0,0.0,0.0,0.0,0.0,0.0,0.0,0.0,26657.745890481936,0.0,0.0,0.0
3410,50,75291.66369,62221.091899722,0.0,48643.19879951806,588.055,0.0,0.0,26060.40989048193,0.0,0.0,0.0,0.0,0.0,0.0,0.0,0.0,0.0,0.0,26648.46489048194,0.0,0.0,0.0
3411,51,73747.23249,69634.883204382,0.0,47560.12359951807,52.335,0.0,0.0,26060.40989048193,0.0,74.364,0.0,0.0,0.0,0.0,0.0,0.0,0.0,0.0,26187.108890481926,0.0,0.0,0.0
3412,52,73858.93446,69232.466838497,0.0,47565.21856951807,233.306,0.0,0.0,26060.40989048193,0.0,0.0,0.0,0.0,0.0,0.0,0.0,0.0,0.0,0.0,26293.715890481937,0.0,0.0,0.0
3413,53,76336.19278,66658.65169556001,383.01105,54032.539594718066,0.0,0.0,0.0,22303.65318528192,0.0,0.0,0.0,0.0,0.0,0.0,0.0,0.0,0.0,0.0,22303.65318528193,0.0,0.0,0.0
3414,54,80820.83796,68993.315410591,14251.525302209498,50155.073842459344,600.043,10279.275002209499,0.0,19712.082115331177,0.0,74.364,0.0,0.0,0.0,0.0,0.0,0.0,0.0,0.0,20386.489115331162,0.0,0.0,0.0
3415,55,86673.5229,66615.821059809,34046.1535561745,66615.821059809,922.1930922598028,1987.4874499999999,0.0,17073.657297931164,0.0,74.364,0.0,0.0,0.0,0.0,0.0,0.0,0.0,0.0,18070.214390191002,0.0,0.0,0.0
3416,56,91528.38154,63275.053446842,50183.824491269006,63275.053446842,1221.308,10107.59181802685,0.0,16850.06427513117,0.0,74.364,0.0,0.0,0.0,0.0,0.0,0.0,0.0,0.0,18145.736275131152,0.0,0.0,0.0
3417,57,94579.13998,63719.932210087994,58999.09805481751,38201.72814975,1080.19,41430.9485263681,0.0,13791.909303881885,0.0,74.364,0.0,0.0,0.0,0.0,0.0,0.0,0.0,0.0,14946.463303881908,0.0,0.0,0.0
3418,58,96849.7224,62263.234243185005,66171.55945481,62263.234243185005,1221.308,18158.49986788378,0.0,15132.316288931228,0.0,74.364,0.0,0.0,0.0,0.0,0.0,0.0,0.0,0.0,16427.988288931214,0.0,0.0,0.0
3419,59,99132.38617,59874.381139812,68749.2983376745,49936.088539812,0.0,35445.9089263061,0.0,13676.024703881883,0.0,74.364,0.0,0.0,0.0,0.0,0.0,0.0,0.0,0.0,13750.388703881894,0.0,0.0,0.0
3420,60,100699.5724,65776.568801065,73120.47778974951,65776.568801065,1168.4080000000004,19166.837982184286,0.0,14513.393616750733,0.0,74.364,0.0,0.0,0.0,0.0,0.0,0.0,0.0,0.0,15756.165616750714,0.0,0.0,0.0
3421,61,101856.677,66301.226554789,74120.4004067595,66301.226554789,1168.4080000000004,18790.246275729307,0.0,15522.43216948172,0.0,74.364,0.0,0.0,0.0,0.0,0.0,0.0,0.0,0.0,16765.20416948169,0.0,0.0,0.0
3422,62,103207.3433,65999.96639645401,75659.604993642,46596.944396454,1221.308,36900.618571595485,0.0,18414.108331950538,0.0,74.364,0.0,0.0,0.0,0.0,0.0,0.0,0.0,0.0,19709.78033195051,0.0,0.0,0.0
3423,63,104182.7692,61713.824209485014,70308.2637170765,61713.824209485014,1221.308,25096.546999364284,0.0,16076.725991150706,0.0,74.364,0.0,0.0,0.0,0.0,0.0,0.0,0.0,0.0,17372.397991150698,0.0,0.0,0.0
3424,64,104545.4997,64825.325305816004,65613.5112658625,61306.79477669325,509.81999999999994,24352.432764825,0.0,18376.452158481745,0.0,0.0,0.0,0.0,0.0,0.0,0.0,0.0,0.0,0.0,18886.272158481752,0.0,0.0,0.0
3425,65,104369.2124,68321.723694635,57903.8281447125,60812.221694635,70.03200000000001,21194.163680883263,0.0,22218.43102448174,0.0,74.364,0.0,0.0,0.0,0.0,0.0,0.0,0.0,0.0,22362.82702448174,0.0,0.0,0.0
3426,66,102871.4208,72872.53920784799,42275.101201342506,72872.53920784799,769.176,33417.819473466414,0.0,26060.409890481787,0.0,74.364,0.0,0.0,0.0,0.0,30322.8877717962,0.0,28806.743383206387,-30322.8877717962,-3418.9378813143994,0.0,0.0,0.0
3427,67,101167.0341,74396.270991844,24169.7751614855,56465.29854993401,37.742000000000004,18529.21965958406,0.0,26060.40989048193,0.0,74.364,0.0,0.0,0.0,0.0,0.0,0.0,28806.743383206387,0.0,26172.515890481936,0.0,0.0,0.0
3428,68,100123.2969,67481.974752077,853.0183549559999,67481.974752077,1221.308,853.0183549559999,0.0,26060.40989048193,0.0,74.364,0.0,0.0,0.0,0.0,0.0,4432.221902485064,24141.246643748425,4432.221902485064,31788.303792967,3.218399999999903,3.218399999999903,3.218399999999903
3429,69,99337.0118,63025.732500397,0.0,63025.732500397,1221.308,0.0,593.212,26060.40989048193,28.499999999999996,74.364,0.0,0.0,0.0,1851.499749999999,0.0,6481.9856591210555,17318.103844673635,6481.9856591210555,36311.27929960299,16.242600000000095,16.242600000000095,16.242600000000095
3430,70,94405.71038,59622.022842615,0.0,59622.022842615,1221.308,0.0,593.212,26060.40989048193,28.499999999999996,74.364,0.0,0.0,0.0,1851.49975,0.0,4954.393896903071,12102.95237424935,4954.393896903071,34783.687537385005,16.242600000000095,16.242600000000095,16.242600000000095
3431,71,87105.55461,64485.796407359994,0.0,64467.241407448,419.88217807012916,0.0,0.0,22218.431024481877,0.0,0.0,0.0,0.0,0.0,0.0,0.0,0.0,12102.95237424935,0.0,22638.31320255201,0.0,0.0,0.0
3432,72,80618.66571,60927.453651708,0.0,53428.10481951805,1055.787,0.0,0.0,26060.40989048193,0.0,74.364,0.0,0.0,0.0,0.0,0.0,0.0,12102.95237424935,0.0,27190.560890481953,0.0,0.0,0.0
3433,73,76552.29511,56677.61374256999,0.0,49279.880341535,1137.640877983073,0.0,0.0,26060.40989048193,0.0,74.364,0.0,0.0,0.0,0.0,0.0,0.0,12102.95237424935,0.0,27272.41476846501,0.0,0.0,0.0
3434,74,73902.2666,50868.364454871,0.0,50694.30057551811,915.171,0.0,0.0,22218.431024481888,0.0,74.364,0.0,0.0,0.0,0.0,0.0,0.0,12102.95237424935,0.0,23207.966024481895,0.0,0.0,0.0
3435,75,72612.02271,42398.896304785994,0.0,42398.896304785994,1221.308,0.0,593.212,26060.40989048193,0.0,74.364,0.0,0.0,0.0,0.0,0.0,2263.8325147320647,9719.970779794545,2263.8325147320647,30213.12640521401,9.7305,9.7305,9.7305
3436,76,72907.33986,42990.162041357005,0.0,42990.162041357005,1221.308,0.0,593.212,26060.40989048193,0.0,74.364,0.0,0.0,0.0,0.0,0.0,1967.8839281610603,7648.514013309218,1967.8839281610603,29917.177818642987,9.73050000000049,9.73050000000049,9.73050000000049
3437,77,75343.74515,38092.603996875005,155.7592,38092.603996875005,1221.308,155.7592,593.212,26060.40989048193,28.499999999999996,74.364,0.0,0.0,0.0,1851.4997499999936,0.0,7266.0883126437575,0.0,7266.0883126437575,37095.381953125,16.242599999999843,16.242599999999843,16.242599999999843
3438,78,80281.96459,37420.600354303,17741.0685100535,37367.20763470298,928.897,17655.4293100535,0.0,24256.066645243507,0.0,74.364,0.0,0.0,0.0,0.0,0.0,0.0,0.0,0.0,25259.327645243524,0.0,0.0,0.0
3439,79,85871.15757,35084.398491173,37391.31359634,28976.555241173002,0.0,30835.99871631537,0.0,26058.603612511604,0.0,0.0,0.0,0.0,0.0,0.0,0.0,0.0,0.0,0.0,26058.603612511622,0.0,0.0,0.0
3440,80,90668.95421,23798.783595545,54015.253540813,23798.783595545,1221.308,39515.422797662104,0.0,26059.07581679288,0.0,74.364,0.0,0.0,0.0,0.0,0.0,0.0,0.0,0.0,27354.747816792893,0.0,0.0,0.0
3441,81,93166.93332,17001.611506635996,65041.2235427495,17001.611506635996,1221.308,65041.223542751206,0.0,26059.978569839473,0.0,74.364,0.0,0.0,0.0,0.0,16231.552299226913,0.0,15419.974684265566,-16231.552299226913,11124.098270612798,0.0,0.0,0.0
3442,82,95387.86454,14703.319196798999,69938.890696267,14703.319196798999,1221.308,53331.515468618745,0.0,26057.35787458226,0.0,74.364,0.0,0.0,0.0,0.0,0.0,0.0,15419.974684265566,0.0,27353.02987458225,0.0,0.0,0.0
3443,83,97318.82934,16650.548101478,73626.12590088749,16650.548101478,1221.308,53315.07058458063,0.0,26057.538653941345,0.0,74.364,0.0,0.0,0.0,0.0,0.0,0.0,15419.974684265566,0.0,27353.210653941373,0.0,0.0,0.0
3444,84,98489.4022,17165.423409509003,75017.4628454065,17165.423409509003,1221.308,72583.38265491626,0.0,26057.530413088418,0.0,74.364,0.0,0.0,0.0,0.0,18612.60627751368,0.0,33101.95064790356,-18612.60627751368,8740.596135574728,0.0,0.0,0.0
3445,85,99026.41357,20342.377149146,74927.428499561,20342.377149146,1221.308,74927.4284995625,0.0,26055.49600793501,0.0,74.364,0.0,0.0,0.0,0.0,23594.560086643723,0.0,55516.7827302151,-23594.560086643723,3756.6079212915065,0.0,0.0,0.0
3446,86,100243.032,32979.878950866994,76126.37543994999,32858.94713082391,350.25,40978.04880362,0.0,26055.786065556087,0.0,0.0,0.0,0.0,0.0,0.0,0.0,0.0,55516.7827302151,0.0,26406.036065556094,0.0,0.0,0.0
3447,87,101001.0469,37374.614502261,71704.8535553965,37374.61450226099,1221.308,71704.85355539927,0.0,26056.243089837364,0.0,74.364,0.0,0.0,0.0,0.0,35430.336247497886,0.0,89175.60216533809,-35430.336247497886,-8078.421157660261,0.0,0.0,0.0
3448,88,101401.2069,37259.921806944,67574.79175080449,37259.921806944,1221.3080000026548,67574.79175080449,0.0,26053.533751396448,0.0,74.364,0.0,0.0,0.0,0.0,30782.71240914781,0.0,118419.1789540285,-30782.71240914781,-3433.5066577484904,0.0,0.0,0.0
3449,89,101081.9417,40937.56524723399,59668.13608753,40937.56524723399,1221.308,59668.13608753236,0.0,26054.33699802674,0.0,74.364,0.0,0.0,0.0,0.0,26873.768632793348,0.0,143949.25915518217,-26873.768632793348,476.2403652336434,0.0,0.0,0.0
3450,90,99686.67989,45557.247356353,43674.683506353,45557.24735635449,1221.308,43674.683506353,0.0,26054.593706047828,0.0,74.364,0.0,0.0,0.0,0.0,16895.5166787556,0.0,160000.0,-16895.5166787556,10454.749027292506,0.0,0.0,0.0
3451,91,98015.8946,46647.271695195,23959.1705311055,46647.271695195,1221.3079999999868,23959.1705311055,0.0,26052.0340403329,0.0,74.364,0.0,0.0,0.0,0.0,0.0,61.746333366621,159935.00385961408,61.746333366621,27409.4523736995,0.0,0.0,0.0
3452,92,97467.35697,48494.716799051006,1198.4994039085,48494.716799051006,1221.308,1198.4994039085,593.212,26052.889754375698,28.499999999999996,74.364,0.0,0.0,0.0,1851.4997499999909,0.0,17952.367262664815,141037.77516207218,17952.367262664815,47774.14076704049,12.948899999999337,12.948899999999337,12.948899999999337
3453,93,97597.56887,45443.600140297,0.0,45443.600140297,1221.308,0.0,593.212,26053.085713734774,50.0,74.364,0.0,0.0,0.0,3702.9994999999863,0.0,20458.999515968244,119501.98619789508,20458.999515968244,52153.968729703,16.2426,16.2426,16.2426
3454,94,93069.41364,42861.934841913004,0.0,42861.934841913004,1221.308,0.0,593.212,26050.55856748185,50.0,74.364,0.0,0.0,0.0,3702.999500000001,0.0,18515.036730605152,100012.47384988965,18515.036730605152,50207.478798086995,16.2426,16.2426,16.2426
3455,95,86069.48755,39862.865550898,0.0,39862.865550898,1221.308,0.0,593.212,26050.754528237132,28.499999999999996,74.364,0.0,0.0,0.0,1851.4997500000009,0.0,16386.983720864868,82763.01730161085,16386.983720864868,46206.621999102004,12.948900000000844,12.948900000000844,12.948900000000844
3456,96,79458.79329,42797.360555205,0.0,42797.360555205,1221.308,0.0,0.0,26048.90137393323,0.0,74.364,0.0,0.0,0.0,0.0,0.0,9316.859360861763,72955.79692175635,9316.859360861763,36661.432734795,0.0,0.0,0.0
3457,1,75589.83661,42495.524991046,0.0,42495.524991046,1221.308,0.0,593.212,26048.832391692315,3305.0954772616687,74.364,0.0,0.0,0.0,1851.4997499999972,0.0,0.0,0.0,0.0,33094.311618954,16.242600000000014,16.242600000000014,16.242600000000014
3458,2,73436.62469,46406.114889912,0.0,46406.114889912,1221.308,0.0,0.0,25734.837800088877,0.0,74.364,0.0,0.0,0.0,0.0,0.0,0.0,0.0,0.0,27030.509800087995,0.0,0.0,0.0
3459,3,72195.79704,49911.299840927,0.0,48627.40825521104,979.6360000000001,0.0,0.0,22514.38878478892,0.0,74.364,0.0,0.0,0.0,0.0,0.0,0.0,0.0,0.0,23568.388784788964,0.0,0.0,0.0
3460,4,72433.14394,52979.907839071,0.0,52979.907839071,700.471,0.0,0.0,20576.654055718634,0.0,74.364,0.0,0.0,0.0,0.0,1898.252954790729,0.0,1803.3403070511924,-1898.252954790729,19453.236100928996,0.0,0.0,0.0
3461,5,74652.50282,54077.306958439,209.8571,54077.306958439,1215.1800000000003,209.8571,0.0,18589.077798513263,0.0,74.364,0.0,0.0,0.0,0.0,0.0,486.71696304606945,1291.0066617395405,486.71696304606945,20365.33876156099,0.0,0.0,0.0
3462,6,79148.86998,47942.567798198,17121.561844381,46142.066184184594,1168.4080000000004,16159.745494381,0.0,15604.286301434398,0.0,74.364,0.0,0.0,0.0,0.0,0.0,0.0,1291.0066617395405,0.0,16847.05830143441,0.0,0.0,0.0
3463,7,84372.21923,45825.363398625,36043.28423779901,35260.83054876653,1032.895,36043.28423779901,0.0,12035.209443434465,0.0,0.0,0.0,0.0,0.0,0.0,0.0,0.0,1291.0066617395405,0.0,13068.104443434466,0.0,0.0,0.0
3464,8,88556.27353,50154.165909498995,52681.745976407496,34629.962638040466,528.5120000000001,44975.400918524996,0.0,8348.033973434538,0.0,74.364,0.0,0.0,0.0,0.0,0.0,0.0,1291.0066617395405,0.0,8950.909973434544,0.0,0.0,0.0
3465,9,91255.51486,52377.109703381,63755.147562850005,42086.516203326,100.697,42175.31648483941,0.0,6818.621171834587,0.0,74.364,0.0,0.0,0.0,0.0,0.0,0.0,1291.0066617395405,0.0,6993.682171834589,0.0,0.0,0.0
3466,10,93168.75694,53770.100595234,68869.63311427849,25732.489035447536,701.6890000000001,56940.4318064325,0.0,9719.783098119953,0.0,74.364,0.0,0.0,0.0,0.0,0.0,0.0,1291.0066617395405,0.0,10495.836098119973,0.0,0.0,0.0
3467,11,94347.68485,54538.867005323,72279.538362901,38327.246549896,179.238,44731.569419984015,0.0,11109.63088011999,0.0,0.0,0.0,0.0,0.0,0.0,0.0,0.0,1291.0066617395405,0.0,11288.86888011999,0.0,0.0,0.0
3468,12,94961.82649,54388.639546952,72523.866542777,31415.240819787323,619.938,49190.424450137,0.0,13736.223220075673,0.0,0.0,0.0,0.0,0.0,0.0,0.0,0.0,1291.0066617395405,0.0,14356.161220075686,0.0,0.0,0.0
3469,13,94872.42689,54347.527738219,72220.543702793,39706.598138287,492.00899999999996,38207.50209298473,0.0,15165.49733007571,0.0,74.364,0.0,0.0,0.0,0.0,0.0,1226.4563286525636,0.0,1226.4563286525636,16958.32665872827,0.0,0.0,0.0
3470,14,95085.29327,57260.279499027,72016.242162434,44220.296031386766,206.224,33653.226304937496,0.0,17005.54693367574,0.0,0.0,0.0,0.0,0.0,0.0,0.0,0.0,0.0,0.0,17211.770933675733,0.0,0.0,0.0
3471,15,94553.48862,62142.981047031004,65668.09579618549,41434.50376608124,383.85699999999997,33483.976401443,0.0,19176.78745247577,0.0,74.364,0.0,0.0,0.0,0.0,0.0,0.0,0.0,0.0,19635.00845247577,0.0,0.0,0.0
3472,16,93915.51352,60462.15859243501,60102.63280301601,42939.484499845,567.5790000000001,33546.101597206005,0.0,22211.672990475818,0.0,74.364,0.0,0.0,0.0,0.0,5423.688567526822,0.0,5152.504139150481,-5423.688567526822,17429.92742294899,0.0,0.0,0.0
3473,17,92952.3966,59470.279904225004,51237.992809662,59470.279904225004,596.4540000000001,49756.430909662,0.0,20742.172255890786,0.0,74.364,0.0,0.0,0.0,0.0,37687.30446977603,0.0,40955.443385437706,-37687.30446977603,-16274.31421388701,0.0,0.0,0.0
3474,18,91113.74335,58844.363750266,37752.218861546,45893.178879601706,553.504,22535.8725563075,0.0,22131.187914090795,0.0,0.0,0.0,0.0,0.0,0.0,0.0,0.0,40955.44338543771,0.0,22684.6919140908,0.0,0.0,0.0
3475,19,89627.10686,60918.410844032995,20006.2052570615,60918.410844032995,492.12299999999993,20006.2052570615,0.0,25252.933641345706,0.0,74.364,0.0,0.0,0.0,0.0,17116.929882440196,0.0,57216.5267737559,-17116.929882440196,8702.490758905504,0.0,0.0,0.0
3476,20,89548.05578,59954.693942157,264.256544685,59954.693942157,1221.308,264.256544685,0.0,26036.734706066793,0.0,74.364,0.0,0.0,0.0,0.0,0.0,1996.6985870916365,55114.738787343646,1996.6985870916365,29329.105293157998,3.2183999999986064,3.2183999999986064,3.2183999999986064
3477,21,90141.66504,52152.457142750995,0.0,52152.457142750995,1221.308,0.0,593.212,26037.694360209585,28.499999999999996,74.364,0.0,0.0,0.0,1851.49975,0.0,8182.629787039943,46501.44427467002,8182.629787039943,37989.20789724901,16.242600000001232,16.242600000001232,16.242600000001232
3478,22,86951.84324,49127.36189516701,0.0,49127.36189516701,1221.308,0.0,593.212,26037.743800818174,0.0,74.364,0.0,0.0,0.0,0.0,0.0,9897.85354401535,36082.651070443346,9897.85354401535,37824.481344832995,9.73049999994916,9.73049999994916,9.73049999994916
3479,23,81494.40372,45412.52965047301,0.0,45412.52965047301,1221.308,0.0,593.212,26035.034455103247,0.0,74.364,0.0,0.0,0.0,0.0,0.0,8157.9556144241815,27495.32937104947,8157.9556144241815,36081.874069526995,9.730499999949181,9.730499999949181,9.730499999949181
3480,24,76155.93337,43509.593792471,0.0,43509.593792471,1221.308,0.0,593.212,26035.464132724333,0.0,74.364,0.0,0.0,0.0,0.0,0.0,4721.991444805246,22524.812060728156,4721.991444805246,32646.339577528997,9.730500000000028,9.730500000000028,9.730500000000028
3481,25,72502.16202,41925.507199121996,0.0,41925.507199121996,1221.308,0.0,593.212,26036.61127756712,0.0,74.364,0.0,0.0,0.0,0.0,0.0,2651.159543311306,19734.117804610993,2651.159543311306,30576.654820878008,9.730500000000038,9.730500000000038,9.730500000000038
3482,26,70172.64158,38745.782799149005,0.0,38745.782799149005,1221.308,0.0,593.212,26033.636990252195,0.0,74.364,0.0,0.0,0.0,0.0,0.0,3504.3377905993184,16045.3411829275,3504.3377905993184,31426.85878085099,9.730500000000234,9.730500000000234,9.730500000000234
3483,27,68916.81706,38047.94105195,0.0,38047.94105195,1221.308,0.0,593.212,26033.81776373347,0.0,74.364,0.0,0.0,0.0,0.0,0.0,2946.1742443169856,12944.105136278042,2946.1742443169856,30868.87600805,9.730500000017047,9.730500000017047,9.730500000017047
3484,28,68479.90576,39145.23220638599,0.0,39145.23220638599,1221.308,0.0,593.212,26034.013723092554,0.0,74.364,0.0,0.0,0.0,0.0,0.0,1411.7758305221882,11458.025314675739,1411.7758305221882,29334.673553614004,9.7305,9.7305,9.7305
3485,29,68575.46387,36939.393395983,420.2006,36939.393395983,1221.308,420.2006,593.212,26032.15228893535,0.0,74.364,0.0,0.0,0.0,0.0,0.0,3294.833585081684,7989.779435642387,3294.833585081684,31215.869874017004,9.730500000000045,9.730500000000045,9.730500000000045
3486,30,69649.32123,33324.948658646,13107.354964604,33324.948658646,872.811,13104.567864604001,0.0,22229.075833735318,0.0,0.0,0.0,0.0,0.0,0.0,0.0,117.91787301468662,7865.655358784822,117.91787301468662,23219.80470675,0.0,0.0,0.0
3487,31,71596.42384,35242.335045627,34416.042151367496,27888.246895399,787.6360000000001,19177.61822086566,0.0,23668.558723735347,0.0,74.364,0.0,0.0,0.0,0.0,0.0,0.0,7865.655358784822,0.0,24530.55872373534,0.0,0.0,0.0
3488,32,75729.71448,40301.502446752,51730.0003202205,23398.992946052,247.947,32114.248076212658,0.0,19968.52645773535,0.0,0.0,0.0,0.0,0.0,0.0,0.0,0.0,7865.655358784822,0.0,20216.473457735337,0.0,0.0,0.0
3489,33,79556.31835,44867.151394692,63555.830785536,23001.420251654745,636.563,39505.118343168506,0.0,16338.852755176767,0.0,74.364,0.0,0.0,0.0,0.0,0.0,0.0,7865.655358784822,0.0,17049.77975517675,0.0,0.0,0.0
3490,34,81690.90137,42774.415145417,69840.51490562099,34031.274195417,797.2370000000001,28568.986475373495,0.0,18219.03969920952,0.0,74.364,0.0,0.0,0.0,0.0,0.0,0.0,7865.655358784822,0.0,19090.640699209514,0.0,0.0,0.0
3491,35,83000.91903,45996.99730976699,73844.6333923035,28486.804359329,19.125,30128.6628940275,0.0,20529.15314280944,0.0,0.0,0.0,0.0,0.0,0.0,0.0,3837.1736338340643,3826.52521790686,3837.1736338340643,24385.451776643506,0.0,0.0,0.0
3492,36,83315.13012,49421.245996813,75062.863062971,30227.848446813,577.349,32278.9768608385,0.0,19704.242073009365,0.0,0.0,0.0,0.0,0.0,0.0,0.0,526.713739339137,3272.089702813031,526.713739339137,20808.3048123485,0.0,0.0,0.0
3493,37,83390.05583,54981.18825955,74616.0572965185,17751.937350132,229.977,46434.88415591099,0.0,18405.176282709373,0.0,74.364,0.0,0.0,0.0,0.0,0.0,493.71704124859855,2752.387554130296,493.71704124859855,19203.234323956996,0.0,0.0,0.0
3494,38,83368.4709,60841.030855523,73717.9320567785,34329.721556841,256.979,28834.451404449566,0.0,19947.318938709428,0.0,0.0,0.0,0.0,0.0,0.0,0.0,0.0,2752.387554130296,0.0,20204.29793870943,0.0,0.0,0.0
3495,39,83396.03536,65429.45698999299,70261.7624953365,48072.01352479928,300.847,14245.6728940675,0.0,18088.369764709438,0.0,74.364,0.0,0.0,0.0,0.0,0.0,2614.7681764237814,0.0,2614.7681764237814,21078.348941133212,0.0,0.0,0.0
3496,40,83705.19154,63074.700443886,65643.184286666,28392.921507763043,0.0,33335.66149932749,0.0,21902.24453290946,0.0,74.364,0.0,0.0,0.0,0.0,0.0,0.0,0.0,0.0,21976.608532909464,0.0,0.0,0.0
3497,41,83930.71922,61805.510657258,57915.85628466,42309.696517023025,383.85699999999997,19382.7784932675,0.0,21854.387209709468,0.0,0.0,0.0,0.0,0.0,0.0,0.0,0.0,0.0,0.0,22238.244209709475,0.0,0.0,0.0
3498,42,83678.7145,59194.216804741,42023.507634860995,30643.966649804002,1136.7940000000003,29006.117893394996,0.0,23128.42661050948,0.0,74.364,0.0,0.0,0.0,0.0,310.95465370848046,0.0,295.4069210230565,-310.95465370848046,24028.629956801004,0.0,0.0,0.0
3499,43,83152.126,57868.518344026,23417.330542221498,43897.190328644414,678.534,14081.659805726498,0.0,24420.377865629096,0.0,74.364,0.0,0.0,0.0,0.0,0.0,0.0,295.4069210230565,0.0,25173.27586562909,0.0,0.0,0.0
3500,44,83550.47707,56458.923305362994,493.2076535,56458.923305362994,1221.308,493.2076535,0.0,25582.627861629102,0.0,74.364,0.0,0.0,0.0,0.0,279.95375049210855,0.0,561.3629839905595,-279.95375049210855,26598.346111136998,0.0,0.0,0.0
3501,45,84725.49335,57139.560144828,0.0,57139.560144828,1221.308,0.0,26.917,26024.100704214186,0.0,74.364,0.0,0.0,0.0,0.0,0.0,239.24350095781486,309.5277198244387,239.24350095781486,27585.933205172005,5.323,5.323,5.323
3502,46,82227.55463,60728.110460772,0.0,58382.0793379091,861.912,0.0,0.0,22909.199292090885,0.0,74.364,0.0,0.0,0.0,0.0,0.0,0.0,309.5277198244387,0.0,23845.4752920909,0.0,0.0,0.0
3503,47,77430.47365,58405.557446116996,0.0,56102.171446117,300.123,0.0,0.0,20953.815203882994,0.0,74.364,0.0,0.0,0.0,0.0,0.0,0.0,309.5277198244387,0.0,21328.302203883002,0.0,0.0,0.0
3504,48,72868.14745,59854.125140952994,0.0,47945.75669461703,948.022,0.0,0.0,23900.004755382986,0.0,74.364,0.0,0.0,0.0,0.0,0.0,0.0,309.5277198244387,0.0,24922.390755382978,0.0,0.0,0.0
3505,49,69951.52243,62504.586607993,0.0,46154.4236814667,264.92,0.0,0.0,23457.81474853329,0.0,74.364,0.0,0.0,0.0,0.0,0.0,0.0,309.5277198244387,0.0,23797.098748533295,0.0,0.0,0.0
3506,50,67749.96801,61784.33290767301,0.0,43788.34352360006,644.136,0.0,0.0,23243.12448639995,0.0,74.364,0.0,0.0,0.0,0.0,0.0,0.0,309.5277198244387,0.0,23961.624486399938,0.0,0.0,0.0
3507,51,66625.67304,56281.60034121,0.0,43226.97565360003,743.3580000000001,0.0,0.0,22580.97538639996,0.0,74.364,0.0,0.0,0.0,0.0,0.0,0.0,309.5277198244387,0.0,23398.697386399966,0.0,0.0,0.0
3508,52,66021.01122,52595.533297956,0.0,46738.785897776,287.126,0.0,0.0,18995.099322224007,0.0,0.0,0.0,0.0,0.0,0.0,0.0,0.0,309.5277198244387,0.0,19282.225322224003,0.0,0.0,0.0
3509,53,65819.49594,47904.279042109,537.2895,45834.545742108996,1129.0700000000002,537.2895,0.0,18244.226697891,0.0,74.364,0.0,0.0,0.0,0.0,0.0,0.0,309.5277198244387,0.0,19447.660697891,0.0,0.0,0.0
3510,54,66504.74408,46532.900143123,14925.7769359705,35030.04521862949,415.62899999999996,13155.2570859705,0.0,17903.812775400023,0.0,0.0,0.0,0.0,0.0,0.0,0.0,0.0,309.5277198244387,0.0,18319.44177540001,0.0,0.0,0.0
3511,55,67730.13103,44755.870460108,37847.4279439895,26200.950897610488,934.296,24952.8411939895,0.0,15642.042938400016,0.0,0.0,0.0,0.0,0.0,0.0,0.0,0.0,309.5277198244387,0.0,16576.33893840002,0.0,0.0,0.0
3512,56,70972.2798,41214.674347707,54252.496788303506,23605.334948592004,364.22999999999996,33435.51696700799,0.0,13492.833884400015,0.0,74.364,0.0,0.0,0.0,0.0,0.0,0.0,309.5277198244387,0.0,13931.427884400007,0.0,0.0,0.0
3513,57,74839.99974,40589.299108252,65749.69235960199,30748.105258252,688.9150000000001,32945.03113534798,0.0,10457.948346400015,0.0,0.0,0.0,0.0,0.0,0.0,0.0,0.0,309.5277198244387,0.0,11146.863346400023,0.0,0.0,0.0
3514,58,77126.02595,41236.793746158,70949.83398359249,11257.980445901001,25.641,57988.23730469898,0.0,7779.803199400009,0.0,74.364,0.0,0.0,0.0,0.0,0.0,0.0,309.5277198244387,0.0,7879.8081994000095,0.0,0.0,0.0
3515,59,78470.06734,39701.335543559,74428.34194803801,35086.54075,375.503,36980.15220259999,0.0,5953.5073874000045,0.0,74.364,0.0,0.0,0.0,0.0,0.0,0.0,309.5277198244387,0.0,6403.3743874000065,0.0,0.0,0.0
3516,60,79398.39511,42777.299644989,75433.629541106,3828.1425004939983,719.769,71791.604641106,0.0,2984.5149684000016,0.0,74.364,0.0,0.0,0.0,0.0,0.0,0.0,309.5277198244387,0.0,3778.647968400008,0.0,0.0,0.0
3517,61,79756.04686,49283.642798942994,75548.172799418,32548.019104692503,341.991,46289.363505907495,0.0,502.3092494000036,0.0,74.364,0.0,0.0,0.0,0.0,0.0,0.0,309.5277198244387,0.0,918.6642494000043,0.0,0.0,0.0
3518,62,80636.94567,51228.533804704,75198.97240257151,23095.80597362851,858.957,55377.53910257151,0.0,1304.64359379999,0.0,0.0,0.0,0.0,0.0,0.0,0.0,0.0,309.5277198244387,0.0,2163.600593799987,0.0,0.0,0.0
3519,63,80878.41051,50389.19988940099,73101.6727115575,38467.858649944,292.20500000000004,38455.40661865605,0.0,3588.5762413999437,0.0,74.364,0.0,0.0,0.0,0.0,0.0,0.0,309.5277198244387,0.0,3955.1452413999505,0.0,0.0,0.0
3520,64,81676.27932,51898.542543136005,69225.701728527,26897.319327210545,962.361,47085.06558538949,0.0,6657.169407399956,0.0,74.364,0.0,0.0,0.0,0.0,0.0,0.0,309.5277198244387,0.0,7693.894407399966,0.0,0.0,0.0
3521,65,82378.37764,60912.662457317994,61166.246299891005,42562.37621759519,90.465,30542.991449405003,0.0,9182.544972999818,0.0,0.0,0.0,0.0,0.0,0.0,0.0,0.0,309.5277198244387,0.0,9273.009972999811,0.0,0.0,0.0
3522,66,82594.83551,67198.003145405,45509.527755255,63627.83719707264,579.135,45509.527755255,0.0,12878.335557672372,0.0,0.0,0.0,0.0,0.0,0.0,40000.0,0.0,38309.52771982444,-40000.0,-26542.529442327635,0.0,0.0,0.0
3523,67,82653.14297,67452.2326011,26214.9001462175,46068.3383501901,572.027,19689.757688137503,0.0,16323.019931672405,0.0,0.0,0.0,0.0,0.0,0.0,0.0,0.0,38309.52771982444,0.0,16895.0469316724,0.0,0.0,0.0
3524,68,83196.98095,64842.90124742199,796.6641546495,61275.159533678045,1024.018,796.6641546495,0.0,20101.139261672448,0.0,0.0,0.0,0.0,0.0,0.0,0.0,0.0,38309.52771982444,0.0,21125.15726167245,0.0,0.0,0.0
3525,69,84192.20018,59325.54834558,0.0,59325.54834558,1139.6060000000002,0.0,0.0,23264.71255549276,0.0,74.364,0.0,0.0,0.0,0.0,0.0,387.96927892724506,37901.13900516418,387.96927892724506,24866.65183442,0.0,0.0,0.0
3526,70,81814.44833,53684.67159767699,0.0,53684.67159767699,1221.308,0.0,26.917,26008.80136994808,0.0,74.364,0.0,0.0,0.0,0.0,0.0,798.386362374913,37060.73230792743,798.386362374913,28129.776732323007,5.32300000000001,5.32300000000001,5.32300000000001
3527,71,76677.25116,51571.00505811899,0.0,51571.00505811899,1159.2330000000002,0.0,0.0,23872.64910188101,0.0,74.364,0.0,0.0,0.0,0.0,0.0,0.0,37060.73230792743,0.0,25106.246101881006,0.0,0.0,0.0
3528,72,72364.2375,50059.266993228,0.0,46516.206149996244,617.1750000000001,0.0,0.0,25230.85635000375,0.0,0.0,0.0,0.0,0.0,0.0,0.0,0.0,37060.73230792743,0.0,25848.03135000376,0.0,0.0,0.0
3529,73,69435.69756,47544.52005349001,0.0,43743.04882848766,877.835,0.0,0.0,24740.449731512344,0.0,74.364,0.0,0.0,0.0,0.0,0.0,0.0,37060.73230792743,0.0,25692.648731512338,0.0,0.0,0.0
3530,74,67333.02921,46383.189041087004,0.0,41597.587339873964,1101.476,0.0,0.0,24559.601870126036,0.0,74.364,0.0,0.0,0.0,0.0,0.0,0.0,37060.73230792743,0.0,25735.44187012603,0.0,0.0,0.0
3531,75,66153.46594,48546.908793263996,0.0,42860.47949026798,655.1700000000001,0.0,0.0,22637.81644973201,0.0,0.0,0.0,0.0,0.0,0.0,0.0,0.0,37060.73230792743,0.0,23292.986449732016,0.0,0.0,0.0
3532,76,65908.09476,49848.688740984,0.0,46102.148496668,185.50900000000001,0.0,0.0,19546.07326333201,0.0,74.364,0.0,0.0,0.0,0.0,0.0,0.0,37060.73230792743,0.0,19805.946263332007,0.0,0.0,0.0
3533,77,66143.97401,46013.940194668,631.8932,46013.940194668,1221.308,631.8932,0.0,18276.832615332,0.0,0.0,0.0,0.0,0.0,0.0,0.0,0.0,37060.73230792743,0.0,19498.140615332006,0.0,0.0,0.0
3534,78,67204.12208,42754.808550207,19182.308591175002,37371.922600750506,881.123,14073.591946717499,0.0,14803.120532531993,0.0,74.364,0.0,0.0,0.0,0.0,0.0,0.0,37060.73230792743,0.0,15758.607532531996,0.0,0.0,0.0
3535,79,69129.76642,38679.627450488,38647.17321532899,35736.746050624,324.609,17106.219961243994,0.0,15887.827408132003,0.0,74.364,0.0,0.0,0.0,0.0,0.0,0.0,37060.73230792743,0.0,16286.800408132003,0.0,0.0,0.0
3536,80,72887.81933,35792.779292314,55150.227042707,32920.944841549004,952.913,21082.501789518974,0.0,17857.09569893201,0.0,74.364,0.0,0.0,0.0,0.0,0.0,0.0,37060.73230792743,0.0,18884.37269893202,0.0,0.0,0.0
3537,81,77052.35111,28632.179557865005,66288.5209874665,16084.197364694286,427.181,45641.9694504765,0.0,14824.639294829225,0.0,74.364,0.0,0.0,0.0,0.0,0.0,0.0,37060.73230792743,0.0,15326.184294829218,0.0,0.0,0.0
3538,82,80577.32225,21961.707601387003,71470.929801363,17359.063001387,402.46399999999994,50132.791357783775,0.0,12683.00389082922,0.0,0.0,0.0,0.0,0.0,0.0,0.0,0.0,37060.73230792743,0.0,13085.467890829226,0.0,0.0,0.0
3539,83,83387.44898,20197.252809823,74105.28150425549,14385.310910308,138.957,55483.030746091885,0.0,13305.786323600123,0.0,74.364,0.0,0.0,0.0,0.0,0.0,0.0,37060.73230792743,0.0,13519.10732360011,0.0,0.0,0.0
3540,84,84791.46024,24794.567549407,75323.2221917235,11052.168948527999,733.854,62584.49227587192,0.0,10346.581015600083,0.0,74.364,0.0,0.0,0.0,0.0,0.0,0.0,37060.73230792743,0.0,11154.799015600089,0.0,0.0,0.0
3541,85,86252.80893,22226.687609826,75201.65225881,19546.549409726,404.832,53205.33845567394,0.0,13096.089064600055,0.0,0.0,0.0,0.0,0.0,0.0,0.0,0.0,37060.73230792743,0.0,13500.921064600065,0.0,0.0,0.0
3542,86,87028.10413,24926.163448350002,75749.18338586901,14086.38465045,770.3610000000001,56000.03085214997,0.0,16096.963627400024,0.0,74.364,0.0,0.0,0.0,0.0,0.0,0.0,37060.73230792743,0.0,16941.688627400043,0.0,0.0,0.0
3543,87,88412.57904,34557.309802798,72884.7922880345,26992.153553748,627.125,41997.96851285201,0.0,18795.3319734,0.0,0.0,0.0,0.0,0.0,0.0,0.0,0.0,37060.73230792743,0.0,19422.45697339999,0.0,0.0,0.0
3544,88,89817.11569,36688.744446305995,68987.34869548748,34452.737496306,284.622,55581.859151185,0.0,22165.574802905863,0.0,74.364,0.0,0.0,0.0,0.0,22742.041760396845,0.0,58665.671980304425,-22742.041760396845,-217.48095749099593,0.0,0.0,0.0
3545,89,91047.34368,38848.48941043099,60527.584789633,25587.754682696162,841.197,41015.161753798006,0.0,23528.866243505854,0.0,74.364,0.0,0.0,0.0,0.0,0.0,0.0,58665.671980304425,0.0,24444.427243505837,0.0,0.0,0.0
3546,90,91211.13414,44200.77019686299,45181.5624911625,40511.335297367,201.01600000000002,45181.5624911625,0.0,24844.265727905848,0.0,0.0,0.0,0.0,0.0,0.0,19527.045376435362,0.0,77216.36508791802,-19527.045376435362,5518.236351470499,0.0,0.0,0.0
3547,91,90576.38223,50362.01364644,26086.044300815498,45746.349596096275,826.982,18661.3123582,0.0,25267.374275703725,0.0,74.364,0.0,0.0,0.0,0.0,0.0,0.0,77216.36508791802,0.0,26168.720275703727,0.0,0.0,0.0
3548,92,90242.90671,51932.069252401,1189.5860947350002,51932.069252401,1221.308,1189.5860947350002,593.212,25994.83640812481,28.5,74.364,0.0,0.0,0.0,1851.4997500000004,0.0,7357.531204738385,69471.59539871971,7357.531204738385,37121.25136286399,16.167299999997127,16.167299999997127,16.167299999997127
3549,93,90325.86734,48900.613302817,0.0,48900.613302817,1221.308,0.0,593.212,25995.355652806087,50.0,74.364,0.0,0.0,0.0,3702.9994999999976,0.0,9788.014884376214,59168.42183621845,9788.014884376214,41425.254037183,16.24260000000068,16.24260000000068,16.24260000000068
3550,94,86508.04958,47899.72844348,0.0,47899.72844348,1221.308,0.0,593.212,25993.306067652677,28.5,74.364,0.0,0.0,0.0,1851.4997500000009,0.0,8846.13131886664,49856.704658464085,8846.13131886664,38608.321136520004,16.24260000000219,16.24260000000219,16.24260000000219
3551,95,79704.8755,48000.898559085996,0.0,48000.898559085996,1168.4080000000004,0.0,0.0,25993.35550826127,0.0,74.364,0.0,0.0,0.0,0.0,0.0,4467.84943265139,45153.70525567315,4467.84943265139,31703.976940914,0.0,0.0,0.0
3552,96,74270.86066,48103.718160289,0.0,47056.000960039,1189.694,0.0,0.0,25950.80169996101,0.0,74.364,0.0,0.0,0.0,0.0,0.0,0.0,45153.70525567315,0.0,27214.85969996101,0.0,0.0,0.0
3553,1,70653.19078,47448.475940147,0.0,47448.475940147,1221.308,0.0,0.0,25991.703741725145,0.0,74.364,0.0,0.0,0.0,0.0,4082.660901872128,0.0,3878.5278567785217,-4082.660901872128,23204.714839853004,0.0,0.0,0.0
3554,2,68710.23996,45618.246845977,0.0,45618.246845977,1221.308,0.0,0.0,25991.946734210218,0.0,74.364,0.0,0.0,0.0,0.0,4195.625620187202,0.0,7864.372195956364,-4195.625620187202,23091.993114023004,0.0,0.0,0.0
3555,3,67860.35921,44673.129140438,0.0,35323.26467095586,55.947,0.0,0.0,25117.09211451022,0.0,74.364,0.0,0.0,0.0,0.0,0.0,7289.691424533912,191.01280171014028,7289.691424533912,32537.094539044134,0.0,0.0,0.0
3556,4,68569.63003,45720.56870664301,0.0,41945.47284984944,560.01,0.0,0.0,25989.783180150578,0.0,74.364,0.0,0.0,0.0,0.0,0.0,0.0,191.01280171014028,0.0,26624.157180150563,0.0,0.0,0.0
3557,5,71189.38159,43080.551944982,629.6653,43080.551944982,1221.308,629.6653,11.235,25990.795183393366,0.0,74.364,0.0,0.0,0.0,0.0,0.0,181.46216162463327,0.0,181.46216162463327,27479.164345018005,4.974999999999885,4.974999999999885,4.974999999999885
3558,6,75746.86036,39298.192856748006,19322.163515529497,31055.872806699997,418.922,18206.89085268555,0.0,25990.81070061445,0.0,74.364,0.0,0.0,0.0,0.0,0.0,0.0,0.0,0.0,26484.09670061446,0.0,0.0,0.0
3559,7,81199.47699,29829.533488644996,38637.824198051494,21007.20167298795,1048.586,33081.355293589,0.0,25987.97002342304,0.0,74.364,0.0,0.0,0.0,0.0,0.0,0.0,0.0,0.0,27110.920023423045,0.0,0.0,0.0
3560,8,86300.34935,19415.105304188004,55025.20298781601,10829.672216675881,580.918,48827.244337815995,0.0,25988.150795508118,0.0,74.364,0.0,0.0,0.0,0.0,0.0,0.0,0.0,0.0,26643.432795508124,0.0,0.0,0.0
3561,9,89625.68848,10816.026696428,65781.4021450905,10128.739272241588,1221.308,52212.2706982075,0.0,25989.006509550913,0.0,74.364,0.0,0.0,0.0,0.0,0.0,0.0,0.0,0.0,27284.67850955091,0.0,0.0,0.0
3562,10,92676.1227,11564.369759096999,70595.292698668,11555.538359004999,545.562,55618.37131304412,0.0,24882.287027950908,0.0,74.364,0.0,0.0,0.0,0.0,0.0,0.0,0.0,0.0,25502.213027950886,0.0,0.0,0.0
3563,11,95077.50858,13503.864754309998,73537.025934458,10563.484049095,33.21,58419.508185913735,0.0,25986.942344991265,0.0,74.364,0.0,0.0,0.0,0.0,0.0,0.0,0.0,0.0,26094.516344991258,0.0,0.0,0.0
3564,12,97118.36627,21110.006695784006,75048.35358491848,21082.089645784006,247.109,50909.362120824735,0.0,24879.80550339126,0.0,0.0,0.0,0.0,0.0,0.0,0.0,0.0,0.0,0.0,25126.914503391265,0.0,0.0,0.0
3565,13,98881.46185,25427.114350843,74965.2382064295,19350.530273718574,628.5600000000001,52917.2221084225,0.0,25985.149467858933,0.0,0.0,0.0,0.0,0.0,0.0,0.0,0.0,0.0,0.0,26613.709467858935,0.0,0.0,0.0
3566,14,100641.4559,29429.452346587004,75060.38711108,27377.534746587764,1221.308,75060.38711108,0.0,25985.418890401725,0.0,74.364,0.0,0.0,0.0,0.0,29077.55684806988,0.0,27623.679005666385,-29077.55684806988,-1796.465957667766,0.0,0.0,0.0
3567,15,102171.4214,37692.626606112004,72356.860386303,37692.626606112004,507.7561223482623,58981.2344922805,0.0,25982.630673348798,0.0,0.0,0.0,0.0,0.0,0.0,20992.826494089553,0.0,47566.86417505146,-20992.826494089553,5497.560301607504,0.0,0.0,0.0
3568,16,103100.5417,40415.08989249,68058.83910884299,29366.034841891,0.0,47754.837614809396,0.0,25979.669243299606,0.0,0.0,0.0,0.0,0.0,0.0,0.0,0.0,47566.86417505146,0.0,25979.669243299606,0.0,0.0,0.0
3569,17,102978.7057,46936.947010081,60514.999854103,45079.498510081,1221.308,30927.336860268344,0.0,25750.56232965066,0.0,0.0,0.0,0.0,0.0,0.0,0.0,0.0,47566.86417505146,0.0,26971.87032965066,0.0,0.0,0.0
3570,18,101981.3822,49139.007707863,44915.462707186496,48390.620257863,247.109,44915.462707186496,0.0,24759.850799950676,0.0,0.0,0.0,0.0,0.0,0.0,16331.66056500018,0.0,63081.94171180163,-16331.66056500018,8675.2992349505,0.0,0.0,0.0
3571,19,100060.4381,49950.087447314,25996.166506175003,49950.087447314,1221.308,25996.166506175003,0.0,25982.065631544338,0.0,74.364,0.0,0.0,0.0,0.0,3163.5534850333484,0.0,66087.31752258331,-3163.5534850333484,24114.184146510997,0.0,0.0,0.0
3572,20,98755.68554,45807.600201076995,1806.8109062035,45807.600201076995,1221.308,1806.8109062035,593.212,25982.26159229962,28.499999999999996,74.364,0.0,0.0,0.0,1851.49975,0.0,21390.12909041988,43571.3921642466,21390.12909041988,51141.27443271951,16.24260000000034,16.24260000000034,16.24260000000034
3573,21,98015.81672,52691.486000813005,0.0,52691.486000813005,1221.308,0.0,593.212,25979.53164684621,28.5,74.364,0.0,0.0,0.0,1851.4997500000009,0.0,15575.915322340783,27175.691824940513,15575.915322340783,45324.330719187,16.2426,16.2426,16.2426
3574,22,93105.85203,53947.493551531,0.0,53947.493551531,1221.308,0.0,0.0,25979.71242032749,0.0,74.364,0.0,0.0,0.0,0.0,0.0,11882.974058141503,14667.298079528406,11882.974058141503,39158.358478468996,3.218399999999999,3.218399999999999,3.218399999999999
3575,23,85161.68795,47650.85234481499,0.0,47650.85234481499,1221.308,0.0,593.212,25980.608381736078,28.499999999999996,74.364,0.0,0.0,0.0,1851.49975,0.0,7761.343473448931,6497.462844319003,7761.343473448931,37510.83560518501,16.2426,16.2426,16.2426
3576,24,78948.32238,47611.861845811014,0.0,47611.861845811014,1221.308,0.0,0.0,25978.36197195716,0.0,74.364,0.0,0.0,0.0,0.0,0.0,4062.426562231838,2221.2243577591735,4062.426562231838,31336.460534188984,3.218399999999999,3.218399999999999,3.218399999999999
3577,25,74625.17851,46426.16110791301,0.0,46426.16110791301,1221.308,0.0,26.917,25978.54274404224,0.0,74.364,0.0,0.0,0.0,0.0,0.0,897.8856580447803,1276.0815598172999,897.8856580447803,28199.01740208699,5.322999999999814,5.322999999999814,5.322999999999814
3578,26,71984.69721,46874.010054701,0.0,45016.870955846,914.6765089564783,0.0,0.0,25978.785745197518,0.0,74.364,0.0,0.0,0.0,0.0,0.0,0.0,1276.0815598172999,0.0,26967.826254153995,0.0,0.0,0.0
3579,27,70679.40947,43740.676344059,0.0,43740.46076733121,1195.667,0.0,0.0,25743.281702668814,0.0,0.0,0.0,0.0,0.0,0.0,0.0,0.0,1276.0815598172999,0.0,26938.948702668786,0.0,0.0,0.0
3580,28,70824.38032,42142.276502352,0.0,42142.276502352,1221.308,0.0,593.212,25976.932113525385,0.0,74.364,0.0,0.0,0.0,0.0,0.0,816.2877041226117,416.8313449513929,816.2877041226117,28682.103817648,9.730500000000653,9.730500000000653,9.730500000000653
3581,29,72940.71366,44597.21374542401,650.6249,44597.21374542401,1221.308,650.6249,26.917,25974.296236871975,0.0,74.364,0.0,0.0,0.0,0.0,0.0,395.9897777038233,0.0,395.9897777038233,27692.875014575988,5.323000000000186,5.323000000000186,5.323000000000186
3582,30,77436.73912,44474.79500635299,19201.008577188495,34882.847206087,1018.965,15485.373505332425,0.0,25975.189408580565,0.0,74.364,0.0,0.0,0.0,0.0,0.0,0.0,0.0,0.0,27068.518408580574,0.0,0.0,0.0
3583,31,82769.21874,39524.732694394,38339.680010948,32293.95471015285,81.702,24343.8180036455,0.0,25975.38002620165,0.0,74.364,0.0,0.0,0.0,0.0,0.0,0.0,0.0,0.0,26131.446026201644,0.0,0.0,0.0
3584,32,88215.41464,32018.103909514997,54617.570829710996,12664.203834606098,519.619,51467.428179711,0.0,23564.163625682908,0.0,0.0,0.0,0.0,0.0,0.0,0.0,0.0,0.0,0.0,24083.7826256829,0.0,0.0,0.0
3585,33,91227.39613,26006.655147851998,65414.561680664505,20813.4412453945,500.624,53595.73898066449,0.0,25972.851453968,0.0,0.0,0.0,0.0,0.0,0.0,9655.259550026996,0.0,9172.496572525646,-9655.259550026996,16818.215903941003,0.0,0.0,0.0
3586,34,94465.52086,16296.850450158,70428.42280710049,16296.850450158,1221.308,50899.15012535719,0.0,25973.848284484797,0.0,74.364,0.0,0.0,0.0,0.0,0.0,0.0,9172.496572525646,0.0,27269.52028448481,0.0,0.0,0.0
3587,35,97247.67927,15071.484156633998,73939.081292676,15071.484156633998,433.313,56765.18124188119,0.0,24977.700871484794,0.0,0.0,0.0,0.0,0.0,0.0,0.0,0.0,9172.496572525646,0.0,25411.0138714848,0.0,0.0,0.0
3588,36,99848.64362,17809.181805292,74113.47418741099,17806.836805236002,281.15299999999996,56179.05392195137,0.0,25581.599892812657,0.0,0.0,0.0,0.0,0.0,0.0,0.0,0.0,9172.496572525646,0.0,25862.752892812634,0.0,0.0,0.0
3589,37,101773.8678,23109.982397649,74055.680701888,23109.982397649,1111.1530000000002,51506.13764852976,0.0,25972.230753821255,0.0,74.364,0.0,0.0,0.0,0.0,0.0,0.0,9172.496572525644,0.0,27157.747753821248,0.0,0.0,0.0
3590,38,103946.9057,31281.042350562,75271.871335588,26478.99387323916,163.274,51260.35023138051,0.0,25969.92359538034,0.0,74.364,0.0,0.0,0.0,0.0,0.0,0.0,9172.496572525644,0.0,26207.561595380335,0.0,0.0,0.0
3591,39,105676.8816,45172.510445078005,71789.445000762,45172.12181731865,1082.571,60222.49260240449,0.0,25970.040676127413,0.0,74.364,0.0,0.0,0.0,0.0,26844.708495850566,0.0,34674.96964358368,-26844.708495850566,282.26718027685274,0.0,0.0,0.0
3592,40,106833.8928,45867.667610899,67619.69779431501,45867.667610899,1221.308,67619.69779431501,0.0,25970.221449608693,0.0,74.364,0.0,0.0,0.0,0.0,33919.36605482282,0.0,66898.36739566537,-33919.36605482282,-6653.47260521401,0.0,0.0,0.0
3593,41,106991.2502,53210.463743583,59635.6475625395,53210.463743583,1221.308,59635.6475625395,0.0,25968.234084855278,0.0,74.364,0.0,0.0,0.0,0.0,33118.76719097803,0.0,98361.1962270945,-33118.76719097803,-5854.861106122509,0.0,0.0,0.0
3594,42,105630.2456,54412.522350612,44681.651394840505,49398.974200585006,306.137,40955.11099484051,0.0,25968.45232327636,0.0,74.364,0.0,0.0,0.0,0.0,11072.792918701874,0.0,108880.34949986127,-11072.792918701874,15276.160404574483,0.0,0.0,0.0
3595,43,103361.8562,54269.01474360699,25549.782198381497,52638.436843607,307.477,24372.75267047384,0.0,25968.82568591915,0.0,74.364,0.0,0.0,0.0,0.0,0.0,0.0,108880.34949986127,0.0,26350.666685919154,0.0,0.0,0.0
3596,44,101579.9154,53196.203692748,1270.9327565229999,53196.203692748,1221.308,1270.9327565229999,593.212,25965.86657860423,28.5,74.364,0.0,0.0,0.0,1851.4997500000009,0.0,17378.02862212476,90587.68779236152,17378.02862212476,47112.778950729,12.948899999999998,12.948899999999998,12.948899999999998
3597,45,100394.3634,49884.614900246,0.0,49884.614900246,1221.308,0.0,593.212,25966.998543447018,50.0,74.364,0.0,0.0,0.0,3702.9995,0.0,18900.866456306976,70692.03889098574,18900.866456306976,50509.748499754,16.2426,16.2426,16.2426
3598,46,95441.88946,44460.59579516,0.0,44460.59579516,1221.308,0.0,593.212,25967.2415432061,50.0,74.364,0.0,0.0,0.0,3702.999500000001,0.0,19372.168621633897,50300.282447160585,19372.168621633897,50981.29366484001,16.2426,16.2426,16.2426
3599,47,87262.17493,40380.987804829,0.0,40380.987804829,1221.308,0.0,593.212,25964.43814615317,28.499999999999996,74.364,0.0,0.0,0.0,1851.4997500000009,0.0,17147.865229017836,32249.89799556292,17147.865229017836,46881.187125170996,12.948899999999998,12.948899999999998,12.948899999999998
3600,48,80618.07655,40592.415907112,0.0,40592.415907112,1221.308,0.0,0.0,25965.434969395967,0.0,74.364,0.0,0.0,0.0,0.0,0.0,12764.553673492037,18813.525707676563,12764.553673492037,40025.660642888,0.0,0.0,0.0
3601,49,76026.63072,38903.291658005,0.0,38903.291658005,1221.308,0.0,593.212,25962.78637961705,28.499999999999996,74.364,0.0,0.0,0.0,1851.49975,0.0,7391.668932377952,11032.82156833135,7391.668932377952,37123.339061995,16.242600000000106,16.242600000000106,16.242600000000106
3602,50,73122.06659,44643.285503166,0.0,44643.285503166,1221.308,0.0,0.0,25963.01419210212,0.0,74.364,0.0,0.0,0.0,0.0,0.0,1220.0948947318716,9748.511152824118,1220.0948947318716,28478.781086834002,3.218399999999832,3.218399999999832,3.218399999999832
3603,51,71670.14558,43209.713790443,0.0,43209.713790443,1221.308,0.0,169.95,25963.418756244915,0.0,74.364,0.0,0.0,0.0,0.0,0.0,1031.3910333121016,8662.836380916642,1031.3910333121016,28460.431789557,6.32,6.32,6.32
3604,52,71738.94155,41996.882306691,0.0,41996.882306691,1221.308,0.0,593.212,25961.3843510915,0.0,74.364,0.0,0.0,0.0,0.0,0.0,1891.7908922175088,6671.477547003475,1891.7908922175088,29742.059243309006,9.7305,9.7305,9.7305
3605,53,73751.39294,43080.98825888299,337.6233,43080.98825888299,1221.308,337.6233,593.212,25961.706239650586,0.0,74.364,0.0,0.0,0.0,0.0,0.0,2482.1911414664114,4058.644766512516,2482.1911414664114,30332.781381117013,9.730500000000518,9.730500000000518,9.730500000000518
3606,54,78134.65311,38395.317856343005,19472.095556886,36470.49924874464,1037.24,14665.034957723501,0.0,25961.878903531862,0.0,0.0,0.0,0.0,0.0,0.0,0.0,0.0,4058.644766512516,0.0,26999.118903531853,0.0,0.0,0.0
3607,55,83657.03283,38573.45716019101,37587.6836628115,38573.45716019101,1221.308,37587.6836628115,0.0,25959.858234706255,0.0,74.364,0.0,0.0,0.0,0.0,19759.638227708765,0.0,22830.301082835842,-19759.638227708765,7495.892006997492,0.0,0.0,0.0
3608,56,89150.28285,32220.676350473997,53498.3507117605,32220.676350473997,1221.308,53498.3507117605,0.0,25959.789253861534,0.0,74.36399999999992,0.0,0.0,0.0,0.0,23824.20546609602,0.0,45463.29627562706,-23824.20546609602,3431.2557877655127,0.0,0.0,0.0
3609,57,92701.96302,24355.57230239,64334.119851276,24355.57230239,1221.308,64334.119851276,0.0,25959.985205946607,0.0,74.364,0.0,0.0,0.0,0.0,23243.38633961261,0.0,67544.51329825982,-23243.38633961261,4012.270866333987,0.0,0.0,0.0
3610,58,96288.27593,16790.463047958,69153.5481554675,16790.463047958,497.463,54264.20479369539,0.0,24736.145088346606,0.0,0.0,0.0,0.0,0.0,0.0,0.0,0.0,67544.51329825982,0.0,25233.608088346606,0.0,0.0,0.0
3611,59,100088.396,18503.962942228,71925.06145321298,18503.962942228,1221.308,71925.06145321298,0.0,25958.496474135987,0.0,74.364,0.0,0.0,0.0,0.0,17594.79686957701,0.0,84259.57032435798,-17594.79686957701,9659.371604559012,0.0,0.0,0.0
3612,60,103365.3513,17292.587543134,73201.04665492401,17292.587543134003,1221.308,73201.04665492401,0.0,25958.72429529127,0.0,74.364,0.0,0.0,0.0,0.0,14382.679193349268,0.0,97923.11555803978,-14382.679193349268,12871.717101941977,0.0,0.0,0.0
3613,61,106427.338,19794.889141438005,72828.3624551235,19794.889141438005,1221.308,72828.3624551235,0.0,25956.060518238348,0.0,74.364,0.0,0.0,0.0,0.0,13447.646114799849,0.0,110698.37936709964,-13447.646114799849,13804.086403438501,0.0,0.0,0.0
3614,62,109920.3722,24332.498554358,74419.188395299,24332.498554358,1221.3079999999984,74419.188395299,0.0,25956.39758679743,0.0,74.364,0.0,0.0,0.0,0.0,16083.384336454446,0.0,125977.59448673137,-16083.384336454446,11168.685250342998,0.0,0.0,0.0
3615,63,112491.7312,28909.976504798004,70370.75590099,28909.976504798004,1221.308,70370.75590099,0.0,25957.27836820602,0.0,74.364,0.0,0.0,0.0,0.0,14041.9515739941,0.0,139317.44848202576,-14041.9515739941,13210.998794211991,0.0,0.0,0.0
3616,64,114223.726,38884.152959529,65644.631496844,38884.152959529,1221.308,65644.631496844,0.0,25954.553843887297,0.0,74.364,0.0,0.0,0.0,0.0,17555.284300260308,0.0,155994.96856727306,-17555.284300260308,9694.941543627006,0.0,0.0,0.0
3617,65,114674.1355,45712.893552912006,57916.519604397,41460.546552912005,309.686,47264.14822029214,0.0,25565.390726795886,0.0,74.364,0.0,0.0,0.0,0.0,0.0,0.0,155994.96856727306,0.0,25949.440726795852,0.0,0.0,0.0
3618,66,113266.9042,46180.672609593006,42201.934647495495,46180.672609593006,1221.308,42201.934647495495,0.0,25952.94775367668,0.0,74.364,0.0,0.0,0.0,1851.499749999999,4215.8225607652275,0.0,160000.0,-4215.8225607652275,24884.296942911504,0.0,0.0,0.0
3619,67,110885.7434,36694.463697761996,24398.8968077975,36694.463697761996,1221.308,24398.8968077975,593.212,25953.34557089776,28.5,74.364,0.0,0.0,0.0,3702.999499999987,0.0,18218.65382354273,140822.4696594287,18218.65382354273,49792.38289444051,16.24260000000016,16.24260000000016,16.24260000000016
3620,68,108651.2421,36763.082197459,1647.2671103325,36763.082197459,1221.308,1647.2671103325,593.212,25953.526342982834,50.0,74.364,0.0,0.0,0.0,5554.499249999987,0.0,36793.98319922568,102091.96102866482,36793.98319922568,70240.8927922085,16.242599999999868,16.242599999999868,16.242599999999868
3621,69,106545.2387,42124.056645087,0.0,42124.056645087,1221.308,0.0,593.212,25950.552064338117,50.0,74.364,0.0,0.0,0.0,7405.998999999987,0.0,29125.746990574895,71433.2799859544,29125.746990574895,64421.182054913,16.242600000000184,16.242600000000184,16.242600000000184
3622,70,100773.3573,43247.235558039996,0.0,43247.235558039996,1221.308,0.0,593.212,25951.469997384705,50.0,74.364,0.0,0.0,0.0,7405.999,0.0,22229.768744575307,48033.523412717244,22229.768744575307,57526.12174196001,16.242600000000166,16.242600000000166,16.242600000000166
3623,71,91851.87229,47449.262247359,0.0,47449.262247359,1221.308,0.0,593.212,25951.57189813178,50.0,74.364,0.0,0.0,0.0,5645.075667797277,0.0,10867.078476711944,36594.49343723099,10867.078476711944,44402.610042641,16.242600000000223,16.242600000000223,16.242600000000223
3624,72,84570.26655,45999.182848043994,0.0,45999.182848043994,1221.308,0.0,593.212,25949.22745367457,28.499999999999996,74.364,0.0,0.0,0.0,3793.5759177972773,0.0,6910.896330484162,29319.86572093187,6910.896330484162,38571.083701956006,16.2426000000001,16.2426000000001,16.2426000000001
3625,73,79863.23535,46896.054501097,0.0,46896.054501097,1221.308,0.0,0.0,25949.468981695656,0.0,74.364,0.0,0.0,0.0,1942.0761677972764,0.0,3779.9636994100742,25340.956563658106,3779.9636994100742,32967.180848903,0.0,0.0,0.0
3626,74,76382.94243,44153.620792218986,0.0,44153.620792218986,1221.308,0.0,348.123,25950.32469434225,0.0,74.364,0.0,0.0,0.0,90.57641779727464,0.0,4544.625525641468,20557.140220877627,4544.625525641468,32229.32163778101,6.436799999999675,6.436799999999675,6.436799999999675
3627,75,74465.99263,41475.209603577,0.0,41475.209603577,1221.308,0.0,593.212,25947.66239042352,0.0,74.364,0.0,0.0,0.0,0.0,0.0,5154.236636000017,15131.627972456557,5154.236636000017,32990.78302642299,9.7305,9.7305,9.7305
3628,76,74358.55403,40046.78640862901,0.0,40046.78640862901,1221.308,0.0,593.212,25947.843169782605,0.0,74.364,0.0,0.0,0.0,0.0,0.0,6475.040451588398,8315.79591815298,6475.040451588398,34311.76762137099,9.7305,9.7305,9.7305
3629,77,75947.27019,39643.287647418,273.3582,39643.287647418,1221.308,273.3582,593.212,25948.839993025395,28.499999999999996,74.364,0.0,0.0,0.0,1851.49975,0.0,6312.900599556593,1670.6373923039355,6312.900599556593,36030.62434258199,16.24260000000009,16.24260000000009,16.24260000000009
3630,78,80175.58246,38491.68429257601,18488.781195481497,38491.68429257601,1221.308,18488.781195481497,0.0,25946.38360851047,0.0,74.364,0.0,0.0,0.0,0.0,4046.9386365679748,0.0,5515.2290970435115,-4046.9386365679748,23195.1169719425,0.0,0.0,0.0
3631,79,85588.67326,32691.290808908005,37295.22177808149,32691.290808908005,1221.308,37295.22177808149,0.0,25946.54626519355,0.0,74.364,0.0,0.0,0.0,0.0,11640.057592183808,0.0,16573.28380961813,-11640.057592183808,15602.160673010505,0.0,0.0,0.0
3632,80,91444.77512,19891.154946483002,53790.210252834,19891.154946483002,1221.308,53790.210252834,0.0,25946.736797540143,0.0,74.364,0.0,0.0,0.0,0.0,9478.998876858339,0.0,25578.33274263355,-9478.998876858339,17763.409920683007,0.0,0.0,0.0
3633,81,96127.73246,18789.334348092,63424.673201821,18789.334348092,1221.308,63424.673201821,0.0,25944.687213782938,0.0,74.364,0.0,0.0,0.0,0.0,13326.634303697292,0.0,38238.635331145975,-13326.634303697292,13913.724910086996,0.0,0.0,0.0
3634,82,100980.1022,18122.630952689004,67852.783709299,18122.630952689004,1221.308,67852.783709299,0.0,25944.863273568008,0.0,74.364,0.0,0.0,0.0,0.0,12235.847735557394,0.0,49862.6906799255,-12235.847735557394,15004.68753801199,0.0,0.0,0.0
3635,83,105448.1734,21175.086498818004,70617.055591961,21175.086498818004,1221.308,70617.055591961,0.0,25942.15393652329,0.0,74.364,0.0,0.0,0.0,0.0,13581.794627303747,0.0,62765.39557586406,-13581.794627303747,13656.031309220984,0.0,0.0,0.0
3636,84,108487.4405,22903.91184988,72370.177748755,22903.911849879998,1221.308,72370.177748755,0.0,25943.00964916988,0.0,74.364,0.0,0.0,0.0,0.0,14025.33074780633,0.0,76089.45978628007,-14025.33074780633,13213.350901365004,0.0,0.0,0.0
3637,85,111391.595,24908.018106779,72626.68403570201,24908.018106779,1221.308,72626.68403570201,0.0,25943.589641116952,0.0,74.364,0.0,0.0,0.0,0.0,13382.368783599386,0.0,88802.71013069949,-13382.368783599386,13856.892857518993,0.0,0.0,0.0
3638,86,114705.2394,31632.497591054,74253.853945364,31632.497591054,1221.308,74253.853945364,0.0,25941.006225998233,0.0,74.364,0.0,0.0,0.0,0.0,18417.790362417592,0.0,106299.6109749962,-18417.790362417592,8818.887863582015,0.0,0.0,0.0
3639,87,116822.0064,32711.524342189,69856.0736257405,32711.524342189,1221.308,69856.0736257405,0.0,25941.05567388083,0.0,74.364,0.0,0.0,0.0,0.0,12982.319241811778,0.0,118632.81425471739,-12982.319241811778,14254.4084320705,0.0,0.0,0.0
3640,88,117716.4923,35913.378045275,64900.304953061,35913.378045275,1221.308,64900.304953061,0.0,25941.92656652742,0.0,74.364,0.0,0.0,0.0,0.0,10334.7892648648,0.0,128450.86405633895,-10334.7892648648,16902.80930166399,0.0,0.0,0.0
3641,89,117180.7689,37237.76431157399,56280.717497326,37237.76431157399,1221.308,56280.717497326,0.0,25939.202042208693,0.0,74.364,0.0,0.0,0.0,1851.499750000009,5424.086701110182,0.0,133603.74642239363,-5424.086701110182,23662.287091100006,0.0,0.0,0.0
3642,90,114387.6521,33559.964240407,41765.643381745496,33559.964240407,1221.308,41765.643381745496,593.212,25939.406565093766,28.5,74.364,0.0,0.0,0.0,3702.9995000000185,0.0,7502.254412752234,125706.63651423338,7502.254412752234,39062.04447784752,16.24260000000016,16.24260000000016,16.24260000000016
3643,91,110729.2429,32235.554592139004,24388.3735488575,32235.554592139004,1221.308,24388.3735488575,593.212,25939.80438231485,50.0,74.364,0.0,0.0,0.0,5554.499250000019,0.0,20672.1271266894,103946.50269666559,20672.1271266894,54105.31475900349,16.242600000000184,16.242600000000184,16.242600000000184
3644,92,107947.55,37228.46320991801,2356.2246827105,37228.46320991801,1221.308,2356.2246827105,593.212,25938.031049357643,50.0,74.364,0.0,0.0,0.0,7405.999,0.0,33079.94805801469,69125.50474086065,33079.94805801469,68362.86210737149,16.24259999999991,16.24259999999991,16.24259999999991
3645,93,105544.009,45294.718945267996,0.0,45294.718945267996,1221.308,0.0,593.212,25938.22700144272,50.0,74.364,0.0,0.0,0.0,7405.999,0.0,24966.180053290034,42845.31521108062,24966.180053290034,60249.29005473201,16.242600000000145,16.242600000000145,16.242600000000145
3646,94,100350.1141,44354.756756646006,0.0,44354.756756646006,1221.308,0.0,593.212,25938.105553185513,50.0,74.364,0.0,0.0,0.0,7405.999,0.0,20712.368790169116,21042.82174774429,20712.368790169116,55995.357343354,16.24259999999982,16.24259999999982,16.24259999999982
3647,95,92755.65133,42757.134004056,0.0,42757.134004056,1221.308,0.0,593.212,25936.024144368104,50.0,74.364,0.0,0.0,0.0,7405.999,0.0,14717.610181576474,5550.600503977454,14717.610181576474,49998.51732594399,16.242599999999833,16.242599999999833,16.242599999999833
3648,96,86053.08903,45498.774345567,0.0,45498.774345567,1221.308,0.0,593.212,25936.361205653182,50.0,74.364,0.0,0.0,0.0,7405.999,0.0,5273.070478778616,0.0,5273.070478778616,40554.314684433004,16.24260000000006,16.24260000000006,16.24260000000006
3649,1,80692.08852,42768.801046092995,0.0,42768.801046092995,1221.308,0.0,593.212,25936.602726400255,2691.801747506724,74.364,0.0,0.0,0.0,7405.999,0.0,0.0,0.0,0.0,37923.28747390701,16.24260000000005,16.24260000000005,16.24260000000005
3650,2,77200.93551,40972.114746216,0.0,40972.114746216,1221.308,0.0,593.212,25933.878209355535,1021.1945887162656,74.364,0.0,0.0,0.0,7384.8639657121585,0.0,0.0,0.0,0.0,36228.820763783995,16.24260000000006,16.24260000000006,16.24260000000006
3651,3,75143.50761,42655.408740662,0.0,42655.408740662,1221.308,0.0,593.212,25935.072393202132,28.499999999999996,74.364,0.0,0.0,0.0,5533.364215712158,897.7217395762946,0.0,852.8356525974805,-897.7217395762946,32488.098869338,12.948899999994776,12.948899999994776,12.948899999994776
3652,4,73989.0494,44955.753603519006,0.0,44955.753603519006,1221.308,0.0,0.0,25935.253166683404,0.0,74.364,0.0,0.0,0.0,3681.8644657121567,1879.4938359145763,0.0,2638.354796716329,-1879.4938359145763,29033.295796480998,0.0,0.0,0.0
3653,5,73631.46574,41142.347895677005,281.1121,41142.347895677005,1221.308,281.1121,593.212,25932.68493744249,28.499999999999996,74.364,0.0,0.0,0.0,1851.499749999999,0.0,2506.4370568805125,0.0,2506.4370568805125,32208.005744322996,16.242599999999914,16.242599999999914,16.242599999999914
3654,6,74543.07573,36648.34804375101,17507.436189979002,32358.554893751003,0.0,16176.588001676217,0.0,25933.568834572783,0.0,74.364,0.0,0.0,0.0,0.0,0.0,0.0,0.0,0.0,26007.932834572777,0.0,0.0,0.0
3655,7,77417.78654,33605.769155324,36841.7252638695,33605.769155324,1221.308,16585.44031988211,0.0,25930.90506479387,0.0,74.364,0.0,0.0,0.0,0.0,0.0,0.0,0.0,0.0,27226.57706479389,0.0,0.0,0.0
3656,8,82527.91988,33270.028608661,52121.242362095996,33270.028608661,1221.308,22031.15008539807,0.0,25931.06918594095,0.0,74.364,0.0,0.0,0.0,0.0,0.0,0.0,0.0,0.0,27226.741185940933,0.0,0.0,0.0
3657,9,88231.89749,32175.397996659,61997.93921349301,32175.397996659,1221.308,28829.57752804096,0.0,25931.249965300027,0.0,74.364,0.0,0.0,0.0,0.0,0.0,0.0,0.0,0.0,27226.921965300044,0.0,0.0,0.0
3658,10,93280.92644,39942.286557837004,67774.98028842249,39942.286557837004,1221.308,27728.454167322452,0.0,24314.51371484054,0.0,74.364,0.0,0.0,0.0,0.0,0.0,0.0,0.0,0.0,25610.18571484054,0.0,0.0,0.0
3659,11,96834.64458,36834.199298696,70285.4562541235,36834.199298696,1221.308,32775.2093492761,0.0,25929.563932027893,0.0,74.364,0.0,0.0,0.0,0.0,0.0,0.0,0.0,0.0,27225.235932027892,0.0,0.0,0.0
3660,12,99218.6862,33347.69809303,72202.479696361,31961.96764303,944.8320000000001,40307.777844186814,0.0,25929.744712783173,0.0,74.364,0.0,0.0,0.0,0.0,0.0,0.0,0.0,0.0,26948.94071278318,0.0,0.0,0.0
3661,13,100539.3144,45552.27395198,71594.73670790599,45552.27395198,1221.308,30604.10860772824,0.0,23087.259840291757,0.0,74.364,0.0,0.0,0.0,0.0,0.0,0.0,0.0,0.0,24382.93184029176,0.0,0.0,0.0
3662,14,101788.497,53834.201751108,72818.7809523315,53834.201751108,1221.308,27402.55882980032,0.0,19256.064419091686,0.0,74.364,0.0,0.0,0.0,0.0,0.0,0.0,0.0,0.0,20551.736419091685,0.0,0.0,0.0
3663,15,102813.3879,59784.33630620301,67076.83433623001,55643.924407148006,241.672,24776.18973381602,0.0,22077.237759035994,0.0,74.364,0.0,0.0,0.0,0.0,0.0,0.0,0.0,0.0,22393.273759035976,0.0,0.0,0.0
3664,16,103346.6402,54920.161600127,62810.94353564749,34945.928549936,19.125,43839.600889910675,0.0,24467.62176015332,0.0,74.364,0.0,0.0,0.0,0.0,0.0,0.0,0.0,0.0,24561.110760153322,0.0,0.0,0.0
3665,17,103384.7809,60224.091945112996,56107.63557195651,60224.091945112996,1221.308,56107.57482329448,0.0,25757.442131592517,0.0,74.364,0.0,0.0,0.0,0.0,40000.0,0.0,38000.0,-40000.0,-12946.88586840748,0.0,0.0,0.0
3666,18,101967.2212,57811.691642011996,41928.700109725,57811.691642011996,1221.308,19219.988441411122,0.0,25926.83174926858,0.0,74.364,0.0,0.0,0.0,0.0,2286.9626326916914,0.0,40172.614501057105,-2286.9626326916914,24935.541116576882,0.0,0.0,0.0
3667,19,99649.27303,58529.148806632,24285.101999691502,55836.475256632,1221.308,24285.101999692986,0.0,25698.472456689662,0.0,74.364,0.0,0.0,0.0,0.0,7466.448683014914,0.0,47265.74074992127,-7466.448683014914,19527.69577367501,0.0,0.0,0.0
3668,20,98226.40242,53318.217600826996,1086.268601198,53318.217600826996,1221.308,1086.268601198,593.212,25924.437400636252,28.5,74.364,0.0,0.0,0.0,1851.4997499999872,0.0,14128.595067337159,32393.53541588216,14128.595067337159,43821.916217975006,16.242600000000074,16.242600000000074,16.242600000000074
3669,21,96925.62035,53550.42465023601,0.0,53550.42465023601,1221.308,0.0,593.212,25925.308294679042,50.0,74.364,0.0,0.0,0.0,3702.999499999987,0.0,11808.003905084955,19964.057621055894,11808.003905084955,43375.195699763986,16.24259999999996,16.24259999999996,16.24259999999996
3670,22,92978.82857,55401.48329214,0.0,55401.48329214,1221.308,0.0,593.212,25922.583768964116,28.499999999999996,74.364,0.0,0.0,0.0,1851.499749999984,0.0,7885.877758895887,11663.133664323379,7885.877758895887,37577.34527786,16.16730000000001,16.16730000000001,16.16730000000001
3671,23,86859.77292,53490.569495100994,0.0,53490.569495100994,1221.308,0.0,0.0,25922.8532593194,0.0,74.364,0.0,0.0,0.0,0.0,0.0,6150.678165579615,5188.735595292206,6150.678165579615,33369.20342489901,0.0,0.0,0.0
3672,24,81404.32346,49749.471398147005,0.0,49749.471398147005,1221.308,0.0,593.2119999993434,25920.865912027995,0.0,74.364,0.0,0.0,0.0,0.0,0.0,3845.102149825667,1141.2596481072942,3845.102149825667,31654.852061852995,9.730500000000147,9.730500000000147,9.730500000000147
3673,25,76928.25659,48034.068491523,0.0,48034.068491523,1221.308,0.0,593.212,25921.10743277507,0.0,74.364,0.0,0.0,0.0,0.0,0.0,1084.1966657019295,0.0,1084.1966657019295,28894.188098477003,9.730500000000248,9.730500000000248,9.730500000000248
3674,26,73811.67352,51425.03790918601,0.0,47912.60103910384,19.125,0.0,0.0,25805.583480896148,0.0,74.364,0.0,0.0,0.0,0.0,0.0,0.0,0.0,0.0,25899.072480896153,0.0,0.0,0.0
3675,27,71703.02681,49985.637107062,0.0,44488.67200208459,1221.308,0.0,0.0,25918.682807915426,0.0,74.364,0.0,0.0,0.0,0.0,0.0,0.0,0.0,0.0,27214.354807915406,0.0,0.0,0.0
3676,28,70578.95653,47261.62874643801,0.0,43363.751429176475,1221.308,0.0,0.0,25919.53310082353,0.0,74.364,0.0,0.0,0.0,0.0,0.0,0.0,0.0,0.0,27215.20510082352,0.0,0.0,0.0
3677,29,69990.86871,43581.708092488,370.7439,43581.708092488,1221.308,370.7439,0.0,24742.744717511996,0.0,74.364,0.0,0.0,0.0,0.0,0.0,0.0,0.0,0.0,26038.416717511995,0.0,0.0,0.0
3678,30,70560.0024,37836.003793138,18338.740794775,37836.003793138,1221.308,5510.928000598087,0.0,25917.398606263883,0.0,74.364,0.0,0.0,0.0,0.0,0.0,0.0,0.0,0.0,27213.07060626391,0.0,0.0,0.0
3679,31,72677.97033,32010.717457619998,37149.842655190994,29697.970507095,415.8305602690154,16572.149955625,0.0,25917.655307010962,0.0,74.364,0.0,0.0,0.0,0.0,0.0,0.0,0.0,0.0,26407.849867279998,0.0,0.0,0.0
3680,32,77117.66877,21077.377441917,52933.5904576995,21077.377441917,1221.308,46467.695475503766,0.0,25918.432148319553,0.0,74.364,0.0,0.0,0.0,0.0,17641.508295740292,0.0,16759.432880953278,-17641.508295740292,9572.595852579238,0.0,0.0,0.0
3681,33,82391.95824,14455.187251946001,63388.6382444615,14455.187251946001,1221.308,63388.63824446282,0.0,25915.754671674837,0.0,74.364,0.0,0.0,0.0,0.0,22663.29392808388,0.0,38289.562112632964,-22663.29392808388,4548.132743591188,0.0,0.0,0.0
3682,34,87017.64007,9854.925642893,68265.4421010775,9854.925642893,1221.308,49950.95069414705,0.0,25916.09173295991,0.0,74.364,0.0,0.0,0.0,0.0,0.0,0.0,38289.562112632964,0.0,27211.763732959946,0.0,0.0,0.0
3683,35,90836.36201,7800.001657526998,70910.34628267249,7800.001657526998,1221.308,55823.79336560874,0.0,25916.894986864223,0.0,74.364,0.0,0.0,0.0,0.0,0.0,0.0,38289.562112632964,0.0,27212.566986864258,0.0,0.0,0.0
3684,36,93309.94742,12228.51563865,72002.62573725749,12228.51563865,1221.308,72002.62573725883,0.0,25913.93587954929,0.0,74.364,0.0,0.0,0.0,0.0,18130.80183545834,0.0,55513.823856318384,-18130.80183545834,9078.806044091165,0.0,0.0,0.0
3685,37,95628.48957,17936.909006302998,72126.12320992252,17936.909006302998,1221.308,72126.12320992377,0.0,25914.453658370374,0.0,74.364,0.0,0.0,0.0,0.0,21644.668304597333,0.0,76076.25874568586,-21644.668304597333,5565.457353773236,0.0,0.0,0.0
3686,38,97533.04015,24525.192055662,73652.07162952199,24525.192055662,1221.308,73652.07162952337,0.0,25914.82258005545,0.0,74.364,0.0,0.0,0.0,0.0,27854.718115241056,0.0,102538.24095516486,-27854.718115241056,-644.2235351853742,0.0,0.0,0.0
3687,39,99041.3353,36805.31214130501,68388.877392433,36805.31214130501,1221.308,68388.87739243457,0.0,25912.788176298236,0.0,74.364,0.0,0.0,0.0,0.0,33361.314410038016,0.0,134231.48964470098,-33361.314410038016,-6152.8542337395775,0.0,0.0,0.0
3688,40,100406.5316,36104.54191008901,64218.17534801,36104.54191008901,1221.308,64218.175348011486,0.0,25912.890084319326,0.0,74.364,0.0,0.0,0.0,0.0,27124.74774242001,0.0,160000.0,-27124.74774242001,83.8143418995096,0.0,0.0,0.0
3689,41,101502.0756,34657.883396273,57306.178404143495,24181.407396273,1221.308,50114.83064512256,0.0,25910.1655586044,0.0,74.364,0.0,0.0,0.0,0.0,0.0,0.0,160000.0,0.0,27205.837558604435,0.0,0.0,0.0
3690,42,101187.8338,36470.364840995,42775.066851428,36470.364840995,1221.308,35660.01144665781,0.0,25910.285762347186,0.0,74.364,0.0,0.0,0.0,1851.4997499999972,0.0,0.0,160000.0,0.0,29057.457512347188,0.0,0.0,0.0
3691,43,99717.26743,36315.336550024,25292.3003963935,36315.336550024,1221.308,25292.3003963935,593.212,25911.666624055775,28.499999999999996,74.364,0.0,0.0,0.0,3702.999499999998,0.0,6577.580359526739,153076.23120049818,6577.580359526739,38109.6304835825,16.242600000000294,16.242600000000294,16.242600000000294
3692,44,98617.2722,34593.491652275,1371.3856401849998,34593.491652275,1221.308,1371.3856401849998,593.212,25908.957285614862,50.0,74.364,0.0,0.0,0.0,5554.499249999999,0.0,29250.054371925115,122286.70028268226,29250.054371925115,62652.39490754001,16.24260000000015,16.24260000000015,16.24260000000015
3693,45,97499.37557,34612.762143077,0.0,34612.762143077,1221.308,0.0,593.212,25909.24199919614,50.0,74.364,0.0,0.0,0.0,7405.999,0.0,27632.48842772687,93199.87035875925,27632.48842772687,62886.613426923,16.242599999999886,16.242599999999886,16.242599999999886
3694,46,92803.92654,35457.196844895,0.0,35457.196844895,1221.308,0.0,593.212,25910.09771184273,50.0,74.364,0.0,0.0,0.0,7405.999,0.0,22091.748983263748,69945.3977447974,22091.748983263748,57346.729695105,16.242599999999893,16.242599999999893,16.242599999999893
3695,47,85856.79746,34050.766941764,0.0,34050.766941764,1221.308,0.0,593.212,25907.435407924004,50.0,74.364,0.0,0.0,0.0,7405.999,0.0,16553.71211031352,52520.43762867791,16553.71211031352,51806.030518236,16.24260000000023,16.24260000000023,16.24260000000023
3696,48,79964.47059,32017.566800955,0.0,32017.566800955,1221.308,0.0,593.212,25907.678425145084,50.0,74.364,0.0,0.0,0.0,7405.999,0.0,12694.34236390141,39157.9719824659,12694.34236390141,47946.903789045,16.242599999999896,16.242599999999896,16.242599999999896
3697,49,75766.77837,30697.394803797004,0.0,30697.394803797004,1221.308,0.0,593.212,25907.68536429216,50.0,74.364,0.0,0.0,0.0,7405.999,0.0,9816.815201911779,28824.48229624297,9816.815201911779,45069.383566202996,16.24260000000011,16.24260000000011,16.24260000000011
3698,50,73258.33978,32517.581453366998,0.0,32517.581453366998,1221.308,0.0,593.212,25905.859569800265,50.0,74.364,0.0,0.0,0.0,7405.999,0.0,5490.015756833573,23045.518341681316,5490.015756833573,40740.758326633,16.242600000000095,16.242600000000095,16.242600000000095
3699,51,71976.34183,33056.93784624,0.0,33056.93784624,1221.308,0.0,593.212,25906.040343281544,50.0,74.364,0.0,0.0,0.0,7405.999,0.0,3668.4806404767323,19183.95977275844,3668.4806404767323,38919.40398376001,16.242600000000106,16.242600000000106,16.242600000000106
3700,52,72323.46196,37021.39734007199,0.0,37021.39734007199,1221.308,0.0,593.212,25906.283343040628,21.5,74.364,0.0,0.0,0.0,5573.9065367607955,0.0,1911.4907401265527,17171.864256835754,1911.4907401265527,35302.06461992801,9.7305,9.7305,9.7305
3701,53,74547.32219,31440.011910408,301.2559,31440.011910408,1221.308,301.2559,593.212,25904.374868483417,50.0,74.364,0.0,0.0,0.0,3722.406786760822,0.0,11240.388724347777,5339.876125943359,11240.388724347777,42806.05437959201,16.242599999999907,16.242599999999907,16.242599999999907
3702,54,79780.39315,29123.001990795,15891.6854518295,29123.001990795,1221.308,15891.6854518295,593.212,25904.53235096849,28.5,74.364,0.0,0.0,0.0,1870.907036760822,0.0,5072.882319646191,0.0,5072.882319646191,34765.7057073755,12.94890000000009,12.94890000000009,12.94890000000009
3703,55,85733.79251,24730.076308681,35859.9352875355,24730.076308681,1221.308,35105.44607085356,0.0,24583.19084370463,0.0,74.364,0.0,0.0,0.0,19.40728676082108,0.0,0.0,0.0,0.0,25898.270130465433,0.0,0.0,0.0
3704,56,91537.67321,24075.401858416004,51779.97639284649,24075.401858416004,1221.308,40264.613689647325,0.0,25901.985661936647,0.0,74.364,0.0,0.0,0.0,0.0,0.0,0.0,0.0,0.0,27197.65766193666,0.0,0.0,0.0
3705,57,95455.80088,21619.348598204004,62186.416798185004,21619.348598204004,1221.308,46637.65289475504,0.0,25903.127387040957,0.0,74.364,0.0,0.0,0.0,0.0,0.0,0.0,0.0,0.0,27198.799387040955,0.0,0.0,0.0
3706,58,99236.21448,20387.921398401,66834.12289533751,20387.921398401,1221.308,51649.171813272944,0.0,25903.44926832603,0.0,74.364,0.0,0.0,0.0,0.0,0.0,0.0,0.0,0.0,27199.121268326053,0.0,0.0,0.0
3707,59,102281.0561,18381.04025931,71306.05509368252,18381.04025931,1221.308,56703.619089408676,0.0,25900.72475128131,0.0,74.364,0.0,0.0,0.0,0.0,0.0,0.0,0.0,0.0,27196.396751281325,0.0,0.0,0.0
3708,60,104027.995,22961.268846446,71156.849287664,22961.268846446,1221.308,53870.1334501876,0.0,25900.92070336638,0.0,74.364,0.0,0.0,0.0,0.0,0.0,0.0,0.0,0.0,27196.59270336639,0.0,0.0,0.0
3709,61,105401.014,29447.296303831,70322.337248196,29447.296303831,1221.308,60150.748665331965,0.0,25898.682105274973,0.0,74.364,0.0,0.0,0.0,0.0,11391.38507443797,0.0,10821.815820716072,-11391.38507443797,15802.969030837034,0.0,0.0,0.0
3710,62,106699.2584,32448.508059720996,71246.73533950999,32448.508059720996,1221.308,47056.012124648696,0.0,25899.066215630253,0.0,74.364,0.0,0.0,0.0,0.0,0.0,0.0,10821.815820716072,0.0,27194.73821563032,0.0,0.0,0.0
3711,63,107319.4659,34379.766946343996,65995.3084965025,34379.766946343996,1221.308,65995.30849650379,0.0,25899.24698771533,0.0,74.364,0.0,0.0,0.0,0.0,20250.528530563348,0.0,30059.817924751253,-20250.528530563348,6944.390457152214,0.0,0.0,0.0
3712,64,107398.8823,44213.20790989901,61214.9301968315,44213.20790989901,1221.308,61214.93019683297,0.0,25897.342321885437,0.0,74.364,0.0,0.0,0.0,0.0,25222.270128617612,0.0,54020.97454693799,-25222.270128617612,1970.744193268023,0.0,0.0,0.0
3713,65,106748.5539,48236.764099271,53467.927313273496,47487.721799426006,1221.308,53467.92731327511,0.0,25897.642215466716,0.0,74.364,0.0,0.0,0.0,0.0,21400.40942816806,0.0,74351.36350369765,-21400.40942816806,5792.904787298881,0.0,0.0,0.0
3714,66,104763.1854,47108.90305659099,39516.091006539,47108.90305659099,1221.308,39516.091006540366,0.0,25897.799705225796,0.0,74.364,0.0,0.0,0.0,0.0,9055.280368357404,0.0,82953.87985363718,-9055.280368357404,18138.191336868644,0.0,0.0,0.0
3715,67,102516.4111,48006.939391872,22538.868672459,48006.939391872,1221.308,22538.868672459,169.95,25895.32407777287,0.0,74.364,0.0,0.0,0.0,1851.4997500000072,0.0,2758.157207896107,80050.55647690443,2758.157207896107,31970.603035668995,6.32,6.32,6.32
3716,68,101745.2117,45824.950500873,849.8208110355,45824.950500873,1221.308,849.8208110355,593.212,25896.194971815665,28.499999999999996,74.364,0.0,0.0,0.0,3702.9995000000154,0.0,23553.861916275822,55257.01761766672,23553.861916275822,55070.440388091505,16.242599999999918,16.242599999999918,16.242599999999918
3717,69,100616.5601,46725.613752746,0.0,46725.613752746,1221.308,0.0,593.212,25896.375751174746,50.0,74.364,0.0,0.0,0.0,5554.499250000015,0.0,20501.187346079256,33676.82041126751,20501.187346079256,53890.946347254,16.242600000000053,16.242600000000053,16.242600000000053
3718,70,95151.55007,45850.20250229599,0.0,45850.20250229599,1221.308,0.0,593.212,25893.666406856024,50.0,74.364,0.0,0.0,0.0,3702.9995000000017,0.0,17765.79766084795,14975.980768269661,17765.79766084795,49301.347567704004,16.242600000000113,16.242600000000113,16.242600000000113
3719,71,87805.214,46623.898501875,0.0,46623.898501875,1221.308,0.0,593.212,25894.79837030261,28.5,74.364,0.0,0.0,0.0,1851.49975,0.0,11517.633377822385,2852.1561600355726,11517.633377822385,41181.315498125005,12.948899999999885,12.948899999999885,12.948899999999885
3720,72,81838.25152,51937.995207455,0.0,51937.995207455,1221.308,0.0,0.0,25895.035960511203,0.0,74.364,0.0,0.0,0.0,0.0,0.0,2709.548352033793,0.0,2709.548352033793,29900.256312545003,0.0,0.0,0.0
3721,73,77736.63489,60401.907151952,0.0,55378.237302156,305.34049333284815,0.0,0.0,22053.05709451116,0.0,0.0,0.0,0.0,0.0,0.0,0.0,0.0,0.0,0.0,22358.397587844003,0.0,0.0,0.0
3722,74,74738.05245,63617.88329069201,0.0,47552.48897478647,1221.308,0.0,0.0,25889.89147521354,0.0,74.364,0.0,0.0,0.0,0.0,0.0,0.0,0.0,0.0,27185.56347521353,0.0,0.0,0.0
3723,75,73431.38721,61512.430394652,0.0,46242.52593473985,1221.308,0.0,0.0,25893.18927526015,0.0,74.364,0.0,0.0,0.0,0.0,0.0,0.0,0.0,0.0,27188.861275260148,0.0,0.0,0.0
3724,76,73518.00283,63810.895253354,0.0,46331.86607178455,1221.308,0.0,0.0,25890.46475821543,0.0,74.364,0.0,0.0,0.0,0.0,0.0,0.0,0.0,0.0,27186.13675821545,0.0,0.0,0.0
3725,77,75282.15545,64339.039244559994,153.74779999999998,47941.62571929948,1221.308,153.74779999999998,0.0,25891.109930700513,0.0,74.364,0.0,0.0,0.0,0.0,0.0,0.0,0.0,0.0,27186.781930700523,0.0,0.0,0.0
3726,78,80020.16538,64621.797089515,18624.004058964,34361.813289339,1080.578,18615.03278660522,0.0,25888.377304055786,0.0,74.364,0.0,0.0,0.0,0.0,0.0,0.0,0.0,0.0,27043.319304055785,0.0,0.0,0.0
3727,79,85660.78145,64077.611151435,36975.484347670994,57257.098401434996,0.0,4651.893559470988,0.0,23677.425489094,0.0,74.364,0.0,0.0,0.0,0.0,0.0,0.0,0.0,0.0,23751.78948909401,0.0,0.0,0.0
3728,80,91126.86851,67408.746345944,53850.4916639775,64661.63014594401,0.0,5594.775424561983,0.0,20796.098939494015,0.0,74.364,0.0,0.0,0.0,0.0,0.0,0.0,0.0,0.0,20870.46293949401,0.0,0.0,0.0
3729,81,94381.89646,66060.098196919,64130.43386909351,66060.098196919,1221.308,8499.24053500328,0.0,18526.8857280777,0.0,74.364,0.0,0.0,0.0,0.0,0.0,0.0,0.0,0.0,19822.55772807772,0.0,0.0,0.0
3730,82,97096.37522,68684.53964306001,69410.28385120552,68684.53964306001,1221.308,11497.722740867073,0.0,15618.440836072945,0.0,74.364,0.0,0.0,0.0,0.0,0.0,0.0,0.0,0.0,16914.11283607292,0.0,0.0,0.0
3731,83,98720.98861,71326.516941314,72942.842561977,71326.516941314,1221.308,13981.673035004249,0.0,12117.126633681757,0.0,74.364,0.0,0.0,0.0,0.0,0.0,0.0,0.0,0.0,13412.798633681756,0.0,0.0,0.0
3732,84,99277.224,67483.578007775,74859.084181096,67483.578007775,1221.308,18536.140935605265,0.0,11961.833056619758,0.0,74.364,0.0,0.0,0.0,0.0,0.0,0.0,0.0,0.0,13257.505056619742,0.0,0.0,0.0
3733,85,99964.67469,69914.664891085,74522.0330162985,69914.664891085,1221.308,16875.167509061033,0.0,11879.170289853962,0.0,74.364,0.0,0.0,0.0,0.0,0.0,0.0,0.0,0.0,13174.842289853961,0.0,0.0,0.0
3734,86,101153.317,74400.662540276,78008.17421309701,74400.662540276,600.043,14199.971205970016,0.0,11878.276253753958,0.0,74.364,0.0,0.0,0.0,0.0,0.0,0.0,0.0,0.0,12552.683253753983,0.0,0.0,0.0
3735,87,101223.2754,76403.60515511899,71762.4083817715,64514.439555118995,407.2640496489839,25538.73623534,0.0,10688.47155989202,0.0,74.364,0.0,0.0,0.0,0.0,0.0,0.0,0.0,0.0,11170.099609541005,0.0,0.0,0.0
3736,88,101523.0596,77703.62350390501,67409.84406767799,71540.39408579835,0.0,17942.2248034755,0.0,11966.076710726158,0.0,74.364,0.0,0.0,0.0,0.0,0.0,0.0,0.0,0.0,12040.44071072614,0.0,0.0,0.0
3737,89,101137.1625,82653.697206069,59539.076590884,33485.448149996,25.641,53938.746634799354,0.0,13612.962715204629,0.0,74.364,0.0,0.0,0.0,0.0,0.0,0.0,0.0,0.0,13712.967715204657,0.0,0.0,0.0
3738,90,100000.3729,84366.55018983499,45353.90219517251,72414.045739835,25.641,15634.021919479808,0.0,11852.300240685177,0.0,74.364,0.0,0.0,0.0,0.0,0.0,0.0,0.0,0.0,11952.305240685197,0.0,0.0,0.0
3739,91,97621.8357,84403.853558231,27308.6747807465,79875.865958231,0.0,3107.8330606302984,0.0,14563.772681138707,0.0,74.364,0.0,0.0,0.0,0.0,0.0,0.0,0.0,0.0,14638.13668113869,0.0,0.0,0.0
3740,92,97390.95754,83078.006647652,3347.732245934,81785.11081758732,194.888,0.0,0.0,15336.594722412676,0.0,74.364,0.0,0.0,0.0,0.0,0.0,0.0,0.0,0.0,15605.84672241268,0.0,0.0,0.0
3741,93,97147.87152,83100.003058726,0.0,79170.136408726,698.9848717369582,0.0,0.0,17204.386239537045,0.0,74.364,0.0,0.0,0.0,0.0,0.0,0.0,0.0,0.0,17977.735111274,0.0,0.0,0.0
3742,94,92845.33316,79132.53200742099,0.0,77859.60554068233,62.577,0.0,0.0,14848.786619317665,0.0,74.364,0.0,0.0,0.0,0.0,0.0,0.0,0.0,0.0,14985.727619317666,0.0,0.0,0.0
3743,95,85473.07945,75038.74549719499,0.0,71682.46451166357,1221.308,0.0,0.0,12494.942938336431,0.0,74.364,0.0,0.0,0.0,0.0,0.0,0.0,0.0,0.0,13790.614938336439,0.0,0.0,0.0
3744,96,79423.08467,71939.15054710001,0.0,65640.2486730932,0.0,0.0,0.0,13708.471996906785,0.0,74.364,0.0,0.0,0.0,0.0,0.0,0.0,0.0,0.0,13782.835996906797,0.0,0.0,0.0
3745,1,75777.96754,67649.535850393,0.0,67649.535850393,0.0,0.0,0.0,25879.521124107097,0.0,0.0,0.0,0.0,0.0,0.0,17751.0894345001,0.0,16863.534962775095,-17751.0894345001,8128.431689606994,0.0,0.0,0.0
3746,2,73412.32515,67590.926656212,0.0,67590.926656212,62.577,0.0,0.0,25877.07284919217,0.0,0.0,0.0,0.0,0.0,0.0,20118.251355404154,0.0,35975.87375040904,-20118.251355404154,5821.398493788001,0.0,0.0,0.0
3747,3,72060.65814,46414.305142299,0.0,46414.305142299,1221.308,0.0,0.0,25877.019041073443,0.0,74.364,0.0,0.0,0.0,0.0,1526.3380433724537,0.0,37425.89489161287,-1526.3380433724537,25646.352997700997,0.0,0.0,0.0
3748,4,72501.72277,42998.758945876005,0.0,42998.758945876005,1221.308,0.0,593.2119999999768,25877.874753720032,0.0,74.364,0.0,0.0,0.0,0.0,0.0,1736.2050704039768,35598.31060697711,1736.2050704039768,29502.963824123988,9.730499999999955,9.730499999999955,9.730499999999955
3749,5,74783.21462,40121.293609058,452.4291,40121.293609058,1221.308,452.4291,593.212,25875.301106136834,28.499999999999996,74.364,0.0,0.0,0.0,1851.4997499999995,0.0,4565.307054805158,30792.724233497996,4565.307054805158,34209.491910942,16.2426,16.2426,16.2426
3750,6,79323.97711,60701.294455601,21490.952915544498,60701.294455601,19.125,21490.952915544498,0.0,25875.45858862191,0.0,0.0,0.0,0.0,0.0,0.0,28762.85384976741,0.0,58117.435390777035,-28762.85384976741,-2868.270261145488,0.0,0.0,0.0
3751,7,84337.07286,54597.210659085,39465.197950477,28898.89308575402,0.0,32511.650600476998,0.0,22926.529173768973,0.0,0.0,0.0,0.0,0.0,0.0,0.0,0.0,58117.435390777035,0.0,22926.529173768977,0.0,0.0,0.0
3752,8,89153.01166,47157.373193524,54848.49375682699,47157.373193524,260.797,54848.49375762064,0.0,25873.690772977574,0.0,0.0,0.0,0.0,0.0,0.0,38987.34306332857,0.0,95155.41130093917,-38987.34306332857,-12852.855291144639,0.0,0.0,0.0
3753,9,92099.65338,43947.362997833,65836.7281363185,28488.819489998652,574.4019999999999,39790.0653497685,0.0,23246.366540232844,0.0,0.0,0.0,0.0,0.0,0.0,0.0,0.0,95155.41130093917,0.0,23820.76854023285,0.0,0.0,0.0
3754,10,94637.76277,40885.327395404995,70849.7149189395,32265.606399999997,450.69100000000003,41826.043999767164,0.0,20095.42137023284,0.0,0.0,0.0,0.0,0.0,0.0,0.0,0.0,95155.41130093917,0.0,20546.11237023284,0.0,0.0,0.0
3755,11,96578.30553,38585.19835954,73828.8904043775,34767.37018694429,655.14,38011.6593560825,0.0,23069.771986973206,0.0,74.364,0.0,0.0,0.0,0.0,0.0,0.0,95155.41130093917,0.0,23799.27598697321,0.0,0.0,0.0
3756,12,97708.3133,36215.828008307,75394.062409166,35700.29483892668,827.096,75394.062409166,0.0,25786.86005190731,0.0,0.0,0.0,0.0,0.0,0.0,40000.0,0.0,133155.41130093916,-40000.0,-13386.043948092687,0.0,0.0,0.0
3757,13,98948.38853,33751.157359177996,74826.0242609765,33721.807759118,62.577,51438.9395502765,0.0,25872.867342428395,0.0,0.0,0.0,0.0,0.0,0.0,12147.803121822915,0.0,144695.82426667094,-12147.803121822915,13787.641220605503,0.0,0.0,0.0
3758,14,100578.1821,36165.772302923004,76177.982463642,31821.15904455041,1090.295,43017.782902887004,0.0,24574.581152562594,0.0,74.364,0.0,0.0,0.0,0.0,0.0,0.0,144695.82426667094,0.0,25739.24015256259,0.0,0.0,0.0
3759,15,101885.9828,40792.272039888994,72249.291561058,34248.560740565,593.397,43806.28465167243,0.0,23163.376407762593,0.0,74.364,0.0,0.0,0.0,0.0,0.0,0.0,144695.82426667094,0.0,23831.13740776256,0.0,0.0,0.0
3760,16,102620.7646,45532.358997592,68025.0616475305,41464.29502305441,62.577,41222.525592483,0.0,19871.366984462577,0.0,0.0,0.0,0.0,0.0,0.0,0.0,0.0,144695.82426667094,0.0,19933.94398446259,0.0,0.0,0.0
3761,17,102416.6468,44712.166741073,59702.3495993785,26860.74025154874,0.0,54298.6811993785,0.0,21257.22534907278,0.0,0.0,0.0,0.0,0.0,0.0,0.0,0.0,144695.82426667094,0.0,21257.225349072753,0.0,0.0,0.0
3762,18,101031.1286,41963.827106239005,45718.364234425004,39599.168355975,888.5780000000001,40236.654621211164,0.0,20232.363622813777,0.0,74.364,0.0,0.0,0.0,0.0,0.0,0.0,144695.82426667094,0.0,21195.30562281383,0.0,0.0,0.0
3763,19,99133.39839,50627.96645509399,27457.657216368,49199.582505934,0.0,26707.623013752214,0.0,23226.192870313786,0.0,0.0,0.0,0.0,0.0,0.0,0.0,0.0,144695.82426667094,0.0,23226.19287031379,0.0,0.0,0.0
3764,20,98698.76341,50958.499647666,3431.6025970074998,50958.499647666,1221.308,3431.6025970074998,593.212,25867.10602946908,28.499999999999996,74.364,0.0,0.0,0.0,1851.49975,0.0,14672.671385857402,129250.90701839999,14672.671385857402,44308.6611653265,16.167300000106042,16.167300000106042,16.167300000106042
3765,21,97962.54263,48577.349246087,0.0,48577.349246087,1221.308,0.0,593.2119999999998,25867.301981554152,50.0,74.364,0.0,0.0,0.0,3702.9995,0.0,17876.00790235884,110434.05659486436,17876.00790235884,49385.193383913,16.242600000000063,16.242600000000063,16.242600000000063
3766,22,93633.74559,47925.391555902,0.0,47925.391555902,1221.308,0.0,593.212,25865.52864859694,28.499999999999996,74.364,0.0,0.0,0.0,1851.4997499999981,0.0,16073.941635501073,93514.11803117902,16073.941635501073,45708.354034098,16.24260000000006,16.24260000000006,16.24260000000006
3767,23,86497.55222,47107.149292122,0.0,47107.149292122,1221.308,0.0,0.0,25865.709427956026,0.0,74.364,0.0,0.0,0.0,0.0,0.0,12229.021499921968,80641.46382073485,12229.021499921968,39390.402927878,0.0,0.0,0.0
3768,24,80294.43791,41271.952354529996,0.0,41271.952354529996,1221.308,0.0,593.212,25865.967617903105,0.0,74.364,0.0,0.0,0.0,0.0,0.0,11267.633937566883,68780.79651803286,11267.633937566883,39022.48555547,9.730500000065568,9.730500000065568,9.730500000065568
3769,25,76292.30542,41171.745490311994,0.0,41171.745490311994,1221.308,0.0,593.212,25863.290139862187,0.0,74.364,0.0,0.0,0.0,0.0,0.0,7368.385789825822,61024.60094979515,7368.385789825822,35120.55992968801,9.730499999987515,9.730499999987515,9.730499999987515
3770,26,73639.55257,39592.05110486,0.0,39592.05110486,1221.308,0.0,593.2120000020336,25864.221781170774,0.0,74.364,0.0,0.0,0.0,0.0,0.0,6294.39568396718,54398.92128246128,6294.39568396718,34047.50146514,9.730500000038845,9.730500000038845,9.730500000038845
3771,27,72494.10946,37437.564701761,0.0,37437.564701761,1221.308,0.0,593.2119999930535,25864.350094513567,0.0,74.364,0.0,0.0,0.0,0.0,0.0,7303.310663732573,46711.225846953304,7303.310663732573,35056.544758239004,9.73049999990807,9.73049999990807,9.73049999990807
3772,28,72653.28281,36614.144407114,0.0,36614.144407114,1221.308,0.0,593.2120000003406,25861.47974729864,0.0,74.364,0.0,0.0,0.0,0.0,0.0,8288.774655587022,37986.19989370381,8288.774655587022,36039.138402886005,9.73049999994915,9.73049999994915,9.73049999994915
3773,29,74773.11603,33476.894148868,314.46879999999993,33476.894148868,1221.308,314.46879999999993,593.2120000007701,25862.09306805392,28.5,74.364,0.0,0.0,0.0,1851.4997500000018,0.0,11350.776263077129,26038.01435362262,11350.776263077129,40981.753081132,16.242600000017227,16.242600000017227,16.242600000017227
3774,30,78854.76406,29325.173658413,19888.0684043705,29325.173658413,1221.308,19888.068404069705,0.0,25862.972531500516,0.0,74.364,0.0,0.0,0.0,0.0,0.0,2482.8774657159806,23424.459126553167,2482.8774657159806,29641.5219975173,3.2183999999001935,3.2183999999001935,3.2183999999001935
3775,31,83807.74155,15211.043949384999,35421.354745314,15211.043949384999,1221.308,35421.354745314,593.2120000015888,25860.26318718179,28.5,74.364,0.0,0.0,0.0,1851.4997499999995,0.0,3546.19591811751,19691.62131800842,3546.19591811751,33175.34285530101,16.242600000017013,16.242600000017013,16.242600000017013
3776,32,89145.96868,18041.942004618002,53528.420459261,14532.56419677725,438.047,50274.16945926099,0.0,23901.188023262323,0.0,0.0,0.0,0.0,0.0,0.0,0.0,0.0,19691.62131800842,0.0,24339.23502396176,0.0,0.0,0.0
3777,33,92745.58886,20154.914350443,64484.993895995496,7974.021,0.0,63280.92129599549,0.0,21490.64656400452,0.0,0.0,0.0,0.0,0.0,0.0,0.0,0.0,19691.62131800842,0.0,21490.64656400452,0.0,0.0,0.0
3778,34,96091.79654,20151.752541944003,69696.94254391949,17954.253091561004,0.0,60702.22894391951,0.0,21032.961214058036,0.0,0.0,0.0,0.0,0.0,0.0,3597.646709538574,0.0,23109.385692070064,-3597.646709538574,17435.314504519476,0.0,0.0,0.0
3779,35,98824.34192,19943.170800713,73608.86491418349,18717.533450184,0.0,57082.93376631088,0.0,23023.874703505124,0.0,0.0,0.0,0.0,0.0,0.0,0.0,0.0,23109.385692070064,0.0,23023.874703505127,0.0,0.0,0.0
3780,36,100234.2806,19966.009240772004,74270.73235835451,16423.57364128865,0.0,65667.8563583545,0.0,25856.440406098416,0.0,0.0,0.0,0.0,0.0,0.0,7713.589804947922,0.0,30437.29600677059,-7713.589804947922,18142.850600356847,0.0,0.0,0.0
3781,37,101732.0247,20872.949239651,73394.947196289,20806.694489651,0.0,55068.0189102078,0.0,25857.31130014121,0.0,0.0,0.0,0.0,0.0,0.0,0.0,0.0,30437.29600677059,0.0,25857.3113001412,0.0,0.0,0.0
3782,38,103884.4551,25318.890348101,74960.8692888065,22019.362249226,0.0,59481.25004963282,0.0,22383.842801141196,0.0,0.0,0.0,0.0,0.0,0.0,0.0,0.0,30437.29600677059,0.0,22383.84280114118,0.0,0.0,0.0
3783,39,105496.7974,27306.804552426995,70812.2921532805,27112.044552427,0.0,52743.069247925625,0.0,25641.68359964736,0.0,0.0,0.0,0.0,0.0,0.0,0.0,0.0,30437.29600677059,0.0,25641.683599647367,0.0,0.0,0.0
3784,40,106438.2623,33241.403039662,66497.54169884001,33241.403039662,0.0,66497.54169884001,0.0,25509.48379415595,0.0,0.0,0.0,0.0,0.0,0.0,18810.16623265796,0.0,48306.95392779565,-18810.16623265796,6699.317561497999,0.0,0.0,0.0
3785,41,106484.7249,42471.526948032,59736.817896152,42471.526948032,0.0,59736.817896152,0.0,25738.439058698747,0.0,0.0,0.0,0.0,0.0,0.0,21462.0590028827,0.0,68695.90998053421,-21462.0590028827,4276.380055816,0.0,0.0,0.0
3786,42,105156.2134,47813.08680692701,46142.089780699,47504.732006943,0.0,44605.20168069901,0.0,25775.096536183817,0.0,0.0,0.0,0.0,0.0,0.0,12728.816823825824,0.0,80788.28596316875,-12728.816823825824,13046.279712357988,0.0,0.0,0.0
3787,43,102895.8964,51509.156197637,25562.952338946,51509.156197637,1221.308,22963.404175634678,0.0,25814.508998539102,0.0,74.364,0.0,0.0,0.0,0.0,0.0,1313.1550281892285,79406.01751244324,1313.1550281892285,28423.33602672832,0.0,0.0,0.0
3788,44,101514.3221,45905.20854985,998.896112744,45905.20854985,1221.308,998.896112744,593.212,25854.531212247693,28.499999999999996,74.364,0.0,0.0,0.0,1851.4997500000006,0.0,24986.80247515848,53104.12017017116,24986.80247515848,54610.217437406005,16.242599999895646,16.242599999895646,16.242599999895646
3789,45,100485.2981,51807.149099185,0.0,51807.14909918501,1221.308,0.0,593.211999999517,25851.806686532764,50.0,74.364,0.0,0.0,0.0,3702.999500000001,0.0,17184.458814282723,35015.21615513672,17184.458814282723,48678.14900081499,16.242600000000063,16.242600000000063,16.242600000000063
3790,46,95715.59675,57856.83774051501,0.0,57856.83774051501,1221.308,0.0,593.212,25851.98746728805,28.499999999999996,74.364,0.0,0.0,0.0,1851.4997499999995,0.0,8237.88779219696,26343.755321245182,8237.88779219696,37858.75900948499,16.167300000210453,16.167300000210453,16.167300000210453
3791,47,88220.45999,57222.600199443004,0.0,57222.600199443004,1221.308,0.0,0.0,25852.18341937312,0.0,74.364,0.0,0.0,0.0,0.0,0.0,3850.0043711838944,22291.119141051608,3850.0043711838944,30997.859790557,0.0,0.0,0.0
3792,48,81972.08894,54364.474660349,0.0,54364.474660349,1221.308,0.0,26.917,25850.378884915914,0.0,74.364,0.0,0.0,0.0,0.0,0.0,434.6463947350865,21833.596620277833,434.6463947350865,27607.614279651003,5.323000000000123,5.323000000000123,5.323000000000123
3793,49,77604.68439,52524.980795053,0.0,51753.9327732755,0.0,0.0,0.0,25850.7516167245,0.0,0.0,0.0,0.0,0.0,0.0,0.0,0.0,21833.596620277833,0.0,25850.751616724498,0.0,0.0,0.0
3794,50,74709.19974,52312.668597981996,0.0,51288.80250925442,0.0,0.0,0.0,23420.397230745573,0.0,0.0,0.0,0.0,0.0,0.0,0.0,0.0,21833.596620277833,0.0,23420.397230745577,0.0,0.0,0.0
3795,51,73158.42943,52193.975491544,0.0,52167.950607807834,0.0,0.0,0.0,20990.478822192155,0.0,0.0,0.0,0.0,0.0,0.0,0.0,0.0,21833.596620277833,0.0,20990.47882219217,0.0,0.0,0.0
3796,52,72892.81661,49488.85449191499,0.0,49474.366169326546,0.0,0.0,0.0,23418.450440673438,0.0,0.0,0.0,0.0,0.0,0.0,0.0,0.0,21833.596620277833,0.0,23418.45044067345,0.0,0.0,0.0
3797,53,75368.82044,46864.304257234995,328.7045,46864.304257234995,1221.308,328.7045,169.95,25849.20353077539,0.0,74.364,0.0,0.0,0.0,0.0,0.0,860.9861523364945,20927.295407292047,860.9861523364945,28175.811682765,6.320000000000043,6.320000000000043,6.320000000000043
3798,54,79080.65388,47149.159548558,18007.626562482998,43680.228597794,0.0,11962.618925773477,0.0,23437.80635677538,0.0,0.0,0.0,0.0,0.0,0.0,0.0,0.0,20927.295407292047,0.0,23437.806356432524,0.0,0.0,0.0
3799,55,84113.42033,41357.74333986,37010.97464564,41353.24058986,0.0,37010.97464564,0.0,25849.20353077539,0.0,0.0,0.0,0.0,0.0,0.0,20099.998435932543,0.0,40022.29392142796,-20099.998435932543,5749.205094499994,0.0,0.0,0.0
3800,56,89881.5978,37638.484308463,52812.251118547996,37638.484308463,0.0,52812.251118547996,0.0,25849.20353077539,0.0,0.0,0.0,0.0,0.0,0.0,26418.341157443523,0.0,65119.71802099931,-26418.341157443523,-569.1376270109904,0.0,0.0,0.0
3801,57,94109.22128,36183.363898124,64128.18514357099,36176.668898072,0.0,64128.18514357099,0.0,25849.20353077539,0.0,0.0,0.0,0.0,0.0,0.0,32044.836292075528,0.0,95562.31249847106,-32044.836292075528,-6195.632761642992,0.0,0.0,0.0
3802,58,97604.60388,36779.498845430004,69011.9325979895,33170.906194272,0.0,42327.60333829546,0.0,22106.09434743252,0.0,0.0,0.0,0.0,0.0,0.0,0.0,0.0,95562.31249847106,0.0,22106.094347432532,0.0,0.0,0.0
3803,59,100623.6047,40223.51663923499,72578.292703272,32196.193240268,25.253,44770.92433829945,0.0,23631.23412143253,0.0,0.0,0.0,0.0,0.0,0.0,0.0,0.0,95562.31249847106,0.0,23656.487121432554,0.0,0.0,0.0
3804,60,102063.6287,45435.924804666,73982.84629224699,38111.626754811,251.02800000000002,42411.243112756485,0.0,21289.730832432524,0.0,0.0,0.0,0.0,0.0,0.0,0.0,0.0,95562.31249847106,0.0,21540.75883243252,0.0,0.0,0.0
3805,61,103557.4351,43035.345489549996,73472.3736933715,33323.83630706848,748.441,47317.857751499,0.0,22167.300041775372,0.0,0.0,0.0,0.0,0.0,0.0,0.0,0.0,95562.31249847106,0.0,22915.741041432528,0.0,0.0,0.0
3806,62,105411.686,46036.882702063995,74730.214462307,46036.882702063995,36.822,73587.64745050344,0.0,25750.33384777539,0.0,0.0,0.0,0.0,0.0,0.0,40000.0,0.0,133562.31249847106,-40000.0,-14212.844152567435,0.0,0.0,0.0
3807,63,106680.1217,46677.466858606,70313.1823126115,38325.719645655976,115.477,42522.659651911505,0.0,25641.90140277539,0.0,74.364,0.0,0.0,0.0,0.0,0.0,0.0,133562.31249847106,0.0,25831.742402432523,0.0,0.0,0.0
3808,64,107304.7814,52105.384092758,66315.9466002575,44472.11153364247,0.0,39686.242645925005,0.0,23146.42722043252,0.0,0.0,0.0,0.0,0.0,0.0,0.0,0.0,133562.31249847106,0.0,23146.42722043253,0.0,0.0,0.0
3809,65,106707.899,56188.39075762001,59243.670896961,54731.70770865601,0.0,31086.233112911505,0.0,20889.95817877537,0.0,0.0,0.0,0.0,0.0,0.0,0.0,0.0,133562.31249847106,0.0,20889.95817843249,0.0,0.0,0.0
3810,66,104589.732,56403.216047427006,44521.5823059665,38972.578049082,33.21,44521.5823059665,0.0,21062.361645294364,0.0,0.0,0.0,0.0,0.0,0.0,0.0,0.0,133562.31249847106,0.0,21095.571644951502,0.0,0.0,0.0
3811,67,101677.0532,55581.417204870006,26959.15510774,53640.24664482747,33.21,25389.434307739997,0.0,22614.16224777538,0.0,0.0,0.0,0.0,0.0,0.0,0.0,0.0,133562.31249847106,0.0,22647.372247432526,0.0,0.0,0.0
3812,68,100098.2945,59400.993404076,3702.3602598420002,59400.993404076,1221.308,3702.3602598420002,593.211999950089,25849.20353077539,28.499999999999996,74.364,0.0,0.0,0.0,1851.4997499999995,0.0,7376.85355569915,125797.20349247195,7376.85355569915,36994.94083608201,16.2426,16.2426,16.2426
3813,69,99008.46936,65389.375405477,0.0,65389.375405477,1221.308,0.0,593.2119999961844,25849.20353077571,28.499999999999996,74.364,0.0,0.0,0.0,1851.499749999999,0.0,4001.0066740939815,121585.61751974144,4001.0066740939815,33619.093954523,16.242600000000007,16.242600000000007,16.242600000000007
3814,70,95089.51056,67539.36964278399,0.0,67539.36964278399,1221.308,0.0,0.0,25849.203530487797,0.0,74.364,0.0,0.0,0.0,0.0,0.0,405.26538707517693,121159.02237545178,405.26538707517693,27550.140917216006,3.21839999865602,3.21839999865602,3.21839999865602
3815,71,88585.32082,68837.484993193,0.0,66057.42885574135,0.0,0.0,0.0,22527.891964601506,0.0,0.0,0.0,0.0,0.0,0.0,0.0,0.0,121159.02237545178,0.0,22527.89196425864,0.0,0.0,0.0
3816,72,82667.98552,63866.186859722,0.0,63461.405121741394,0.0,0.0,0.0,19206.580398601494,0.0,0.0,0.0,0.0,0.0,0.0,0.0,0.0,121159.02237545178,0.0,19206.580398258608,0.0,0.0,0.0
3817,73,77811.80675,61592.814460767004,0.0,61592.814460767004,52.335,0.0,0.0,15885.268832601474,0.0,0.0,0.0,0.0,0.0,0.0,0.0,281.38845697440456,120862.82399968925,281.38845697440456,16218.992289233,0.0,0.0,0.0
3818,74,75146.7619,62039.608404055994,0.0,62039.608404055994,0.0,0.0,0.0,12563.95726661549,0.0,0.0,0.0,0.0,0.0,0.0,0.0,543.1962296713775,120291.03849477202,543.1962296713775,13107.153495944003,0.0,0.0,0.0
3819,75,73452.56387,60961.438411241,0.0,60913.497811085,19.125,0.0,0.0,9507.922152947063,0.0,0.0,0.0,0.0,0.0,0.0,0.0,3012.0189063108046,117120.49227760275,3012.0189063108046,12539.066058915,0.0,0.0,0.0
3820,76,72630.44479,55082.718791169,0.0,54520.888490913,979.6360000000001,0.0,0.0,6791.233607947055,0.0,74.364,0.0,0.0,0.0,0.0,0.0,10264.322691482816,106315.94207604189,10264.322691482816,18109.556299086995,0.0,0.0,0.0
3821,77,72592.68987,59238.932655366996,699.9212,59130.598855382996,0.0,677.0907,0.0,4086.2640230231223,0.0,0.0,0.0,0.0,0.0,0.0,0.0,8698.736291936768,97159.37755821372,8698.736291936768,12785.000314617006,0.0,0.0,0.0
3822,78,74255.32576,59770.656945777,20982.0712526845,50002.04189596201,31.614,17433.16886535202,0.0,6788.500999028849,0.0,0.0,0.0,0.0,0.0,0.0,0.0,0.0,97159.37755821372,0.0,6820.114998685978,0.0,0.0,0.0
3823,79,77273.62127,55062.031241548,38554.146845501506,32084.72367700528,305.316,35210.3328455015,0.0,9598.884747836099,0.0,74.364,0.0,0.0,0.0,0.0,0.0,0.0,97159.37755821372,0.0,9978.56474749322,0.0,0.0,0.0
3824,80,81639.4056,56517.248509569006,54373.410651536506,20601.778300765,1052.69,50914.69190958901,0.0,9070.24538998886,0.0,0.0,0.0,0.0,0.0,0.0,0.0,0.0,97159.37755821372,0.0,10122.935389645987,0.0,0.0,0.0
3825,81,86195.75923,57862.252852952,65015.0276643405,39942.478800900004,137.519,44714.0909532555,0.0,10616.135163646013,0.0,0.0,0.0,0.0,0.0,0.0,9214.464687801486,0.0,105913.11901162512,-9214.464687801486,1539.1894758444905,0.0,0.0,0.0
3826,82,90125.02919,57338.043507713,69955.321263528,34144.44677709454,418.922,42626.031703158,0.0,12935.62871009033,0.0,0.0,0.0,0.0,0.0,0.0,0.0,0.0,105913.11901162512,0.0,13354.550709747462,0.0,0.0,0.0
3827,83,92807.19397,60629.36199019701,73662.166294963,32407.103540197,0.0,45063.7197414555,0.0,15336.370688690346,0.0,0.0,0.0,0.0,0.0,0.0,0.0,0.0,105913.11901162512,0.0,15336.370688347495,0.0,0.0,0.0
3828,84,93826.6593,63171.773840061,74853.0807582755,32527.344439485998,33.21,47357.26620671394,0.0,13908.83865414291,0.0,0.0,0.0,0.0,0.0,0.0,0.0,0.0,105913.11901162512,0.0,13942.048653800062,0.0,0.0,0.0
3829,85,94760.87379,67487.527392308,74502.71700457999,31510.721649203995,202.34300000000002,51888.97354799597,0.0,11158.8355931429,0.0,0.0,0.0,0.0,0.0,0.0,0.0,0.0,105913.11901162512,0.0,11361.178592800032,0.0,0.0,0.0
3830,86,95548.6301,66724.96044772501,75741.6157063425,40729.97585596994,31.614,45890.22635223,0.0,8896.813891800031,0.0,0.0,0.0,0.0,0.0,0.0,0.0,0.0,105913.11901162512,0.0,8928.427891800056,0.0,0.0,0.0
3831,87,96461.04583,66020.24185859702,71855.28201401701,59191.85697918298,52.9,71855.28201401701,0.0,5361.006836800021,0.0,0.0,0.0,0.0,0.0,0.0,40000.0,0.0,143913.11901162512,-40000.0,-34586.093163199985,0.0,0.0,0.0
3832,88,97356.44458,70132.640044962,67606.5955015265,47606.152744978,0.0,47088.344236237994,0.0,2661.9475988000104,0.0,0.0,0.0,0.0,0.0,0.0,0.0,0.0,143913.11901162512,0.0,2661.947598784005,0.0,0.0,0.0
3833,89,97887.36857,71392.38320134301,60299.005252412506,49674.974201343,241.672,60299.005252412506,0.0,0.0,0.0,0.0,0.0,0.0,0.0,0.0,12328.28288375548,0.0,155624.98775119282,-12328.28288375548,-12086.6108837555,0.0,0.0,0.0
3834,90,97127.59864,74351.229408277,45814.5042795955,52822.96440822099,0.0,45814.5042795955,0.0,0.0,0.0,0.0,0.0,0.0,0.0,0.0,1509.8700478724904,0.0,157059.36429667167,-1509.8700478724904,-1509.8700478164974,0.0,0.0,0.0
3835,91,95571.57499,77810.615953957,27939.660639546502,70434.62335395701,292.697,27939.660639546502,0.0,0.0,0.0,0.0,0.0,0.0,0.0,0.0,3095.4060035035027,0.0,160000.0,-3095.4060035035027,-2802.709003503518,0.0,0.0,0.0
3836,92,94626.71799,77654.604104115,4245.3786212115,77654.604104115,0.0,4245.3786212115,0.0,0.0,0.0,0.0,0.0,0.0,0.0,0.0,0.0,12726.735264673522,146603.43656350154,12726.735264673522,12726.735264673502,0.0,0.0,0.0
3837,93,94145.55852,75053.961995901,0.0,75053.961995901,0.0,0.0,0.0,0.0,0.0,0.0,0.0,0.0,0.0,0.0,0.0,19091.596524099008,126507.01916971311,19091.596524099008,19091.596524099004,0.0,0.0,0.0
3838,94,91096.33789,71296.838190143,0.0,71296.838190143,0.0,0.0,0.0,0.0,0.0,0.0,0.0,0.0,0.0,0.0,0.0,19799.49969985698,105665.44053828472,19799.49969985698,19799.499699857,0.0,0.0,0.0
3839,95,85549.02544,70074.649457633,0.0,70074.649457633,1221.308,0.0,0.0,0.0,0.0,74.364,0.0,0.0,0.0,0.0,0.0,14178.703982367004,90740.4889778984,14178.703982367004,15474.375982366997,0.0,0.0,0.0
3840,96,80223.31712,72438.864757702,0.0,72438.864757702,1221.308,0.0,0.0,0.0,0.0,74.364,0.0,0.0,0.0,0.0,0.0,6488.780362298016,83910.19385968997,6488.780362298016,7784.452362298005,0.0,0.0,0.0
3841,1,75972.99791,69728.794698333,0.0,53953.579251154995,705.6872383124064,0.0,0.0,21239.367420532595,0.0,74.364,0.0,0.0,0.0,0.0,0.0,0.0,0.0,0.0,22019.41865884501,0.0,0.0,0.0
3842,2,72806.34619,63058.861407818,0.0,53775.30895795,570.4453605174012,0.0,0.0,18386.22787153258,0.0,74.364,0.0,0.0,0.0,0.0,0.0,0.0,0.0,0.0,19031.037232049996,0.0,0.0,0.0
3843,3,71202.80584,66348.352045414,0.0,54970.333445414,986.5010000000001,0.0,0.0,15193.741753846236,0.0,52.22964073976997,0.0,0.0,0.0,0.0,0.0,0.0,0.0,0.0,16232.472394586002,0.0,0.0,0.0
3844,4,70432.88086,72226.436247458,0.0,58832.58026199999,0.0,0.0,0.0,11525.936598000028,0.0,74.364,0.0,0.0,0.0,0.0,0.0,0.0,0.0,0.0,11600.300598000016,0.0,0.0,0.0
3845,5,69942.40955,73103.995598425,745.1008,60872.70249778101,584.443,745.1008,0.0,7683.957732000017,0.0,56.20552021895449,0.0,0.0,0.0,0.0,0.0,0.0,0.0,0.0,8324.60625221899,0.0,0.0,0.0
3846,6,70478.42631,68337.55668852301,21528.234442955498,49642.042639399,0.0,16920.040804601005,0.0,3841.9788660000086,0.0,74.364,0.0,0.0,0.0,0.0,0.0,0.0,0.0,0.0,3916.342865999992,0.0,0.0,0.0
3847,7,72480.03194,62282.96450055901,38987.791808863,33637.23435,0.0,38842.79759,0.0,0.0,0.0,0.0,0.0,0.0,0.0,0.0,0.0,0.0,0.0,0.0,0.0,0.0,0.0,0.0
3848,8,76714.53445,57085.900599869005,55258.307289016506,29257.293750134002,0.0,43544.711989016505,0.0,3841.9788660000086,0.0,70.54984484950546,0.0,0.0,0.0,0.0,0.0,0.0,0.0,0.0,3912.528710849496,0.0,0.0,0.0
3849,9,80249.70688,51815.453560917995,65925.6854534915,47696.16535254229,1221.308,23664.0040424115,0.0,7593.865485046218,0.0,74.364,0.0,0.0,0.0,0.0,0.0,0.0,0.0,0.0,8889.53748504621,0.0,0.0,0.0
3850,10,83360.91945,46799.976845382,71042.0400964265,36398.509249264964,947.6060000000001,35293.456686934995,0.0,10721.34751380003,0.0,0.0,0.0,0.0,0.0,0.0,0.0,0.0,0.0,0.0,11668.953513800043,0.0,0.0,0.0
3851,11,86123.98102,43692.050443014006,74645.56270891099,43692.050443014006,1221.308,68457.85477554014,0.0,12678.403801445893,0.0,74.364,0.0,0.0,0.0,0.0,40000.0,0.0,38000.0,-40000.0,-26025.924198554138,0.0,0.0,0.0
3852,12,87477.08847,42955.705358823,75628.16973647251,42955.705358823,1221.308,67956.05779249097,0.0,15269.653318686022,0.0,74.364,0.0,0.0,0.0,0.0,40000.0,0.0,76000.0,-40000.0,-23434.67468131397,0.0,0.0,0.0
3853,13,89062.48015,48454.86934112699,75112.937558009,48454.86934112699,1221.308,61462.60798094077,0.0,17849.330827932234,0.0,74.364,0.0,0.0,0.0,0.0,40000.0,0.0,114000.0,-40000.0,-20854.997172067757,0.0,0.0,0.0
3854,14,90763.01432,43139.278801142005,74159.28404054449,42817.23120312298,1221.308,67477.33649054449,0.0,19172.774626332513,0.0,74.364,0.0,0.0,0.0,0.0,40000.0,0.0,152000.0,-40000.0,-19531.55337366747,0.0,0.0,0.0
3855,15,92758.5278,39540.308106202996,72893.3680846295,32018.609606269,1221.308,45631.64449314208,0.0,22308.01833216785,0.0,0.0,0.0,0.0,0.0,0.0,8421.052631578932,0.0,160000.0,-8421.052631578932,15108.273700588914,0.0,0.0,0.0
3856,16,94689.11472,31828.572651524002,68507.23269575651,31828.572651524002,1188.098,35954.57399594346,0.0,25643.506072532535,0.0,74.364,0.0,0.0,0.0,0.0,0.0,0.0,160000.0,0.0,26905.968072532538,0.0,0.0,0.0
3857,17,96346.98512,29814.873744436998,61915.664791659,29741.671894437,537.466,40338.07087003045,0.0,25729.776355532536,0.0,0.0,0.0,0.0,0.0,0.0,0.0,0.0,160000.0,0.0,26267.24235553255,0.0,0.0,0.0
3858,18,96772.27064,38654.345793358,47252.6578071585,38654.345793358,1215.1800000000003,29160.834458109442,0.0,25816.046638532534,0.0,74.364,0.0,0.0,0.0,1851.4997500000036,0.0,0.0,160000.0,0.0,28957.09038853256,0.0,0.0,0.0
3859,19,96000.54735,31997.016443511,23030.987005689,31997.016443511,1221.308,23030.987005689,593.212,25849.203530432533,28.5,74.364,0.0,0.0,0.0,3702.9995000000054,0.0,9502.956870367423,149996.8875048764,9502.956870367423,40972.543900799996,16.24260000000009,16.24260000000009,16.24260000000009
3860,20,95769.90892,36386.240550197996,4366.0072890605,36386.240550197996,1221.308,4366.0072890605,593.212,25849.203530432533,50.0,74.364,0.0,0.0,0.0,5554.499250000003,0.0,21675.074300308966,127181.01982034063,21675.074300308966,55017.661080741505,16.242599999999996,16.242599999999996,16.242599999999996
3861,21,95143.00132,45582.274004449995,0.0,45582.274004449995,1221.308,0.0,593.212,25849.203530432533,50.0,74.364,0.0,0.0,0.0,7405.999,0.0,14366.640785117455,112058.24004653278,14366.640785117455,49560.72731555,16.2426,16.2426,16.2426
3862,22,91258.82994,45931.619448291,0.0,45931.619448291,1221.308,0.0,593.212,25849.203530432533,50.0,74.364,0.0,0.0,0.0,7405.999,0.0,10133.123961276466,101391.79377150493,10133.123961276466,45327.210491709,16.2426,16.2426,16.2426
3863,23,84350.59289,43272.522805834,0.0,43272.522805834,1221.308,0.0,593.212,25849.203530432533,50.0,74.364,0.0,0.0,0.0,7405.999,0.0,5883.983553733461,95198.12687283813,5883.983553733461,41078.070084166,16.2426,16.2426,16.2426
3864,24,78512.45138,41657.157194736006,0.0,41657.157194736006,1221.308,0.0,593.212,25849.203530432533,28.499999999999996,74.364,0.0,0.0,0.0,6367.462069174971,0.0,2721.2445856564955,92333.65888793656,2721.2445856564955,36855.29418526399,16.242599999999868,16.242599999999868,16.242599999999868
3865,25,74557.82972,42781.21835642999,0.0,42781.21835642999,1221.308,0.0,0.0,25849.203530432533,0.0,74.364,0.0,0.0,0.0,4515.962319174971,0.0,115.77351396248469,92211.79203113394,115.77351396248469,31776.611363570002,3.2183999999987276,3.2183999999987276,3.2183999999987276
3866,26,71899.9541,38663.383204392,0.0,38663.383204392,1221.308,0.0,593.212,25849.203530432533,21.5,74.364,0.0,0.0,0.0,5554.49924999999,77.51588482451916,0.0,92285.43212171724,-77.51588482451916,33236.570895608005,7.529,7.529,7.529
3867,27,70677.41516,32358.404748941997,0.0,32358.404748941997,1221.308,0.0,593.212,25849.203530432533,50.0,74.364,0.0,0.0,0.0,7405.999,0.0,3124.9238806254675,88996.03856316411,3124.9238806254675,38319.01041105801,16.242600000000003,16.242600000000003,16.242600000000003
3868,28,71001.45896,33771.878699452995,0.0,33771.878699452995,1221.308,0.0,593.212,25849.203530432533,50.0,74.364,0.0,0.0,0.0,5554.499250000002,0.0,3886.993480114472,84904.46647883308,3886.993480114472,37229.58026054701,16.24260000000011,16.24260000000011,16.24260000000011
3869,29,73290.71861,30637.728644411,504.04100000000005,30637.728644411,1221.308,504.04100000000005,593.212,25849.203530432533,28.5,74.364,0.0,0.0,0.0,3702.9995000000017,0.0,10679.361935156454,73663.03286287893,10679.361935156454,42148.948965589,16.2426000000003,16.2426000000003,16.2426000000003
3870,30,77669.13837,25498.040048479,21156.730807112002,25498.040048479,1221.308,21156.730807112002,348.123,25849.203530432533,0.0,74.364,0.0,0.0,0.0,1851.4997500000009,0.0,1669.8692339764743,71905.27577448264,1669.8692339764743,31014.367514408998,6.436799999999135,6.436799999999135,6.436799999999135
3871,31,82921.45173,21184.674439413,38679.849191782,21184.674439413,1221.308,38679.849191781985,0.0,25849.203530432533,0.0,74.364,0.0,0.0,0.0,0.0,4087.947431627519,0.0,75788.82583452878,-4087.947431627519,23056.928098805016,0.0,0.0,0.0
3872,32,88645.79226,15578.224749463001,54432.3981478825,15578.224749463001,1221.308,54432.398147884305,0.0,25849.203530432533,0.0,74.364,0.0,0.0,0.0,0.0,8509.706167780048,0.0,83873.04669391984,-8509.706167780048,18635.169362652698,0.0,0.0,0.0
3873,33,92941.19245,10865.917909331001,65232.8335611965,10865.917909331001,1221.308,65232.83356119809,0.0,25849.203530432533,0.0,74.364,0.0,0.0,0.0,0.0,10302.434550961838,0.0,93660.35951733358,-10302.434550961838,16842.440979470906,0.0,0.0,0.0
3874,34,97118.32428,7618.210594718001,69711.565232873,7618.210594718001,1221.308,69711.56523287471,0.0,25849.203530432533,0.0,74.364,0.0,0.0,0.0,0.0,7356.327078025456,0.0,100648.87024145776,-7356.327078025456,19788.548452407296,0.0,0.0,0.0
3875,35,100811.7235,6313.487291791,72268.96519580601,6313.487291791,1221.308,72268.9651958078,0.0,25849.203530432533,0.0,74.364,0.0,0.0,0.0,0.0,4915.604518031566,0.0,105318.69453358774,-4915.604518031566,22229.271012401194,0.0,0.0,0.0
3876,36,103105.5057,8154.171005896001,73505.0021640305,8154.171005896001,1221.308,73505.0021640326,0.0,25849.203530432533,0.0,74.364,0.0,0.0,0.0,0.0,5698.543000361338,0.0,110732.310383931,-5698.543000361338,21446.33253007139,0.0,0.0,0.0
3877,37,105624.832,8971.276748233999,72935.729609771,8971.276748233999,1221.308,72935.729609771,0.0,25849.203530432533,0.0,74.364,0.0,0.0,0.0,0.0,3427.0498884375847,0.0,113988.00777794671,-3427.0498884375847,23717.82564199499,0.0,0.0,0.0
3878,38,108403.9442,11113.795689914,73927.3395823155,11113.795689914,1221.308,73927.33958231728,0.0,25849.203530432533,0.0,74.364,0.0,0.0,0.0,0.0,3782.066602664034,0.0,117580.97105047754,-3782.066602664034,23362.808927768725,0.0,0.0,0.0
3879,39,110444.2061,15185.500409986002,71510.21254933199,15185.500409986002,1221.308,71510.21254933374,0.0,25849.203530432533,0.0,74.364,0.0,0.0,0.0,0.0,3396.3823897525035,0.0,120807.53432074242,-3396.3823897525035,23748.493140680264,0.0,0.0,0.0
3880,40,111826.612,19305.831494885,67674.39222121848,19305.831494885,1221.308,67674.39222121851,0.0,25849.203530434406,0.0,74.364,0.0,0.0,0.0,0.0,2298.4872465381686,0.0,122991.09720495368,-2298.4872465381686,24846.38828389648,0.0,0.0,0.0
3881,41,112387.9263,24543.985353315,60591.320454165005,24543.985353315,1221.308,60591.320454165005,0.0,25849.203530432533,0.0,74.364,0.0,0.0,0.0,1851.4997500000072,1743.7547879125486,0.0,124647.66425347062,-1743.7547879125486,27252.62049252,0.0,0.0,0.0
3882,42,111164.4235,27323.46770836,45527.09933975749,27323.46770836,1221.308,45527.09933975749,593.212,25849.203530432533,28.5,74.364,0.0,0.0,0.0,3702.999500000008,0.0,6844.269421449969,117443.17012562855,6844.269421449969,38313.856451882515,16.24260000000031,16.24260000000031,16.24260000000031
3883,43,108857.5289,33706.395691517,27866.360697580498,33706.395691517,1221.308,27866.360697580498,593.212,25849.203530432533,50.0,74.364,0.0,0.0,0.0,5554.499250000003,0.0,13942.185730469966,102767.18514618647,13942.185730469966,47284.772510902505,16.2426,16.2426,16.2426
3884,44,107091.8941,35646.688854923006,3313.3711439355,35646.688854923006,1221.308,3313.3711439355,593.212,25849.203530432533,50.0,74.364,0.0,0.0,0.0,7405.999,0.0,32937.747570708954,68095.87191386125,32937.747570708954,68131.8341011415,16.2426,16.2426,16.2426
3885,45,104855.9945,50137.538893499004,0.0,50137.538893499004,1221.308,0.0,593.212,25849.203530432533,50.0,74.364,0.0,0.0,0.0,7405.999,0.0,19524.36907606847,47543.904465368134,19524.36907606847,54718.455606501,16.2426,16.2426,16.2426
3886,46,99050.02763,46653.56795585,0.0,46653.56795585,1221.308,0.0,593.212,25849.203530432533,50.0,74.364,0.0,0.0,0.0,7405.999,0.0,17202.373143717465,29436.143261455014,17202.373143717465,52396.45967415,16.2426,16.2426,16.2426
3887,47,90540.67148,43932.392009767995,0.0,43932.392009767995,1221.308,0.0,593.212,25849.203530432533,50.0,74.364,0.0,0.0,0.0,5554.499249999999,0.0,13265.692689799469,15472.256219560837,13265.692689799469,46608.27947023201,16.242600000000277,16.242600000000277,16.242600000000277
3888,48,83532.45733,43214.965451362,0.0,43214.965451362,1221.308,0.0,593.212,25849.203530432533,28.499999999999996,74.364,0.0,0.0,0.0,3702.999499999998,0.0,8847.904848205475,6158.672168818231,8847.904848205475,40317.49187863801,16.24260000000012,16.24260000000012,16.24260000000012
3889,49,78958.81101,48431.37559746901,0.0,48431.37559746901,1221.308,0.0,348.123,25849.203530432533,0.0,74.364,0.0,0.0,0.0,1851.4997499999972,0.0,1182.9371320984615,4913.475187661956,1182.9371320984615,30527.435412531,6.4367999999994225,6.4367999999994225,6.4367999999994225
3890,50,75771.65046,50922.37185722,0.0,50922.37185722,1221.308,0.0,0.0,25849.203530432533,0.0,74.364,0.0,0.0,0.0,0.0,2295.5969276525275,0.0,7094.292268931857,-2295.5969276525275,24849.278602780003,0.0,0.0,0.0
3891,51,74030.34122,50755.075848395,0.0,50755.075848396664,1221.308,0.0,0.0,25849.203530432533,0.0,74.364,0.0,0.0,0.0,0.0,3869.6101588294855,0.0,10770.421919819868,-3869.6101588294855,23275.26537160334,0.0,0.0,0.0
3892,52,73752.29268,47911.30835479099,0.0,47911.30835479275,1221.308,0.0,0.0,25849.203530432533,0.0,74.364,0.0,0.0,0.0,0.0,1303.8912052255841,0.0,12009.118564784172,-1303.8912052255841,25840.984325207246,0.0,0.0,0.0
3893,53,75247.32009,49612.567340956,523.1771,49612.567340956,1221.308,523.1771,0.0,25849.203530432533,0.0,74.364,0.0,0.0,0.0,0.0,2033.2998813885506,0.0,13940.753452103296,-2033.2998813885506,25111.575649043996,0.0,0.0,0.0
3894,54,79532.50128,17443.817248858002,19893.256708179,17443.817248858002,1221.308,19893.256708179,593.212,25849.203530432533,28.499999999999996,74.364,0.0,0.0,0.0,1851.499749999999,0.0,12577.34004253217,701.4481441746964,12577.34004253217,42195.42732296299,16.242599999999864,16.242599999999864,16.242599999999864
3895,55,84797.23585,19490.848302158003,35021.9245304435,19490.848302158003,1221.308,35021.9245304435,593.212,25849.203530432533,28.5,74.364,0.0,0.0,0.0,1851.4997499999972,0.0,666.3757369659616,0.0,666.3757369659616,30284.46301739849,16.2426,16.2426,16.2426
3896,56,90298.3893,20355.794697151,48065.719298230004,20355.794697151,1215.1800000000003,42803.84707241647,0.0,25849.203530432533,0.0,74.364,0.0,0.0,0.0,0.0,0.0,0.0,0.0,0.0,27138.747530432527,0.0,0.0,0.0
3897,57,94644.23578,23989.194745301,57281.1740140225,23989.194745301,1221.308,43510.16550426647,0.0,25849.203530432533,0.0,74.364,0.0,0.0,0.0,0.0,0.0,0.0,0.0,0.0,27144.87553043254,0.0,0.0,0.0
3898,58,98755.77227,20496.948803437,61411.09901300949,19390.893903705,1221.308,52268.0598630095,0.0,25849.203530432533,0.0,26.306972852906256,0.0,0.0,0.0,0.0,0.0,0.0,0.0,0.0,27096.818503285504,0.0,0.0,0.0
3899,59,102875.8606,19114.100395946996,64302.3339984095,19114.100395946996,826.982,57011.21067362046,0.0,25849.203530432533,0.0,74.364,0.0,0.0,0.0,0.0,0.0,0.0,0.0,0.0,26750.549530432545,0.0,0.0,0.0
3900,60,106218.2938,19796.552645347,65176.837806922,16572.03016264544,1189.694,62533.002106921995,0.0,25849.203530432533,0.0,74.364,0.0,0.0,0.0,0.0,0.0,0.0,0.0,0.0,27113.261530432574,0.0,0.0,0.0
3901,61,109103.0924,26176.673557557,65239.30854853051,26176.673557557,1221.308,55781.543312010464,0.0,25849.203530432533,0.0,74.364,0.0,0.0,0.0,0.0,0.0,0.0,0.0,0.0,27144.87553043254,0.0,0.0,0.0
3902,62,111782.6425,34768.540800537,66322.637656936,34768.540800537,1221.308,64874.47438246189,0.0,25849.203530432533,0.0,74.364,0.0,0.0,0.0,0.0,15005.248213431416,0.0,14254.985802759846,-15005.248213431416,12139.627317001112,0.0,0.0,0.0
3903,63,114082.1491,45741.877490326995,61667.2073806175,45726.55858148247,516.195,41915.827988085,0.0,25849.203530432533,0.0,74.364,0.0,0.0,0.0,0.0,0.0,0.0,14254.985802759846,0.0,26439.76253043252,0.0,0.0,0.0
3904,64,115434.3033,49399.049244468,66255.4003956655,49399.049244468,1221.3080000028872,66255.4003956655,0.0,25849.20353043236,0.0,74.364,0.0,0.0,0.0,0.0,27365.021870568973,0.0,40251.75657980037,-27365.021870568973,-220.14634013350587,0.0,0.0,0.0
3905,65,115678.3327,47613.87844696899,59382.5172467365,42011.822746968995,776.745,47040.5614225985,0.0,25849.203530432533,0.0,0.0,0.0,0.0,0.0,0.0,0.0,0.0,40251.75657980037,0.0,26625.9485304325,0.0,0.0,0.0
3906,66,114066.9538,52059.243494686,44941.325119402005,52012.51875029049,418.922,35711.945519277004,0.0,25849.203530432533,0.0,74.364,0.0,0.0,0.0,0.0,0.0,0.0,40251.75657980037,0.0,26342.48953043251,0.0,0.0,0.0
3907,67,111261.2964,58331.42590579601,28178.459045994,58331.42590579601,1221.308,25784.994963771453,0.0,25849.203530432533,0.0,74.364,0.0,0.0,0.0,0.0,0.0,0.0,40251.75657980037,0.0,27144.875530432546,0.0,0.0,0.0
3908,68,108846.6046,61284.50939703599,4554.383507799999,61284.50939703599,1221.308,4554.383507799999,593.212,25849.203530432533,28.499999999999996,74.364,0.0,0.0,0.0,1851.4997499999936,0.0,13389.624414731497,26157.41509060932,13389.624414731497,43007.71169516402,16.24259999999988,16.24259999999988,16.24259999999988
3909,69,106025.0113,64980.886705417004,0.0,64980.886705417004,1221.308,0.0,593.212,25849.203530432533,50.0,74.364,0.0,0.0,0.0,3702.9994999999935,0.0,9553.037564150469,16101.586075714094,9553.037564150469,41044.124594582994,16.2426,16.2426,16.2426
3910,70,100256.2962,62032.967409918005,0.0,62032.967409918005,1221.308,0.0,593.212,25849.203530432533,28.499999999999996,74.364,0.0,0.0,0.0,1851.49975,0.0,8605.241509649464,7043.437118188343,8605.241509649464,38223.32879008199,16.167300000000527,16.167300000000527,16.167300000000527
3911,71,91764.2147,58823.203388508,0.0,58823.203388508,1221.308,0.0,0.0,25849.203530432533,0.0,74.364,0.0,0.0,0.0,0.0,0.0,5796.13578105946,942.2415591783855,5796.13578105946,32941.011311491995,0.0,0.0,0.0
3912,72,85053.21987,56986.297858348,0.0,56986.297858348,1221.308,0.0,26.917,25849.203530432533,0.0,74.364,0.0,0.0,0.0,0.0,0.0,895.1294812194662,0.0,895.1294812194662,28066.922011652,5.323000000000003,5.323000000000003,5.323000000000003
3913,73,80178.37356,56987.725502197995,0.0,53290.790602658,964.0154269094892,0.0,0.0,25849.203530432533,0.0,74.364,0.0,0.0,0.0,0.0,0.0,0.0,0.0,0.0,26887.582957342005,0.0,0.0,0.0
3914,74,76897.93946,54361.263949652006,0.0,50002.551999002004,1046.1839305654623,0.0,0.0,25849.203530432533,0.0,0.0,0.0,0.0,0.0,0.0,0.0,0.0,0.0,0.0,26895.38746099799,0.0,0.0,0.0
3915,75,74968.55376,52124.654689316994,0.0,48686.61522956746,358.371,0.0,0.0,25849.203530432533,0.0,74.364,0.0,0.0,0.0,0.0,0.0,0.0,0.0,0.0,26281.938530432533,0.0,0.0,0.0
3916,76,74696.93479,55436.816151568,0.0,47552.05925956748,1221.308,0.0,0.0,25849.203530432533,0.0,74.364,0.0,0.0,0.0,0.0,0.0,0.0,0.0,0.0,27144.875530432517,0.0,0.0,0.0
3917,77,76126.84323,59957.865449901,639.9225,48342.04519956747,1221.308,639.9225,0.0,25849.203530432533,0.0,74.364,0.0,0.0,0.0,0.0,0.0,0.0,0.0,0.0,27144.87553043253,0.0,0.0,0.0
3918,78,80100.02771,59959.523157854994,19942.6736839315,35257.845407855,91.70023778095492,18826.9145339315,0.0,25849.203530432533,0.0,74.364,0.0,0.0,0.0,0.0,0.0,0.0,0.0,0.0,26015.267768213496,0.0,0.0,0.0
3919,79,85036.27501,53206.448810933,37524.79576686,34465.626449904,0.0,24721.44502966347,0.0,25849.203530432533,0.0,0.0,0.0,0.0,0.0,0.0,0.0,0.0,0.0,0.0,25849.20353043253,0.0,0.0,0.0
3920,80,90626.49541,41964.457150536,53280.238507308495,41964.457150536,847.325,21891.14572903147,0.0,25849.203530432533,0.0,74.364,0.0,0.0,0.0,0.0,0.0,0.0,0.0,0.0,26770.892530432535,0.0,0.0,0.0
3921,81,95030.6033,32556.11305253,63662.04189764101,29909.794628568932,1136.6390000000001,38060.6021409985,0.0,25849.203530432533,0.0,74.364,0.0,0.0,0.0,0.0,0.0,0.0,0.0,0.0,27060.206530432573,0.0,0.0,0.0
3922,82,99198.21199,35401.98335504101,68229.022066701,26915.848950821433,1176.542,45256.617508746,0.0,25849.203530432533,0.0,0.0,0.0,0.0,0.0,0.0,0.0,0.0,0.0,0.0,27025.74553043257,0.0,0.0,0.0
3923,83,103033.3721,41138.67240731599,71088.24231002151,41127.351207315995,948.022,35034.43136225148,0.0,25849.203530432533,0.0,74.364,0.0,0.0,0.0,0.0,0.0,0.0,0.0,0.0,26871.589530432517,0.0,0.0,0.0
3924,84,105426.7444,46421.37140290099,72691.646566946,43706.760702176,628.446,35708.37865067093,0.0,25308.79504715305,0.0,74.364,0.0,0.0,0.0,0.0,0.0,0.0,0.0,0.0,26011.60504715307,0.0,0.0,0.0
3925,85,108011.926,52241.305444734004,72388.075548355,37660.793750136,81.702,47889.895572431735,0.0,22305.17067743224,0.0,74.364,0.0,0.0,0.0,0.0,0.0,0.0,0.0,0.0,22461.236677432273,0.0,0.0,0.0
3926,86,110643.0331,53881.525645019,72557.1176056775,27368.390294811004,1188.5638210717111,58872.7344477675,0.0,23138.980536349784,0.0,74.364,0.0,0.0,0.0,0.0,0.0,0.0,0.0,0.0,24401.908357421496,0.0,0.0,0.0
3927,87,112709.996,57744.027644881004,69750.8711368435,57686.399078880975,1106.3960000000002,69750.8711368435,0.0,24091.965784275526,0.0,74.364,0.0,0.0,0.0,0.0,40000.0,0.0,38000.0,-40000.0,-14727.27421572448,0.0,0.0,0.0
3928,88,114100.52,52944.649207730996,65808.38413466049,44446.42713810447,554.586,43175.939331463,0.0,25849.203530432533,0.0,74.364,0.0,0.0,0.0,0.0,0.0,0.0,38000.0,0.0,26478.153530432537,0.0,0.0,0.0
3929,89,113923.302,55189.228353291,59610.389714025005,54326.521453933,371.770363794446,33375.80665184,0.0,25849.203530432533,0.0,0.0,0.0,0.0,0.0,0.0,0.0,0.0,38000.0,0.0,26220.973894226998,0.0,0.0,0.0
3930,90,112825.768,59454.112852449005,45214.616691562,59454.11285245168,1221.308,45214.616691562,0.0,25849.203530432304,0.0,74.364,0.0,0.0,0.0,0.0,18987.837074446255,0.0,56038.44522072394,-18987.837074446255,8157.038455986316,0.0,0.0,0.0
3931,91,110067.7597,62509.838746604,28132.123149837,54790.76101973047,1221.308,28132.123149837,0.0,25849.203530432533,0.0,74.364,0.0,0.0,0.0,0.0,0.0,0.0,56038.44522072394,0.0,27144.875530432528,0.0,0.0,0.0
3932,92,108075.5155,65620.33109692001,3471.9541959784997,65620.33109692001,1221.308,3471.9541959784997,593.212,25849.203530432533,28.499999999999996,74.364,0.0,0.0,0.0,1851.49975,0.0,9365.142926668972,46180.4000347566,9365.142926668972,38983.230207101486,16.167300000000115,16.167300000000115,16.167300000000115
3933,93,105775.5479,61687.04304648301,0.0,61687.04304648301,1221.308,0.0,593.212,25849.203530432533,50.0,74.364,0.0,0.0,0.0,3702.999499999997,0.0,12597.417823084466,32919.96022098348,12597.417823084466,44088.50485351699,16.2426,16.2426,16.2426
3934,94,100550.9838,60562.906693629004,0.0,60562.906693629004,1221.308,0.0,593.212,25849.203530432533,28.499999999999996,74.364,0.0,0.0,0.0,1851.49975,0.0,10369.989825938479,22004.18145683771,10369.989825938479,39988.077106371,16.2426,16.2426,16.2426
3935,95,92384.09641,60525.391158043,0.0,60525.391158043,1221.308,0.0,0.0,25849.203530432533,0.0,74.364,0.0,0.0,0.0,0.0,0.0,4713.829721524471,17042.255434180373,4713.829721524471,31858.705251957,0.0,0.0,0.0
3936,96,85268.03103,56892.90029923701,0.0,56892.90029923701,1221.308,0.0,169.95,25849.203530432533,0.0,74.364,0.0,0.0,0.0,0.0,0.0,1060.305200330458,15926.144696990417,1060.305200330458,28375.13073076299,6.32,6.32,6.32
3937,1,80208.11583,55586.191353746,0.0,55586.19135374634,1221.308,0.0,0.0,25849.203530432533,0.0,74.364,0.0,0.0,0.0,0.0,2522.9510541792656,0.0,2396.8035014703023,-2522.9510541792656,24621.924476253655,0.0,0.0,0.0
3938,2,77044.23349,52763.21590399,0.0,52763.21590399,1221.3080000010486,0.0,0.0,25849.203530432533,0.0,74.364,0.0,0.0,0.0,0.0,2863.8579444238917,0.0,5117.4685486729995,-2863.8579444238917,24281.01758601,0.0,0.0,0.0
3939,3,75369.9342,50167.729400095996,0.0,48225.05866956746,1221.308,0.0,0.0,25849.203530432533,0.0,74.364,0.0,0.0,0.0,0.0,0.0,0.0,5117.4685486729995,0.0,27144.875530432546,0.0,0.0,0.0
3940,4,75085.64573,48739.669650402,0.0,48739.669650402,1221.308,0.0,0.0,25050.304079598,0.0,74.364,0.0,0.0,0.0,0.0,0.0,0.0,5117.4685486729995,0.0,26345.976079598004,0.0,0.0,0.0
3941,5,76820.15656,48195.685398983995,556.5589,48195.685398983995,1221.308,556.5589,26.917,25849.203530432533,0.0,74.364,0.0,0.0,0.0,0.0,0.0,896.1197305834694,4174.184621743032,896.1197305834694,28067.91226101601,5.323000000000034,5.323000000000034,5.323000000000034
3942,6,81076.6365,49740.77965137999,18941.364908317002,49740.77965137999,1221.308,18941.364908317002,0.0,25849.203530432525,0.0,74.364,0.0,0.0,0.0,0.0,14750.383590129533,0.0,18187.04903236609,-14750.383590129533,12394.491940303,0.0,0.0,0.0
3943,7,86455.97625,41742.741102497996,37830.034016499994,41742.741102497996,1221.308,37830.034016499994,0.0,25849.203530432533,0.0,74.364,0.0,0.0,0.0,0.0,20261.67439943053,0.0,37435.63971182509,-20261.67439943053,6883.201131002017,0.0,0.0,0.0
3944,8,91984.89882,30935.737708732006,53584.9883037695,29291.60058794912,1137.2040000000002,38687.554907627506,0.0,22794.175324423373,0.0,74.364,0.0,0.0,0.0,0.0,0.0,0.0,37435.63971182509,0.0,24005.743324423376,0.0,0.0,0.0
3945,9,96364.97486,23384.499005421,63960.4062451555,17105.571135073667,428.40299999999996,60104.8039951555,0.0,25733.31893043253,0.0,74.364,0.0,0.0,0.0,0.0,7081.4862006616895,0.0,44163.05160245369,-7081.4862006616895,19154.599729770838,0.0,0.0,0.0
3946,10,100063.4949,22153.898652398002,68852.006562168,22153.898652398002,1221.308,68852.006562168,0.0,25849.203530432533,0.0,74.364,0.0,0.0,0.0,0.0,18087.285844998565,0.0,61345.97315520233,-18087.285844998565,9057.58968543401,0.0,0.0,0.0
3947,11,103336.1933,20988.411855911003,72373.518190128,20988.411855911003,1221.308,72373.518190128,0.0,25849.203530432533,0.0,74.364,0.0,0.0,0.0,0.0,17170.612276471547,0.0,77658.05481785028,-17170.612276471547,9974.263253960991,0.0,0.0,0.0
3948,12,105607.4489,19515.323344187003,73816.03925611099,19515.323344187003,1221.308,73816.03925611099,0.0,25849.203530432533,0.0,74.364,0.0,0.0,0.0,0.0,14868.789230730612,0.0,91783.40458704437,-14868.789230730612,12276.086299702001,0.0,0.0,0.0
3949,13,107784.147,25776.487142711998,73508.754510746,25776.48714271198,1221.308,73508.754510746,0.0,25849.203530432533,0.0,74.364,0.0,0.0,0.0,0.0,18645.97018389054,0.0,109497.07626174041,-18645.97018389054,8498.905346542015,0.0,0.0,0.0
3950,14,110410.6794,35665.542646135,73879.9732181415,35665.54264613499,1221.308,73879.9732181415,0.0,25849.203530432533,0.0,74.364,0.0,0.0,0.0,0.0,26279.71199470904,0.0,134462.802656714,-26279.71199470904,865.1635357234918,0.0,0.0,0.0
3951,15,112284.6962,41679.708494075,70341.37253684449,41679.708494075,1221.308,70341.37253684591,0.0,25849.203530432533,0.0,74.364,0.0,0.0,0.0,0.0,26881.260361353685,0.0,160000.0,-26881.260361353685,263.6151690791012,0.0,0.0,0.0
3952,16,113535.5136,42945.591560624,66126.09751473299,42705.74021005194,1221.308,43684.8978595155,0.0,25849.203530432533,0.0,74.364,0.0,0.0,0.0,0.0,0.0,0.0,160000.0,0.0,27144.875530432568,0.0,0.0,0.0
3953,17,113497.2873,43589.159451365,59047.11734063401,27305.29442893344,1221.308,59047.11734063401,0.0,25849.203530432533,0.0,74.364,0.0,0.0,0.0,0.0,0.0,0.0,160000.0,0.0,27144.875530432546,0.0,0.0,0.0
3954,18,111706.1138,45762.50760305701,44705.803036277,45762.50760305701,1221.308,36986.27444851047,0.0,25810.159998432533,0.0,74.364,0.0,0.0,0.0,1851.499749999958,0.0,0.0,160000.0,0.0,28957.33174843253,0.0,0.0,0.0
3955,19,109003.4195,40665.84586042601,27510.469058943,40665.84586042601,1221.308,27510.469058943,593.212,25849.203530432533,28.499999999999996,74.364,0.0,0.0,0.0,3702.99949999997,0.0,9357.517550198481,150149.98152610686,9357.517550198481,40827.104580631,16.242600000246064,16.242600000246064,16.242600000246064
3956,20,106955.7856,43639.65499823201,3075.337852794,43639.65499823201,1221.308,3075.337852794,593.212,25849.203530432533,50.0,74.364,0.0,0.0,0.0,5554.499249999975,0.0,26898.205968541482,121836.0805065895,26898.205968541482,60240.792748973996,16.24259999999993,16.24259999999993,16.24259999999993
3957,21,105156.3593,50652.147945572,0.0,50652.147945572,1221.308,0.0,593.212,25849.203530432533,50.0,74.364,0.0,0.0,0.0,7405.999,0.0,19310.12482400001,101509.6333234316,19310.12482400001,54504.211354428,16.24260000000004,16.24260000000004,16.24260000000004
3958,22,100164.8772,50510.774001096004,0.0,50510.774001096004,1221.308,0.0,593.212,25849.203530432533,50.0,74.364,0.0,0.0,0.0,7405.999,0.0,14460.016668471479,86288.5631460932,14460.016668471479,49654.103198904,16.242600000000525,16.242600000000525,16.242600000000525
3959,23,92167.63765,48844.327754396,0.0,48844.327754396,1221.308,0.0,593.212,25849.203530432533,50.0,74.364,0.0,0.0,0.0,7405.999,0.0,8129.2233651711895,77731.48591959692,8129.2233651711895,43323.309895604005,16.24259999999977,16.24259999999977,16.24259999999977
3960,24,84908.7756,41671.62315217599,0.0,41671.62315217599,1221.308,0.0,593.212,25849.203530432533,50.0,74.364,0.0,0.0,0.0,7405.999,0.0,8043.065917391329,69265.10074339536,8043.065917391329,43237.152447824,16.242600000000056,16.242600000000056,16.242600000000056
3961,25,80348.3736,39370.265641397,0.0,39370.265641397,1221.308,0.0,593.212,25849.203530432533,50.0,74.364,0.0,0.0,0.0,7405.999,0.0,5784.021428170616,63176.65713479487,5784.021428170616,40978.107958603,16.242599999999797,16.242599999999797,16.242599999999797
3962,26,77347.8003,38238.595608754,0.0,38238.595608754,1221.308,0.0,593.212,25849.203530432533,50.0,74.364,0.0,0.0,0.0,7405.999,0.0,3915.1181608134743,59055.480123411726,3915.1181608134743,39109.204691246,16.242599999999157,16.242599999999157,16.242599999999157
3963,27,75448.39078,35028.811794053,0.0,35028.811794053,1221.308,0.0,593.212,25849.203530432533,50.0,74.364,0.0,0.0,0.0,7405.999,0.0,5225.492455514835,53554.96174918651,5225.492455514835,40419.578985947,16.242599999999833,16.242599999999833,16.242599999999833
3964,28,75065.15212,34590.025101868,0.0,34590.025101868,1221.308,0.0,593.212,25849.203530432533,50.0,74.364,0.0,0.0,0.0,7405.998999998676,0.0,5281.040487699481,47995.971762134664,5281.040487699481,40475.127018132,16.242599999999918,16.242599999999918,16.242599999999918
3965,29,76586.7452,33510.245698718,345.53499999999997,33510.245698718,1221.308,345.53499999999997,593.212,25849.203530432533,50.0,74.364,0.0,0.0,0.0,5554.499249999753,0.0,9388.377720849727,38113.46889808232,9388.377720849727,42730.964501282004,16.2426000000007,16.2426000000007,16.2426000000007
3966,30,80627.1094,32586.362552226,18334.448386998498,32586.362552226,1221.308,18334.448386998498,593.2119999999854,25849.203530432533,21.5,74.364,0.0,0.0,0.0,3702.9995000000204,1756.2885696570593,0.0,39781.94303925652,-1756.2885696570593,29706.298460775506,7.528999999999872,7.528999999999872,7.528999999999872
3967,31,85946.1508,22230.230454304,36953.456922728,22230.230454304,1221.308,36953.456922728,0.0,25849.203530430055,0.0,74.364,0.0,0.0,0.0,1851.499749999999,2233.9118574620443,0.0,41904.15930384574,-2233.9118574620443,26762.463422968,0.0,0.0,0.0
3968,32,90956.72528,12943.520468065997,53173.043857811004,12943.520468065997,1221.308,53173.043857811004,0.0,25849.203530429724,0.0,74.364,0.0,0.0,0.0,0.0,2304.7145763067406,0.0,44093.63815134188,-2304.7145763067406,24840.160954123,0.0,0.0,0.0
3969,33,95285.26273,12706.556652384,63882.0852284575,12706.556652384,1221.308,63882.08522845938,0.0,25849.203530432533,0.0,74.364,0.0,0.0,0.0,0.0,8448.254681276178,0.0,52119.48009855432,-8448.254681276178,18696.62084915663,0.0,0.0,0.0
3970,34,99124.69314,15383.552553956004,68983.523758118,15383.552553956004,1221.308,68983.523758118,0.0,25849.203530432533,0.0,74.364,0.0,0.0,0.0,0.0,12387.258702506515,0.0,63887.37586593549,-12387.258702506515,14757.616827926002,0.0,0.0,0.0
3971,35,102235.4947,15355.402902592003,71981.94096065349,15355.402902592003,1221.308,71981.94096065349,0.0,25849.203530432533,0.0,74.364,0.0,0.0,0.0,0.0,12246.724693680393,0.0,75521.76432493186,-12246.724693680393,14898.150836754503,0.0,0.0,0.0
3972,36,104336.1079,18002.891002437,73643.2476680805,18002.891002437,1221.308,73643.2476680805,0.0,25849.203530432533,0.0,74.364,0.0,0.0,0.0,0.0,14454.90630095001,0.0,89253.92531083437,-14454.90630095001,12689.969229482507,0.0,0.0,0.0
3973,37,106112.2128,23943.372450865998,72376.65477763,23943.372450865998,1221.308,72376.65477763,0.0,25849.203530432533,0.0,74.364,0.0,0.0,0.0,0.0,17352.68995892853,0.0,105738.98077181648,-17352.68995892853,9792.185571504,0.0,0.0,0.0
3974,38,108016.482,23590.014289166,73781.6159988545,23590.014289166,1221.308,73781.6159988545,0.0,25849.203530432533,0.0,74.364,0.0,0.0,0.0,0.0,16500.02381845303,0.0,121414.00339934687,-16500.02381845303,10644.8517119795,0.0,0.0,0.0
3975,39,109421.9179,23963.586759159003,68664.4418351995,23963.586759159,1221.308,68664.4418351995,0.0,25849.203530432533,0.0,74.364,0.0,0.0,0.0,0.0,10350.98622479102,0.0,131247.44031289834,-10350.98622479102,16793.88930564151,0.0,0.0,0.0
3976,40,110282.4964,23309.19704738,64571.11953164601,23309.19704738,1221.308,64571.11953164601,0.0,25849.203530432533,0.0,74.3639999999974,0.0,0.0,0.0,1851.4997499999808,6594.19545945854,0.0,137511.925999384,-6594.19545945854,22402.179820973994,0.0,0.0,0.0
3977,41,110206.4279,20333.082144843,57293.6140980135,20333.082144843,1221.308,57293.6140980135,593.212,25849.203530432533,28.499999999999996,74.364,0.0,0.0,0.0,3702.9994999999917,0.0,1110.144626710975,136343.35270810928,1110.144626710975,32579.7316571435,16.24260000000007,16.24260000000007,16.24260000000007
3978,42,108507.4171,23014.112855919,43268.490001636994,23014.112855919,1221.308,43268.490001636994,593.212,25849.203530432533,1700.6732594414034,74.364,0.0,0.0,0.0,5554.499250000003,0.0,7231.554202570062,128731.19038961448,7231.554202570062,42224.814242444016,16.242600000000053,16.242600000000053,16.242600000000053
3979,43,105956.8091,32204.178709898,26014.5173291055,32204.178709898,1221.308,26014.5173291055,593.212,25849.203530432533,7110.4658399999635,74.364,0.0,0.0,0.0,7405.999,0.0,5483.560690564012,122959.02124165236,5483.560690564012,47738.113060996504,15.570159997423001,15.570159997423001,15.570159997423001
3980,44,104390.1348,35491.150739548,2927.3067107839997,35491.150739548,1221.308,2927.3067107839997,593.212,25849.203530432533,24452.49,74.364,448.7680000000001,257.0,0.0,7405.999,0.0,5669.332819235475,116991.30248456239,5669.332819235475,65971.677349668,35.45800000257718,35.45800000257718,35.45800000257718
3981,45,102892.7158,38905.569851814,0.0,38905.569851814,1221.308,0.0,593.212,25849.203530432533,24452.49,74.364,36.15999999999997,257.0,0.0,7405.999,0.0,4097.409417753484,112678.23993955873,4097.409417753484,63987.14594818601,33.441879999999955,33.441879999999955,33.441879999999955
3982,46,98869.98738,36847.657905586,0.0,36847.657905586,1221.308,0.0,593.212,25849.203530432533,7110.465839999953,74.364,0.0,0.0,0.0,7405.999,0.0,19767.777103981512,91870.05351431503,19767.777103981512,62022.32947441401,16.242599999999985,16.242599999999985,16.242599999999985
3983,47,91852.04743,35610.406244800004,0.0,35610.406244800004,1221.308,0.0,593.212,25849.203530432533,50.0,74.364,0.0,0.0,0.0,7405.999,0.0,21047.554654767475,69714.73282508612,21047.554654767475,56241.6411852,16.242599999999968,16.242599999999968,16.242599999999968
3984,48,85104.21852,35967.901039748,0.0,35967.901039748,1221.308,0.0,593.212,25849.203530432533,50.0,74.364,0.0,0.0,0.0,7405.999,0.0,13942.230949819477,55038.70024632878,13942.230949819477,49136.31748025199,16.242599999999683,16.242599999999683,16.242599999999683
3985,49,79669.15942,31530.275239873998,0.0,31530.275239873998,1221.308,0.0,593.212,25849.203530432533,50.0,74.364,0.0,0.0,0.0,7405.999,0.0,12944.797649693464,41412.59745717776,12944.797649693464,48138.884180126,16.24260000000042,16.24260000000042,16.24260000000042
3986,50,76446.58152,29934.179004992,0.0,29934.179004992,1221.308,0.0,593.212,25849.203530432533,50.0,74.364,0.0,0.0,0.0,7405.999,0.0,11318.315984575474,29498.58063130884,11318.315984575474,46512.40251500801,16.242600004407244,16.242600004407244,16.242600004407244
3987,51,75015.3174,29731.110508364996,0.0,29731.110508364996,1221.308,0.0,593.212,25849.203530432533,50.0,74.364,0.0,0.0,0.0,7405.999,0.0,10090.120361202476,18877.401303727285,10090.120361202476,45284.206891635,16.242600005388994,16.242600005388994,16.242600005388994
3988,52,74143.67326,32208.57084535,0.0,32208.57084535,1221.308,0.0,593.212,25849.203530432533,50.0,74.364,0.0,0.0,0.0,7405.999,0.0,6741.015884217472,11781.595109814156,6741.015884217472,41935.10241465,16.242599999999953,16.242599999999953,16.242599999999953
3989,53,73833.95483,28892.839545243998,406.01315,28892.839545243998,1221.308,406.01315,593.212,25849.203530432533,50.0,74.364,0.0,0.0,0.0,5554.499250000028,0.0,11192.515354323448,0.0,11192.515354323448,44535.102134756,16.242599999999857,16.242599999999857,16.242599999999857
3990,54,74764.72374,25964.754595928003,17113.818954022,25964.754595928003,1221.308,17113.818954022,593.212,25849.203530432533,245.06315961744247,74.364,0.0,0.0,0.0,3702.9995000000185,0.0,0.0,0.0,0.0,31686.150190049997,16.24260000000012,16.24260000000012,16.24260000000012
3991,55,77777.55588,25180.235144522998,36134.8564991145,25180.235144522998,1221.308,36134.8564991145,0.0,25849.2035304326,0.0,74.364,0.0,0.0,0.0,1851.499750000009,12533.91104407062,0.0,11907.215491867206,-12533.91104407062,16462.464236362495,0.0,0.0,0.0
3992,56,82984.26944,18989.714545721996,51972.086447386,18989.714545721996,1221.308,51972.08644738745,0.0,25849.203530432533,0.0,74.364,0.0,0.0,0.0,0.0,15122.407083542479,0.0,26273.50222123256,-15122.407083542479,12022.468446890554,0.0,0.0,0.0
3993,57,88388.68524,16385.57984378,62848.68455682701,16385.57984378,1221.308,62848.684556828564,0.0,25849.203530432533,0.0,74.364,0.0,0.0,0.0,0.0,17990.454691041316,0.0,43364.43417772182,-17990.454691041316,9154.420839391445,0.0,0.0,0.0
3994,58,93602.91712,13435.535459133,67858.4973184455,13435.535459133,1221.308,67858.49731844928,0.0,25849.203530432533,0.0,74.364,0.0,0.0,0.0,0.0,14835.991188015061,0.0,57458.62580633613,-14835.991188015061,12308.884342417718,0.0,0.0,0.0
3995,59,97791.92784,11414.834799412,70817.264918754,11414.834799412,1221.308,70817.264918754,0.0,25849.203530433748,0.0,74.364,0.0,0.0,0.0,0.0,11585.047408600007,0.0,68464.42084450614,-11585.047408600007,15559.828121834013,0.0,0.0,0.0
3996,60,101093.9251,15840.253350813004,71853.02224631299,15840.253350813004,1221.308,71853.0222463117,0.0,25849.203530432533,0.0,74.364,0.0,0.0,0.0,0.0,13744.226027557259,0.0,81521.43557068553,-13744.226027557259,13400.649502875298,0.0,0.0,0.0
3997,61,103951.377,20815.717856237,71465.0508628555,20815.717856237,1221.308,71465.05086285727,0.0,25849.203530432533,0.0,74.364,0.0,0.0,0.0,0.0,15474.267249527045,0.0,96221.98945773637,-15474.267249527045,11670.608280905726,0.0,0.0,0.0
3998,62,106188.5074,21116.005045269,71297.106063679,21116.005045269,1221.308,71297.1060636791,0.0,25849.203530432533,0.0,74.364,0.0,0.0,0.0,0.0,13369.479239380846,0.0,108922.99473514818,-13369.479239380846,13775.396291051904,0.0,0.0,0.0
3999,63,108212.7834,20600.172500917,67907.26817190851,20600.172500917,1221.308,67907.26817190851,0.0,25849.203530432533,0.0,74.364,0.0,0.0,0.0,0.0,7439.5328032580355,0.0,115990.55089824331,-7439.5328032580355,19705.342727174488,0.0,0.0,0.0
4000,64,110020.007,24063.576858934,63804.693608794994,24063.576858934,1221.308,63804.693608794994,0.0,25849.203530432533,0.0,74.364,0.0,0.0,0.0,0.0,4993.138998161553,0.0,120734.03294649678,-4993.138998161553,22151.736532271003,0.0,0.0,0.0
4001,65,110919.0097,28225.726291024002,57469.052482249994,28225.726291024002,1221.308,57469.052482249994,0.0,25849.203530432533,0.0,74.364,0.0,0.0,0.0,1851.4997500000118,3772.144353708317,0.0,124317.57008251986,-3772.144353708317,25224.23092672599,0.0,0.0,0.0
4002,66,109780.2629,29552.854993794,43313.089462787495,29552.854993794,1221.308,43313.089462787495,593.212,25849.203530432533,28.5,74.364,0.0,0.0,0.0,3702.9995000000213,0.0,5444.73141298594,118586.27385832413,5444.73141298594,36914.31844341851,16.242600000000344,16.242600000000344,16.242600000000344
4003,67,107716.474,34835.12900819,26504.492034927996,34835.12900819,1221.308,26504.492034927996,593.212,25849.203530432533,21.5,74.364,0.0,0.0,0.0,5554.499250000021,0.0,13062.766176449457,104835.99367258787,13062.766176449457,46376.85295688201,9.809360000000062,9.809360000000062,9.809360000000062
4004,68,105988.649,35731.08050116,2128.916091346,35731.08050116,1221.308,2128.916091346,593.212,25849.203530432533,16628.224159999998,74.364,0.0,0.0,0.0,7405.999,0.0,16356.341717061718,87618.79186515448,16356.341717061718,68128.652407494,25.514080000000046,25.514080000000046,25.514080000000046
4005,69,104412.4707,39118.499090449004,0.0,39118.499090449004,1221.308,0.0,593.212,25849.203530432533,50.0,74.364,0.0,0.0,0.0,7405.999,0.0,30099.885079118467,55934.70230818781,30099.885079118467,65293.971609551,16.242599999992343,16.242599999992343,16.242599999992343
4006,70,100369.6631,40800.21729550899,0.0,40800.21729550899,1221.308,0.0,593.212,25849.203530432533,50.0,74.364,0.0,0.0,0.0,7405.999,0.0,24375.359274058475,30276.42938812621,24375.359274058475,59569.44580449101,16.242600000000152,16.242600000000152,16.242600000000152
4007,71,93598.72534,45480.002194421,0.0,45480.002194421,1221.308,0.0,593.212,25849.203530432533,50.0,74.364,0.0,0.0,0.0,7405.999,0.0,12924.636615146477,16671.5487406036,12924.636615146477,48118.723145579,16.24260000000017,16.24260000000017,16.24260000000017
4008,72,86853.35446,43771.11719361,0.0,43771.11719361,1221.308,0.0,593.212,25849.203530432533,50.0,74.364,0.0,0.0,0.0,7405.999,0.0,7888.150735957469,8368.232176437845,7888.150735957469,43082.23726639,16.242599999999896,16.242599999999896,16.242599999999896
4009,73,81755.77442,43468.206144487,0.0,43468.206144487,1221.308,0.0,593.212,25849.203530432533,50.0,74.364,0.0,0.0,0.0,5599.8299405053585,0.0,4899.6508045733235,3210.7050137290835,4899.6508045733235,38287.568275513004,16.24259999999109,16.24259999999109,16.24259999999109
4010,74,77954.55528,44980.493596866,0.0,44980.493596866,1221.308,0.0,593.2119999982137,25849.20353043276,21.5,74.364,0.0,0.0,0.0,3748.330190505379,0.0,1466.143962194319,1667.395579840327,1466.143962194319,32974.061683134,7.528999999998774,7.528999999998774,7.528999999998774
4011,75,75183.21108,43935.767308212,0.0,43935.767308212,1221.308,0.0,593.212,25849.203530432533,28.499999999999996,74.364,0.0,0.0,0.0,1896.8304405071294,0.0,1584.0258008483106,0.0,1584.0258008483106,31247.443771787992,15.15040000000026,15.15040000000026,15.15040000000026
4012,76,73538.08518,48078.148092994,0.0,46347.87895906212,1221.308,0.0,0.0,25849.203530432533,0.0,74.364,0.0,0.0,0.0,45.33069050534624,0.0,0.0,0.0,0.0,27190.20622093787,0.0,0.0,0.0
4013,77,72777.68505,46217.263095947,583.43395,46217.263095947,493.7278376204583,583.4339499999967,0.0,25408.89616643253,0.0,74.364,0.0,0.0,0.0,0.0,0.0,0.0,0.0,0.0,25976.988004053008,0.0,0.0,0.0
4014,78,73073.3198,46554.706553908996,19745.68781591,46554.706553908996,860.174999999997,19745.68781591,0.0,22240.229900432456,0.0,74.364,0.0,0.0,0.0,0.0,16401.843470251457,0.0,15581.751296738881,-16401.843470251457,6772.925430181,0.0,0.0,0.0
4015,79,75565.38967,37278.174190991,37270.474154634,30659.37097392881,126.338,23667.644396125,0.0,21112.03629994618,0.0,0.0,0.0,0.0,0.0,0.0,0.0,0.0,15581.751296738876,0.0,21238.374299946194,0.0,0.0,0.0
4016,80,80933.97509,32026.754040172,52663.807040408006,32026.754040172,292.566,28670.050617081833,0.0,19944.604432746175,0.0,0.0,0.0,0.0,0.0,0.0,0.0,0.0,15581.751296738876,0.0,20237.17043274617,0.0,0.0,0.0
4017,81,87263.063,39555.540949835995,63266.135986476,25920.6902,101.64600000000002,44109.11207725386,0.0,17131.614722746144,0.0,0.0,0.0,0.0,0.0,0.0,0.0,0.0,15581.751296738876,0.0,17233.260722746134,0.0,0.0,0.0
4018,82,93230.6677,43576.594205785,67852.776299879,28604.39815,300.52299999999997,44024.67353030003,0.0,20301.07301969998,0.0,0.0,0.0,0.0,0.0,0.0,0.0,0.0,15581.751296738876,0.0,20601.596019699973,0.0,0.0,0.0
4019,83,98459.37436,48286.210152556996,70627.070995204,46223.08073875699,928.6110000000001,69910.367445204,0.0,21397.315176039025,0.0,0.0,0.0,0.0,0.0,0.0,40000.0,0.0,53581.751296738876,-40000.0,-17674.073823960985,0.0,0.0,0.0
4020,84,102037.1351,52450.257642920005,72541.2459978475,50947.62121218094,815.2950000000001,71632.32499784749,0.0,18567.529889971564,0.0,74.364,0.0,0.0,0.0,0.0,40000.0,0.0,91581.75129673888,-40000.0,-20542.81111002843,0.0,0.0,0.0
4021,85,105317.9214,53625.318297771,72536.0329389405,37582.31199443453,703.544,48876.8122446655,0.0,18155.253160899974,0.0,0.0,0.0,0.0,0.0,0.0,0.0,0.0,91581.75129673888,0.0,18858.79716089998,0.0,0.0,0.0
4022,86,108620.8262,52232.059804715005,74281.257800387,51834.630344333,730.6260000000001,38513.3970062345,0.0,17542.17284943251,0.0,0.0,0.0,0.0,0.0,0.0,0.0,0.0,91581.75129673888,0.0,18272.79884943249,0.0,0.0,0.0
4023,87,111434.9205,61178.472291064994,69788.9213461385,50115.61458876794,364.604,42735.017754486005,0.0,18219.68415674607,0.0,0.0,0.0,0.0,0.0,0.0,0.0,0.0,91581.75129673888,0.0,18584.28815674605,0.0,0.0,0.0
4024,88,113401.7927,61807.10574946301,66168.196914497,57659.51789959401,391.81,35719.52931965985,0.0,19630.935480746146,0.0,0.0,0.0,0.0,0.0,0.0,0.0,0.0,91581.75129673888,0.0,20022.745480746147,0.0,0.0,0.0
4025,89,114357.7001,59352.554346392004,59874.0411924775,53683.67231108999,474.869,38211.26449247751,0.0,21987.894296432485,0.0,0.0,0.0,0.0,0.0,0.0,0.0,0.0,91581.75129673888,0.0,22462.763296432502,0.0,0.0,0.0
4026,90,113604.5153,60481.808499454004,45511.8066018245,50136.90179952401,72.025,44909.63304204352,0.0,18411.59145843249,0.0,74.364,0.0,0.0,0.0,0.0,0.0,0.0,91581.75129673888,0.0,18557.980458432474,0.0,0.0,0.0
4027,91,111117.3013,61884.743004864,28314.958152505,61827.3908230625,983.7620000000001,25978.214152505003,0.0,22253.570324432512,0.0,74.364,0.0,0.0,0.0,0.0,0.0,0.0,91581.75129673888,0.0,23311.6963244325,0.0,0.0,0.0
4028,92,108734.2549,60899.414952667,6225.425113155499,60899.414952667,1221.308,6225.425113155499,593.212,25849.203530432533,28.499999999999996,74.364,0.0,0.0,0.0,1851.499749999999,0.0,11991.327553744966,78959.30124016522,11991.327553744966,41609.4148341775,16.242600000000007,16.242600000000007,16.242600000000007
4029,93,105432.2536,68860.66714989599,0.0,68860.66714989599,1221.308,0.0,593.212,25849.203530432533,28.499999999999996,74.364,0.0,0.0,0.0,1851.499749999974,0.0,6953.499169671504,71639.82842998469,6953.499169671504,36571.586450104005,16.24260000000017,16.24260000000017,16.24260000000017
4030,94,99751.01439,71288.529139604,0.0,71288.529139604,1221.308,0.0,0.0,25849.203530432533,0.0,74.364,0.0,0.0,0.0,0.0,0.0,1317.6097199634678,70252.87083002315,1317.6097199634678,28462.485250396,3.218399999999784,3.218399999999784,3.218399999999784
4031,95,92169.41347,71766.273889909,0.0,71766.273889909,1151.2759999999998,0.0,0.0,25810.159998432533,0.0,74.364,0.0,0.0,0.0,0.0,6632.660418341551,0.0,76553.89822744763,-6632.660418341551,20403.139580090996,0.0,0.0,0.0
4032,96,85540.82992,70607.642202609,0.0,58663.10478956747,1041.121,0.0,0.0,25836.60413043253,0.0,0.0,0.0,0.0,0.0,0.0,0.0,0.0,76553.89822744763,0.0,26877.725130432533,0.0,0.0,0.0
4033,1,80725.02509,64993.87139764,0.0,53580.14955956746,1221.308,0.0,0.0,25849.203530432533,0.0,74.364,0.0,0.0,0.0,0.0,0.0,0.0,0.0,0.0,27144.87553043254,0.0,0.0,0.0
4034,2,77405.58367,62467.967991925005,0.0,50679.63013956747,802.3860000000001,0.0,0.0,25849.203530432533,0.0,74.364,0.0,0.0,0.0,0.0,0.0,0.0,0.0,0.0,26725.95353043254,0.0,0.0,0.0
4035,3,75904.04906,59857.502245334,0.0,48759.173529567466,1221.308,0.0,0.0,25849.203530432533,0.0,74.364,0.0,0.0,0.0,0.0,0.0,0.0,0.0,0.0,27144.87553043254,0.0,0.0,0.0
4036,4,75848.84825,59834.669456603006,0.0,48703.97271956746,1221.308,0.0,0.0,25849.203530432533,0.0,74.364,0.0,0.0,0.0,0.0,0.0,0.0,0.0,0.0,27144.87553043254,0.0,0.0,0.0
4037,5,77802.69071,58132.515193939005,536.6216000000001,50178.462779567446,1221.308,479.35240000000005,0.0,25849.203530432533,0.0,74.364,0.0,0.0,0.0,0.0,0.0,0.0,0.0,0.0,27144.87553043255,0.0,0.0,0.0
4038,6,81916.4848,59743.37079514,20180.2471123865,34799.16734524,1120.6109999999999,20073.13892432746,0.0,25849.203530432533,0.0,74.364,0.0,0.0,0.0,0.0,0.0,0.0,0.0,0.0,27044.178530432546,0.0,0.0,0.0
4039,7,88094.52317,54679.007846152,37792.380560023004,54570.813196152005,1221.308,6378.834443415449,0.0,25849.203530432533,0.0,74.364,0.0,0.0,0.0,0.0,0.0,0.0,0.0,0.0,27144.875530432546,0.0,0.0,0.0
4040,8,94775.20669,55136.496456092995,53231.034266874,15450.24427169346,939.5860000000001,52774.711666874,0.0,25536.30075143253,0.0,74.364,0.0,0.0,0.0,0.0,0.0,0.0,0.0,0.0,26550.250751432548,0.0,0.0,0.0
4041,9,100583.3214,49901.540999460994,63502.238828,37492.618851185995,132.311,41210.99348182551,0.0,21747.398066988488,0.0,0.0,0.0,0.0,0.0,0.0,0.0,0.0,0.0,0.0,21879.709066988493,0.0,0.0,0.0
4042,10,105745.0053,51088.820691914,68101.76415199749,33356.911499828006,959.2760000000001,45775.533897583504,0.0,25578.9199025885,0.0,74.364,0.0,0.0,0.0,0.0,0.0,0.0,0.0,0.0,26612.559902588502,0.0,0.0,0.0
4043,11,110319.8173,50235.189605745,71053.45405980201,35562.72225641,783.2610000000001,48050.26651315746,0.0,25849.203530432533,0.0,74.364,0.0,0.0,0.0,0.0,0.0,0.0,0.0,0.0,26706.82853043254,0.0,0.0,0.0
4044,12,113065.9864,52064.039145335,65174.8794055455,52064.039145335,72.025,38922.69759023247,0.0,22007.22466443252,0.0,0.0,0.0,0.0,0.0,0.0,0.0,0.0,0.0,0.0,22079.249664432522,0.0,0.0,0.0
4045,13,115475.6245,51757.36534964,72957.5259458565,41922.935899150005,1221.308,46407.81307041748,0.0,25849.203530432533,0.0,74.364,0.0,0.0,0.0,0.0,0.0,0.0,0.0,0.0,27144.875530432524,0.0,0.0,0.0
4046,14,117889.1772,62093.54860436501,76277.01090106998,55438.99536666749,1221.308,38159.3262919,0.0,22995.183541432518,0.0,74.364,0.0,0.0,0.0,0.0,0.0,0.0,0.0,0.0,24290.855541432516,0.0,0.0,0.0
4047,15,119486.709,65820.163944767,70438.46301048099,50262.593194767,1221.308,45238.345156500465,0.0,22764.462648732522,0.0,0.0,0.0,0.0,0.0,0.0,0.0,0.0,0.0,0.0,23985.770648732534,0.0,0.0,0.0
4048,16,120433.2652,67777.876743934,67006.7145576245,44051.60266266598,1221.308,50090.4899572925,0.0,24995.500580041513,0.0,74.364,0.0,0.0,0.0,0.0,0.0,0.0,0.0,0.0,26291.172580041522,0.0,0.0,0.0
4049,17,120098.7249,64719.240299577,62449.798887065,64719.240299576995,1221.308,62449.798887065,0.0,25849.203530432533,0.0,74.364,0.0,0.0,0.0,0.0,34215.18981707468,0.0,32504.430326220943,-34215.18981707468,-7070.314286641995,0.0,0.0,0.0
4050,18,118179.1055,72582.42409412398,46307.5205968205,64983.45793091091,1215.1800000000003,34892.3292978175,0.0,25849.203530432533,0.0,74.364,0.0,0.0,0.0,0.0,8835.42925916096,0.0,40898.088122423855,-8835.42925916096,18303.318271271593,0.0,0.0,0.0
4051,19,114807.5133,73170.178304891,28970.351536800998,69485.73015469499,1126.962,18271.25361487246,0.0,25849.203530432533,0.0,74.364,0.0,0.0,0.0,0.0,0.0,0.0,40898.088122423855,0.0,27050.529530432555,0.0,0.0,0.0
4052,20,112001.5426,51655.341956469,2878.1959704695,51655.341956469,1221.308,2878.1959704695,593.212,25849.203530432533,28.499999999999996,74.364,0.0,0.0,0.0,1851.49975,0.0,27849.917392628944,11582.385603867071,27849.917392628944,57468.0046730615,16.242599999999978,16.242599999999978,16.242599999999978
4053,21,109008.2771,69806.00640643,0.0,69806.00640643,1221.308,0.0,593.2119999991908,25849.203530432533,50.0,74.364,0.0,0.0,0.0,3702.9994999999994,0.0,7711.1836631382785,3465.3501689846735,7711.1836631382785,39202.27069357001,16.2426,16.2426,16.2426
4054,22,103025.1075,70114.937559032,0.0,70114.937559032,1221.308,0.0,593.212,25849.203530432533,28.5,74.364,0.0,0.0,0.0,1851.4997499999986,0.0,3292.08266053544,0.0,3292.08266053544,32910.169940968,16.16730000010619,16.16730000010619,16.16730000010619
4055,23,94505.466,71843.82125566399,0.0,67360.59046956747,1221.308,0.0,0.0,25849.203530432533,0.0,74.364,0.0,0.0,0.0,0.0,0.0,0.0,0.0,0.0,27144.87553043253,0.0,0.0,0.0
4056,24,87599.23072,64526.03999521899,0.0,61019.25818956749,730.769,0.0,0.0,25849.203530432533,0.0,0.0,0.0,0.0,0.0,0.0,0.0,0.0,0.0,0.0,26579.97253043252,0.0,0.0,0.0
4057,25,82767.91134,57385.77744918499,0.0,55623.03580956748,1221.308,0.0,0.0,25849.203530432533,0.0,74.364,0.0,0.0,0.0,0.0,0.0,0.0,0.0,0.0,27144.875530432524,0.0,0.0,0.0
4058,26,79245.83276,58853.784806725,0.0,52568.42922956748,828.2,0.0,0.0,25849.203530432533,0.0,0.0,0.0,0.0,0.0,0.0,0.0,0.0,0.0,0.0,26677.403530432523,0.0,0.0,0.0
4059,27,76986.5733,58112.24680874401,0.0,50110.94976956748,1026.42,0.0,0.0,25849.203530432533,0.0,0.0,0.0,0.0,0.0,0.0,0.0,0.0,0.0,0.0,26875.623530432524,0.0,0.0,0.0
4060,28,76437.28779,60126.663197197,0.0,60126.663197197,1221.308,0.0,0.0,25849.203530432533,0.0,74.364,0.0,0.0,0.0,0.0,10834.250937629666,0.0,10292.538390748183,-10834.250937629666,16310.624592803004,0.0,0.0,0.0
4061,29,77898.89222,58146.51704275401,599.8320500000001,58146.51704275401,1221.308,599.8320500000001,0.0,25849.203530432533,0.0,74.364,0.0,0.0,0.0,0.0,7992.332403186694,0.0,17885.254173775542,-7992.332403186694,19152.543127245986,0.0,0.0,0.0
4062,30,82308.1813,56748.47000017301,21402.172588027002,56748.470000172994,1221.308000000296,21402.172588027002,0.0,25849.203530432533,0.0,74.364,0.0,0.0,0.0,0.0,22987.33681863301,0.0,39723.2241514769,-22987.33681863301,4157.5387118,0.0,0.0,0.0
4063,31,87660.39103,55816.402105320005,38717.2396871785,31359.265758377474,1221.308,29156.24974119,0.0,25849.203530432533,0.0,74.364,0.0,0.0,0.0,0.0,0.0,0.0,39723.2241514769,0.0,27144.875530432528,0.0,0.0,0.0
4064,32,93190.44078,46938.060441283,54071.1247187925,28622.33628192496,1221.308,37497.59296764249,0.0,25849.203530432533,0.0,0.0,0.0,0.0,0.0,0.0,0.0,0.0,39723.2241514769,0.0,27070.51153043255,0.0,0.0,0.0
4065,33,97964.71003,42603.916758775005,64412.706698673996,42603.916758775114,1221.308,64412.706698673996,0.0,25849.203530432533,0.0,74.36399999999776,0.0,0.0,0.0,0.0,36196.78895788184,0.0,74110.17366146465,-36196.78895788184,-9051.913427449108,0.0,0.0,0.0
4066,34,101725.6988,42029.690199162,68898.5319866435,42029.690199162,1221.308,68898.53198664355,0.0,25849.203530432533,0.0,74.364,0.0,0.0,0.0,0.0,36347.39891623831,0.0,108640.20263189104,-36347.39891623831,-9202.52338580555,0.0,0.0,0.0
4067,35,105004.4893,42569.06944094301,71998.719529838,39216.86277550947,1221.308,38642.750994058,0.0,25849.203530432533,0.0,74.364,0.0,0.0,0.0,0.0,0.0,0.0,108640.20263189104,0.0,27144.87553043254,0.0,0.0,0.0
4068,36,107536.7382,50594.466043373,73893.01073115849,30331.556399915,134.602,55063.3551356525,0.0,22007.22466443252,0.0,0.0,0.0,0.0,0.0,0.0,0.0,0.0,108640.20263189104,0.0,22141.826664432505,0.0,0.0,0.0
4069,37,109874.9176,52167.750106609,73566.486405408,26280.848805469002,101.91499999999999,62495.13459242042,0.0,20997.019202110587,0.0,0.0,0.0,0.0,0.0,0.0,0.0,0.0,108640.20263189104,0.0,21098.93420211057,0.0,0.0,0.0
4070,38,112321.7232,53573.048248179,73945.881621043,53552.287448371,1168.4080000000004,73919.77132005098,0.0,23606.89243157803,0.0,74.364,0.0,0.0,0.0,0.0,40000.0,0.0,146640.20263189104,-40000.0,-15150.335568421979,0.0,0.0,0.0
4071,39,114392.2399,54222.284545217,71687.3147180655,46098.79941181698,948.022,41496.214957750504,0.0,25849.203530432533,0.0,0.0,0.0,0.0,0.0,0.0,0.0,0.0,146640.20263189104,0.0,26797.225530432523,0.0,0.0,0.0
4072,40,115861.264,50844.044655595004,67641.364192038,44349.671905507,1221.308,44366.716564060465,0.0,25849.203530432533,0.0,74.364,0.0,0.0,0.0,0.0,0.0,0.0,146640.20263189104,0.0,27144.87553043253,0.0,0.0,0.0
4073,41,116191.9953,50188.595808075,61342.095820479,43177.482609055995,1168.973,49228.34675053241,0.0,25849.203530432533,0.0,74.364,0.0,0.0,0.0,0.0,3306.3745900209515,0.0,149781.25849241094,-3306.3745900209515,23786.165940411593,0.0,0.0,0.0
4074,42,114993.0777,51460.89429609901,47143.877881456996,51460.89429609901,1221.308,47143.877881456996,0.0,25849.203530432533,0.0,74.364,0.0,0.0,0.0,0.0,10756.570007988485,0.0,160000.0,-10756.570007988485,16388.30552244399,0.0,0.0,0.0
4075,43,112333.0478,48579.229546320996,29789.967049191,48579.229546320996,1221.308,29789.967049191,169.95,25849.203530432533,0.0,74.364,0.0,0.0,0.0,1851.4997499999672,0.0,4797.525924055513,154949.9727115205,4797.525924055513,33963.851204488004,6.319999999999968,6.319999999999968,6.319999999999968
4076,44,110085.6258,48306.87814526401,7124.293842356999,48306.87814526401,1221.308,7124.293842356999,593.212,25849.203530432533,28.5,74.364,0.0,0.0,0.0,3702.999499999968,0.0,23184.866781946446,130544.84978315582,23184.866781946446,54654.45381237898,16.2426,16.2426,16.2426
4077,45,107656.6184,52862.200091542,0.0,52862.200091542,1221.308,0.0,593.212,25849.203530432533,50.0,74.364,0.0,0.0,0.0,5554.499249999984,0.0,21451.831528025505,107963.97449049739,21451.831528025505,54794.41830845801,16.2426,16.2426,16.2426
4078,46,102570.6533,53302.250007176,0.0,53302.250007176,1221.308,0.0,593.212,25849.203530432533,50.0,74.364,0.0,0.0,0.0,7405.999,0.0,14074.316762391476,93148.90421429584,14074.316762391476,49268.403292824005,16.2426,16.2426,16.2426
4079,47,94294.96589,50751.379845762,0.0,50751.379845762,1221.308,0.0,593.212,25849.203530432533,50.0,74.364,0.0,0.0,0.0,5554.49925,0.0,10200.999263805466,82411.01025239534,10200.999263805466,43543.58604423801,16.242600000000003,16.242600000000003,16.242600000000003
4080,48,87273.29078,47021.406390386,0.0,47021.406390386,1221.308,0.0,593.212,25849.203530432533,28.499999999999996,74.364,0.0,0.0,0.0,3702.9994999999853,0.0,8782.29735918147,73166.48671641485,8782.29735918147,40251.884389613995,16.2426,16.2426,16.2426
4081,49,81943.38121,48936.05154279,0.0,48936.05154279,1221.308,0.0,169.95,25849.203530432533,0.0,74.364,0.0,0.0,0.0,1851.4997499999845,0.0,3841.004386777481,69123.3242040175,3841.004386777481,33007.329667210004,6.3199999999999985,6.3199999999999985,6.3199999999999985
4082,50,78879.90472,53197.124740126,0.0,51735.02918956748,1221.308,0.0,0.0,25849.203530432533,0.0,74.364,0.0,0.0,0.0,0.0,0.0,0.0,69123.3242040175,0.0,27144.875530432524,0.0,0.0,0.0
4083,51,76911.77553,51183.10680002501,0.0,51135.05990359852,883.0429999999976,0.0,0.0,25849.203530432533,0.0,0.0,0.0,0.0,0.0,0.0,955.5309040310469,0.0,70031.07856284699,-955.5309040310469,25776.715626401477,0.0,0.0,0.0
4084,52,76673.27139,48765.740009424,0.0,48765.740009424,1221.308,0.0,26.917,25849.203530432533,0.0,74.364,0.0,0.0,0.0,0.0,0.0,735.7388501434596,69256.61661532756,735.7388501434596,27907.531380575994,5.3229999999999995,5.3229999999999995,5.3229999999999995
4085,53,78265.62761,45192.40439247999,511.14405,45192.40439247999,1221.308,511.14405,593.2119999999999,25849.203530432533,28.499999999999996,74.364,0.0,0.0,0.0,1851.49975,0.0,2943.9918870874753,66157.67778681443,2943.9918870874753,32562.079167520005,16.2426,16.2426,16.2426
4086,54,81856.73094,42585.043356632006,20716.325780375002,41303.209406824004,1105.8310000000001,13524.12300274345,0.0,25849.203530432533,0.0,74.364,0.0,0.0,0.0,0.0,0.0,0.0,66157.67778681443,0.0,27029.39853043254,0.0,0.0,0.0
4087,55,86067.87814,38124.813254798995,38215.9079966105,38124.813254798995,1221.308,38215.907996610615,0.0,25849.20353043234,0.0,74.364,0.0,0.0,0.0,0.0,17417.71864184217,0.0,82704.51049656449,-17417.71864184217,9727.15688859039,0.0,0.0,0.0
4088,56,91048.44719,28665.883456534997,53768.7961609815,28665.883456535106,1221.308,53768.7961609815,0.0,25849.203530432533,0.0,74.364,0.0,0.0,0.0,0.0,18531.107957949345,0.0,100309.06305661636,-18531.107957949345,8613.767572483397,0.0,0.0,0.0
4089,57,95666.42736,23331.067905024,64495.180338407496,23331.067905023985,1221.308,64495.180338407496,0.0,25849.203530432533,0.0,74.364,0.0,0.0,0.0,0.0,19304.69641386404,0.0,118648.5246497872,-19304.69641386404,7840.179116568521,0.0,0.0,0.0
4090,58,99771.40476,15556.256644504003,69292.798010869,15556.256644504003,1221.308,69292.798010869,0.0,25849.203530432533,0.0,74.364,0.0,0.0,0.0,0.0,12222.525425805592,0.0,130259.92380430251,-12222.525425805592,14922.35010462701,0.0,0.0,0.0
4091,59,103728.3616,14657.933094066,72060.33449088801,14657.933094066,1221.308,72060.33449088807,0.0,25849.20353043234,0.0,74.364,0.0,0.0,0.0,0.0,10134.781515386583,0.0,139887.96624391977,-10134.781515386583,17010.094015045936,0.0,0.0,0.0
4092,60,106469.9306,15067.01149733,73663.83665683799,15067.01149733,1221.308,73663.83665683799,0.0,25849.203530432533,0.0,74.364,0.0,0.0,0.0,0.0,9405.793084600622,0.0,148823.46967429036,-9405.793084600622,17739.082445832028,0.0,0.0,0.0
4093,61,109352.1824,17134.269456150996,72957.047934463,17134.269456150996,1221.308,72957.04793446303,0.0,25849.203530432533,0.0,74.364,0.0,0.0,0.0,0.0,7884.010521046766,0.0,156313.2796692848,-7884.010521046766,19260.865009385976,0.0,0.0,0.0
4094,62,112178.8419,15461.106505905,73453.6181065205,15461.106505905,1221.308,73453.6181065205,0.0,25849.203530432533,0.0,74.364,0.0,0.0,0.0,0.0,3880.7582428581245,0.0,160000.0,-3880.7582428581245,23264.117287574496,0.0,0.0,0.0
4095,63,114800.5442,16596.563753111,71583.50470567998,16264.163963887459,1029.308,71583.50470567998,0.0,25849.203530432533,0.0,74.364,0.0,0.0,0.0,0.0,0.0,0.0,160000.0,0.0,26952.87553043256,0.0,0.0,0.0
4096,64,116572.6718,20394.683000828,67259.163434381,20394.683000828,1221.308,67259.163434381,364.417,25849.203530432533,0.0,74.364,0.0,0.0,0.0,569.1876627429094,0.0,840.345171615545,159115.42613514152,840.345171615545,28918.825364790988,7.109240001165713,7.109240001165713,7.109240001165713
4097,65,117118.7411,27013.636893008,60841.6673818025,27013.636893008,1221.308,60841.6673818025,0.0,25849.203530432533,0.0,74.364,0.0,0.0,0.0,2420.68741274291,302.12611798598147,0.0,159402.4459472282,-302.12611798598147,29263.436825189492,0.0,0.0,0.0
4098,66,115829.861,33264.286353168005,46426.3655321555,33264.286353168005,1221.308,46426.3655321555,593.212,25849.203530432533,28.5,74.364,0.0,0.0,0.0,4272.187162742911,0.0,4100.434421501044,155086.19918775343,4100.434421501044,36139.2091146765,16.2426,16.2426,16.2426
4099,67,113082.2931,32205.701290806,28860.4249010885,32205.701290806,1221.308,28860.4249010885,593.212,25849.203530432533,7110.4658400895005,74.364,0.0,0.0,0.0,6123.686912742912,0.0,11043.926624840533,143461.01326686866,11043.926624840533,52016.1669081055,15.570159998834832,15.570159998834832,15.570159998834832
4100,68,110739.7633,32070.773056016,5320.579660104,32070.773056016,1221.308,5320.579660104,593.212,25849.203530432533,24452.490000089503,74.364,448.7680000000001,257.0,0.0,7405.999,0.0,13046.06605335798,129728.31215807078,13046.06605335798,73348.41058388,35.4580000011636,35.4580000011636,35.4580000011636
4101,69,107747.0218,37127.307209812,0.0,37127.307209812,1221.308,0.0,593.212,25849.203530432533,24452.49,74.364,448.768,257.0,0.0,7405.999,0.0,10317.37005975547,118867.92262148607,10317.37005975547,70619.714590188,34.78556,34.78556,34.78556
4102,70,102230.2973,38276.402301196,0.0,38276.402301196,1221.308,0.0,593.212,25849.203530432533,7110.465839999981,74.364,0.0,0.0,0.0,7405.999,0.0,21699.342628371498,96026.50932846343,21699.342628371498,63953.894998804004,16.2426,16.2426,16.2426
4103,71,93848.89957,35692.43280559,0.0,35692.43280559,1221.308,0.0,593.212,25849.203530432533,50.0,74.364,0.0,0.0,0.0,7405.999,0.0,22962.380233977452,71855.58276638192,22962.380233977452,58156.46676441,16.242600000000152,16.242600000000152,16.242600000000152
4104,72,86674.07163,33453.042691423994,0.0,33453.042691423994,1221.308,0.0,593.212,25849.203530432533,50.0,74.364,0.0,0.0,0.0,7405.999,0.0,18026.942408143477,52879.853915704574,18026.942408143477,53221.02893857601,16.2426,16.2426,16.2426
4105,73,81638.80032,35063.224990425,0.0,35063.224990425,1221.308,0.0,593.212,25849.203530432533,50.0,74.364,0.0,0.0,0.0,7405.999,0.0,11381.48879914247,40899.33939029145,11381.48879914247,46575.575329575,16.2426,16.2426,16.2426
4106,74,78377.95213,36078.808541543,0.0,36078.808541543,1221.308,0.0,593.212,25849.203530432533,50.0,74.364,0.0,0.0,0.0,7405.999,0.0,7105.057058024475,33420.331960792,7105.057058024475,42299.143588457,16.2426,16.2426,16.2426
4107,75,76508.81795,36051.976949498,0.0,36051.976949498,1221.308,0.0,593.212,25849.203530432533,50.0,74.364,0.0,0.0,0.0,7405.999,0.0,5262.754470069463,27880.59041335046,5262.754470069463,40456.841000502,16.2426,16.2426,16.2426
4108,76,76390.75962,34749.66945154,0.0,34749.66945154,1221.308,0.0,593.212,25849.203530432533,50.0,74.364,0.0,0.0,0.0,5554.499249999961,0.0,8298.503388027493,19145.323689110992,8298.503388027493,41641.090168459996,12.948900000000005,12.948900000000005,12.948900000000005
4109,77,77466.69454,32914.462757004,285.47940000000006,32914.462757004,1221.308,285.47940000000006,593.212,25849.203530432533,28.5,74.364,0.0,0.0,0.0,3702.99949999996,0.0,12797.165352563496,5674.623317991523,12797.165352563496,44266.752382996,16.242599999999992,16.242599999999992,16.242599999999992
4110,78,81090.76024,32121.890757707002,20658.5400211835,32121.890757707002,1221.307999999974,20658.5400211835,0.0,25849.203530432533,0.0,74.36399999999168,0.0,0.0,0.0,1851.499749999958,686.0458193229738,0.0,6326.366846348348,-686.0458193229738,28310.329461109497,0.0,0.0,0.0
4111,79,86069.49261,15774.485350362,34666.8714751745,15774.485350362,1221.308,34666.8714751745,593.212,25849.203530432533,28.5,74.364,0.0,0.0,0.0,1851.49975,0.0,6010.048504030931,0.0,6010.048504030931,35628.135784463506,16.24260000000014,16.24260000000014,16.24260000000014
4112,80,91439.33221,22807.034493577004,52810.7762917245,22807.034493577004,1221.308,52810.7762917245,0.0,25849.203530432533,0.0,74.364,0.0,0.0,0.0,0.0,11323.354105734034,0.0,10757.186400447332,-11323.354105734034,15821.521424698498,0.0,0.0,0.0
4113,81,96315.56473,21325.760391588,63246.769989638,21325.760391588,1221.308,63246.769989638,0.0,25849.203530432533,0.0,74.364,0.0,0.0,0.0,0.0,15401.841181658614,0.0,25388.935523023014,-15401.841181658614,11743.034348773996,0.0,0.0,0.0
4114,82,100901.4061,20212.509742349008,61139.489445548,15329.998324019458,1151.2759999999998,58496.564245548,0.0,25849.203530432533,0.0,74.364,0.0,0.0,0.0,0.0,0.0,0.0,25388.935523023014,0.0,27074.84353043254,0.0,0.0,0.0
4115,83,104942.8244,22050.964596222002,71476.1503426755,18946.109370031965,1202.183,58870.964499535505,0.0,25849.203530432533,0.0,74.364,0.0,0.0,0.0,0.0,0.0,0.0,25388.935523023014,0.0,27125.75053043253,0.0,0.0,0.0
4116,84,107855.9274,26953.164647113,73165.786909168,26953.16464711308,1221.308,73165.78690916799,0.0,25849.203530432533,0.0,74.364,0.0,0.0,0.0,0.0,19407.899686713812,0.0,43826.44022540114,-19407.899686713812,7736.97584371893,0.0,0.0,0.0
4117,85,110786.4086,27442.651653879002,72675.7999002525,21853.80416931492,1202.183,61806.8539002525,0.0,25849.203530432533,0.0,74.364,0.0,0.0,0.0,0.0,0.0,0.0,43826.44022540114,0.0,27125.750530432582,0.0,0.0,0.0
4118,86,113722.3443,25769.952539194,77338.09824351301,21447.747440158,1113.4126855485033,72880.145793513,0.0,25849.203530432533,0.0,74.364,0.0,0.0,0.0,0.0,7642.529149652016,0.0,51086.84291757055,-7642.529149652016,19394.451066329,0.0,0.0,0.0
4119,87,115743.5699,29554.806805972003,70703.1542048395,29554.806805972003,1221.3080000000214,70703.1542048395,0.0,25849.203530432533,0.0,74.364,0.0,0.0,0.0,0.0,11659.266641244249,0.0,62163.14622675259,-11659.266641244249,15485.608889188487,0.0,0.0,0.0
4120,88,117066.4262,37270.425045505,66389.563534578,37270.425045505035,1221.308,66389.563534578,0.0,25849.203530432533,0.0,74.364,0.0,0.0,0.0,0.0,13738.437910515793,0.0,75214.6622417426,-13738.437910515793,13406.437619916964,0.0,0.0,0.0
4121,89,116972.4816,35697.250398653,59765.73464864151,35697.250398653,1221.308,59765.734648641526,0.0,25849.203530432533,0.0,74.364,0.0,0.0,0.0,0.0,5635.378977727269,0.0,80568.2722705835,-5635.378977727269,21509.496552705466,0.0,0.0,0.0
4122,90,115168.9386,42628.16135498001,45827.7065147815,42628.16135498001,1221.308,45395.90171458746,0.0,25849.203530432533,0.0,74.364,0.0,0.0,0.0,0.0,0.0,0.0,80568.2722705835,0.0,27144.875530432524,0.0,0.0,0.0
4123,91,112290.7403,45379.67545969,28637.186182907997,45379.67545969,1221.308,28637.186182907997,593.212,25849.203530432533,28.499999999999996,74.364,0.0,0.0,0.0,1851.499749999999,0.0,8655.791376969515,71456.91292640507,8655.791376969515,38273.878657402005,12.948900000007722,12.948900000007722,12.948900000007722
4124,92,109914.8745,51260.790694491014,6698.5532541405,51260.790694491014,1221.308,6698.5532541405,593.212,25849.203530432533,50.0,74.364,0.0,0.0,0.0,3702.999499999999,0.0,20464.443520935973,49915.393430683,20464.443520935973,51955.530551368494,16.2426,16.2426,16.2426
4125,93,107740.929,55692.939409670005,0.0,55692.939409670005,1221.308,0.0,593.212,25849.203530432533,50.0,74.364,0.0,0.0,0.0,3702.999500000001,0.0,20556.902559897466,28276.54863079093,20556.902559897466,52047.98959033,16.2426,16.2426,16.2426
4126,94,102565.486,58807.03354174401,0.0,58807.03354174401,1221.308,0.0,593.212,25849.203530432533,28.499999999999996,74.364,0.0,0.0,0.0,1851.4997500000009,0.0,14140.365177823467,13391.953706766235,14140.365177823467,43758.452458256,12.948900000000169,12.948900000000169,12.948900000000169
4127,95,94945.30276,58749.02984593,0.0,58749.02984593,1221.308,0.0,0.0,25849.203530432533,0.0,74.364,0.0,0.0,0.0,0.0,0.0,9051.397383637464,3864.1669871478516,9051.397383637464,36196.27291407,0.0,0.0,0.0
4128,96,87692.22712,56283.180951777,0.0,56283.180951777,1221.308,0.0,593.2119999999999,25849.203530432533,0.0,74.364,0.0,0.0,0.0,0.0,0.0,3670.9586377904593,0.0,3670.9586377904593,31409.046168222994,9.730499999973357,9.730499999973357,9.730499999973357
4129,1,82694.47769,58603.242498209,0.0,58603.242498209,1221.308,0.0,0.0,22795.563191791,0.0,74.364,0.0,0.0,0.0,0.0,0.0,0.0,0.0,0.0,24091.235191791,0.0,0.0,0.0
4130,2,79184.65913,60084.832807832,0.0,60084.832807832,1221.308,0.0,0.0,22349.0320472462,0.0,74.364,0.0,0.0,0.0,0.0,4544.877725078206,0.0,4317.633838824296,-4544.877725078206,19099.826322168003,0.0,0.0,0.0
4131,3,77481.66787,58816.266540522,0.0,52438.49949203059,358.371,0.0,0.0,20508.68123108633,0.0,74.364,0.0,0.0,0.0,0.0,0.0,4101.752146883081,0.0,4101.752146883081,25043.168377969414,0.0,0.0,0.0
4132,4,76999.21018,61487.312941230004,0.0,51527.05179306745,1221.308,0.0,0.0,24176.486386932538,0.0,74.364,0.0,0.0,0.0,0.0,0.0,0.0,0.0,0.0,25472.158386932548,0.0,0.0,0.0
4133,5,78119.89024,59990.219202567,555.605,51650.38447806747,1221.308,555.605,0.0,24618.228761932543,0.0,74.364,0.0,0.0,0.0,0.0,0.0,0.0,0.0,0.0,25913.900761932524,0.0,0.0,0.0
4134,6,81390.58309,61870.124396536,19185.86936304,56267.966913067445,0.0,0.0,0.0,25048.252176932543,0.0,74.364,0.0,0.0,0.0,0.0,0.0,0.0,0.0,0.0,25122.616176932555,0.0,0.0,0.0
4135,7,86184.62751,59447.22309798299,37488.082917349995,36667.84955166746,0.0,23993.2068616,0.0,25449.20709673254,0.0,74.364,0.0,0.0,0.0,0.0,0.0,0.0,0.0,0.0,25523.571096732547,0.0,0.0,0.0
4136,8,92282.02918,56508.171793402005,53452.1113548975,44280.473349435,0.0,25729.54204503246,0.0,22272.01378553252,0.0,0.0,0.0,0.0,0.0,0.0,0.0,0.0,0.0,0.0,22272.013785532537,0.0,0.0,0.0
4137,9,97359.48105,54806.789540593,63890.435088138,54806.789540593,1221.308,21718.718097974495,0.0,19538.301411432512,0.0,74.364,0.0,0.0,0.0,0.0,0.0,0.0,0.0,0.0,20833.973411432504,0.0,0.0,0.0
4138,10,101530.322,55144.784355079006,68533.637632268,55144.784355079006,1221.308,28388.578259174836,0.0,16701.287385746167,0.0,74.364,0.0,0.0,0.0,0.0,0.0,0.0,0.0,0.0,17996.95938574616,0.0,0.0,0.0
4139,11,105406.9262,62408.75879903299,71718.6515174155,51910.156421689746,1221.308,35632.700955878005,0.0,16568.396822432253,0.0,74.364,0.0,0.0,0.0,0.0,0.0,0.0,0.0,0.0,17864.06882243225,0.0,0.0,0.0
4140,12,108097.7169,68993.50275350802,73137.912650981,68993.50275350802,1221.308,24115.03129195951,0.0,13693.510854532478,0.0,74.364,0.0,0.0,0.0,0.0,0.0,0.0,0.0,0.0,14989.182854532475,0.0,0.0,0.0
4141,13,110344.2662,66839.65105778299,72523.614666769,66839.65105778299,1221.308,26788.724947317292,0.0,15420.218194899719,0.0,74.364,0.0,0.0,0.0,0.0,0.0,0.0,0.0,0.0,16715.890194899715,0.0,0.0,0.0
4142,14,112482.5714,66321.167756049,70219.252430462,47056.290780510804,1221.308,45651.99319385701,0.0,18478.615425632193,0.0,74.364,0.0,0.0,0.0,0.0,0.0,0.0,0.0,0.0,19774.28742563219,0.0,0.0,0.0
4143,15,113589.823,69666.64194850001,70139.400814769,45221.83917300349,1139.6060000000002,47664.480104564005,0.0,19563.897722432506,0.0,0.0,0.0,0.0,0.0,0.0,0.0,0.0,0.0,0.0,20703.503722432506,0.0,0.0,0.0
4144,16,114123.9899,63327.281541866,66138.917669407,63327.281541866,1221.308,66095.15976970151,0.0,23405.87658843252,0.0,74.364,0.0,0.0,0.0,0.0,40000.0,0.0,38000.0,-40000.0,-15298.451411567512,0.0,0.0,0.0
4145,17,113559.581,63420.275795631,59647.8663356075,63420.275795631,1189.5390000000002,37558.39245455755,0.0,25849.203530432533,0.0,74.364,0.0,0.0,0.0,0.0,14532.193780621063,0.0,51805.58409159001,-14532.193780621063,12580.912749811454,0.0,0.0,0.0
4146,18,111657.979,65410.826148932,45535.8114827225,65410.826148932,1221.308,45535.81148272605,0.0,25849.203530432274,0.0,74.364,0.0,0.0,0.0,0.0,26433.53416209058,0.0,76917.44154557606,-26433.53416209058,711.3413683419567,0.0,0.0,0.0
4147,19,108462.191,62207.060808401,27871.706554302,62207.060808401,1221.308,27871.706554305147,0.0,25849.203530432533,0.0,74.364,0.0,0.0,0.0,0.0,8761.451893138907,0.0,85240.82084405802,-8761.451893138907,18383.423637293858,0.0,0.0,0.0
4148,20,106072.5976,64265.959644837,3313.5994025165,64265.959644837,1221.308,3313.5994025165,593.212,25849.203530432533,28.499999999999996,74.364,0.0,0.0,0.0,1851.49975,0.0,8874.951272213964,75898.76687330648,8874.951272213964,38493.038552646496,16.2426,16.2426,16.2426
4149,21,104047.3789,64164.057442772006,0.0,64164.057442772006,1221.308,0.0,593.212,25849.203530432533,0.0,74.364,0.0,0.0,0.0,0.0,0.0,12145.233926795472,63114.310108258614,12145.233926795472,39883.32145722799,9.7304999999998,9.7304999999998,9.7304999999998
4150,22,99628.66102,60717.133549803,0.0,60717.133549803,1221.308,0.0,593.212,25849.203530432533,0.0,74.364,0.0,0.0,0.0,0.0,0.0,11173.439939764474,51352.79438219075,11173.439939764474,38911.527470197,9.7305,9.7305,9.7305
4151,23,92777.73491,54113.933388497004,0.0,54113.933388497004,1221.308,0.0,593.212,25849.203530432533,0.0,74.364,0.0,0.0,0.0,0.0,0.0,10925.713991070465,39852.042812642896,10925.713991070465,38663.801521502995,9.730500000000143,9.730500000000143,9.730500000000143
4152,24,86430.44935,49109.663104426996,0.0,49109.663104426996,1221.308,0.0,593.212,25849.203530432533,0.0,74.364,0.0,0.0,0.0,0.0,0.0,9582.698715140406,29764.991533547734,9582.698715140406,37320.786245573,9.730500000000466,9.730500000000466,9.730500000000466
4153,25,81594.85705,42751.282891155,0.0,42751.282891155,1221.308,0.0,593.212,25849.203530432533,0.0,74.364,0.0,0.0,0.0,0.0,0.0,11105.486628412484,18075.00560890301,11105.486628412484,38843.574158845004,9.73050000000058,9.73050000000058,9.73050000000058
4154,26,78391.95374,43704.534642407,0.0,43704.534642407,1221.308,0.0,593.212,25849.203530432533,28.499999999999996,74.364,0.0,0.0,0.0,1851.499749999999,0.0,5069.331817160467,12738.866853997257,5069.331817160467,34687.419097592996,16.24260000000013,16.24260000000013,16.24260000000013
4155,27,76091.35808,46287.345597184,0.0,46287.345597184,1221.308,0.0,0.0,25849.203530432533,0.0,74.364,0.0,0.0,0.0,0.0,0.0,2659.136952383469,9939.775325172552,2659.136952383469,29804.012482816004,3.2183999999984287,3.2183999999984287,3.2183999999984287
4156,28,74884.16729,44288.926343949,0.0,44288.926343949,1221.308,0.0,593.212,25849.203530432533,0.0,74.364,0.0,0.0,0.0,0.0,0.0,2857.1534156184616,6932.245413995224,2857.1534156184616,30595.240946050995,9.730500000000662,9.730500000000662,9.730500000000662
4157,29,74499.84383,37752.899756272,543.22365,37752.899756272,1221.308,543.22365,593.212,25849.203530432533,28.5,74.364,0.0,0.0,0.0,1851.4997500000059,0.0,6585.633143295463,0.0,6585.633143295463,36203.720423727995,16.2426,16.2426,16.2426
4158,30,75921.37302,33419.754309062,16992.8631155225,33419.754309062,1221.308,16992.8631155225,0.0,24213.083595415486,0.0,74.364,0.0,0.0,0.0,0.0,0.0,0.0,0.0,0.0,25508.755595415496,0.0,0.0,0.0
4159,31,78927.03808,26455.561304472,36430.3965903395,26455.561304472,465.0116069951637,26086.437597449498,0.0,25845.663571083332,0.0,74.364,0.0,0.0,0.0,0.0,0.0,0.0,0.0,0.0,26385.0391780785,0.0,0.0,0.0
4160,32,84126.67975,18212.984793696,52161.3241035405,18212.984793696,1221.308,52161.32410354278,0.0,25842.708551393538,0.0,74.364,0.0,0.0,0.0,0.0,13386.009698632552,0.0,12716.709213700924,-13386.009698632552,13752.370852761218,0.0,0.0,0.0
4161,33,89816.3989,17516.901099854,63145.44639273,17516.901099854,1221.308,63145.44639273191,0.0,25842.481431276414,0.0,74.364,0.0,0.0,0.0,0.0,17984.102023862517,0.0,29801.60613637031,-17984.102023862517,9154.051407414088,0.0,0.0,0.0
4162,34,94447.6279,23779.936655936,67906.971166275,23779.936655936,1221.308,43529.96322408115,0.0,25842.056019982814,0.0,74.364,0.0,0.0,0.0,0.0,0.0,0.0,29801.60613637031,0.0,27137.728019982867,0.0,0.0,0.0
4163,35,98443.8133,29663.018097555003,73098.1964999515,29337.597296745003,1221.308,72496.11484970142,0.0,25838.894431527217,0.0,74.364,0.0,0.0,0.0,0.0,30524.465277973653,0.0,58799.84815044528,-30524.465277973653,-3389.8988464464346,0.0,0.0,0.0
4164,36,100619.1175,29600.139748848,73240.665000098,29600.139748848,1221.308,73240.66500010097,0.0,25838.72263893742,0.0,74.364,0.0,0.0,0.0,0.0,29356.08188788664,0.0,86688.12594393759,-29356.08188788664,-2221.687248948976,0.0,0.0,0.0
4165,37,102620.0857,35451.321959785,73255.58558765751,34937.692258794996,399.7945627131894,41369.85729031,0.0,25838.37758818182,0.0,74.364,0.0,0.0,0.0,0.0,0.0,0.0,86688.1259439376,0.0,26312.536150895,0.0,0.0,0.0
4166,38,104138.7154,36889.49389489,73666.5128516985,36889.49389489,1221.308,40118.63765658326,0.0,25834.9118485267,0.0,74.364,0.0,0.0,0.0,0.0,0.0,0.0,86688.1259439376,0.0,27130.583848526745,0.0,0.0,0.0
4167,39,105286.7776,44840.942306229,71026.6750586335,44840.942306229,1221.308,71026.6750586368,0.0,25834.5435081711,0.0,74.364,0.0,0.0,0.0,0.0,37711.05527303715,0.0,122513.62845332289,-37711.05527303715,-10580.8397648658,0.0,0.0,0.0
4168,40,106286.5721,36326.381046518,66803.2719991125,36326.381046518,1221.308,42830.17108870069,0.0,25834.347964781304,0.0,74.364,0.0,0.0,0.0,0.0,0.0,0.0,122513.62845332289,0.0,27130.019964781313,0.0,0.0,0.0
4169,41,106430.0762,38671.674109957006,60029.50744792951,38671.674109957006,1221.308,40631.7417226173,0.0,25830.988367425707,0.0,74.364,0.0,0.0,0.0,0.0,0.0,0.0,122513.62845332289,0.0,27126.66036742569,0.0,0.0,0.0
4170,42,105336.14,50397.301103824,45271.135006163,50397.301103824,1221.308,27811.628368444377,0.0,25831.538527731616,0.0,74.364,0.0,0.0,0.0,0.0,0.0,0.0,122513.62845332289,0.0,27127.210527731622,0.0,0.0,0.0
4171,43,103226.9293,43607.538342296,27913.062919875003,43607.538342296,1221.308,27913.062919875003,169.95,25828.325459314507,0.0,74.364,0.0,0.0,0.0,1851.4997500000009,0.0,2560.8808285144914,119817.96442330764,2560.8808285144914,31706.328037829,6.320000000000789,6.320000000000789,6.320000000000789
4172,44,101571.6011,37334.295495768,3916.84340026,37334.295495768,1221.308,3916.84340026,593.212,25828.129915924703,28.499999999999996,74.364,0.0,0.0,0.0,3702.999500000001,0.0,28871.948788047303,89426.43938325785,28871.948788047303,60320.462203972005,16.242599999999857,16.242599999999857,16.242599999999857
4173,45,100430.9843,39003.775906783,0.0,39003.775906783,1221.308,0.0,593.212,25827.62046636911,50.0,74.364,0.0,0.0,0.0,5554.499249999987,0.0,28106.204676847887,59840.96077604955,28106.204676847887,61427.208393217,16.24260000000014,16.24260000000014,16.24260000000014
4174,46,97211.67402,41819.471000649995,0.0,41819.471000649995,1221.308,0.0,593.212,25824.519626575504,50.0,74.364,0.0,0.0,0.0,5554.499250000014,0.0,22074.30014277448,36604.85536260273,22074.30014277448,55392.20301935001,16.24260000000035,16.24260000000035,16.24260000000035
4175,47,91199.48091,44659.830958275,0.0,44659.830958275,1221.308,0.0,593.212,25824.2064362199,28.499999999999996,74.364,0.0,0.0,0.0,3702.9995000000126,0.0,15095.060015505107,20715.3185041763,15095.060015505107,46539.649951725,16.242600000000092,16.242600000000092,16.242600000000092
4176,48,85169.24498,47199.454844547996,0.0,47199.454844547996,1221.308,0.0,169.95,25824.055250642596,0.0,74.364,0.0,0.0,0.0,1851.4997500000118,0.0,8828.613134809406,11422.041520166398,8828.613134809406,37969.79013545201,6.320000000000084,6.320000000000084,6.320000000000084
4177,49,80767.11542,48208.860348874,0.0,48208.860348874,1221.308,0.0,0.0,25820.709361548998,0.0,74.364,0.0,0.0,0.0,0.0,0.0,5441.8737095769875,5693.753404822201,5441.8737095769875,32558.255071126005,0.11679999999997227,0.11679999999997227,0.11679999999997227
4178,50,77237.5255,45829.67180621,0.0,45829.67180621,1221.308,0.0,593.211999999993,25820.468250893395,0.0,74.364,0.0,0.0,0.0,0.0,0.0,3698.5014428966215,1800.593991246811,3698.5014428966215,31407.853693790006,9.7305,9.7305,9.7305
4179,51,75484.50392,46064.910150512,0.0,46064.910150512,1221.308,0.0,593.2119999999401,25820.1454778036,0.0,74.364,0.0,0.0,0.0,0.0,0.0,1710.5642916844704,0.0,1710.5642916844704,29419.593769488005,9.730500000000397,9.730500000000397,9.730500000000397
4180,52,74422.03936,49554.81725086999,0.0,49554.81725086999,1221.308,0.0,0.0,23571.55010913,0.0,74.364,0.0,0.0,0.0,0.0,0.0,0.0,0.0,0.0,24867.22210913,0.0,0.0,0.0
4181,53,73724.94598,50905.853046203,572.74955,46040.03876210713,1221.308,572.74955,0.0,25816.485667892874,0.0,74.364,0.0,0.0,0.0,0.0,0.0,0.0,0.0,0.0,27112.157667892876,0.0,0.0,0.0
4182,54,74442.40069,45766.256153634,17624.7240424735,45766.256153634,1221.308,12071.780680430125,0.0,25813.196849737276,0.0,74.364,0.0,0.0,0.0,0.0,10504.504993801416,0.0,9979.279744111345,-10504.504993801416,16604.36385593587,0.0,0.0,0.0
4183,55,77090.35271,26838.292392694,35827.238936269496,26838.292392694,1221.308,23143.387010958526,0.0,25813.001306347476,0.0,74.364,0.0,0.0,0.0,0.0,0.0,0.0,9979.279744111345,0.0,27108.673306347482,0.0,0.0,0.0
4184,56,81989.11593,20389.475893166997,51848.22249257301,20389.475893166997,1221.308,51848.22249257499,0.0,25812.65625559188,0.0,74.364,0.0,0.0,0.0,0.0,17356.910711334076,0.0,26468.34491987872,-17356.910711334076,9751.417544258016,0.0,0.0,0.0
4185,57,87161.91585,19664.869691085998,62859.765211436,19664.869691085998,1221.308,40391.98314331191,0.0,25809.391015602076,0.0,74.364,0.0,0.0,0.0,0.0,0.0,0.0,26468.344919878702,0.0,27105.063015602092,0.0,0.0,0.0
4186,58,92404.06883,20318.085758152,67561.6503598345,20318.085758152,1221.308,67561.65035983625,0.0,25809.13029265897,0.0,74.364,0.0,0.0,0.0,0.0,22580.469580647434,0.0,47919.79102149376,-22580.469580647434,4524.332712011761,0.0,0.0,0.0
4187,59,96272.55565,16479.259341074998,70198.1771046365,16479.259341074998,1221.308,70198.17710463943,0.0,25808.94993066537,0.0,74.364,0.0,0.0,0.0,0.0,17509.502726379997,0.0,64553.81861155476,-17509.502726379997,9595.11920428557,0.0,0.0,0.0
4188,60,98657.89255,17380.453357442,71845.820939785,17380.453357442,1221.308,71845.82093978679,0.0,25805.520003309768,0.0,74.364,0.0,0.0,0.0,0.0,17669.573750538784,0.0,81339.9136745666,-17669.573750538784,9431.618252771208,0.0,0.0,0.0
4189,61,101062.0504,18017.401641132,71442.84486056,18017.401641132,1221.308,71442.8448605618,0.0,25805.40333265417,0.0,74.364,0.0,0.0,0.0,0.0,15499.271434348197,0.0,96064.22153719739,-15499.271434348197,11601.803898306185,0.0,0.0,0.0
4190,62,102848.448,24143.449100118,73974.70340603801,24143.449100118,1221.308,73974.70340604075,0.0,25805.058281898568,0.0,74.364,0.0,0.0,0.0,0.0,22370.434788057537,0.0,117316.13458585205,-22370.434788057537,4730.295493841259,0.0,0.0,0.0
4191,63,104402.8623,33131.304158360996,70025.12733613049,33131.304158360996,1221.308,70025.12733613377,0.0,25802.033651647253,0.0,74.364,0.0,0.0,0.0,0.0,25851.27484614226,0.0,141874.8456896872,-25851.27484614226,1246.4308055052243,0.0,0.0,0.0
4192,64,105768.9472,22854.289449589996,65682.873861919,22854.289449589996,1221.308,65682.87386192173,0.0,25801.547491691654,0.0,74.364,0.0,0.0,0.0,0.0,9865.43560320361,0.0,151247.00951273064,-9865.43560320361,17231.783888488266,0.0,0.0,0.0
4193,65,106522.6979,25700.507402178002,58612.42115782951,25700.507402178002,1221.308,58612.421157831996,0.0,25798.17040109805,0.0,74.364,0.0,0.0,0.0,0.0,4884.073061108249,0.0,155886.87892078346,-4884.073061108249,22209.76933999,0.0,0.0,0.0
4194,66,106002.9648,35101.58030948,44319.200745187496,35101.58030948,1221.308,43807.92560977752,0.0,25797.786880742453,0.0,74.364,0.0,0.0,0.0,0.0,0.0,0.0,155886.87892078346,0.0,27093.458880742473,0.0,0.0,0.0
4195,67,104451.4916,39468.22485919899,26511.472010567,39468.22485919899,1221.308,26511.472010567,593.212,25797.60651735265,28.499999999999996,74.364,0.0,0.0,0.0,1851.4997499999936,0.0,8905.30446288135,146512.8742230136,8905.30446288135,38471.794730234,12.948900000000098,12.948900000000098,12.948900000000098
4196,68,103194.3499,44639.961155469,6458.633442824,44639.961155469,1221.308,6458.633442824,593.212,25794.252339735536,50.0,74.364,0.0,0.0,0.0,3702.9994999999935,0.0,20659.61946197147,124765.90636830681,20659.61946197147,52095.755301707,16.2426000000001,16.2426000000001,16.2426000000001
4197,69,101805.1422,48991.59584371101,0.0,48991.59584371101,1221.308,0.0,593.212,25794.08054854194,50.0,74.364,0.0,0.0,0.0,3702.999500000001,0.0,21377.58230774706,102263.1881496257,21377.58230774706,52813.54635628899,16.242600000000245,16.242600000000245,16.242600000000245
4198,70,97984.63384,48069.264504993,0.0,48069.264504993,1221.308,0.0,593.212,25793.839437886338,28.499999999999996,74.364,0.0,0.0,0.0,1851.4997500000009,0.0,20352.64614712067,80839.350100025,20352.64614712067,49915.369335006995,12.948899999999874,12.948899999999874,12.948899999999874
4199,71,91196.0527,53509.225106858,0.0,53509.225106858,1221.308,0.0,0.0,25790.63465659654,0.0,74.364,0.0,0.0,0.0,0.0,0.0,10600.520936545434,69680.90700892454,10600.520936545434,37686.827593142,0.0,0.0,0.0
4200,72,84600.9142,50233.474106563,0.0,50233.474106563,1221.308,0.0,593.2120000024776,25790.23725674094,0.0,74.364,0.0,0.0,0.0,0.0,0.0,6688.318836692475,62640.571391353515,6688.318836692475,34367.440093437,9.730500000000001,9.730500000000001,9.730500000000001
4201,73,80055.70198,50181.47804857901,0.0,50181.47804857901,1221.308,0.0,0.0,25790.657064351137,0.0,74.364,0.0,0.0,0.0,0.0,0.0,2787.8948670698564,59705.94521549051,2787.8948670698564,29874.223931420987,3.2183999999998605,3.2183999999998605,3.2183999999998605
4202,74,77010.99924,42456.399001565995,0.0,42456.399001565995,1221.308,0.0,593.212,25787.542516295543,28.499999999999996,74.364,0.0,0.0,0.0,1851.499749999999,0.0,4998.173972138471,54444.709455344746,4998.173972138471,34554.60023843401,16.242600000000138,16.242600000000138,16.242600000000138
4203,75,75887.12109,38982.637547619,0.0,38982.637547619,1221.308,0.0,593.212,25787.243034201936,0.0,74.364,0.0,0.0,0.0,0.0,0.0,9228.356508179053,44730.649973051004,9228.356508179053,36904.483542381,9.7305,9.7305,9.7305
4204,76,76049.12468,39724.654352826,0.0,39724.654352826,1221.308,0.0,593.212,25783.99297421214,0.0,74.364,0.0,0.0,0.0,0.0,0.0,8651.593352961854,35623.709601512215,8651.593352961854,36324.47032717399,9.7305,9.7305,9.7305
4205,77,77688.5705,37577.627190519,477.45000000000005,37577.627190519,1221.308,477.45000000000005,593.212,25783.632743456536,28.499999999999996,74.364,0.0,0.0,0.0,1851.4997499999936,0.0,10080.976816024473,25012.15505832856,10080.976816024473,39633.493309481004,16.24260000000013,16.24260000000013,16.24260000000013
4206,78,82097.46694,37293.089858328,16843.626992851,37293.089858328,1221.308,16843.626992851,0.0,25783.50484887543,0.0,74.364,0.0,0.0,0.0,0.0,0.0,881.5732399455791,24084.183226806897,881.5732399455791,27960.750088820998,3.2184000000003543,3.2184000000003543,3.2184000000003543
4207,79,87649.88054,29531.928507715,35939.141790035,29531.928507715,1221.308,35939.14179003669,0.0,25779.79867071983,0.0,74.364,0.0,0.0,0.0,0.0,4896.6604284717105,0.0,28736.01063385502,-4896.6604284717105,22178.810242248313,0.0,0.0,0.0
4208,80,93915.22674,21645.930693975002,52572.4231473335,21645.930693975002,1221.308,52572.42314733573,0.0,25779.650167730033,0.0,74.364,0.0,0.0,0.0,0.0,7378.449269040964,0.0,35745.53743944394,-7378.449269040964,19696.872898689275,0.0,0.0,0.0
4209,81,99047.4339,15939.636695273,63175.71957550251,15939.636695273,1221.308,63175.719575504234,0.0,25779.38398970863,0.0,74.364,0.0,0.0,0.0,0.0,7142.978360486084,0.0,42531.36688190572,-7142.978360486084,19932.077629222767,0.0,0.0,0.0
4210,82,103660.9898,20701.748691682,68152.0320946605,20701.748691682,1221.308,68152.03209466365,0.0,25776.259858918827,0.0,74.364,0.0,0.0,0.0,0.0,12264.722845264692,0.0,54182.85358490718,-12264.722845264692,14807.209013654341,0.0,0.0,0.0
4211,83,107867.8703,22241.250296209,71367.834958341,22241.250296209,1221.308,71367.83495834417,0.0,25775.81097910171,0.0,74.364,0.0,0.0,0.0,0.0,12812.6979336551,0.0,66354.91662187953,-12812.6979336551,14258.785045446828,0.0,0.0,0.0
4212,84,110506.6228,19424.420403058,73045.6741951945,19424.420403058,1221.308,73045.67419519759,0.0,25775.630617108105,0.0,74.364,0.0,0.0,0.0,0.0,9034.774415363905,0.0,74937.95231647525,-9034.774415363905,18036.52820174441,0.0,0.0,0.0
4213,85,112370.177,20949.402802485,72791.9967321515,20949.402802485,1221.308,72791.99673215493,0.0,25772.388839352512,0.0,74.364,0.0,0.0,0.0,0.0,8439.283373992661,0.0,82955.27152176827,-8439.283373992661,18628.777465360065,0.0,0.0,0.0
4214,86,114164.9546,23218.209006610003,73899.3314348695,23218.209006610003,1221.308,73899.33143487267,0.0,25772.19329596271,0.0,74.364,0.0,0.0,0.0,0.0,10020.451137445598,0.0,92474.7001023416,-10020.451137445598,17047.41415851732,0.0,0.0,0.0
4215,87,115534.2981,34320.919495822,70686.7102946495,34320.919495822,1221.308,70686.71029465274,0.0,25768.90577830711,0.0,74.364,0.0,0.0,0.0,0.0,16537.90946878206,0.0,108185.71409768455,-16537.90946878206,10526.668309525252,0.0,0.0,0.0
4216,88,116208.001,43529.857742798995,66156.34070384,43529.857742798995,1221.308,66156.3407038428,0.0,25768.635472629798,0.0,74.364,0.0,0.0,0.0,0.0,20542.504919271814,0.0,127701.09377099278,-20542.504919271814,6521.802553358211,0.0,0.0,0.0
4217,89,116010.7297,51322.06454028001,59172.0146887765,51322.06454028001,1221.308,59172.014688780095,0.0,25768.394361974202,0.0,74.364,0.0,0.0,0.0,0.0,21547.41589103453,0.0,148171.1388674756,-21547.41589103453,5516.650470939894,0.0,0.0,0.0
4218,90,114575.8843,54878.46274848201,45087.9927405125,54878.46274848201,1221.308,45087.9927405155,0.0,25765.1895820806,0.0,74.364,0.0,0.0,0.0,0.0,12451.43277107834,0.0,160000.0,-12451.43277107834,14609.428811002494,0.0,0.0,0.0
4219,91,111917.4883,55735.449801603005,27271.150683655,55735.449801603005,1221.308,27271.150683655,0.0,25535.527769025,0.0,74.364,0.0,0.0,0.0,0.0,0.0,2079.6880457170023,157810.85468871894,2079.6880457170023,28910.887814741993,0.0,0.0,0.0
4220,92,109888.0786,52504.804360733004,5392.1425624964995,52504.804360733004,1221.308,5392.1425624964995,593.212,25764.531629535202,28.499999999999996,74.364,0.0,0.0,0.0,1851.499749999999,0.0,22457.71629723531,134171.1533232081,22457.71629723531,51991.13167677049,16.242600000000248,16.242600000000248,16.242600000000248
4221,93,107816.4689,58912.26224321099,0.0,58912.26224321099,1221.308,0.0,593.212,25761.146250418085,50.0,74.364,0.0,0.0,0.0,3702.9994999999876,0.0,17501.176906370933,115748.86184281764,17501.176906370933,48904.206656789014,16.24260000000029,16.24260000000029,16.24260000000029
4222,94,102492.5573,60513.798298161004,0.0,60513.798298161004,1221.308,0.0,593.212,25760.682369524482,28.5,74.364,0.0,0.0,0.0,1851.499749999999,0.0,12449.192882314499,102644.44828248658,12449.192882314499,41978.759001839,16.167299999999532,16.167299999999532,16.167299999999532
4223,95,94809.84147,61300.140106999,0.0,61300.140106999,1221.308,0.0,0.0,25760.441258868883,0.0,74.364,0.0,0.0,0.0,0.0,0.0,6453.5881041321245,95851.19764655804,6453.5881041321245,33509.701363001,0.0,0.0,0.0
4224,96,87845.4692,60840.943649115,0.0,60840.943649115,1221.308,0.0,0.0,25757.28351797908,0.0,74.364,0.0,0.0,0.0,0.0,48.42996709407367,0.0,95897.2061152974,-48.42996709407367,27004.52555088501,0.0,0.0,0.0
4225,1,83011.73078,62465.459956039995,0.0,62465.459956039995,1221.308,0.0,0.0,25757.003937723486,0.0,74.364,0.0,0.0,0.0,0.0,6506.405113763492,0.0,6181.084858075318,-6506.405113763492,20546.270823960003,0.0,0.0,0.0
4226,2,79876.78021,58930.282894085,0.0,55644.46397175817,1158.8449999999998,0.0,0.0,22999.107238242366,0.0,74.364,0.0,0.0,0.0,0.0,0.0,0.0,6181.084858075882,0.0,24232.31623824183,0.0,0.0,0.0
4227,3,78108.48436,59076.467791267,0.0,59076.467791267,1221.308,0.0,0.0,25753.469405386775,0.0,74.364,0.0,0.0,0.0,0.0,8017.124836655254,0.0,13797.353452898373,-8017.124836655254,19032.016568733,0.0,0.0,0.0
4228,4,77887.0508,60192.961243257996,0.0,51713.77719431321,512.999,0.0,0.0,25585.91060568678,0.0,74.364,0.0,0.0,0.0,0.0,0.0,0.0,13797.353452898373,0.0,26173.273605686787,0.0,0.0,0.0
4229,5,79309.57724,38845.714751112,474.5016,38845.714751112,1221.308,474.5016,593.212,25750.126136975578,28.5,74.364,0.0,0.0,0.0,1851.4997500000009,0.0,10470.351001912066,2775.931345622515,10470.351001912066,39989.360888888,16.242600000000014,16.242600000000014,16.242600000000014
4230,6,83295.13188,37449.343908405004,18275.59693562,37449.343908405004,1221.308,18275.59693562,26.916999999991734,25749.685544285778,0.0,74.364,0.0,0.0,0.0,0.0,0.0,497.9164916876816,2251.8087227933765,497.9164916876816,27570.191035974996,5.323000000000011,5.323000000000011,5.323000000000011
4231,7,88577.20142,40292.710191993,34188.643415705505,40292.71019199396,1221.308,34188.643415705505,0.0,25749.47360416866,0.0,74.364,0.0,0.0,0.0,0.0,12949.297791868603,0.0,14553.641625068547,-12949.297791868603,14095.847812300533,0.0,0.0,0.0
4232,8,94859.82051,41616.377759079995,48173.1750643175,41616.377759079995,1142.7670000000003,45748.58684923752,0.0,25747.04770354038,0.0,74.364,0.0,0.0,0.0,0.0,19469.32280185789,0.0,33049.49828683354,-19469.32280185789,7494.8559016824875,0.0,0.0,0.0
4233,9,99954.33663,47136.369857617996,57068.17486159001,47136.369857617996,502.61199999999997,27788.013022635227,0.0,24452.977749746773,0.0,74.364,0.0,0.0,0.0,0.0,0.0,0.0,33049.49828683354,0.0,25029.953749746783,0.0,0.0,0.0
4234,10,104740.2702,46879.30290948001,61503.167792452005,43354.39150948,1151.2759999999998,34414.17222932882,0.0,25746.066461191185,0.0,74.364,0.0,0.0,0.0,0.0,0.0,0.0,33049.49828683354,0.0,26971.706461191177,0.0,0.0,0.0
4235,11,108855.4811,50244.651754057,64792.307765862504,49973.714854057,1127.1170000000002,33390.34794175183,0.0,24364.301304191165,0.0,0.0,0.0,0.0,0.0,0.0,0.0,0.0,33049.49828683354,0.0,25491.418304191175,0.0,0.0,0.0
4236,12,111238.8378,52592.079797301005,65603.811135282,52147.394796261004,784.4460000000001,64290.028941960416,0.0,24083.479223984257,0.0,74.364,0.0,0.0,0.0,0.0,30140.875162205684,0.0,61683.32969092894,-30140.875162205684,-5198.585938221426,0.0,0.0,0.0
4237,13,113027.4083,52050.17340702599,65338.9283941055,44325.049407025996,1196.0550000000003,42922.57829432185,0.0,24509.361598652158,0.0,74.364,0.0,0.0,0.0,0.0,0.0,0.0,61683.32969092894,0.0,25779.780598652156,0.0,0.0,0.0
4238,14,114675.3691,51652.051959159,66945.1245983205,51652.051959159,1127.231,66900.88188291159,0.0,25136.079420135058,0.0,0.0,0.0,0.0,0.0,0.0,30140.875162205684,0.0,90317.16109502436,-30140.875162205684,-3877.5647420705936,0.0,0.0,0.0
4239,15,115669.4762,45884.575698559995,62292.983470301,45884.575698559995,1221.308,62292.98347030097,0.0,25738.795116945264,0.0,74.364,0.0,0.0,0.0,0.0,19542.550085806248,0.0,108882.5836765403,-19542.550085806248,7491.917031139048,0.0,0.0,0.0
4240,16,116076.7441,67105.68698890001,66361.733892621,67105.68698890001,535.318,63923.37861755471,0.0,24512.360493545257,0.0,0.0,0.0,0.0,0.0,0.0,40000.0,0.0,146882.5836765403,-40000.0,-14952.321506454718,0.0,0.0,0.0
4241,17,115636.4479,55994.07445383601,59697.9478095645,46439.404303835996,1195.667,43622.06672748503,0.0,24304.945868678944,0.0,74.364,0.0,0.0,0.0,0.0,0.0,0.0,146882.5836765403,0.0,25574.976868678976,0.0,0.0,0.0
4242,18,113657.4649,50622.68680357999,45382.65021467901,50622.686803579985,1221.308,45382.65021467901,0.0,25735.028037478944,0.0,74.364,0.0,0.0,0.0,0.0,9378.572155737922,0.0,155792.22722449133,-9378.572155737922,17652.127881741013,0.0,0.0,0.0
4243,19,110904.9529,58810.745659953,27644.4315543935,58810.745659953,1221.308,27644.4315543935,0.0,25731.838436189144,0.0,74.364,0.0,0.0,0.0,1851.4997500000136,4429.234500535692,0.0,160000.0,-4429.234500535692,24449.775685653505,0.0,0.0,0.0
4244,20,108911.9272,50013.309554135994,6253.0248915904995,50013.309554135994,1221.308,6253.0248915904995,593.212,25731.558855933545,28.499999999999996,74.364,0.0,0.0,0.0,3702.9995000000085,0.0,21293.650398341295,137585.63115964082,21293.650398341295,52645.592754273515,16.24259999998995,16.24259999998995,16.24259999998995
4245,21,106818.8922,52127.431949669,0.0,52127.431949669,1221.308,0.0,593.212,25731.133444639945,7269.002,74.364,0.0,0.0,0.0,5554.499250000004,0.0,14247.941555691035,122587.79794312408,14247.941555691035,54691.460250331,17.18868000000109,17.18868000000109,17.18868000000109
4246,22,102030.9465,47620.042339297,0.0,47620.042339297,1221.308,0.0,593.212,25728.071363996834,850.3383207695551,74.364,0.0,0.0,0.0,7405.999,0.0,18537.6114759366,103074.52270529608,18537.6114759366,54410.90416070301,16.24259999999903,16.24259999999903,16.24259999999903
4247,23,94568.07811,47680.744041649,0.0,47680.744041649,1221.308,0.0,593.212,25727.852531007033,50.0,74.364,0.0,0.0,0.0,7405.999,0.0,11814.598537344897,90638.10319230147,11814.598537344897,46887.334068351,16.242600000000206,16.242600000000206,16.242600000000206
4248,24,87154.64293,46439.030958085,0.0,46439.030958085,1221.308,0.0,593.212,25724.325931651438,50.0,74.364,0.0,0.0,0.0,7405.999,0.0,5646.403040262048,84694.5210446572,5646.403040262048,40715.611971915,16.242600000000422,16.242600000000422,16.242600000000422
4249,25,82294.86564,43703.486107715995,0.0,43703.486107715995,1221.308,0.0,593.212,25724.068151795833,50.0,74.364,0.0,0.0,0.0,7405.999,0.0,3522.4283804902816,80986.7016967727,3522.4283804902816,38591.37953228401,16.24260000000008,16.24260000000008,16.24260000000008
4250,26,79003.75219,47451.724199445,0.0,47451.724199445,1221.308,0.0,593.212,25723.684631440236,21.5,74.364,0.0,0.0,0.0,7405.999,3488.0396408858696,0.0,84300.33935561427,-3488.0396408858696,31552.027990554998,9.730499999999783,9.730499999999783,9.730499999999783
4251,27,77527.56307,46244.020646786,0.0,46244.020646786,1221.308,0.0,0.0,25720.698470788924,0.0,74.364,0.0,0.0,0.0,5554.499250000037,1287.3272975765785,0.0,85523.30028831202,-1287.3272975765785,31283.542423214007,3.218399999999714,3.218399999999714,3.218399999999714
4252,28,77567.87088,41215.180546678,0.0,41215.180546678,1221.308,0.0,593.212,25720.33824003332,28.499999999999996,74.364,0.0,0.0,0.0,7405.999,0.0,1308.9690932901217,84145.43808484873,1308.9690932901217,36352.690333322,16.242600000000145,16.242600000000145,16.242600000000145
4253,29,79325.84956,43321.101654189,429.08795,43321.101654189,1221.308,429.08795,593.212,25719.97829923972,28.499999999999996,74.364,0.0,0.0,0.0,7405.999,0.0,532.2986565722232,83585.12370950956,532.2986565722232,35575.659955811,16.242599999999765,16.242599999999765,16.242599999999765
4254,30,83473.77921,39951.616746224005,18188.9567724335,39951.616746224005,1221.308,18188.9567724335,0.0,25716.727950684115,0.0,74.364,0.0,0.0,0.0,5554.4992499999935,7233.693509343273,0.0,90457.13254338567,-7233.693509343273,25333.20569134249,3.218400000000207,3.218400000000207,3.218400000000207
4255,31,88828.75624,29977.623500522997,36219.243642357,29977.623500522997,1221.308,36219.243642357,593.212,25716.532407294322,0.0,74.364,0.0,0.0,0.0,7405.999,12379.526310176027,0.0,102217.68253805289,-12379.526310176027,22631.88909712,9.730499999999903,9.730499999999903,9.730499999999903
4256,32,94526.54882,17557.359090061,52543.80037968499,17557.359090061,1221.308,52543.80037968499,593.212,25716.20135435121,0.0,74.364,0.0,0.0,0.0,7405.999,10585.695004098847,0.0,112274.09279194681,-10585.695004098847,24425.38935025401,9.7304999999982,9.7304999999982,9.7304999999982
4257,33,99951.38249,11433.341510226,62855.095400857004,11433.341510226,1221.308,62855.095400857004,593.212,25713.02162575761,0.0,74.364,0.0,0.0,0.0,7405.998999998526,9344.959046840599,0.0,121151.80388644537,-9344.959046840599,25662.945578916995,9.73049999999916,9.73049999999916,9.73049999999916
4258,34,104792.5232,9763.990258025999,67772.9020509445,9763.990258025999,1221.308,67772.9020509445,593.212,25712.661395002007,0.0,74.364,0.0,0.0,0.0,7405.998999998554,7751.913503972508,0.0,128516.12171521925,-7751.913503972508,27255.630891029505,9.73050000000027,9.73050000000027,9.73050000000027
4259,35,109111.61,9536.761204625998,70193.1461192665,9536.761204625998,1221.308,70193.1461192665,593.212,25709.552444212215,0.0,74.364,0.0,0.0,0.0,7405.999,5622.732768106471,0.0,133857.7178449204,-5622.732768106471,29381.702676107496,9.730499999999942,9.730499999999942,9.730499999999942
4260,36,111943.868,11206.465448839997,72006.48157065349,11206.465448839997,1221.308,72006.48157065349,593.212,25709.111852918617,0.0,74.364,0.0,0.0,0.0,7405.999,6273.073872413872,0.0,139817.13802371357,-6273.073872413872,28730.92098050652,9.730500000000031,9.730500000000031,9.730500000000031
4261,37,114229.9793,15179.610242461998,71475.217173231,15179.610242461998,1221.308,71475.217173231,593.212,25708.908022401494,28.5,74.364,0.0,0.0,0.0,7405.999,7457.139138095984,0.0,146901.42020490475,-7457.139138095984,27575.151884307008,16.242599999937077,16.242599999937077,16.242599999937077
4262,38,116876.1946,19979.130999875997,73010.1424093135,19979.130999875997,1221.308,73010.1424093135,0.0,25705.4659211117,0.0,74.364,0.0,0.0,0.0,5554.499250000001,8668.715980303074,0.0,155136.70038619268,-8668.715980303074,23886.921190810506,3.218400000063104,3.218400000063104,3.218400000063104
4263,39,118353.7087,22986.831300225003,68940.92154735449,22986.831300225003,1221.308,68940.92154735449,0.0,25705.88457101766,0.0,74.364,0.0,0.0,0.0,3702.9994999967894,4278.6002185944335,0.0,159201.3705938574,-4278.6002185944335,26425.955852420506,0.0,0.0,0.0
4264,40,119034.3639,21993.106398534,64704.488864422,21993.106398534,1221.308,64704.488864422,593.212,25705.547919824014,28.5,74.364,0.0,0.0,0.0,5554.4992499968075,840.6625327816947,0.0,160000.0,-840.6625327816947,32336.768637044,12.948900000238472,12.948900000238472,12.948900000238472
4265,41,118735.9777,22500.171806039,58034.961093364494,22500.171806039,1221.308,58034.961093364494,593.212,25702.27428027221,50.0,74.364,0.0,0.0,0.0,7405.998999996825,0.0,3153.687520325946,156680.3289259727,3153.687520325946,38200.84480059651,16.242600000000508,16.242600000000508,16.242600000000508
4266,42,116870.9028,20202.012050286,43600.61759606551,20202.012050286,1221.308,43600.61759606551,593.212,25702.131198417097,14329.467839999974,74.364,0.0,0.0,0.0,7405.999,0.0,3741.7911152323695,152741.6014362544,3741.7911152323695,53068.27315364848,17.188680000000524,17.188680000000524,17.188680000000524
4267,43,114150.9726,24170.417046152998,26371.873996973,24170.417046152998,1221.308,26371.873996973,593.212,25701.770967661498,24452.49,74.364,36.16000000000011,0.0,0.0,7405.999,0.0,4123.377589211996,148401.203973926,4123.377589211996,63608.68155687399,30.763720000000017,30.763720000000017,30.763720000000017
4268,44,111648.9632,25640.290551943,6549.275407882,25640.290551943,1221.308,6549.275407882,593.212,25698.646820805898,25028.690000000002,74.364,469.1079999999999,257.0,0.0,7405.999,0.0,18711.069419369225,128705.34142722155,18711.069419369225,79459.39724017499,35.458000001166155,35.458000001166155,35.458000001166155
4269,45,109049.4029,29594.457858101996,0.0,29594.457858101996,1221.308,0.0,593.212,25698.286590050295,25028.690000000002,74.364,701.2,257.0,0.0,7405.999,0.0,18474.88545184735,109258.0935831717,18474.88545184735,79454.945041898,35.4580000011638,35.4580000011638,35.4580000011638
4270,46,103979.7194,29728.721343081004,0.0,29728.721343081004,1221.308,0.0,593.212,25695.200928860497,25028.690000000002,74.364,469.10800000000006,257.0,0.0,7405.999,0.0,13506.116128058811,95041.12923784665,13506.116128058811,74250.998056919,35.45800000116184,35.45800000116184,35.45800000116184
4271,47,96166.41778,32633.418801959004,0.0,32633.418801959004,1221.308,0.0,593.212,25694.869875917386,24452.49,74.364,36.15999999999998,0.0,0.0,7405.999,0.0,4054.596102122202,90773.13334087591,4054.596102122202,63532.998978040996,30.76372000000002,30.76372000000002,30.76372000000002
4272,48,88578.65356,30379.077201808002,0.0,30379.077201808002,1221.308,0.0,593.212,25694.533224723786,14329.46783999994,74.364,0.0,0.0,0.0,7405.999,0.0,8880.692293468263,81425.03618985669,8880.692293468263,58199.576358192004,17.1886800000003,17.1886800000003,17.1886800000003
4273,49,83471.66078,31225.503851467,0.0,31225.503851467,1221.308,0.0,593.212,25691.329916568186,7269.002,74.364,0.0,0.0,0.0,7405.999,0.0,9990.942011965446,70908.25512462991,9990.942011965446,52246.156928533004,17.18867999999984,17.18867999999984,17.18867999999984
4274,50,79875.82409,30216.388506346,0.0,30216.388506346,1221.308,0.0,593.212,25691.111083578387,7269.002,74.364,0.0,0.0,0.0,7405.999,0.0,7404.439500073997,63114.10828244675,7404.439500073997,49659.43558365399,17.18868000000006,17.18868000000006,17.18868000000006
4275,51,78485.51129,31233.491695298,0.0,31233.491695298,1221.308,0.0,593.212,25690.609743622783,7269.002,74.364,0.0,0.0,0.0,7405.999,0.0,4997.524851079215,57853.55580762653,4997.524851079215,47252.019594702,17.188680000000105,17.188680000000105,17.188680000000105
4276,52,78157.63355,30897.394239232995,0.0,30897.394239232995,1221.308,0.0,593.212,25687.300293167667,7269.002,74.364,0.0,0.0,0.0,7405.999,0.0,5009.054017597841,52580.86736804985,5009.054017597841,47260.23931076701,17.18867999999988,17.18867999999988,17.18867999999988
4277,53,79489.50907,31498.510149209997,143.57710000000003,31498.510149209997,1221.308,143.57710000000003,593.212,25686.91677281207,7269.002,74.364,0.0,0.0,0.0,7405.999,0.0,5596.620047976335,46689.68837018002,5596.620047976335,47847.421820790005,17.188680000000108,17.188680000000108,17.188680000000108
4278,54,82757.6545,30733.359839668996,17837.2381015965,30733.359839668996,1221.308,17837.2381015965,593.212,25686.721229422266,21.5,74.364,0.0,0.0,0.0,7405.99899999845,816.0476706877716,0.0,47464.9336573334,-816.0476706877716,34187.05655873451,9.730499999999953,9.730499999999953,9.730499999999953
4279,55,88306.74028,20961.626548158998,35729.792692787996,20961.626548158998,1221.308,35729.792692787996,593.212,25683.376812066672,0.0,74.364,0.0,0.0,0.0,7405.999,3362.9387730154012,0.0,50659.72549169803,-3362.9387730154012,31615.321039053008,9.730499999999882,9.730499999999882,9.730499999999882
4280,56,94745.95427,9242.347559306001,51147.4427352185,9242.347559306001,1221.308,51147.4427352185,593.212,25683.157980473068,0.0,74.364,0.0,0.0,0.0,7405.999,621.8770049992929,0.0,51250.50864644736,-621.8770049992929,34356.1639754755,9.73050000000013,9.73050000000013,9.73050000000013
4281,57,100429.4072,5680.1166080640005,62079.25664917599,5680.1166080640005,1221.308,62079.25664917599,593.212,25682.95414855976,0.0,74.364,0.0,0.0,0.0,7405.999,2307.8032058014805,0.0,53442.92169195876,-2307.8032058014805,32670.033942760012,9.730500000000069,9.730500000000069,9.730500000000069
4282,58,105718.7809,5130.9646595389995,66850.787359006,5130.9646595389995,1221.308,66850.787359006,593.212,25679.764548666153,0.0,74.364,0.0,0.0,0.0,7405.999,1237.6186672125814,0.0,54618.659425810714,-1237.6186672125814,33737.028881455,9.73050000000762,9.73050000000762,9.73050000000762
4283,59,110273.143,5576.249153026,69833.53874292951,5576.249153026,1221.308,69833.53874292951,593.212,25679.343859210552,0.0,74.364,0.0,0.0,0.0,7405.999,110.87175516754257,0.0,54723.98759321988,-110.87175516754257,34863.35510404449,9.730500000000188,9.730500000000188,9.730500000000188
4284,60,113673.9023,8012.889492941999,71563.502836815,8012.889492941999,1221.308,71563.502836815,593.212,25676.201298320753,21.5,74.364,0.0,0.0,0.0,7405.999,895.0743280793572,0.0,55574.308204895264,-895.0743280793572,34097.509970243,9.730499999999914,9.730499999999914,9.730499999999914
4285,61,116690.5677,9866.145900038,70970.454469469,9866.145900038,1221.308,70970.454469469,593.212,25675.945007665152,826.8625764146859,74.364,0.0,0.0,0.0,7405.999,0.0,56.2767464131648,55515.06952446035,56.2767464131648,35853.967330493004,16.24260000000031,16.24260000000031,16.24260000000031
4286,62,119077.8909,16905.897048784,72652.94044171751,16905.897048784,1221.308,72652.94044171751,593.212,25675.697992984045,28.5,74.364,0.0,0.0,0.0,5554.499250000001,3628.527833487172,0.0,58962.17096627316,-3628.527833487172,29519.05340949849,12.948900000237078,12.948900000237078,12.948900000237078
4287,63,120665.0335,27706.184392057003,68511.240598338,27706.184392057003,1221.308,68511.240598338,0.0,25672.447932994244,0.0,74.364,0.0,0.0,0.0,3702.9995000000126,6223.510923391085,0.0,64874.50634349469,-6223.510923391085,24447.60850960501,0.0,0.0,0.0
4288,64,121822.8064,32313.684850912,64213.392134970505,32313.684850912,1221.3080000418781,64213.392134970505,0.0,25672.166574972845,0.0,74.364,0.0,0.0,0.0,3702.9994999999954,5375.108660898232,0.0,69980.85957134802,-5375.108660898232,25295.729414117493,0.0,0.0,0.0
4289,65,121430.9681,34321.835244078,56954.902454463,34321.835244078,1221.308,56954.902454463,593.212,25671.694780783047,28.499999999999996,74.364,0.0,0.0,0.0,5554.49925,2989.3476293240287,0.0,72820.73981920585,-2989.3476293240287,30154.230401458997,12.002820000237154,12.002820000237154,12.002820000237154
4290,66,119677.0845,32182.929301173,43802.808115031505,32182.929301173,1221.308,43802.808115031505,593.212,25668.46818302745,7269.002,74.364,0.0,0.0,0.0,7405.999,0.0,1458.9939007701216,71284.9567657636,1458.9939007701216,43691.34708379549,17.188680000000037,17.188680000000037,17.188680000000037
4291,67,116552.1626,35387.645093443,26811.300076796997,35387.645093443,1221.308,26811.300076796997,593.212,25668.13153183385,7110.465839999978,74.364,0.0,0.0,0.0,7405.999,0.0,12279.737057926155,58358.917757420284,12279.737057926155,54353.21742976,15.570160015836745,15.570160015836745,15.570160015836745
4292,68,114118.0872,31505.556159766,6344.8000910755,31505.556159766,1221.308,6344.8000910755,593.212,25667.823761216732,24452.49,74.364,448.7680000000014,257.0,0.0,7405.999,0.0,16146.766187941697,41362.32177011324,16146.766187941697,76267.73094915849,35.458000001168124,35.458000001168124,35.458000001168124
4293,69,111255.4897,40206.15950404201,0.0,40206.15950404201,1221.308,0.0,593.212,25664.71481042693,25028.690000000002,74.364,469.10799999999995,257.0,0.0,7405.999,0.0,10334.934385531058,30483.44346955423,10334.934385531058,71049.330195958,35.45800000116272,35.45800000116272,35.45800000116272
4294,70,105862.6507,43866.86379807701,0.0,43866.86379807701,1221.308,0.0,593.212,25664.88841103285,24452.49,74.364,36.16,0.0,0.0,7405.999,0.0,2547.365490888784,27802.00611072393,2547.365490888784,61995.78690192299,30.763720000000063,30.763720000000063,30.763720000000063
4295,71,98139.33523,46605.31164409699,0.0,46605.31164409699,1221.308,0.0,593.212,25661.834611639246,7110.465839999965,74.364,0.0,0.0,0.0,7405.999,0.0,9466.840134264667,17836.9112325506,9466.840134264667,51534.02358590301,16.242600000000103,16.242600000000103,16.242600000000103
4296,72,90672.92732,49032.474004706004,0.0,49032.474004706004,1221.308,0.0,593.212,25661.466271283647,50.0,74.364,0.0,0.0,0.0,7405.999,0.0,6634.104044008916,10853.643817804372,6634.104044008916,41640.453315294,16.242599999999953,16.242599999999953,16.242599999999953
4297,73,85320.13199,47958.225810583994,0.0,47958.225810583994,1221.308,0.0,593.212,25661.32318803233,50.0,74.364,0.0,0.0,0.0,7405.999,0.0,2355.699991383679,8373.959616347867,2355.699991383679,37361.906179416,16.24260000000144,16.24260000000144,16.24260000000144
4298,74,82123.01794,47747.098992804,0.0,47747.098992804,1221.308,0.0,593.212,25658.03567037673,21.5,74.364,0.0,0.0,0.0,7405.998999999985,598.4997231807229,0.0,8942.534353369554,-598.4997231807229,34375.918947196005,9.730500000000145,9.730500000000145,9.730500000000145
4299,75,79942.05699,46705.831603644,0.0,46705.831603644,1221.308,0.0,593.212,25657.71289728693,21.5,74.364,0.0,0.0,0.0,7405.999,1737.8705109321209,0.0,10593.511338755068,-1737.8705109321209,33236.225386355996,9.73050000000002,9.73050000000002,9.73050000000002
4300,76,79277.39769,42013.616992753006,0.0,42013.616992753006,1221.308,0.0,593.212,25657.45660663133,50.0,74.364,0.0,0.0,0.0,7405.999,0.0,2261.4410906156736,8213.047032843833,2261.4410906156736,37263.78069724699,16.24259999999955,16.24259999999955,16.24259999999955
4301,77,80574.74949,40055.59219632299,285.1156,40055.59219632299,1221.308,285.1156,593.212,25654.31404713773,50.0,74.364,0.0,0.0,0.0,7405.999,0.0,5234.844646537452,2702.684247014937,5234.844646537452,40234.04169367701,16.24259999809702,16.24259999809702,16.24259999809702
4302,78,83983.63351,37505.165860647,16790.9120560525,37505.165860647,1221.308,16790.9120560525,593.211999998267,25653.945825094623,21.5,74.364,0.0,0.0,0.0,5554.499250000003,3431.273481794133,0.0,5962.394054719363,-3431.273481794133,29687.555593300498,10.981360000238555,10.981360000238555,10.981360000238555
4303,79,89069.77358,30108.108908703995,35557.55341860701,30108.108908703995,1221.308,35557.55341860701,0.0,25653.37009080482,0.0,74.364,0.0,0.0,0.0,3702.999500000004,7247.930338115861,0.0,12847.92787592943,-7247.930338115861,23404.111252688992,0.0,0.0,0.0
4304,80,95303.12291,17325.756502458997,48304.7070752155,17325.756502458997,1221.308,48304.7070752155,593.2119999999996,25650.22368234922,28.499999999999996,74.364,0.0,0.0,0.0,5554.499250000004,3449.447600023718,0.0,16124.903095951962,-3449.447600023718,29672.659332325507,11.698040001905495,11.698040001905495,11.698040001905495
4305,81,101228.656,12469.227054204,62535.466680396996,12469.227054204,1221.308,62535.466680396996,593.212,25649.900910655622,0.0,74.364,0.0,0.0,0.0,7405.999,8720.82164525822,0.0,24409.683658947266,-8720.82164525822,26223.962265399,9.73049999999985,9.73049999999985,9.73049999999985
4306,82,106615.3227,11710.529908703,67496.727687441,11710.529908703,1221.308,67496.727687441,593.212,25646.645253400016,28.5,74.364,0.0,0.0,0.0,7405.999,7561.963149545618,0.0,31593.548651015604,-7561.963149545618,27408.065103856003,13.065700000476227,13.065700000476227,13.065700000476227
4307,83,110953.4765,13077.572140332,70733.01121698199,13077.572140332,1221.308,70733.01121698199,593.212,25646.4134100487,28.5,74.364,0.0,0.0,0.0,5554.49925,5975.403517362705,0.0,37270.18199251017,-5975.403517362705,27142.893142686007,16.242600000000188,16.242600000000188,16.242600000000188
4308,84,113785.9594,22285.307154272,72379.86004909451,22285.307154272,1221.3080000263958,72379.86004909451,0.0,25646.212702527304,0.0,74.364,0.0,0.0,0.0,3702.999499999989,11524.09200592071,0.0,48218.06939813485,-11524.09200592071,19120.792196633498,0.0,0.0,0.0
4309,85,116185.9252,24632.324856813,71773.78710253451,24632.324856813,1221.308,71773.78710253451,0.0,25643.0231012375,0.0,74.364,0.0,0.0,0.0,1851.4997499999681,9010.38161058501,0.0,56777.93192819061,-9010.38161058501,19779.813240652482,0.0,0.0,0.0
4310,86,118422.4125,24552.267649704,71663.31055063251,24552.267649704,1221.308,71663.31055063251,348.123,25642.6257013819,0.0,74.364,0.0,0.0,0.0,3702.9994999999717,8782.585901718376,0.0,65121.38853482306,-8782.585901718376,22206.83429966349,6.3199999999999505,6.3199999999999505,6.3199999999999505
4311,87,119924.0882,20917.310401631,69105.6584953415,20917.310401631,1221.308,69105.6584953415,593.212,25642.302929688303,28.5,74.364,0.0,0.0,0.0,5554.499249999995,3213.0668766624804,0.0,68173.80206765242,-3213.0668766624804,29901.119303027503,16.242599999998355,16.242599999998355,16.242599999998355
4312,88,120816.7106,23965.517157905997,64932.0308755165,23965.517157905997,1221.308,64932.0308755165,593.212,25639.256029045195,50.0,74.364,0.0,0.0,0.0,7405.999,3064.976462466261,0.0,71085.52970699537,-3064.976462466261,31919.162566577506,16.242600000000035,16.242600000000035,16.242600000000035
4313,89,120427.7348,31051.122197824003,58566.333624874,31051.122197824003,1221.308,58566.333624874,0.0,25638.815436355395,21.5,74.364,0.0,0.0,0.0,5554.499250000003,1700.2077090553958,0.0,72700.72703059799,-1700.2077090553958,30810.278977301998,3.218399999999362,3.218399999999362,3.218399999999362
4314,90,118196.592,33591.388798112996,44621.160047449994,33591.388798112996,1221.308,44621.160047449994,593.212,25638.596603365597,50.0,74.364,0.0,0.0,0.0,7405.999,0.0,5000.563551072688,67436.97592420569,5000.563551072688,39984.043154437015,16.242600000000586,16.242600000000586,16.242600000000586
4315,91,114682.4085,33997.154994391996,27201.4134428205,33997.154994391996,1221.308,27201.4134428205,593.212,25635.450194909994,7110.4658399999835,74.364,0.0,0.0,0.0,7405.999,0.0,11443.041027875526,55391.669579073554,11443.041027875526,53483.84006278751,16.242599999999918,16.242599999999918,16.242599999999918
4316,92,111613.8087,35977.784544485,5159.957097343,35977.784544485,1221.308,5159.957097343,593.212,25635.150712816398,24452.49,74.364,448.76800000000003,257.0,0.0,7405.999,0.0,10387.775345355567,44457.16921554138,10387.775345355567,70476.06705817199,34.78556000002325,34.78556000002325,34.78556000002325
4317,93,109023.8265,40630.494053771006,0.0,40630.494053771006,1221.308,0.0,593.212,25631.64797529928,24452.49,74.364,36.15999999999988,257.0,0.0,7405.999,0.0,8721.151470929892,35277.009772457284,8721.151470929892,68393.33244622899,33.44187999999995,33.44187999999995,33.44187999999995
4318,94,104642.7535,43130.639557899,0.0,43130.639557899,1221.308,0.0,593.212,25631.36367180948,14329.467839999954,74.364,0.0,0.0,0.0,7405.999,0.0,12256.399430291582,22375.536687939828,12256.399430291582,61512.11394210101,17.18867999999987,17.18867999999987,17.18867999999987
4319,95,97481.30631,44768.207550037994,0.0,44768.207550037994,1221.308,0.0,593.212,25631.10738115388,7269.002,74.364,0.0,0.0,0.0,7405.999,0.0,10518.10637880812,11303.845762878647,10518.10637880812,52713.098759962006,17.18868000000022,17.18868000000022,17.18868000000022
4320,96,90530.24299,44818.827203605004,0.0,44818.827203605004,1221.308,0.0,593.212,25627.879311660283,50.0,74.364,0.0,0.0,0.0,7405.999,0.0,10738.653474734716,0.0,10738.653474734716,45711.415786394995,16.242600000000525,16.242600000000525,16.242600000000525
4321,1,85018.62343,41469.603849018,0.0,41469.603849018,1221.308,0.0,593.212,25627.497091804682,8626.639489177314,74.364,0.0,0.0,0.0,7405.999,0.0,0.0,0.0,0.0,43549.01958098201,17.188679999999927,17.188679999999927,17.188679999999927
4322,2,81339.28674,44618.292450208006,0.0,44618.292450208006,1221.308,0.0,593.212,25627.297108853363,1798.814180938618,74.364,0.0,0.0,0.0,7405.999,0.0,0.0,0.0,0.0,36720.99428979199,16.242599999999797,16.242599999999797,16.242599999999797
4323,3,78984.93965,46430.159846597,0.0,46430.159846597,1221.308,0.0,593.212,25624.127410797762,28.499999999999996,74.364,0.0,0.0,0.0,6819.156552139261,1805.888159534019,0.0,1715.593751557318,-1805.888159534019,32554.779803403,15.150400000001634,15.150400000001634,15.150400000001634
4324,4,77710.04361,47392.812443050985,0.0,47392.812443050985,1221.308,0.0,593.212,25623.827928704162,0.0,74.364,0.0,0.0,0.0,4967.656802139261,2163.1375638944305,0.0,3770.5744372570252,-2163.1375638944305,30317.23116694901,7.529000000031664,7.529000000031664,7.529000000031664
4325,5,77138.63385,42552.086453618,347.53009999999995,42552.086453618,1221.308,347.53009999999995,593.212,25623.430528848567,28.5,74.364,0.0,0.0,0.0,3116.157052139258,0.0,3582.0457153941743,0.0,3582.0457153941743,34239.01729638199,16.24260000000012,16.24260000000012,16.24260000000012
4326,6,78115.80402,40672.010341364,16025.11023647,40672.010341364,1221.308,16025.110236469996,0.0,25620.915868120275,0.0,74.364,0.0,0.0,0.0,1264.6573021392564,6762.561728093548,0.0,6424.43364168887,-6762.561728093548,21418.683442165995,0.0,0.0,0.0
4327,7,80855.01498,32194.389392394005,34900.4792713405,32194.389392394005,1221.308,34900.47927134244,0.0,25620.688748003166,0.0,74.364,0.0,0.0,0.0,0.0,13156.21443173982,0.0,18922.8373518417,-13156.21443173982,13760.146316263563,0.0,0.0,0.0
4328,8,86323.91605,21862.084159435,51758.827696467,21862.084159435,1221.308,51758.82769646919,0.0,25617.468770647563,0.0,74.364,0.0,0.0,0.0,0.0,14210.136576551988,0.0,32422.467099566085,-14210.136576551988,12703.00419409581,0.0,0.0,0.0
4329,9,92676.11197,18327.964789071,62451.323616392,18327.964789071,1221.308,62451.32361639402,0.0,25617.227659991964,0.0,74.364,0.0,0.0,0.0,0.0,15016.076095457187,0.0,46687.73939025041,-15016.076095457187,11896.823564534978,0.0,0.0,0.0
4330,10,98230.1983,12735.560054487001,67373.33475418,12735.560054487001,1221.308,62972.887632136495,0.0,25616.628636102167,0.0,74.364,0.0,0.0,0.0,0.0,4390.5500227257,0.0,50858.76191183983,-4390.5500227257,22521.750613376513,0.0,0.0,0.0
4331,11,102894.6856,11512.137852233,70526.95901390951,11512.137852233,1221.308,70526.95901391176,0.0,25613.467047646565,0.0,74.364,0.0,0.0,0.0,0.0,6053.550313791546,0.0,56609.6347099418,-6053.550313791546,20855.588733855227,0.0,0.0,0.0
4332,12,105654.6322,14337.113552607,72251.8725401605,14337.113552607,1221.308,64408.648603527516,0.0,25613.198043865454,0.0,74.364,0.0,0.0,0.0,0.0,0.0,0.0,56609.6347099418,0.0,26908.870043865478,0.0,0.0,0.0
4333,13,108076.7944,15336.880148031998,71830.71039208048,15336.880148031998,1221.308,71830.71039208374,0.0,25612.86156390985,0.0,74.364,0.0,0.0,0.0,0.0,5999.329704025813,0.0,62308.99792876632,-5999.329704025813,20909.203859884263,0.0,0.0,0.0
4334,14,110397.8775,21751.725248893,73490.54858675551,21751.725248893,1221.308,73490.54858675887,0.0,25609.760722720053,0.0,74.364,0.0,0.0,0.0,0.0,11749.82905837214,0.0,73471.33553421985,-11749.82905837214,15155.603664348135,0.0,0.0,0.0
4335,15,112279.0666,33371.420003996,69754.723719779,33371.420003996,1221.308,69754.723719779,0.0,25609.415671964456,0.0,74.364,0.0,0.0,0.0,0.0,17752.16479573945,0.0,90335.89209017233,-17752.16479573945,9152.922876225013,0.0,0.0,0.0
4336,16,113600.7241,40655.965901819,65668.3885860015,40655.965901819,1221.308,65668.3885860015,0.0,25609.05573117085,0.0,74.364,0.0,0.0,0.0,0.0,19628.358118991393,0.0,108982.83230321415,-19628.358118991393,7276.369612179507,0.0,0.0,0.0
4337,17,114248.9442,42677.965693460996,59490.16093742049,42677.965693460996,1221.308,59490.16093742049,0.0,25605.857842753736,0.0,74.364,0.0,0.0,0.0,0.0,14820.712273635252,0.0,123062.50896316765,-14820.712273635252,12080.81756911851,0.0,0.0,0.0
4338,18,113021.8751,40993.243348477,44909.532855474004,39380.398298381,1200.4188830684047,44909.532855474004,0.0,25605.662299363936,0.0,74.364,0.0,0.0,0.0,1851.4986322479745,0.0,0.00013146466230300134,123062.5088247838,0.00013146466230300134,28731.943946145002,0.0,0.0,0.0
4339,19,110338.7876,37421.898046114,26627.167064674504,37421.898046114,1221.308,26627.167064674504,593.212,25602.42052160834,28.5,74.364,0.0,0.0,0.0,3702.9983822479753,0.0,15066.919585355168,107202.59347177835,15066.919585355168,46289.72248921149,16.242598011590864,16.242598011590864,16.242598011590864
4340,20,107916.9904,37533.437451355,4593.897300054,37533.437451355,1221.308,4593.897300054,593.212,25602.099050414738,50.0,74.364,0.0,0.0,0.0,5554.498132247975,0.0,32694.17446592828,72787.67298132753,32694.17446592828,65789.655648591,16.24260000000009,16.24260000000009,16.24260000000009
4341,21,105531.0622,44316.255256307995,0.0,44316.255256307995,1221.308,0.0,593.212,25601.79956692494,50.0,74.364,0.0,0.0,0.0,7405.996790680096,0.0,26268.126586086928,45137.013417025504,26268.126586086928,61214.806943692005,16.24259999999986,16.24259999999986,16.24259999999986
4342,22,101215.7618,55025.813391053,0.0,55025.813391053,1221.308,0.0,593.212,25598.667156281826,50.0,74.364,0.0,0.0,0.0,5554.499249999989,0.0,13097.898002665159,31349.7523615885,13097.898002665159,46189.94840894699,16.24260004540027,16.24260004540027,16.24260004540027
4343,23,94758.83336,53961.933106534,0.0,53961.933106534,1221.308,0.0,593.212,25598.38285418823,28.499999999999996,74.364,0.0,0.0,0.0,3702.999499999989,0.0,9578.133899277784,21267.50615182241,9578.133899277784,40796.900253466,16.242600000000092,16.242600000000092,16.242600000000092
4344,24,88519.17944,52905.719460672,0.0,52905.719460672,1221.308,0.0,169.95,25597.75624393263,0.0,74.364,0.0,0.0,0.0,1851.4997499999936,0.0,6698.581985395449,14216.367219827202,6698.581985395449,35613.45997932801,6.320000000000022,6.320000000000022,6.320000000000022
4345,25,83162.86407,52059.602109476,0.0,52059.602109476,1221.308,0.0,0.0,25594.528173042832,0.0,74.364,0.0,0.0,0.0,0.0,0.0,4213.061787479209,9781.56533827014,4213.061787479209,31103.261960523996,0.11679995454118067,0.11679995454118067,0.11679995454118067
4346,26,79918.98152,49675.343056785,0.0,49675.343056793005,1221.308,0.0,593.2119999999934,25594.28706238723,0.0,74.364,0.0,0.0,0.0,0.0,0.0,2760.467400827768,6875.810179504069,2760.467400827768,30243.638463206997,9.7305,9.7305,9.7305
4347,27,77720.58985,46973.665998147,0.0,46973.665998147,1221.308,0.0,593.212,25594.002869935914,0.0,74.364,0.0,0.0,0.0,0.0,0.0,3264.036981917091,3439.9817774860794,3264.036981917091,30746.923851853004,9.7305,9.7305,9.7305
4348,28,76153.58794,46451.47604139901,0.0,46451.47604139901,1221.308,0.0,593.212,25590.79292451451,0.0,74.364,0.0,0.0,0.0,0.0,0.0,2222.4349740864836,1100.5765416055706,2222.4349740864836,29702.11189860099,9.730500000000003,9.730500000000003,9.730500000000003
4349,29,75141.61593,46383.90870435,232.66294999999997,46383.90870435,1221.308,232.66294999999997,593.212,25590.612561124715,0.0,74.364,0.0,0.0,0.0,0.0,0.0,1045.5477145252921,0.0,1045.5477145252921,28525.04427565,9.730500000000426,9.730500000000426,9.730500000000426
4350,30,74999.99065,43770.857655413,13439.152801459,43770.857655413,1221.308,4346.066921617883,0.0,25587.394072969113,0.0,74.364,0.0,0.0,0.0,0.0,0.0,0.0,0.0,0.0,26883.066072969126,0.0,0.0,0.0
4351,31,77049.27194,36622.972039165,33019.6903790675,32921.94848983,0.0,18465.910137994495,0.0,25587.049312175513,0.0,74.364,0.0,0.0,0.0,0.0,0.0,0.0,0.0,0.0,25661.41331217551,0.0,0.0,0.0
4352,32,81835.63317,29350.041841054,49150.413692257,29350.041841054,1221.308,25603.177787387613,0.0,25586.7415415584,0.0,74.364,0.0,0.0,0.0,0.0,0.0,0.0,0.0,0.0,26882.413541558388,0.0,0.0,0.0
4353,33,87507.06909,29232.584703881,60163.4551569365,29232.584703881,1221.308,31395.171685750407,0.0,25583.6407003686,0.0,74.364,0.0,0.0,0.0,0.0,0.0,0.0,0.0,0.0,26879.312700368595,0.0,0.0,0.0
4354,34,92668.12856,30106.790790003,65431.868872946,30106.790790003,1221.308,35682.39340998398,0.0,25583.272360012998,0.0,74.364,0.0,0.0,0.0,0.0,0.0,0.0,0.0,0.0,26878.944360013018,0.0,0.0,0.0
4355,35,97353.47507,32965.01725358699,69382.253835033,18611.830053587,1221.308,51862.99026719355,0.0,25582.982749219398,0.0,74.364,0.0,0.0,0.0,0.0,0.0,0.0,0.0,0.0,26878.65474921946,0.0,0.0,0.0
4356,36,101355.2598,34599.840803727,71367.7969381055,34599.840803727,1221.308,70936.9199007048,0.0,25579.717220663795,0.0,74.364,0.0,0.0,0.0,0.0,31056.89012509561,0.0,29504.045618840828,-31056.89012509561,-4181.500904431799,0.0,0.0,0.0
4357,37,104609.4922,43509.941241951,71256.653335526,32913.757741919,0.0,46115.493489707005,0.0,25580.240968373993,0.0,0.0,0.0,0.0,0.0,0.0,0.0,0.0,29504.045618840828,0.0,25580.240968373982,0.0,0.0,0.0
4358,38,107053.215,48353.423759509,70173.5432382945,46480.22687180407,70.03200000000001,34848.987641377505,0.0,25579.604486818404,0.0,74.364,0.0,0.0,0.0,0.0,0.0,0.0,29504.045618840828,0.0,25724.00048681842,0.0,0.0,0.0
4359,39,109333.631,57048.31314182801,67503.49484313,57048.31314182801,1221.308,67484.86316313,0.0,23504.78269504199,0.0,74.364,0.0,0.0,0.0,0.0,40000.0,0.0,67504.04561884083,-40000.0,-15199.54530495801,0.0,0.0,0.0
4360,40,111149.9976,61000.820400938996,63439.29924256099,61000.82040093592,1221.308,63439.29924256099,0.0,25414.205956500016,0.0,74.364,0.0,0.0,0.0,0.0,40000.0,0.0,105504.04561883793,-40000.0,-13290.122043496907,0.0,0.0,0.0
4361,41,112397.6068,60516.658702906,56923.4267889875,60516.658702906,1221.308000002824,56923.4267889875,0.0,25572.940396679398,0.0,74.364,0.0,0.0,0.0,0.0,31911.091088575962,0.0,135819.5821529851,-31911.091088575962,-5042.478691893506,0.0,0.0,0.0
4362,42,111890.7746,64950.952650014005,43693.075191738004,64087.04876693681,862.9370000000001,21298.0304047725,0.0,25568.39442829066,0.0,74.364,0.0,0.0,0.0,0.0,0.0,0.0,135819.5821529851,0.0,26505.695428290695,0.0,0.0,0.0
4363,43,109942.0612,57837.88639463599,26147.426262235,57837.88639463599,1221.308,26147.426262235,0.0,22717.044172690847,0.0,74.364,0.0,0.0,0.0,0.0,0.0,1944.0323704381158,133773.23228936602,1944.0323704381158,25956.748543129004,0.0,0.0,0.0
4364,44,107621.297,54359.83599300801,3270.54941011,54359.83599300801,1221.308,3270.54941011,593.212,25569.12628269089,28.499999999999996,74.364,0.0,0.0,0.0,1851.4997500000009,0.0,20652.901564191096,112033.33590600698,20652.901564191096,49990.911596882,16.242600000000273,16.242600000000273,16.242600000000273
4365,45,105345.6715,59341.366846851,0.0,59341.366846851,1221.308,0.0,593.212,25568.841980597288,50.0,74.364,0.0,0.0,0.0,3702.999500000001,0.0,14793.579172551697,96461.14730332098,14793.579172551697,46004.304653148996,16.242600000000273,16.242600000000273,16.242600000000273
4366,46,100956.2215,62682.299058104,0.0,62682.299058104,1221.308,0.0,593.212,25568.718093141688,28.5,74.364,0.0,0.0,0.0,1851.49975,0.0,8936.320598754304,87054.49404147435,8936.320598754304,38273.922441896,16.16729999999974,16.16729999999974,16.16729999999974
4367,47,93597.97429,60947.289095584005,0.0,60947.289095584005,1221.308,0.0,0.0,25565.644644724573,0.0,74.364,0.0,0.0,0.0,0.0,0.0,5789.368549691426,80960.42188390442,5789.368549691426,32650.685194415993,0.0,0.0,0.0
4368,48,86726.53031,56072.957649584,0.0,56072.957649584,1221.308,0.0,593.212,25565.46428133477,0.0,74.364,0.0,0.0,0.0,0.0,0.0,3199.224379081512,77592.81727434494,3199.224379081512,30653.572660416,9.7305,9.7305,9.7305
4369,49,82014.9036,56811.53620895099,0.0,55758.59753112082,1221.308,0.0,0.0,24960.634068879168,0.0,74.364,0.0,0.0,0.0,0.0,0.0,0.0,77592.81727434494,0.0,26256.30606887919,0.0,0.0,0.0
4370,50,79184.60607,56177.870609353995,0.0,52328.550059414396,1221.308,0.0,0.0,25560.384010585567,0.0,74.364,0.0,0.0,0.0,0.0,0.0,0.0,77592.81727434494,0.0,26856.0560105856,0.0,0.0,0.0
4371,51,77377.91102,54713.169860698,0.0,54713.16986069972,1221.308,0.0,0.0,25561.217510429968,0.0,74.364,0.0,0.0,0.0,0.0,4192.148351130007,0.0,81575.35820791844,-4192.148351130007,22664.741159300276,0.0,0.0,0.0
4372,52,77178.28677,53670.014490218,0.0,53670.014490219444,1221.308,0.0,0.0,25558.216177052665,0.0,74.364,0.0,0.0,0.0,0.0,3345.615897272386,0.0,84753.69331032722,-3345.615897272386,23508.27227978056,0.0,0.0,0.0
4373,53,78788.85639,51591.098597303004,196.66519999999997,51591.098597303004,1221.308,196.66519999999997,11.235,25557.832656697065,0.0,74.364,0.0,0.0,0.0,0.0,0.0,136.35293599993753,84610.16390401148,136.35293599993753,27001.092592696998,4.974999999999789,4.974999999999789,4.974999999999789
4374,54,82505.8428,42683.328049396005,14289.376452688,42601.23826180854,852.594,13420.135352688,0.0,25557.511185503467,0.0,74.364,0.0,0.0,0.0,0.0,0.0,0.0,84610.16390401148,0.0,26484.46918550346,0.0,0.0,0.0
4375,55,87363.31133,32451.779455168995,34709.9875901495,32451.779455168995,1221.308,28061.614217883172,0.0,25554.24565694786,0.0,74.364,0.0,0.0,0.0,0.0,0.0,0.0,84610.16390401148,0.0,26849.91765694783,0.0,0.0,0.0
4376,56,94198.5594,21385.559849950005,50663.464699193,21385.559849950005,1221.308,50663.46469919472,0.0,25554.042003958057,0.0,74.364,0.0,0.0,0.0,0.0,4700.1791531030085,0.0,89075.33409945935,-4700.1791531030085,22149.53485085527,0.0,0.0,0.0
4377,57,99843.78402,17934.95929158,62128.0658978255,17934.95929158,1221.308,55059.37145467901,0.0,25553.781273740944,0.0,74.364,0.0,0.0,0.0,0.0,0.0,0.0,89075.33409945935,0.0,26849.453273740997,0.0,0.0,0.0
4378,58,105208.0893,14661.80254723,66944.368344586,14661.80254723,1221.308,63700.07542941884,0.0,25550.539323351146,0.0,74.364,0.0,0.0,0.0,0.0,0.0,0.0,89075.33409945935,0.0,26846.211323351177,0.0,0.0,0.0
4379,59,109783.3979,13653.359690615,70585.618506836,13653.359690615,1221.308,70585.618506836,0.0,24248.747702548982,0.0,74.364,0.0,0.0,0.0,0.0,0.0,0.0,89075.33409945935,0.0,25544.419702548985,0.0,0.0,0.0
4380,60,113261.4566,18329.988451326,72119.55941022902,18329.988451326,1221.308,72119.55941023222,0.0,25549.97544100195,0.0,74.364,0.0,0.0,0.0,0.0,4033.738702560362,0.0,92907.3858668917,-4033.738702560362,22811.90873844178,0.0,0.0,0.0
4381,61,116469.0681,21097.734502187002,71632.71085205,21097.734502187002,1221.308,71503.60002873852,0.0,25546.672743346353,0.0,74.364,0.0,0.0,0.0,0.0,2974.6111742718767,0.0,95733.26648244998,-2974.6111742718767,23867.73356907448,0.0,0.0,0.0
4382,62,119145.2863,24682.226344633,72765.17536103149,24682.226344633,1221.308,72765.17536103497,0.0,25546.41761766904,0.0,74.364,0.0,0.0,0.0,0.0,5144.205023337208,0.0,100620.26125462033,-5144.205023337208,21697.884594332034,0.0,0.0,0.0
4383,63,121113.824,32032.178294735,68421.66600351101,32032.178294735,1221.308,68421.6660035144,0.0,25543.30306961344,0.0,74.364,0.0,0.0,0.0,0.0,6178.995367863066,0.0,106490.30685409025,-6178.995367863066,20659.97970175059,0.0,0.0,0.0
4384,64,122128.9635,34314.156700368,64393.50431542999,30896.78359705015,1221.308,64393.50431542999,0.0,25543.003587519837,0.0,74.364,0.0,0.0,0.0,0.0,0.0,0.0,106490.30685409025,0.0,26838.675587519858,0.0,0.0,0.0
4385,65,121907.8227,34410.364055266,57282.091612393495,34410.364055266,1221.308,57282.091612393495,0.0,25542.321827264237,0.0,74.364,0.0,0.0,0.0,0.0,0.0,3377.373205076332,102935.17716453622,3377.373205076332,30215.367032340502,0.11680000005303803,0.11680000005303803,0.11680000005303803
4386,66,120074.5731,42574.882198399,43318.621785235504,42574.882198399,1221.308,43318.621785235504,169.95,25539.117045974435,0.0,74.364,0.0,0.0,0.0,1851.499749999989,0.0,5324.8303203910655,97330.09261675616,5324.8303203910655,34181.069116365485,6.320000000000089,6.320000000000089,6.320000000000089
4387,67,116919.9837,50759.634055389,25774.7208780455,50759.634055389,1221.308,25774.7208780455,593.212,25538.992088191524,28.499999999999996,74.364,0.0,0.0,0.0,3702.999499999989,0.0,9226.25317837399,87618.24716583616,9226.25317837399,40385.62876656551,16.2426,16.2426,16.2426
4388,68,114266.8636,52742.075705860996,3646.3572490895003,52742.075705860996,1221.308,3646.3572490895003,593.212,25539.406476063235,50.0,74.364,0.0,0.0,0.0,5554.499249999991,0.0,24845.640918986282,61464.94093532429,24845.640918986282,57878.4306450495,16.24259999999974,16.24259999999974,16.24259999999974
4389,69,111262.2998,53091.472005421994,0.0,53091.472005421994,1221.308,0.0,593.212,25536.103778407643,50.0,74.364,0.0,0.0,0.0,7405.998999999999,0.0,23289.84101617033,36949.31881303973,23289.84101617033,58170.827794578,16.242600000000145,16.242600000000145,16.242600000000145
4390,70,105719.6414,54009.805053297,0.0,54009.805053297,1221.308,0.0,593.212,25535.81947631404,50.0,74.364,0.0,0.0,0.0,5554.499250000027,0.0,18680.633620388922,17285.493949472446,18680.633620388922,51709.83634670299,16.242599999999854,16.242599999999854,16.242599999999854
4391,71,97750.79646,55787.50309860199,0.0,55787.50309860199,1221.308,0.0,593.212,25535.53989605844,28.499999999999996,74.364,0.0,0.0,0.0,3702.999500000027,0.0,10807.36996533951,5909.315038588751,10807.36996533951,41963.293361398006,16.2426,16.2426,16.2426
4392,72,90020.82831,56855.706296377,0.0,56855.706296377,1221.308,0.0,169.95,25532.387574907127,0.0,74.364,0.0,0.0,0.0,1851.4997500000131,0.0,4315.6126887158425,1366.5648399404954,4315.6126887158425,33165.122013623,6.320000000000054,6.320000000000054,6.320000000000054
4393,73,85039.53115,56913.617197005,0.0,56913.617197005,1221.308,0.0,0.0,25532.005355051522,0.0,74.364,0.0,0.0,0.0,0.0,0.0,1298.2365979434708,0.0,1298.2365979434708,28125.913952994997,0.11679999999958568,0.11679999999958568,0.11679999999958568
4394,74,82041.55158,59323.811593697006,0.0,55361.22025543826,1077.143,0.0,0.0,25528.82432456172,0.0,74.364,0.0,0.0,0.0,0.0,0.0,0.0,0.0,0.0,26680.33132456174,0.0,0.0,0.0
4395,75,80130.67382,60793.942607743,0.0,54939.1245669186,585.138,0.0,0.0,25528.628782568125,0.0,74.364,0.0,0.0,0.0,0.0,996.5815294867422,0.0,946.752453012405,-996.5815294867422,25191.549253081394,0.0,0.0,0.0
4396,76,79694.70279,57665.343648999005,0.0,53131.452058187475,960.6030000000001,0.0,0.0,25528.283731812524,0.0,74.364,0.0,0.0,0.0,0.0,0.0,0.0,946.752453012405,0.0,26563.25073181252,0.0,0.0,0.0
4397,77,81041.20818,52692.113897677,35.7245,52692.113897677,1221.308,35.7245,593.212,25525.070951961206,0.0,74.364,0.0,0.0,0.0,0.0,0.0,899.4148303617848,0.0,899.4148303617848,28313.369782323,9.730500000001715,9.730500000001715,9.730500000001715
4398,78,84513.8551,49654.556555223,11868.93724402,49654.556555223,1221.308,8038.811883471394,0.0,25524.814661305605,0.0,74.364,0.0,0.0,0.0,0.0,0.0,0.0,0.0,0.0,26820.48666130561,0.0,0.0,0.0
4399,79,88920.06496,39593.24989887099,32733.330105135,39593.24989887099,1221.308,22506.841912317006,0.0,25524.301148812003,0.0,74.364,0.0,0.0,0.0,0.0,0.0,0.0,0.0,0.0,26819.973148812005,0.0,0.0,0.0
4400,80,94234.40092,31459.29349294,48512.722008700504,31459.29349294,1221.308,35958.46026550359,0.0,25520.97516155641,0.0,74.364,0.0,0.0,0.0,0.0,0.0,0.0,0.0,0.0,26816.647161556408,0.0,0.0,0.0
4401,81,99465.80683,31098.574793754997,59835.47753933,31098.574793754997,1221.308,47575.48456428329,0.0,25520.69085806661,0.0,74.364,0.0,0.0,0.0,0.0,6024.615386104929,0.0,5723.384616799682,-6024.615386104929,20791.74747196171,0.0,0.0,0.0
4402,82,104115.0026,37261.571497702,65512.28643339,37261.571497702,1221.308,40037.27206747449,0.0,25520.487034823498,0.0,74.364,0.0,0.0,0.0,0.0,0.0,0.0,5723.384616799682,0.0,26816.159034823504,0.0,0.0,0.0
4403,83,108165.3329,40462.754145756,69004.1605156095,36195.574049341,25.641,46352.49488532912,0.0,25517.258965329893,0.0,74.364,0.0,0.0,0.0,0.0,0.0,0.0,5723.384616799682,0.0,25617.263965329876,0.0,0.0,0.0
4404,84,110785.9573,44704.49514648,70177.30085049648,44704.49514648,358.371,40131.85040804572,0.0,25516.876745474296,0.0,74.364,0.0,0.0,0.0,0.0,0.0,0.0,5723.384616799682,0.0,25949.611745474278,0.0,0.0,0.0
4405,85,112764.1679,45498.852343185994,70129.24874463951,45498.852343185994,1221.308,70129.24874464286,0.0,25513.71900458449,0.0,74.364,0.0,0.0,0.0,0.0,29673.324192413602,0.0,33913.042599592605,-29673.324192413602,-2863.9331878288504,0.0,0.0,0.0
4406,86,114537.0684,48128.352356045994,70885.2604642825,48128.352356045994,1221.308,70885.26046428578,0.0,25513.4394243289,0.0,74.364,0.0,0.0,0.0,0.0,31285.655844660927,0.0,63634.415652020485,-31285.655844660927,-4476.54442033176,0.0,0.0,0.0
4407,87,115719.3422,42166.27089561999,66854.7103009405,42166.27089561999,1221.308,66854.71030094409,0.0,25513.28645371178,0.0,74.364,0.0,0.0,0.0,0.0,20110.597450276116,0.0,82739.4832297828,-20110.597450276116,6698.361003435915,0.0,0.0,0.0
4408,88,116112.5938,47191.412641255,62057.476861548,47191.412641255,1221.308,62057.476861548,0.0,25509.983756056183,0.0,74.364,0.0,0.0,0.0,0.0,19941.951458859185,0.0,101684.33711569925,-19941.951458859185,6863.704297196993,0.0,0.0,0.0
4409,89,115748.062,47988.120409728006,55529.68440503551,47988.120409728006,1221.308,55529.68440503551,0.0,25509.66098436258,0.0,74.364,0.0,0.0,0.0,0.0,14575.07579912612,0.0,115530.65912486907,-14575.07579912612,12230.2571852365,0.0,0.0,0.0
4410,90,113771.3475,48915.820045861,40275.2274510395,48429.373646017004,760.7172902326981,37145.9259010395,0.0,25509.46691271078,0.0,74.364,0.0,0.0,0.0,1851.4997500000009,0.0,0.0,115530.65912486918,0.0,28196.047952943496,0.0,0.0,0.0
4411,91,111069.0443,42089.011709683,22789.934736702497,42089.011709683,1221.308,22789.934736702497,593.212,25506.262132817184,28.5,74.364,0.0,0.0,0.0,3702.9995000000017,0.0,15063.45222079731,99674.39362929307,15063.45222079731,46190.09785361449,16.242600000000127,16.242600000000127,16.242600000000127
4412,92,108413.6814,42985.81835552701,4853.013045574,42985.81835552701,1221.308,4853.013045574,593.212,25505.64094957407,50.0,74.364,0.0,0.0,0.0,5554.499250000002,0.0,27575.825799324943,70647.20857737208,27575.825799324943,60574.84999889899,16.2426,16.2426,16.2426
4413,93,106324.6336,48530.597856714,0.0,48530.597856714,1221.308,0.0,593.212,25505.333356484272,50.0,74.364,0.0,0.0,0.0,7405.999,0.0,22943.819386801715,46495.819749159746,22943.819386801715,57794.035743286004,16.242599999999406,16.242599999999406,16.242599999999406
4414,94,102345.438,47293.680643987,0.0,47293.680643987,1221.308,0.0,593.212,25502.171768028675,50.0,74.364,0.0,0.0,0.0,7405.999,0.0,20204.702587986354,25227.711761805684,20204.702587986354,55051.757356013,16.242599999999854,16.242599999999854,16.242599999999854
4415,95,95387.16064,46520.399895439,0.0,46520.399895439,1221.308,0.0,593.212,25502.038446435072,50.0,74.364,0.0,0.0,0.0,7405.999,0.0,14019.839298125937,10469.986184834348,14019.839298125937,48866.760744561005,16.2426,16.2426,16.2426
4416,96,88490.8415,43697.957807522995,0.0,43697.957807522995,1221.308,0.0,593.212,25501.513816879473,50.0,74.364,0.0,0.0,0.0,7405.999,0.0,9946.48687559598,0.0,9946.48687559598,44792.883692477,16.242600000000067,16.242600000000067,16.242600000000067
4417,1,83831.99542,39773.041705374,0.0,39773.041705374,1221.308,0.0,593.212,25498.465435828155,9265.60527879782,74.364,0.0,0.0,0.0,7405.999,0.0,0.0,0.0,0.0,44058.953714626005,17.18868,17.18868,17.18868
4418,2,80417.73081,38216.815107307,0.0,38216.815107307,1221.308,0.0,593.212,25498.120385072558,7407.912317620421,74.364,0.0,0.0,0.0,7405.999,0.0,0.0,0.0,0.0,42200.915702693,17.18868,17.18868,17.18868
4419,3,78425.77409,35015.090755845,0.0,35015.090755845,1221.308,0.0,593.212,25495.53008704047,8620.270247114518,74.364,0.0,0.0,0.0,7405.999,0.0,0.0,0.0,0.0,43410.68333415501,17.18868,17.18868,17.18868
4420,4,77258.46795,28888.11825662,0.0,28888.11825662,1221.308,0.0,593.212,25495.169856284872,13580.296837095133,74.364,0.0,0.0,0.0,7405.999,0.0,0.0,0.0,0.0,48370.349693380005,17.18868,17.18868,17.18868
4421,5,77037.39653,20737.826696140997,84.8742,20737.826696140997,1221.308,84.8742,593.212,25495.03653329507,21424.776100563915,74.364,0.0,0.0,0.0,7405.999,0.0,0.0,0.0,0.0,56214.695633859,17.85108,17.85108,17.85108
4422,6,77664.8088,17669.445611073,6913.440888630001,17669.445611073,1221.308,6913.440888630001,593.212,25491.860923939956,18295.17837635704,74.364,0.0,0.0,0.0,7405.999,0.0,0.0,0.0,0.0,53081.922300297,18.134760000000004,18.134760000000004,18.134760000000004
4423,7,79416.46152,12108.295403495002,24218.028178769502,12108.295403495002,1221.308,24218.028178769502,593.212,25491.46352408436,8303.791413651154,74.364,0.0,0.0,0.0,7405.999,0.0,0.0,0.0,0.0,43090.13793773549,16.2426,16.2426,16.2426
4424,8,82807.28682,8147.745699764,38198.0297057025,8147.745699764,1221.308,38198.0297057025,593.212,25491.179220594557,1675.449193938949,74.364,0.0,0.0,0.0,7405.999,0.0,0.0,0.0,0.0,36461.511414533496,16.2426,16.2426,16.2426
4425,9,87419.47386,8131.621510450999,50771.70935873949,8131.621510450999,1221.308,50771.70935873949,0.0,25487.994342538957,0.0,74.364,0.0,0.0,0.0,5554.49925,3822.0226017294517,0.0,3630.9214716429788,-3822.0226017294517,28516.1429908095,3.218399999999999,3.218399999999999,3.218399999999999
4426,10,91652.33821,10191.204752525999,57370.174647546,10191.204752525999,1221.308,57370.174647546,593.212,25487.465650045357,0.0,74.364,0.0,0.0,0.0,7405.998999999985,10691.389840117345,0.0,13787.741819754454,-10691.389840117345,24090.958809928,9.7305,9.7305,9.7305
4427,11,94998.44699,12443.055851327,59699.32753190551,12443.055851327,1221.308,59699.32753190551,593.212,25487.21476894025,0.0,74.364,0.0,0.0,0.0,7405.999,11926.034162172751,0.0,25117.474273818567,-11926.034162172751,22856.063606767493,9.7305,9.7305,9.7305
4428,12,97402.61135,12125.252791529998,61808.972982854495,12125.252791529998,1221.308,61808.972982854495,593.212,25483.986698050445,0.0,74.364,0.0,0.0,0.0,7405.998999999985,11310.48412243494,0.0,35862.43419013176,-11310.48412243494,23468.38557561551,9.7305,9.7305,9.7305
4429,13,98981.84224,16440.539406715,62126.4556433215,16440.539406715,1221.308,62126.4556433215,593.212,25483.74558739485,0.0,74.364,0.0,0.0,0.0,7405.998999999985,14363.78139743135,0.0,49508.02651769154,-14363.78139743135,20414.847189963497,9.7305,9.7305,9.7305
4430,14,99937.1786,19006.114960158004,61328.0906118585,19006.114960158004,1221.308,61328.0906118585,593.212,25480.540807501242,0.0,74.364,0.0,0.0,0.0,7405.999,15172.450779517763,0.0,63921.854758233414,-15172.450779517763,19602.973027983506,9.7305,9.7305,9.7305
4431,15,100778.2016,19829.281653907,58363.5820975285,19829.281653907,1221.308,58363.5820975285,0.0,25480.120118045645,0.0,74.364,0.0,0.0,0.0,5554.49925,9744.953519481129,0.0,73179.5606017405,-9744.953519481129,22585.337848564493,3.218399999999999,3.218399999999999,3.218399999999999
4432,16,101337.6005,20793.926650534002,53023.110496018,20793.926650534002,1221.308,53023.110496018,593.212,25480.03925519433,28.499999999999996,74.364,0.0,0.0,0.0,7405.999,7282.858901746318,0.0,80098.27655839949,-7282.858901746318,27520.563353447993,16.2426,16.2426,16.2426
4433,17,101196.8838,27440.666157514,46585.004179475996,27440.666157514,1221.308,46585.004179475996,0.0,25476.773726638727,0.0,74.364,0.0,0.0,0.0,5554.49925,5155.731513628733,0.0,84996.22149634678,-5155.731513628733,27171.213463009997,3.218399999999999,3.218399999999999,3.218399999999999
4434,18,99976.47026,27286.168992519,34746.902852736996,27286.168992519,1221.308,34746.902852736996,593.212,25476.41378584513,1056.8424522957125,74.364,0.0,0.0,0.0,7405.999,0.0,2115.2591766031474,82769.6328893961,2115.2591766031474,37943.398414744006,16.2426,16.2426,16.2426
4435,19,97987.44741,29726.408753125004,19070.5336554605,29726.408753125004,1221.308,19070.5336554605,593.212,25476.06873508953,7110.465840000001,74.364,0.0,0.0,0.0,7405.999,0.0,7309.087426324973,75075.8566511593,7309.087426324973,49190.505001414494,16.2426,16.2426,16.2426
4436,20,95758.71406,30528.798799826,3574.234542089,30528.798799826,1221.308,3574.234542089,593.212,25472.967893899728,24452.49,74.364,36.160000000000004,257.0,0.0,7405.999,0.0,2142.179824185276,72820.93052043795,2142.179824185276,61655.680718085,33.44188,33.44188,33.44188
4437,21,94025.17388,37023.319955558,0.0,37023.319955558,1221.308,0.0,593.212,25472.683874082617,14329.467840000001,74.364,0.0,0.0,0.0,7405.999,0.0,7904.819210359381,64500.068193743864,7904.819210359381,57001.853924442,17.18868,17.18868,17.18868
4438,22,91217.00535,33265.891156653,0.0,33265.891156653,1221.308,0.0,593.212,25472.362402889015,7269.002,74.364,0.0,0.0,0.0,7405.999,0.0,15914.866790457994,47747.57683536703,15914.866790457994,57951.114193347006,17.18868,17.18868,17.18868
4439,23,87274.92473,31667.566801815,0.0,31667.566801815,1221.308,0.0,593.212,25469.096874333412,7269.002,74.364,0.0,0.0,0.0,7405.999,0.0,13574.376053851574,33458.759936575894,13574.376053851574,55607.357928184996,17.18868,17.18868,17.18868
4440,24,82647.65085,30105.087305731002,0.0,30105.087305731002,1221.308,0.0,593.212,25468.601790543617,7269.002,74.364,0.0,0.0,0.0,7405.999,0.0,10510.076753725378,22395.521248443918,10510.076753725378,52542.563544269,17.18868,17.18868,17.18868
4441,25,78452.35394,29438.593843338,0.0,29438.593843338,1221.308,0.0,593.212,25465.351441988016,7269.002,74.364,0.0,0.0,0.0,7405.999,0.0,6984.523654673967,15043.391085629217,6984.523654673967,49013.760096662,17.18868,17.18868,17.18868
4442,26,75979.24001,31150.335953540998,0.0,31150.335953540998,1221.308,0.0,593.212,25465.06725820691,7269.002,74.364,0.0,0.0,0.0,7405.999,0.0,2799.9517982520997,12096.073403258586,2799.9517982520997,44828.904056458996,17.18868,17.18868,17.18868
4443,27,74614.90352,30803.687294571,0.0,30803.687294571,1221.308,0.0,593.212,25464.74595685511,7269.002,74.364,0.0,0.0,0.0,7405.999,0.0,1782.5852685738967,10219.667857391327,1782.5852685738967,43811.21622542901,17.18868,17.18868,17.18868
4444,28,74292.92244,30358.892399015,0.0,30358.892399015,1221.308,0.0,593.212,25461.645117061507,7269.002,74.364,0.0,0.0,0.0,7405.999,0.0,1908.4999239234864,8210.720569050814,1908.4999239234864,43934.030040984995,17.18868,17.18868,17.18868
4445,29,75863.78184,30712.353003429,29.8527,30712.353003429,1221.308,29.8527,593.212,25461.284886305908,7269.002,74.364,0.0,0.0,0.0,7405.999,0.0,3096.4062502651036,4951.345568771758,3096.4062502651036,45121.57613657099,17.18868,17.18868,17.18868
4446,30,79538.90508,24363.389842644,8446.832950172498,24363.389842644,1221.308,8446.832950172498,593.212,25461.018996850307,7269.002,74.364,0.0,0.0,0.0,7405.999,0.0,4703.77829033317,0.0,4703.77829033317,46728.6822871835,17.18868,17.18868,17.18868
4447,31,84862.99208,20156.794641207,31306.987002707003,20156.794641207,1221.308,31306.987002707003,593.212,25457.909868533192,497.9173175528067,74.364,0.0,0.0,0.0,5554.49925,0.0,0.0,0.0,0.0,33399.210436085996,16.2426,16.2426,16.2426
4448,32,90011.88707,11895.311058591,47982.2804930695,11895.311058591,1221.308,47982.2804930695,593.212,25457.65742544339,21.500000000000004,74.364,0.0,0.0,0.0,3702.9995,936.7454071038942,0.0,889.9081367486995,-936.7454071038942,30134.295518339495,7.529,7.529,7.529
4449,33,94708.13525,11354.669348282998,59656.400143569,11354.669348282998,1221.308,59656.400143569,0.0,25457.453773849793,0.0,74.364,0.0,0.0,0.0,1851.49975,4907.5597657017715,0.0,5552.089914165383,-4907.5597657017715,23697.065758148005,0.0,0.0,0.0
4450,34,99428.82991,13351.143051730998,64889.263701874996,13351.143051730998,1221.308,64889.263701874996,0.0,25454.722076655707,0.0,74.364,0.0,0.0,0.0,0.0,5561.970920261731,0.0,10835.962288414026,-5561.970920261731,21188.423156394012,0.0,0.0,0.0
4451,35,103377.1108,15148.722042923002,68852.6445609695,15148.722042923002,1221.308,68852.6445609695,0.0,25454.526533265907,0.0,74.364,0.0,0.0,0.0,0.0,7374.454337158412,0.0,17841.69390871452,-7374.454337158412,19375.744196107495,0.0,0.0,0.0
4452,36,106490.753,20553.761895015003,70419.942751103,20553.761895015003,1221.308,70419.942751103,0.0,25451.30535524879,0.0,74.364,0.0,0.0,0.0,0.0,11229.929001366792,0.0,28510.126460012973,-11229.929001366792,15517.048353881997,0.0,0.0,0.0
4453,37,108645.048,25099.38865824,69984.70575591351,25099.38865824,1221.308,69984.70575591351,0.0,25450.69245325519,0.0,74.364,0.0,0.0,0.0,0.0,13185.410867408704,0.0,41036.266784051244,-13185.410867408704,13560.95358584648,0.0,0.0,0.0
4454,38,110822.3989,30254.484699849,69788.228714184,30254.484699849,1221.308,69788.228714184,0.0,25450.394442899593,0.0,74.364,0.0,0.0,0.0,0.0,15966.380956932586,0.0,56204.3286931372,-15966.380956932586,10779.685485966998,0.0,0.0,0.0
4455,39,112678.2742,30566.952007933003,66787.882634971,30566.952007933003,1221.308,66787.882634971,0.0,25447.29360170979,0.0,74.364,0.0,0.0,0.0,0.0,11419.526044613789,0.0,67052.8784355203,-11419.526044613789,15323.43955709599,0.0,0.0,0.0
4456,40,113867.1365,34953.227740514994,61757.971132306004,34953.227740514994,1221.308,61757.971132306004,0.0,25446.91008135419,0.0,74.364,0.0,0.0,0.0,1851.49975,11438.144204175165,0.0,77919.1154294867,-11438.144204175165,17155.937627178995,0.0,0.0,0.0
4457,41,113894.0451,34840.848789173004,54976.9119468075,34840.848789173004,1221.308,54976.9119468075,11.235,25446.641077573084,0.0,74.364,0.0,0.0,0.0,3702.9995,6380.2632135536,0.0,83980.36548236263,-6380.2632135536,24076.2843640195,4.544639999999994,4.544639999999994,4.544639999999994
4458,42,112311.9747,31722.217657915,41087.578456965995,31722.217657915,1221.308,41087.578456965995,593.212,25443.37554901748,7247.502,74.364,0.0,0.0,0.0,5554.49925,632.0822138984859,0.0,84580.8435855662,-632.0822138984859,39502.178585119014,17.18868,17.18868,17.18868
4459,43,109554.9782,35607.28475895,24070.878509858998,35607.28475895,1221.308,24070.878509858998,593.212,25443.203756427676,14329.467840000001,74.364,0.0,0.0,0.0,7405.999,0.0,809.2603347632946,83728.99060160483,809.2603347632946,49876.814931190995,17.18868,17.18868,17.18868
4460,44,106979.1297,41076.792295902,3586.792839318,41076.792295902,1221.308,3586.792839318,593.212,25442.858705672083,24452.49,74.364,36.160000000000004,257.0,0.0,7405.999,0.0,2832.1528591079064,80747.77706570177,2832.1528591079064,62315.544564780015,33.44188,33.44188,33.44188
4461,45,104855.3534,44545.404544002005,0.0,44545.404544002005,1221.308,0.0,593.212,25439.616755282277,14329.467840000001,74.364,0.0,0.0,0.0,7405.999,0.0,11245.981260715722,68909.90205442207,11245.981260715722,60309.948855998,17.18868,17.18868,17.18868
4462,46,100527.6347,44582.561002304,0.0,44582.561002304,1221.308,0.0,593.212,25439.285695065166,7269.002,74.364,0.0,0.0,0.0,7405.999,0.0,13941.903002630806,54234.21468323175,13941.903002630806,55945.073697695996,17.18868,17.18868,17.18868
4463,47,93327.39748,43137.155804577,0.0,43137.155804577,1221.308,0.0,593.212,25436.200035271562,7269.002,74.364,0.0,0.0,0.0,7405.999,0.0,8190.156640151438,45612.99716728287,8190.156640151438,50190.241675423,17.18868,17.18868,17.18868
4464,48,86561.73562,41470.417357195,0.0,41470.417357195,1221.308,0.0,593.212,25435.94374461596,7269.002,74.364,0.0,0.0,0.0,7405.999,0.0,3091.489518189043,42358.7976744523,3091.489518189043,45091.318262805005,17.18868,17.18868,17.18868
4465,49,82216.40828,42365.814794505,0.0,42365.814794505,1221.308,0.0,593.212,25435.52690272616,50.0,74.364,0.0,0.0,0.0,7405.999,0.0,5070.183582768852,37021.76232416929,5070.183582768852,39850.593485495,16.2426,16.2426,16.2426
4466,50,79027.75413,36344.546904044,0.0,36344.546904044,1221.308,0.0,593.212,25432.45936700476,50.0,74.364,0.0,0.0,0.0,7405.999,0.0,7905.864858951225,28699.799314746953,7905.864858951225,42683.207225956,16.2426,16.2426,16.2426
4467,51,77055.24676,36000.095344648005,0.0,36000.095344648005,1221.308,0.0,593.212,25431.936100127452,50.0,74.364,0.0,0.0,0.0,7405.999,0.0,6278.332315224547,22091.02845661585,6278.332315224547,41055.15141535199,16.2426,16.2426,16.2426
4468,52,76546.41385,38308.116652911995,0.0,38308.116652911995,1221.308,0.0,593.212,25431.67169987186,50.0,74.364,0.0,0.0,0.0,7405.999,0.0,3461.742497216153,18447.088985862007,3461.742497216153,38238.297197088,16.2426,16.2426,16.2426
4469,53,77766.42685,36611.864641729,61.92079999999999,36611.864641729,1221.308,61.92079999999999,593.212,25428.32581077826,1692.4242947807934,74.364,0.0,0.0,0.0,5554.49925,0.0,6528.508052711924,11574.975246165244,6528.508052711924,41092.641408271,16.2426,16.2426,16.2426
4470,54,80851.20057,36301.301145754,12945.322344700498,36301.301145754,1221.308,12945.322344700498,593.212,25428.116560522656,584.5770190228277,74.364,0.0,0.0,0.0,3702.9995,0.0,0.0,11574.975246165244,0.0,31604.577079545503,16.2426,16.2426,16.2426
4471,55,84306.15363,35366.348892803995,33873.84966104,35366.348892803995,1221.308,33873.84966104,0.0,25427.80896743286,0.0,74.364,0.0,0.0,0.0,1851.49975,13509.025641276861,0.0,24408.549605378263,-13509.025641276861,15065.955076156002,0.0,0.0,0.0
4472,56,90739.86331,22040.446095372004,50620.59377846,22040.446095372004,1221.308,50620.59377846,0.0,25424.55872991574,0.0,74.364,0.0,0.0,0.0,0.0,8641.407293747738,0.0,32617.886534438614,-8641.407293747738,18078.823436167986,0.0,0.0,0.0
4473,57,96121.44789,16429.472051309,61197.055702323494,16429.472051309,1221.308,61197.055702323494,0.0,25424.259247822145,0.0,74.364,0.0,0.0,0.0,0.0,8225.011111454654,0.0,40431.64709032053,-8225.011111454654,18494.920136367502,0.0,0.0,0.0
4474,58,100588.131,14293.017611715,66660.124413844,14293.017611715,1221.308,66660.124413844,0.0,25421.08954976654,0.0,74.364,0.0,0.0,0.0,0.0,7081.772575325535,0.0,47159.33103687979,-7081.772575325535,19634.988974441003,0.0,0.0,0.0
4475,59,104894.1108,11470.317291141,69857.95641814149,11470.317291141,1221.308,69857.95641814149,593.2119999999854,25420.790066276746,0.0,74.364,0.0,0.0,0.0,1851.49975,5595.336725559231,0.0,52474.90092616106,-5595.336725559231,23565.837090717512,7.529,7.529,7.529
4476,60,108207.8004,10399.962897893998,71617.01648896051,10399.962897893998,1221.308,71617.01648896051,593.212,25420.500454086945,28.499999999999996,74.364,0.0,0.0,0.0,3702.9995,4850.062940941443,0.0,57082.46072005543,-4850.062940941443,26190.821013145483,11.931999999999999,11.931999999999999,11.931999999999999
4477,61,111067.1805,12023.078556895001,71539.97189165748,12023.078556895001,1221.308,71539.97189165748,593.212,25417.27927606983,0.0,74.364,0.0,0.0,0.0,5554.49925,5356.532474622316,0.0,62171.16657094663,-5356.532474622316,27504.130051447515,9.7305,9.7305,9.7305
4478,62,113536.7204,14998.326441849,72219.75393949849,14998.326441849,1221.308,72219.75393949849,0.0,25417.083734076226,0.0,74.364,0.0,0.0,0.0,5554.49925,5948.614965423722,0.0,67822.35078809917,-5948.614965423722,26318.640018652513,3.218399999999999,3.218399999999999,3.218399999999999
4479,63,115408.5935,15007.596761591,68253.714300768,15007.596761591,1221.308,68253.714300768,593.212,25416.723503320627,28.499999999999996,74.364,0.0,0.0,0.0,7405.999,2592.8240656795956,0.0,70285.53365049478,-2592.8240656795956,32147.282437641,16.2426,16.2426,16.2426
4480,64,116348.0128,17939.710702436998,64090.198796152494,17939.710702436998,1221.308,64090.198796152494,593.212,25413.47344333083,21.500000000000004,74.364,0.0,0.0,0.0,7405.998999999971,411.75314192029145,0.0,70676.69913531905,-411.75314192029145,34318.1033014105,9.7305,9.7305,9.7305
4481,65,116240.8935,21506.94050997,57353.668765774506,21506.94050997,1221.308,57353.668765774506,593.212,25413.66288283674,50.0,74.364,0.0,0.0,0.0,7405.999,0.0,2621.738341418754,67916.97456540457,2621.738341418754,37380.28422425549,16.2426,16.2426,16.2426
4482,66,114288.172,30797.506244089003,42906.4495621485,30797.506244089003,1221.308,42906.4495621485,593.212,25413.37858074314,50.0,74.364,0.0,0.0,0.0,7405.999,0.0,5825.954613019372,61784.390762226285,5825.954613019372,40584.216193762506,16.2426,16.2426,16.2426
4483,67,111343.6255,29688.638296285004,25852.702430254998,29688.638296285004,1221.308,25852.702430254998,593.212,25410.246162826024,17204.42416,74.364,20.339999999999996,0.0,0.0,7405.999,0.0,3872.391450633964,57708.18923524317,3872.391450633964,55802.28477345999,18.134760000000004,18.134760000000004,18.134760000000004
4484,68,108402.5692,34930.944006872,4103.9587018395,34930.944006872,1221.308,4103.9587018395,593.212,25409.80557013623,25028.690000000002,74.364,469.10800000000006,257.0,0.0,7405.999,0.0,8908.17992115227,48331.15773929341,8908.17992115227,69367.6664912885,35.458,35.458,35.458
4485,69,105628.3799,37639.64900199401,0.0,37639.64900199401,1221.308,0.0,593.212,25406.659161680625,24452.49,74.364,36.160000000000004,257.0,0.0,7405.999,0.0,8541.538736325369,39340.06433263513,8541.538736325369,67988.73089800599,33.44188,33.44188,33.44188
4486,70,101518.4354,43141.114206475,0.0,43141.114206475,1221.308,0.0,593.212,25406.41526132502,14329.467840000001,74.364,0.0,0.0,0.0,7405.999,0.0,9346.555092199975,29501.585288214104,9346.555092199975,58377.321193525,17.18868,17.18868,17.18868
4487,71,94727.5259,43828.566245184,0.0,43828.566245184,1221.308,0.0,593.212,25406.064901869424,7269.002,74.364,0.0,0.0,0.0,7405.999,0.0,8929.00975294656,20102.627653533513,8929.00975294656,50898.95965481599,17.18868,17.18868,17.18868
4488,72,87634.79572,40101.53539474701,0.0,40101.53539474701,1221.308,0.0,593.212,25402.927769388312,7269.002,74.364,0.0,0.0,0.0,7405.999,0.0,5566.447555864663,14243.209173675974,5566.447555864663,47533.26032525299,17.18868,17.18868,17.18868
4489,73,82517.17405,38329.838506828004,0.0,38329.838506828004,1221.308,0.0,593.212,25402.64818913271,7269.002,74.364,0.0,0.0,0.0,7405.999,0.0,2220.802354039283,11905.52248521357,2220.802354039283,44187.335543172,17.18868,17.18868,17.18868
4490,74,78692.25248,33839.556659213,0.0,33839.556659213,1221.308,0.0,593.212,25402.34870564291,7269.002,74.364,0.0,0.0,0.0,7405.999,0.0,2886.46211514409,8867.141311377687,2886.46211514409,44852.695820787,17.18868,17.18868,17.18868
4491,75,76734.43391,29364.344799391994,0.0,29364.344799391994,1221.308,0.0,593.212,25399.061187987314,7269.002,74.364,0.0,0.0,0.0,7405.999,0.0,5407.142922620706,3175.4119191453647,5407.142922620706,47370.08911060801,17.18868,17.18868,17.18868
4492,76,75854.56802,32673.716859007,0.0,32673.716859007,1221.308,0.0,593.212,25398.78545529751,7269.002,74.364,0.0,0.0,0.0,7405.999,0.0,1218.1807056954794,1893.1164394659124,1218.1807056954794,43180.85116099301,17.18868,17.18868,17.18868
4493,77,75332.73998,31571.797557726997,0.0,31571.797557726997,1221.308,0.0,593.212,25398.596804780398,7269.002,74.364,0.0,0.0,0.0,7405.999,0.0,1798.4606174926168,0.0,1798.4606174926168,43760.942422273,17.18868,17.18868,17.18868
4494,78,75903.94121,26366.861810721,12807.031654776001,26366.861810721,1221.308,12807.031654776001,593.212,25395.115774086797,2040.048970416187,74.364,0.0,0.0,0.0,7405.999,0.0,0.0,0.0,0.0,36730.047744503005,16.2426,16.2426,16.2426
4495,79,77923.47092,19662.186596417996,33468.262049539,19662.186596417996,1221.308,33468.262049539,0.0,25394.718374231197,0.0,74.364,0.0,0.0,0.0,5554.49925,7451.8673501881985,0.0,7079.273982678788,-7451.8673501881985,24793.02227404301,3.218399999999999,3.218399999999999,3.218399999999999
4496,80,82981.80389,9281.149509361001,49310.3503993335,9281.149509361001,1221.308,49310.3503993335,593.212,25391.505483341396,0.0,74.364,0.0,0.0,0.0,7405.999,10296.084502035907,0.0,16860.554259612898,-10296.084502035907,24390.303981305493,9.7305,9.7305,9.7305
4497,81,88958.69348,4393.723199079001,60772.7603341615,4393.723199079001,1221.308,60772.7603341615,593.212,25391.2491926858,0.0,74.364,0.0,0.0,0.0,7405.998999999985,10893.922245926304,0.0,27209.780393242887,-10893.922245926304,23792.209946759496,9.7305,9.7305,9.7305
4498,82,94647.86585,3668.818108205,65924.13785145251,3668.818108205,1221.308,65924.13785145251,593.212,25391.15315850469,28.499999999999996,74.364,0.0,0.0,0.0,7332.852411786966,9586.479679949163,0.0,36316.93608919459,-9586.479679949163,25054.90989034249,11.931999999999999,11.931999999999999,11.931999999999999
4499,83,99535.93852,7332.784389432001,69488.99886112049,7332.784389432001,1221.308,69488.99886112049,593.212,25387.738411149094,0.0,74.364,0.0,0.0,0.0,5481.352661786966,10043.819803488539,0.0,45858.564902508704,-10043.819803488539,22714.15526944751,7.529,7.529,7.529
4500,84,103628.6042,10741.709047074,71770.5481422645,10741.709047074,1221.308,71770.5481422645,593.212,25387.54286775929,0.0,74.364,0.0,0.0,0.0,7332.852411786966,13492.932268884753,0.0,58676.85055794922,-13492.932268884753,21116.347010661513,9.7305,9.7305,9.7305
4501,85,106999.2434,14548.469107993998,71680.535085112,14548.469107993998,1221.308,71680.535085112,593.212,25387.18263700369,0.0,74.364,0.0,0.0,0.0,7405.999,13911.826430109704,0.0,71893.08566655344,-13911.826430109704,20770.23920689401,9.7305,9.7305,9.7305
4502,86,110110.0024,15362.608856231,69684.5023417075,15362.608856231,1221.308,69684.5023417075,593.212,25384.073687610093,0.0,74.364,0.0,0.0,0.0,5554.49925,7764.565735548583,0.0,79269.4231153246,-7764.565735548583,25062.891202061495,9.7305,9.7305,9.7305
4503,87,112307.2843,19966.621608426998,67915.9159367445,19966.621608426998,1221.308,67915.9159367445,0.0,25383.732595458776,0.0,74.364,0.0,0.0,0.0,3702.9995,5957.657340630275,0.0,84929.19758892336,-5957.657340630275,24424.746754828506,0.0,0.0,0.0
4504,88,114122.5326,19313.265661469002,63199.162291473505,19313.265661469002,1221.308,63199.162291473505,593.212,25383.47630480318,28.499999999999996,74.364,0.0,0.0,0.0,5554.49925,1245.2549077456677,0.0,86112.18975128174,-1245.2549077456677,31610.104647057495,12.948899999999998,12.948899999999998,12.948899999999998
4505,89,114683.0835,20445.461754236,56750.3474895225,20445.461754236,1221.308,56750.3474895225,593.212,25380.26341530957,50.0,74.364,0.0,0.0,0.0,7405.999,0.0,2762.1278409318625,83204.68676082714,2762.1278409318625,37487.274256241486,16.2426,16.2426,16.2426
4506,90,113814.9769,21379.737539024,43208.9651116155,21379.737539024,1221.308,43208.9651116155,593.212,25379.94488679198,7110.465840000001,74.364,0.0,0.0,0.0,7405.999,0.0,7440.980522568518,75372.07568443923,7440.980522568518,49226.27424936049,16.2426,16.2426,16.2426
4507,91,111428.468,20195.762104073998,25956.020540258,20195.762104073998,1221.308,25956.020540258,593.212,25376.755286898377,24452.49,74.364,448.7680000000001,257.0,0.0,7405.999,0.0,5446.789068769631,69638.61350678699,5446.789068769631,65276.685355667985,34.785560000000004,34.785560000000004,34.785560000000004
4508,92,108567.2329,20096.900500477,5423.5034916025,20096.900500477,1221.308,5423.5034916025,593.212,25376.29895498506,25028.690000000002,74.364,701.2,257.0,0.0,7405.999,0.0,22388.756952935477,46071.50092474965,22388.756952935477,83046.8289079205,35.458,35.458,35.458
4509,93,105705.8187,25214.029540601,0.0,25214.029540601,1221.308,0.0,593.212,25375.99947289146,25028.690000000002,74.364,701.2,257.0,0.0,7405.999,0.0,19834.01668650756,25193.588623162745,19834.01668650756,80491.789159399,35.458,35.458,35.458
4510,94,101551.1886,32712.349758659002,0.0,32712.349758659002,1221.308,0.0,593.212,25372.711955235864,25028.690000000002,74.364,469.10800000000006,257.0,0.0,7405.999,0.0,8416.445886105157,16334.17190094679,8416.445886105157,68838.838841341,35.458,35.458,35.458
4511,95,94902.07101,32679.030805594997,0.0,32679.030805594997,1221.308,0.0,593.212,25372.389182146064,24452.49,74.364,36.160000000000004,0.0,0.0,7405.999,0.0,3067.118022258925,13105.626614358449,3067.118022258925,62223.040204405,30.76372,30.76372,30.76372
4512,96,88046.44496,33818.617944869,0.0,33818.617944869,1221.308,0.0,593.212,25372.13289149046,7110.465840000001,74.364,0.0,0.0,0.0,7405.999,0.0,12450.345283640527,0.0,12450.345283640527,54227.82701513099,16.2426,16.2426,16.2426
4513,1,83147.3042,33244.244204553,0.0,33244.244204553,1221.308,0.0,593.212,25369.67069229686,21319.988999999987,74.364,0.0,0.0,0.0,7405.999,6081.482696849869,0.0,5777.408562007376,-6081.482696849869,49903.059995447,17.18868,17.18868,17.18868
4514,2,79245.89643,33585.724850966,0.0,33585.724850966,1221.308,0.0,593.212,25369.297043241255,17329.00704598656,74.364,0.0,0.0,0.0,7405.999,6333.015510193851,0.0,11793.773296691534,-6333.015510193851,45660.171579033995,17.188680000000016,17.188680000000016,17.188680000000016
4515,3,76981.35461,32997.425654162005,0.0,32997.425654162005,1221.308,0.0,593.212,25369.101499851455,9319.944455986555,74.364,0.0,0.0,0.0,7405.999,0.0,0.0,11793.773296691546,0.0,43983.92895583799,17.188679999999962,17.188679999999962,17.188679999999962
4516,4,75415.50948,32159.616605117997,0.0,32159.616605117997,1221.308,0.0,593.212,25365.851151295858,8595.158723586159,74.364,0.0,0.0,0.0,7405.999,0.0,0.0,11793.773296691572,0.0,43255.892874881996,17.18868000000002,17.18868000000002,17.18868000000002
4517,5,74465.52915,28745.723291366998,0.0,28745.723291366998,1221.308,0.0,593.212,25365.632319702254,16604.221313586175,74.364,0.0,0.0,0.0,7405.999,5544.930774655457,0.0,17061.457532614255,-5544.930774655457,45719.805858633,17.188679999999934,17.188679999999934,17.188679999999934
4518,6,74212.6502,25989.949657306,11042.16760871,25989.949657306,1221.308,11042.16760871,593.212,25365.632319702258,15256.56459000002,74.364,0.0,0.0,0.0,7405.999,12736.546975718282,0.0,29161.177159546623,-12736.546975718282,37180.532933984,17.1886799999999,17.1886799999999,17.1886799999999
4519,7,75724.62225,16657.733709346,32660.336592075997,16657.733709346,1221.308,32660.336592075997,0.0,25365.632319702258,0.0,74.364,0.0,0.0,0.0,5554.499249999999,5809.251621124254,0.0,34679.96619961466,-5809.251621124254,26406.551948578002,2.272320000000274,2.272320000000274,2.272320000000274
4520,8,80668.38034,8185.197293693999,48954.002985111,8185.197293693999,1221.308,48954.002985111,593.212,25365.632319702258,0.0,74.364,0.0,0.0,0.0,7405.999,11131.335258507263,0.0,45254.73469519656,-11131.335258507263,23529.180061195002,9.730500000000053,9.730500000000053,9.730500000000053
4521,9,86347.96524,4234.522998675001,60223.9235633275,4234.522998675001,1221.308,60223.9235633275,593.212,25365.632319702258,0.0,74.364,0.0,0.0,0.0,7405.999,12770.99664170476,0.0,57387.18150481608,-12770.99664170476,21889.518677997497,9.730500000000063,9.730500000000063,9.730500000000063
4522,10,91816.69498,3546.500600777,64652.693690054504,3546.500600777,1221.308,64652.693690054504,593.212,25365.632319702258,0.0,74.364,0.0,0.0,0.0,7405.999,11043.014630532633,0.0,67878.04540382208,-11043.014630532633,23617.500689168497,9.730499999999903,9.730499999999903,9.730499999999903
4523,11,97109.14492,5117.227696456,68196.8854060625,5117.227696456,1221.308,68196.8854060625,593.212,25365.632319702258,0.0,74.364,0.0,0.0,0.0,7405.999,10865.483502220757,0.0,78200.25473093179,-10865.483502220757,23795.031817481504,9.730500000000115,9.730500000000115,9.730500000000115
4524,12,101633.6303,8158.352803503001,70926.18049366999,8158.352803503001,1221.308,70926.18049366999,593.212,25365.632319702258,0.0,74.364,0.0,0.0,0.0,7405.999,12111.418316875257,0.0,89706.10213196329,-12111.418316875257,22549.09700282701,9.730499999999918,9.730499999999918,9.730499999999918
4525,13,105817.6728,10020.660704316002,70363.96409519001,10020.660704316002,1221.308,70363.96409519001,593.212,25365.632319702258,0.0,74.364,0.0,0.0,0.0,7405.999,9227.467319208246,0.0,98472.19608521111,-9227.467319208246,25433.04800049399,9.73049999999993,9.73049999999993,9.73049999999993
4526,14,109588.2876,12139.566044504,71799.685889311,12139.566044504,1221.308,71799.685889311,0.0,25365.632319702258,0.0,74.364,0.0,0.0,0.0,5554.499249999999,6566.767903517256,0.0,104710.62559355251,-6566.767903517256,25649.035666184995,3.218399999999848,3.218399999999848,3.218399999999848
4527,15,112888.4218,13226.758059364001,67371.678485118,13226.758059364001,1221.308,67371.678485118,593.212,25365.632319702258,7247.501999999971,74.364,0.0,0.0,0.0,7405.999,9618.032064184245,0.0,113847.75605452755,-9618.032064184245,32289.985255517997,16.242600000000042,16.242600000000042,16.242600000000042
4528,16,115374.3882,14891.383690269999,62646.68422617299,14891.383690269999,1221.308,62646.68422617299,593.212,25365.632319702258,7269.002,74.364,0.0,0.0,0.0,7405.999,4093.1970361449594,0.0,117736.29323886523,-4093.1970361449594,37836.32028355701,16.242599999999953,16.242599999999953,16.242599999999953
4529,17,116643.51,14968.667046415001,56314.458457793,14968.667046415001,1221.308,56314.458457793,593.212,25365.632319702258,13310.926409999996,74.364,0.0,0.0,0.0,7405.999,2611.0572339102755,0.0,120216.79761108,-2611.0572339102755,45360.384495792,16.52627999999995,16.52627999999995,16.52627999999995
4530,18,116250.3218,19101.232502635998,41902.2954654945,19101.232502635998,1221.308,41902.2954654945,593.212,25365.632319702258,22914.730430000003,74.364,20.340000000000014,0.0,0.0,7405.999,2348.7919178327775,0.0,122448.14993302114,-2348.7919178327775,55246.7938318695,17.851080000000017,17.851080000000017,17.851080000000017
4531,19,114460.268,20522.143058567,24883.135354113998,20522.143058567,1221.308,24883.135354113998,593.212,25365.632319702258,25028.690000000002,74.364,469.10800000000006,257.0,0.0,7405.999,0.0,8639.676267616702,113353.75386184566,8639.676267616702,69054.989587319,35.45800000117377,35.45800000117377,35.45800000117377
4532,20,111470.5366,20716.097711279,6149.1398420215,20716.097711279,1221.308,6149.1398420215,593.212,25365.632319702258,25028.690000000002,74.364,701.2,257.0,0.0,7405.999,0.0,23957.893726997205,88134.91835974334,23957.893726997205,84605.29904669951,35.45800000071132,35.45800000071132,35.45800000071132
4533,21,108547.4134,28876.563441365,0.0,28876.563441365,1221.308,0.0,593.212,25365.632319702258,25028.690000000002,74.364,701.2,257.0,0.0,7405.999,0.0,19023.444638932746,68110.23979244572,19023.444638932746,79670.84995863501,35.4580000011625,35.4580000011625,35.4580000011625
4534,22,104032.3247,33215.362639236,0.0,33215.362639236,1221.308,0.0,593.212,25365.632319702258,25028.690000000002,74.364,469.1079999999999,257.0,0.0,7405.999,0.0,10401.648741061756,57161.135854485976,10401.648741061756,70816.962060764,35.45800000116889,35.45800000116889,35.45800000116889
4535,23,96395.72883,34006.742707373,0.0,34006.742707373,1221.308,0.0,593.212,25365.632319702258,24452.49,74.364,36.15999999999997,0.0,0.0,7405.999,0.0,3239.820802924797,53750.79816719671,3239.820802924797,62388.98612262699,30.763720000000017,30.763720000000017,30.763720000000017
4536,24,88526.87183,35454.78570464501,0.0,35454.78570464501,1221.308,0.0,593.212,25365.632319702258,22338.53043,74.364,0.0,0.0,0.0,7405.999,3926.959624347268,0.0,57481.40981032662,-3926.959624347268,53072.086125354996,17.18868,17.18868,17.18868
4537,25,83506.68432,38257.531607098,0.0,38257.531607098,1221.308,0.0,593.212,25365.632319702258,16635.258923392845,74.364,0.0,0.0,0.0,7405.999,6046.621530193125,0.0,63225.70026401008,-6046.621530193125,45249.152712902,17.18868,17.18868,17.18868
4538,26,80087.00795,36800.296296905006,0.0,36800.296296905006,1221.308,0.0,593.212,25365.632319702258,8626.196333392822,74.364,0.0,0.0,0.0,7405.999,0.0,0.0,63225.70026401018,0.0,43286.71165309499,17.18868000000002,17.18868000000002,17.18868000000002
4539,27,77949.84473,34512.224157868,0.0,34512.224157868,1221.308,0.0,593.212,25365.632319702258,8777.105252429727,74.364,0.0,0.0,0.0,7405.999,0.0,0.0,63225.700264010164,0.0,43437.620572132,17.188679999999962,17.188679999999962,17.188679999999962
4540,28,77747.88976,38040.60225377401,0.0,38040.60225377401,1221.308,0.0,593.212,25365.632319702258,7269.002,74.364,0.0,0.0,0.0,7405.999,2222.2298134763623,0.0,65336.81858681271,-2222.2298134763623,39707.287506226,16.24259999999996,16.24259999999996,16.24259999999996
4541,29,79433.30919,34442.455902293994,0.0,34442.455902293994,1221.308,0.0,593.212,25365.632319702258,10330.337968003721,74.364,0.0,0.0,0.0,7405.999,0.0,0.0,65336.81858681271,0.0,44990.853287706006,17.18868000000003,17.18868000000003,17.18868000000003
4542,30,83137.00521,32149.742842616,6725.5620689445,32149.742842616,1221.308,6725.5620689445,593.212,25365.632319702258,10246.143236177983,74.364,0.0,0.0,0.0,7405.999,644.9582574407549,0.0,65949.52893138143,-644.9582574407549,44261.7002984395,17.188679999999966,17.188679999999966,17.188679999999966
4543,31,88083.19897,28436.158547546,30667.561081391,28436.158547546,1221.308,30667.561081391,0.0,25365.632319702258,0.0,74.364,0.0,0.0,0.0,5554.499250000003,3236.324228639271,0.0,69024.03694858873,-3236.324228639271,28979.479341062997,2.2723199999998798,2.2723199999998798,2.2723199999998798
4544,32,94745.14677,17252.073910344,47999.29068496601,17252.073910344,1221.308,47999.29068496601,593.212,25365.632319702258,0.0,74.364,0.0,0.0,0.0,7405.999,5166.7331450137135,0.0,73932.43343635177,-5166.7331450137135,29493.78217469,9.730499999999946,9.730499999999946,9.730499999999946
4545,33,100913.0469,10351.396806259,59426.580881748494,10351.396806259,1221.308,59426.580881748494,593.212,25365.632319702258,21.5,74.364,0.0,0.0,0.0,7405.999,3546.9461077110564,0.0,77302.03223867728,-3546.9461077110564,31135.069211992508,9.730499999999957,9.730499999999957,9.730499999999957
4546,34,106513.79,6755.067901736001,64484.52238731601,6755.067901736001,1221.308,64484.52238731601,593.212,25365.632319702258,7269.002,74.364,0.0,0.0,0.0,7405.999,6655.317608754427,0.0,83624.58396699397,-6655.317608754427,35274.19971094799,16.242599999999953,16.242599999999953,16.242599999999953
4547,35,111979.3736,9069.708453588,67768.220966043,9069.708453588,1221.308,67768.220966043,593.212,25365.632319702258,7269.002,74.364,0.0,0.0,0.0,7405.999,6788.073139333406,0.0,90073.25344936071,-6788.073139333406,35141.44418036901,16.242599999999953,16.242599999999953,16.242599999999953
4548,36,116502.9027,7472.874891820999,69752.97711656701,7472.874891820999,1221.308,69752.97711656701,593.212,25365.632319702258,7269.002,74.364,0.0,0.0,0.0,7405.999,2652.4666280903793,0.0,92593.09674604656,-2652.4666280903793,39277.05069161199,16.24259999999996,16.24259999999996,16.24259999999996
4549,37,120347.1342,10063.713854147,69814.38926735049,10063.713854147,1221.308,69814.38926735049,593.212,25365.632319702258,7269.002,74.364,0.0,0.0,0.0,7405.999,1460.4862411999247,0.0,93980.55867518649,-1460.4862411999247,40469.03107850251,16.242599999999968,16.242599999999968,16.242599999999968
4550,38,123933.2511,17489.388692576,70215.238504819,17489.388692576,1221.308,70215.238504819,593.212,25365.632319702258,7269.002,74.364,0.0,0.0,0.0,7405.999,5700.893417097439,0.0,99396.40742142906,-5700.893417097439,36228.62390260499,16.242599999999957,16.242599999999957,16.242599999999957
4551,39,126816.8865,20125.575905427002,66617.140336272,20125.575905427002,1221.308,66617.140336272,593.212,25365.632319702258,7269.002,74.364,0.0,0.0,0.0,7405.999,1855.3470614014186,0.0,101158.98712976041,-1855.3470614014186,40074.17025830099,16.242599999999964,16.242599999999964,16.242599999999964
4552,40,128456.882,25898.570393013997,61727.496836569,25898.570393013997,1221.308,61727.496836569,593.212,25365.632319702258,7269.002,74.364,0.0,0.0,0.0,7405.999,1098.702549285374,0.0,102202.75455158151,-1098.702549285374,40830.814770417,16.24259999999996,16.24259999999996,16.24259999999996
4553,41,129056.6065,28396.197940865004,54475.34930227099,28396.197940865004,1221.308,54475.34930227099,593.212,25365.632319702258,11524.543937161914,74.364,0.0,0.0,0.0,7405.999,0.0,0.0,102202.75455158173,0.0,46185.059256864,17.18867999999996,17.18867999999996,17.18867999999996
4554,42,127688.4378,35772.448839958,40956.05880075801,35772.448839958,1221.308,40956.05880075801,593.212,25365.632319702258,19533.606527161937,74.364,0.0,0.0,0.0,7405.999,3234.1916875802253,0.0,105275.23665478294,-3234.1916875802253,50959.93015928399,17.18868000000002,17.18868000000002,17.18868000000002
4555,43,124777.2163,45324.49954553099,23816.8045005685,45324.49954553099,1221.308,23816.8045005685,593.212,25365.632319702258,22914.73042999997,74.364,20.340000000000014,0.0,0.0,7405.999,1959.6734958017423,0.0,107136.92647579461,-1959.6734958017423,55635.912253900504,17.18868000000002,17.18868000000002,17.18868000000002
4556,44,120969.4512,45303.603093105,3114.1710402075005,45303.603093105,1221.308,3114.1710402075005,593.212,25365.632319702258,25028.690000000002,74.364,469.10800000000006,257.0,0.0,7405.999,0.0,12136.36374698526,94361.80674212592,12136.36374698526,72551.6770666875,35.45800000117155,35.45800000117155,35.45800000117155
4557,45,117336.3054,44981.717757779006,0.0,44981.717757779006,1221.308,0.0,593.212,25365.632319702258,25028.690000000002,74.364,469.1079999999999,257.0,0.0,7405.999,0.0,11939.274322518739,81794.14956052724,11939.274322518739,72354.58764222098,35.458000001171776,35.458000001171776,35.458000001171776
4558,46,110563.165,51376.136805576,0.0,51376.136805576,1221.308,0.0,593.212,25365.632319702258,24264.890000000003,74.364,20.340000000000014,0.0,0.0,7405.999,0.0,241.28287472161537,81540.16758713606,241.28287472161537,59187.02819442399,25.51408000000003,25.51408000000003,25.51408000000003
4559,47,100953.2992,46625.349059425,0.0,46625.349059425,1221.308,0.0,593.212,25365.632319702258,21710.77292695498,74.364,0.0,0.0,0.0,7405.999,2043.3381060822667,0.0,83481.33878791422,-2043.3381060822667,54327.95014057499,17.188680000000016,17.188680000000016,17.188680000000016
4560,48,92797.46813,45453.783903343,0.0,45453.783903343,1221.308,0.0,593.212,25365.632319702258,12683.168906954961,74.364,0.0,0.0,0.0,7405.999,0.0,0.0,83481.33878791444,0.0,47343.684226656995,17.188679999999962,17.188679999999962,17.188679999999962
4561,49,87136.41326,43954.149659263,0.0,43954.149659263,1221.308,0.0,593.212,25365.632319702258,8521.748281034717,74.364,0.0,0.0,0.0,7405.999,0.0,0.0,83481.33878791444,0.0,43182.263600737,17.188680000000026,17.188680000000026,17.188680000000026
4562,50,83275.59966,47401.730354117,0.0,47401.730354117,1221.308,0.0,593.212,25365.632319702258,7269.002,74.364,0.0,0.0,0.0,7405.999,6055.648013819367,0.0,89234.20440104284,-6055.648013819367,35873.86930588301,16.242599999999957,16.242599999999957,16.242599999999957
4563,51,81072.50533,42833.51683961401,0.0,42833.51683961401,1221.308,0.0,593.212,25365.632319702258,7269.002,74.364,0.0,0.0,0.0,7405.999,3690.5288293163685,0.0,92740.20678889338,-3690.5288293163685,38238.98849038599,16.242599999999957,16.242599999999957,16.242599999999957
4564,52,80442.15451,43728.551450786996,0.0,43728.551450786996,1221.308,0.0,593.212,25365.632319702258,7269.002,74.364,0.0,0.0,0.0,7405.999,5215.914260489388,0.0,97695.3253363583,-5215.914260489388,36713.603059213,16.242599999999957,16.242599999999957,16.242599999999957
4565,53,81725.55168,42942.402009582,35.497699999999995,42942.402009582,1221.308,35.497699999999995,593.212,25365.632319702258,7269.002,74.364,0.0,0.0,0.0,7405.999,3181.8653492843623,0.0,100718.09741817845,-3181.8653492843623,38747.651970418,16.242599999999953,16.242599999999953,16.242599999999953
4566,54,85083.30104,42369.860558682,6053.451804697999,42369.860558682,1221.308,6053.451804697999,593.212,25365.632319702258,7247.502,74.364,0.0,0.0,0.0,7405.999,5248.028643082418,0.0,105703.72462910676,-5248.028643082418,36659.98867662001,16.24259999999999,16.24259999999999,16.24259999999999
4567,55,89921.38945,33566.440694712,29615.564111714,33566.440694712,1221.308,29615.564111714,0.0,25365.632319702258,0.0,74.364,0.0,0.0,0.0,5554.499250000004,5476.418926128267,0.0,110906.3226089286,-5476.418926128267,26739.384643574,0.0,0.0,0.0
4568,56,96456.58155,18784.236592532998,45706.7416470335,18784.236592532998,1221.308,45706.7416470335,593.212,25365.632319702258,28.5,74.364,0.0,0.0,0.0,7405.999,2723.412009270114,0.0,113493.5640177352,-2723.412009270114,31965.603310433507,12.94890000024089,12.94890000024089,12.94890000024089
4569,57,102579.0326,9008.539205220999,57909.657687490995,9008.539205220999,1221.308,57909.657687490995,593.212,25365.632319702258,7269.002,74.364,0.0,0.0,0.0,7405.999,6268.681612414408,0.0,119448.8115495289,-6268.681612414408,35660.83570728802,16.242599999999953,16.242599999999953,16.242599999999953
4570,58,108763.4545,5663.797240149,63072.952200918495,5663.797240149,1221.308,63072.952200918495,593.212,25365.632319702258,7269.002,74.364,0.0,0.0,0.0,7405.999,1902.8122607699006,0.0,121256.4831972603,-1902.8122607699006,40026.705058932515,16.242599999999968,16.242599999999968,16.242599999999968
4571,59,114663.1029,4901.586303065,67089.2028906615,4901.586303065,1221.308,67089.2028906615,593.212,25365.632319702258,8011.798386571236,74.364,0.0,0.0,0.0,7405.999,0.0,0.0,121256.4831972603,0.0,42672.31370627349,17.18868000000002,17.18868000000002,17.18868000000002
4572,60,119617.1631,10422.257256307,68566.543473997,10422.257256307,1221.308,68566.543473997,593.212,25365.632319702258,7269.002,74.364,0.0,0.0,0.0,7405.999,1301.1549500063793,0.0,122492.58039976636,-1301.1549500063793,40628.36236969601,16.242599999999964,16.242599999999964,16.242599999999964
4573,61,123707.4734,15569.170756628,68028.7346941745,15569.170756628,1221.308,68028.7346941745,593.212,25365.632319702258,7269.002,74.364,0.0,0.0,0.0,7405.999,1819.9493705048862,0.0,124221.532301746,-1819.9493705048862,40109.5679491975,16.242599999999957,16.242599999999957,16.242599999999957
4574,62,127756.1053,18510.043346867,67846.903251609,18510.043346867,1221.308,67846.903251609,593.212,25365.632319702258,7269.001999999999,74.364,0.0,0.0,0.0,7405.999,530.3586181782748,0.0,124725.37298901536,-530.3586181782748,41399.15870152401,16.2426,16.2426,16.2426
4575,63,130987.4162,18278.953652906002,64674.995009059,18278.953652906002,1221.308,64674.995009059,593.212,25365.632319702258,15278.064590000029,74.364,0.0,0.0,0.0,7405.999,1905.112371667322,0.0,126535.22974209936,-1905.112371667322,48033.46753803501,17.188679999999916,17.188679999999916,17.188679999999916
4576,64,132757.1965,16663.19790715,59131.556493855496,16663.19790715,1221.308,59131.556493855496,593.212,25365.632319702258,22301.926779292186,74.364,0.0,0.0,0.0,7405.999,0.0,0.0,126535.22974209955,0.0,56962.4420989945,17.188679999999938,17.188679999999938,17.188679999999938
4577,65,133186.5933,19284.99424365,51768.88965852749,19284.99424365,1221.308,51768.88965852749,593.212,25365.632319702258,24452.49,74.364,36.15999999999998,0.0,0.0,7405.999,0.0,2983.5440781202446,123394.65702828876,2983.5440781202446,62132.70939782252,30.763720000000017,30.763720000000017,30.763720000000017
4578,66,131745.3527,28741.916755835,37226.8913899915,28741.916755835,1221.308,37226.8913899915,593.212,25365.632319702258,25028.690000000002,74.364,469.10799999999955,257.0,0.0,7405.999,0.0,5361.231234471215,117751.25572884537,5361.231234471215,65776.54455417348,35.45800000116172,35.45800000116172,35.45800000116172
4579,67,128480.6146,39097.811597866006,19229.7610605995,39097.811597866006,1221.308,19229.7610605995,593.212,25365.632319702258,25028.690000000002,74.364,701.2,257.0,0.0,7405.999,0.0,9505.636621832236,107745.32244270618,9505.636621832236,70153.0419415345,35.45800000116245,35.45800000116245,35.45800000116245
4580,68,124518.0512,44469.376846332,2554.941493175,44469.376846332,1221.308,2554.941493175,593.212,25365.632319702258,25028.690000000002,74.364,701.2,257.0,0.0,7405.999,0.0,16846.327540790728,90012.3460839791,16846.327540790728,77493.73286049301,35.45800000066096,35.45800000066096,35.45800000066096
4581,69,120802.6637,46457.594494073,0.0,46457.594494073,1221.308,0.0,593.212,25365.632319702258,25028.690000000002,74.364,701.2,257.0,0.0,7405.999,0.0,13697.663886224762,75593.75251953198,13697.663886224762,74345.06920592701,35.45800000080495,35.45800000080495,35.45800000080495
4582,70,114140.2717,42647.445002417,0.0,42647.445002417,1221.308,0.0,593.212,25365.632319702258,25028.690000000002,74.364,469.1079999999999,257.0,0.0,7405.999,0.0,11077.513377880736,63933.21212176279,11077.513377880736,71492.82669758299,35.45800000116972,35.45800000116972,35.45800000116972
4583,71,104529.7912,42664.275040878,0.0,42664.275040878,1221.308,0.0,593.212,25365.632319702258,24452.49,74.364,36.15999999999998,0.0,0.0,7405.999,0.0,2716.3508394197197,61073.89544868939,2716.3508394197197,61865.51615912201,30.763720000000017,30.763720000000017,30.763720000000017
4584,72,95643.55415,44166.223642649995,0.0,44166.223642649995,1221.308,0.0,593.212,25365.632319702258,16816.815187647713,74.364,0.0,0.0,0.0,7405.999,0.0,0.0,61073.8954486894,0.0,51477.33050735,17.188680000000012,17.188680000000012,17.188680000000012
4585,73,89784.17827,47085.522508911,0.0,47085.522508911,1221.308,0.0,593.212,25365.632319702258,8038.140441386724,74.364,0.0,0.0,0.0,7405.999,0.0,0.0,61073.8954486894,0.0,42698.655761089,17.18868000000002,17.18868000000002,17.18868000000002
4586,74,85608.01901,46343.484944710006,0.0,46343.484944710006,1221.308,0.0,593.212,25365.632319702258,7269.002,74.364,0.0,0.0,0.0,7405.999,2664.983254412349,0.0,63605.62954038113,-2664.983254412349,39264.53406529,16.24259999999996,16.24259999999996,16.24259999999996
4587,75,83251.15094,46142.801541756,0.0,46142.801541756,1221.308,0.0,593.212,25365.632319702258,7269.002,74.364,0.0,0.0,0.0,7405.999,4821.167921458382,0.0,68185.7390657666,-4821.167921458382,37108.349398244005,16.242599999999957,16.242599999999957,16.242599999999957
4588,76,82615.66001,41907.764800572004,0.0,41907.764800572004,1221.308,0.0,593.212,25365.632319702258,7269.002,74.364,0.0,0.0,0.0,7405.999,1221.622110274333,0.0,69346.28007052721,-1221.622110274333,40707.895209428,16.24259999999996,16.24259999999996,16.24259999999996
4589,77,83698.83469,40476.462049133,20.2844,40476.462049133,1221.308,20.2844,593.212,25365.632319702258,8541.572921164709,74.364,0.0,0.0,0.0,7405.999,0.0,0.0,69346.28007052721,0.0,43202.08824086701,17.18868000000002,17.18868000000002,17.18868000000002
4590,78,86994.13613,38536.592206717,4827.522516433,38536.592206717,1221.308,4827.522516433,593.212,25365.632319702258,8969.506087147689,74.364,0.0,0.0,0.0,7405.999,0.0,0.0,69346.28007052721,0.0,43630.02140684999,17.18868000000002,17.18868000000002,17.18868000000002
4591,79,91713.78968,29974.686695262,27427.081031087495,29974.686695262,1221.308,27427.081031087495,593.212,25365.632319702258,7269.002,74.364,0.0,0.0,0.0,7405.999,7617.495366051857,0.0,76582.90066827647,-7617.495366051857,34312.0219536505,16.242600000000017,16.242600000000017,16.242600000000017
4592,80,98274.40404,18541.307255548,42949.4212417545,18541.307255548,1221.308,42949.4212417545,593.212,25365.632319702258,7269.002,74.364,0.0,0.0,0.0,7405.999,5145.841777004885,0.0,81471.45035643112,-5145.841777004885,36783.67554269749,16.24259999999995,16.24259999999995,16.24259999999995
4593,81,104251.8141,10518.015092592,54470.958044600506,10518.015092592,1221.308,54470.958044600506,593.212,25365.632319702258,7269.002,74.364,0.0,0.0,0.0,7405.999,2666.676356894835,0.0,84004.79289548121,-2666.676356894835,39262.840962807495,16.242599999999964,16.242599999999964,16.242599999999964
4594,82,110698.7942,9316.474858934,59449.966564215494,9316.474858934,1221.308,59449.966564215494,593.212,25365.632319702258,7271.837457148138,74.364,0.0,0.0,0.0,7405.999,0.0,0.0,84004.79289548112,0.0,41932.35277685051,17.18868000000002,17.18868000000002,17.18868000000002
4595,83,116745.833,7767.140990646,62747.6900640505,7767.140990646,1221.308,62747.6900640505,593.212,25365.632319702258,13310.926409999993,74.364,0.0,0.0,0.0,7405.999,1740.43978439875,0.0,85658.21069065994,-1740.43978439875,46231.0019453035,17.18867999999996,17.18867999999996,17.18867999999996
4596,84,122281.9532,8392.342289982998,63867.25695342549,8392.342289982998,1221.308,63867.25695342549,593.212,25365.632319702258,21319.989,74.364,0.0,0.0,0.0,7405.999,5958.150363110778,0.0,91318.45353561518,-5958.150363110778,50022.35395659151,17.18868000000002,17.18868000000002,17.18868000000002
4597,85,126499.6522,12487.783138834002,61971.36980341249,12487.783138834002,1221.308,61971.36980341249,593.212,25365.632319702258,17379.983938051202,74.364,0.0,0.0,0.0,7405.999,0.0,0.0,91318.45353561518,0.0,52040.49925775351,17.188679999999966,17.188679999999966,17.188679999999966
4598,86,130353.1143,20895.175203537,62220.0862428865,20895.175203537,1221.308,62220.0862428865,593.212,25365.632319702258,12577.337533874166,74.364,0.0,0.0,0.0,7405.999,0.0,0.0,91318.45353561518,0.0,47237.8528535765,17.18868,17.18868,17.18868
4599,87,133255.693,24942.543201950004,59470.88916263701,24942.543201950004,1221.308,59470.88916263701,593.212,25365.632319702258,20586.400123874144,74.364,0.0,0.0,0.0,7405.999,6404.6548081634455,0.0,97402.87560337046,-6404.6548081634455,48842.26063541299,17.18867999999997,17.18867999999997,17.18867999999997
4600,88,135012.9163,28423.824104351002,55124.20660874,28423.824104351002,1221.308,55124.20660874,593.212,25365.632319702258,16804.37026720673,74.364,0.0,0.0,0.0,7405.999,0.0,0.0,97402.87560337044,0.0,51464.885586909004,17.188680000000012,17.188680000000012,17.188680000000012
4601,89,135103.4843,28748.847353477002,45981.622390733,28748.847353477002,1221.308,45981.622390733,593.212,25365.632319702258,24452.49,74.364,36.15999999999998,0.0,0.0,7405.999,0.0,1223.8492360878486,96114.61324959376,1223.8492360878486,60373.01455579001,30.763720000000017,30.763720000000017,30.763720000000017
4602,90,133148.6352,34593.622745798995,33169.095706319,34593.622745798995,1221.308,33169.095706319,593.212,25365.632319702258,25028.690000000002,74.364,469.1079999999992,257.0,0.0,7405.999,0.0,4970.60342817948,90882.39911466799,4970.60342817948,65385.916747882,35.45800000116074,35.45800000116074,35.45800000116074
4603,91,129967.491,37418.810339131,14484.661721189,37418.810339131,1221.308,14484.661721189,593.212,25365.632319702258,25028.690000000002,74.364,701.2,257.0,0.0,7405.999,0.0,17416.61361997772,72549.1216199546,17416.61361997772,78064.01893968,35.45800000080442,35.45800000080442,35.45800000080442
4604,92,126364.4896,37084.567855932,1762.864455251,37084.567855932,1221.308,1762.864455251,593.212,25365.632319702258,25028.690000000002,74.364,701.2,257.0,0.0,7405.999,0.0,26869.651969114708,44265.27744193912,26869.651969114708,87517.05728881701,35.45800000116853,35.45800000116853,35.45800000116853
4605,93,122906.9484,40097.340956666005,0.0,40097.340956666005,1221.308,0.0,593.212,25365.632319702258,25028.690000000002,74.364,701.2,257.0,0.0,7405.999,0.0,22162.20212363172,20936.643627589943,22162.20212363172,82809.60744333398,35.45800000116526,35.45800000116526,35.45800000116526
4606,94,116055.3436,41850.798454712996,0.0,41850.798454712996,1221.308,0.0,593.212,25365.632319702258,25028.690000000002,74.364,701.2,257.0,0.0,7405.999,0.0,13557.139825584725,6665.970126974446,13557.139825584725,74204.545145287,35.458000001167,35.458000001167,35.458000001167
4607,95,106583.606,39835.621059672,0.0,39835.621059672,1221.308,0.0,593.212,25365.632319702258,25028.690000000002,74.364,469.10800000000006,257.0,0.0,7405.999,0.0,6332.671620625724,0.0,6332.671620625724,66747.984940328,35.458000001163974,35.458000001163974,35.458000001163974
4608,96,97021.71753,40660.295753449005,0.0,40660.295753449005,1221.308,0.0,593.212,25365.632319702258,21680.56645684874,74.364,20.340000000000018,0.0,0.0,7405.999,0.0,0.0,0.0,0.0,56361.42177655099,17.18868000000001,17.18868000000001,17.18868000000001
4609,1,90670.1126,39748.363792935,0.0,39748.363792935,1221.308,0.0,593.212,25365.632319702258,21319.989,74.364,0.0,0.0,0.0,7405.999,5058.755512637284,0.0,4805.81773700542,-5058.755512637284,50921.74880706499,17.188679999999994,17.188679999999994,17.188679999999994
4610,2,86490.91838,43629.575194803,0.0,43629.575194803,1221.308,0.0,593.212,25365.632319702258,21319.989,74.364,0.0,0.0,0.0,7405.999,13119.161134505324,0.0,17269.020814785516,-13119.161134505324,42861.343185197,17.188680000000012,17.188680000000012,17.188680000000012
4611,3,83638.77462,41935.315605821,0.0,41935.315605821,1221.308,0.0,593.212,25365.632319702258,21319.989,74.364,0.0,0.0,0.0,7405.999,14277.045305523228,0.0,30832.213855032747,-14277.045305523228,41703.459014178996,17.188679999974248,17.188679999974248,17.188679999974248
4612,4,83193.37298,38782.073357495,0.0,38782.073357495,1221.308,0.0,593.212,25365.632319702258,21319.989,74.364,0.0,0.0,0.0,7405.999,11569.204697197323,0.0,41822.95831737054,-11569.204697197323,44411.299622505,17.188679999999977,17.188679999999977,17.188679999999977
4613,5,84281.38366,37666.808008243,11.4767,37666.808008243,1221.308,11.4767,593.212,25365.632319702258,21319.989,74.364,0.0,0.0,0.0,7405.999,9377.405367945286,0.0,50731.49341691856,-9377.405367945286,46603.098951757005,17.188679999999973,17.188679999999973,17.188679999999973
4614,6,87631.44839,38524.710251034005,3697.7035495900004,38524.710251034005,1221.308,3697.7035495900004,593.212,25365.632319702258,21319.988999999987,74.364,0.0,0.0,0.0,7405.999,10571.46973032626,0.0,60774.389660728506,-10571.46973032626,45409.034589376,17.18868,17.18868,17.18868
4615,7,92013.63347,31958.561604872004,13765.8844016285,31958.561604872004,1221.308,13765.8844016285,593.212,25365.632319702258,21319.989,74.364,0.0,0.0,0.0,7405.999,9691.316856202833,0.0,69981.1406741212,-9691.316856202833,46289.1874634995,17.18867999999997,17.18867999999997,17.18867999999997
4616,8,97783.381,17350.205598475,27700.2117078415,17350.205598475,1221.308,27700.2117078415,593.212,25365.632319702258,22670.148569999958,74.364,0.0,0.0,0.0,7405.999,4597.700196018761,0.0,74348.95586033902,-4597.700196018761,52732.96369368349,17.85108,17.85108,17.85108
4617,9,103301.565,8926.504407172002,38328.106539954,8926.504407172002,1221.308,38328.106539954,593.212,25365.632319702258,23460.980786968492,74.364,0.0,0.0,0.0,7405.999,2074.5420537967916,0.0,76319.77081144597,-2074.5420537967916,56046.954052873996,17.85108,17.85108,17.85108
4618,10,109219.0657,8816.091790377,45413.887923638504,8816.091790377,1221.308,45413.887923638504,593.212,25365.632319702258,22670.14857,74.364,0.0,0.0,0.0,7405.999,2341.5779037177617,0.0,78544.26981997784,-2341.5779037177617,54989.0859859845,17.851080000000017,17.851080000000017,17.851080000000017
4619,11,114439.8296,11285.391702822999,50570.838294047,11285.391702823,1221.308,50570.838294047,593.212,25365.632319702258,21319.989,74.364,0.0,0.0,0.0,7405.999,3396.904716572297,0.0,81771.32930072153,-3396.904716572297,52583.599603129995,17.18868,17.18868,17.18868
4620,12,119008.2288,12193.962756198001,52988.2488698795,12193.962756198001,1221.308,52988.2488698795,593.212,25365.632319702258,21319.989,74.364,0.0,0.0,0.0,7405.999,2154.4871457797726,0.0,83818.09208921231,-2154.4871457797726,53826.0171739225,17.18868,17.18868,17.18868
4621,13,122807.6958,16206.810689767,52725.6960574365,16206.810689767,1221.308,52725.6960574365,593.212,25365.632319702258,21319.989,74.364,0.0,0.0,0.0,7405.998999999999,2105.315266905791,0.0,85818.14159277281,-2105.315266905791,53875.18905279651,17.18868,17.18868,17.18868
4622,14,126455.3336,24553.919655505,52545.17084909051,24553.919655505,1221.308,52545.17084909051,593.212,25365.632319702258,22338.530430000003,74.364,0.0,0.0,0.0,7405.999,7642.802654297761,0.0,93078.80411435568,-7642.802654297761,49356.24309540449,17.18868000000001,17.18868000000001,17.18868000000001
4623,15,128584.6525,25633.284639735,45656.9923528395,25633.284639735,1221.308,45656.9923528395,593.212,25365.632319702258,24264.890000000003,74.364,20.339999999999982,0.0,0.0,7405.999,1651.3698122767933,0.0,94647.60543601862,-1651.3698122767933,57294.37550742549,18.513479999999923,18.513479999999923,18.513479999999923
4624,16,129475.5522,23882.285197702,40060.1219871515,23882.285197702,1221.308,40060.1219871515,593.212,25365.632319702258,25028.690000000002,74.364,469.10799999999995,257.0,0.0,7405.999,0.0,5117.83169544427,89260.41417765623,5117.83169544427,65533.1450151465,35.45800000116177,35.45800000116177,35.45800000116177
4625,17,128439.8953,31033.11789942999,32636.6289573365,31033.11789942999,1221.308,32636.6289573365,593.212,25365.632319702258,25028.690000000002,74.364,701.2,257.0,0.0,7405.999,0.0,4122.743123531253,84920.68457393913,4122.743123531253,64770.14844323352,35.45800000119155,35.45800000119155,35.45800000119155
4626,18,125682.3747,30076.598901007,19639.2060102785,30076.598901007,1221.308,19639.2060102785,593.212,25365.632319702258,25028.690000000002,74.364,701.2,257.0,0.0,7405.999,0.0,15319.164469012248,68795.24829076834,15319.164469012248,75966.56978871449,35.458000001162546,35.458000001162546,35.458000001162546
4627,19,122494.9873,35188.980143248,5575.2609925315,35188.980143248,1221.308,5575.2609925315,593.212,25365.632319702258,25028.690000000002,74.364,701.2,257.0,0.0,7405.999,0.0,21083.340844518218,46602.257928117586,21083.340844518218,81730.74616422049,35.45800000000002,35.45800000000002,35.45800000000002
4628,20,119752.4808,39502.72660549101,1001.6423004845001,39502.72660549101,1221.308,1001.6423004845001,593.212,25365.632319702258,25028.690000000002,74.364,701.2,257.0,0.0,7405.999,0.0,18600.70657432226,27022.56679725205,18600.70657432226,79248.1118940245,35.45800000116643,35.45800000116643,35.45800000116643
4629,21,116948.1169,38956.593450259,0.0,38956.593450259,1221.308,0.0,593.212,25365.632319702258,25028.690000000002,74.364,701.2,257.0,0.0,7405.999,0.0,17344.118130038725,8765.60034457971,17344.118130038725,77991.52344974098,35.45800000075154,35.45800000075154,35.45800000075154
4630,22,111075.6644,42333.030752947,0.0,42333.030752947,1221.308,0.0,593.212,25365.632319702258,25028.690000000002,74.364,469.1080000000011,257.0,0.0,7405.999,0.0,8327.320327350726,0.0,8327.320327350726,68742.633647053,35.45800000116894,35.45800000116894,35.45800000116894
4631,23,102524.6754,50850.15355719501,0.0,50850.15355719501,1221.308,0.0,593.212,25365.632319702258,16993.66652310271,74.364,20.339999999999925,0.0,0.0,7405.999,0.0,0.0,0.0,0.0,51674.521842804985,17.188679999999962,17.188679999999962,17.188679999999962
4632,24,94355.12043,52204.59840239201,0.0,52204.59840239201,1221.308,0.0,593.212,25365.632319702258,7490.006707905713,74.364,0.0,0.0,0.0,7405.999,0.0,0.0,0.0,0.0,42150.522027607985,17.188680000000026,17.188680000000026,17.188680000000026
4633,25,88523.5876,53165.178105857005,0.0,53165.178105857005,1221.308,0.0,593.212,25365.632319702258,7269.002,74.364,0.0,0.0,0.0,7405.999,6571.10782556045,0.0,6242.55243428243,-6571.10782556045,35358.409494142994,16.242599999999946,16.242599999999946,16.242599999999946
4634,26,84638.06639,45912.859202976004,0.0,45912.859202976004,1221.308,0.0,593.212,25365.632319702258,7269.002,74.364,0.0,0.0,0.0,7405.999,3204.3101326783435,0.0,9286.647060326857,-3204.3101326783435,38725.207187024,16.242600000000028,16.242600000000028,16.242600000000028
4635,27,82547.78329,41689.082857561996,0.0,41689.082857561996,1221.308,0.0,593.212,25365.632319702258,7269.001999999986,74.364,0.0,0.0,0.0,7405.999,1070.8168872642564,0.0,10303.923103227899,-1070.8168872642564,40858.70043243801,16.2426,16.2426,16.2426
4636,28,81967.82059,43307.838047681,0.0,43307.838047681,1221.308,0.0,593.212,25365.632319702258,7269.002,74.364,0.0,0.0,0.0,7405.999,3269.5347773833837,0.0,13409.981141742113,-3269.5347773833837,38659.982542319005,16.242600000000024,16.242600000000024,16.242600000000024
4637,29,83255.94135,40788.45110524,41.636399999999995,40788.45110524,1221.308,41.636399999999995,593.212,25365.632319702258,7765.338525057703,74.364,0.0,0.0,0.0,7405.999,0.0,0.0,13409.981141742115,0.0,42425.85384475999,17.18867999999996,17.18867999999996,17.18867999999996
4638,30,86605.81846,35868.815795233,2655.5935919504996,35868.815795233,1221.308,2655.5935919504996,593.212,25365.632319702258,13420.8937531142,74.364,0.0,0.0,0.0,7405.999,0.0,0.0,13409.981141742144,0.0,48081.409072816496,17.18867999999996,17.18867999999996,17.18867999999996
4639,31,91045.65811,23355.949499372,15631.691614886498,23355.949499372,1221.308,15631.691614886498,593.212,25365.632319702258,17397.50167603925,74.364,0.0,0.0,0.0,7405.999,0.0,0.0,13409.981141742172,0.0,52058.016995741506,17.188679999999966,17.188679999999966,17.188679999999966
4640,32,96569.40059,12461.301101845,29546.842240244496,12461.301101845,1221.308,29546.842240244496,593.212,25365.632319702258,19900.741928208226,74.364,0.0,0.0,0.0,7405.999,0.0,0.0,13409.981141742193,0.0,54561.2572479105,17.188679999999938,17.188679999999938,17.188679999999938
4641,33,101235.1155,11823.793046383002,41345.96525538601,11823.793046383002,1221.308,41345.96525538601,593.212,25365.632319702258,13404.841878528732,74.364,0.0,0.0,0.0,7405.999,0.0,0.0,13409.981141742222,0.0,48065.357198230995,17.18868000000005,17.18868000000005,17.18868000000005
4642,34,105232.2857,13611.606397686,48456.335743873504,13611.606397686,1221.308,48456.335743873504,593.212,25365.632319702258,8503.828238738197,74.364,0.0,0.0,0.0,7405.999,0.0,0.0,13409.981141742222,0.0,43164.34355844049,17.188680000000026,17.188680000000026,17.188680000000026
4643,35,109246.2966,11152.314351498,53416.8099510355,11152.314351498,1221.308,53416.8099510355,593.212,25365.632319702258,10016.65697776424,74.364,0.0,0.0,0.0,7405.999,0.0,0.0,13409.981141742222,0.0,44677.172297466495,17.188679999999966,17.188679999999966,17.188679999999966
4644,36,112211.1288,12409.676641038002,57289.194542895995,12409.676641038002,1221.308,57289.194542895995,593.212,25365.632319702258,7851.742296363731,74.364,0.0,0.0,0.0,7405.999,0.0,0.0,13409.981141742224,0.0,42512.257616066,17.188680000000026,17.188680000000026,17.188680000000026
4645,37,114337.3539,17789.009849527,58389.730594677996,17789.009849527,1221.308,58389.730594677996,593.212,25365.632319702258,3498.0981360925707,74.364,0.0,0.0,0.0,7405.999,0.0,0.0,13409.981141742066,0.0,38158.61345579501,16.2426,16.2426,16.2426
4646,38,116868.8221,25307.963188626996,54625.25980740199,25307.963188626996,1221.308,54625.25980740199,593.212,25365.632319702258,7072.3224400571,74.364,0.0,0.0,0.0,7405.999,4797.23865578839,0.0,17967.357864741036,-4797.23865578839,36935.59910397102,16.24259999999996,16.24259999999996,16.24259999999996
4647,39,119042.2566,26464.688556993002,52073.4619928585,26464.688556993002,1221.308,52073.4619928585,593.212,25365.632319702258,7269.002,74.364,0.0,0.0,0.0,7405.999,1425.4112695538668,0.0,19321.49857081721,-1425.4112695538668,40504.10605014849,16.24259999999997,16.24259999999997,16.24259999999997
4648,40,120489.3163,24731.663389387995,44870.754149442495,24731.663389387995,1221.308,44870.754149442495,593.212,25365.632319702258,16226.383441467236,74.364,0.0,0.0,0.0,7405.999,0.0,0.0,19321.49857081721,0.0,50886.89876116952,17.851079999999943,17.851079999999943,17.851079999999943
4649,41,119883.2887,30275.483058063997,36614.2058379855,30275.483058063997,1221.308,36614.2058379855,593.212,25365.632319702258,18333.08448424822,74.364,0.0,0.0,0.0,7405.999,0.0,0.0,19321.49857081721,0.0,52993.59980395051,17.188680000000033,17.188680000000033,17.188680000000033
4650,42,117197.4177,33322.879453684,25149.344396826,33322.879453684,1221.308,25149.344396826,593.212,25365.632319702258,23688.690000000002,74.364,0.0,0.0,0.0,7405.999,0.0,375.9885297877644,18925.721171040615,375.9885297877644,58725.19384949001,20.26444000000008,20.26444000000008,20.26444000000008
4651,43,114013.118,40282.71494333701,11209.372411383001,40282.71494333701,1221.308,11209.372411383001,593.212,25365.632319702258,24452.49,74.364,36.15999999999997,0.0,0.0,7405.999,0.0,3371.865325577721,15376.389249379858,3371.865325577721,62521.03064527999,30.76371999999997,30.76371999999997,30.76371999999997
4652,44,110765.4376,38956.009595835,3268.5660450255,38956.009595835,1221.308,3268.5660450255,593.212,25365.632319702258,25028.690000000002,74.364,469.1079999999998,257.0,0.0,7405.999,0.0,8125.548639437224,6823.180155235413,8125.548639437224,68540.86195913951,35.45800000075095,35.45800000075095,35.45800000075095
4653,45,108843.5361,44473.377994017996,0.0,44473.377994017996,1221.308,0.0,593.212,25365.632319702258,24452.49,74.364,36.15999999999999,257.0,0.0,7405.999,0.0,4963.99278627975,1597.9245907304132,4963.99278627975,64370.158105982,33.441880000000026,33.441880000000026,33.441880000000026
4654,46,104660.079,46405.66320557999,0.0,46405.66320557999,1221.308,0.0,593.212,25365.632319702258,22338.530429825238,74.364,0.0,0.0,0.0,7405.999,0.0,1255.3700447176543,276.4824383960404,1255.3700447176543,58254.415794420005,17.586279999999903,17.586279999999903,17.586279999999903
4655,47,97680.48222,43052.144389622,0.0,43052.144389622,1221.308,0.0,593.212,25365.632319702258,19967.822510675738,74.364,0.0,0.0,0.0,7405.999,0.0,0.0,276.48243839644965,0.0,54628.337830378005,17.188680000000026,17.188680000000026,17.188680000000026
4656,48,90750.46002,40052.611542801,0.0,40052.611542801,1221.308,0.0,593.212,25365.632319702258,16037.333157496723,74.364,0.0,0.0,0.0,7405.999,0.0,0.0,276.4824383968298,0.0,50697.848477199,17.18867999999996,17.18867999999996,17.18867999999996
4657,49,85243.08046,39412.251589827996,0.0,39412.251589827996,1221.308,0.0,593.212,25365.632319702258,11170.31355046973,74.364,0.0,0.0,0.0,7405.999,0.0,0.0,276.4824383970026,0.0,45830.828870172,17.18868000000003,17.18868000000003,17.18868000000003
4658,50,81725.38443,30091.887704290002,0.0,30091.887704290002,1221.308,0.0,593.212,25365.632319702258,16972.981406007733,74.364,0.0,0.0,0.0,7405.999,0.0,0.0,276.48243839725,0.0,51633.49672571001,17.188680000000033,17.188680000000033,17.188680000000033
4659,51,79641.03913,26895.699549777997,0.0,26895.699549777997,1221.308,0.0,593.212,25365.632319702258,18084.82426051973,74.364,0.0,0.0,0.0,7405.999,0.0,0.0,276.48243839747556,0.0,52745.339580222004,17.188679999999962,17.188679999999962,17.188679999999962
4660,52,78340.32706,25753.374858033996,0.0,25753.374858033996,1221.308,0.0,593.212,25365.632319702258,17926.43688226371,74.364,0.0,0.0,0.0,7405.999,0.0,0.0,276.48243839771385,0.0,52586.952201966,17.18867999999996,17.18867999999996,17.18867999999996
4661,53,78017.06084,27413.171845834,4.2704,27413.171845834,1221.308,4.2704,593.212,25365.632319702258,15939.10327446372,74.364,0.0,0.0,0.0,7405.999,0.0,0.0,276.48243839813586,0.0,50599.618594166,17.18868000000002,17.18868000000002,17.18868000000002
4662,54,78568.08179,24319.501007291998,2697.1829865275004,24319.501007291998,1221.308,2697.1829865275004,593.212,25365.632319702258,16628.224159999998,74.364,0.0,0.0,0.0,7405.999,0.0,262.6583164782296,0.0,262.6583164782296,51551.3977961805,18.134759999999982,18.134759999999982,18.134759999999982
4663,55,80719.5875,14256.170799640002,26409.854221832997,14256.170799640002,1221.308,26409.854221832997,593.212,25365.632319702258,5393.0471588247365,74.364,0.0,0.0,0.0,7405.999,0.0,0.0,0.0,0.0,40053.56247852699,16.24260000000002,16.24260000000002,16.24260000000002
4664,56,85626.04355,9807.111649528002,42682.351089714495,9807.111649528002,1221.308,42682.351089714495,593.212,25365.632319702258,28.5,74.364,0.0,0.0,0.0,7405.999,1552.434508944766,0.0,1474.8127834975278,-1552.434508944766,33136.58081075751,16.242600000000074,16.242600000000074,16.242600000000074
4665,57,91397.15865,9657.232449711999,54439.825645457495,9657.232449711999,1221.308,54439.825645457495,0.0,25365.632319702258,0.0,74.364,0.0,0.0,0.0,5554.499250000003,4915.703014871771,0.0,6144.730647625711,-4915.703014871771,27300.100554830504,3.218399999999841,3.218399999999841,3.218399999999841
4666,58,96872.2103,8130.524456230999,61026.573244168,8130.524456230999,1221.308,61026.573244168,593.212,25365.632319702258,0.0,74.364,0.0,0.0,0.0,7405.999,6945.402720101255,0.0,12742.863231721902,-6945.402720101255,27715.11259960101,9.730499999999978,9.730499999999978,9.730499999999978
4667,59,101067.258,11320.045740878,64696.310983265015,11320.045740846,1221.308,64696.310983265015,593.212,25365.632319702258,0.0,74.364,0.0,0.0,0.0,7405.999,9609.614043845262,0.0,21871.9965733749,-9609.614043845262,25050.90127588898,9.730499999946796,9.730499999946796,9.730499999946796
4668,60,104909.3823,15600.920942787001,66149.933312598,15600.920942787001,1221.308,66149.933312598,593.212,25365.632319702258,0.0,74.364,0.0,0.0,0.0,7405.999,11501.987275087253,0.0,32798.88448470779,-11501.987275087253,23158.528044615,9.7305,9.7305,9.7305
4669,61,107372.1444,15638.728600455,65422.80669199699,15638.728600455,1221.308,65422.80669199699,593.212,25365.632319702258,0.0,74.364,0.0,0.0,0.0,7405.999,8349.906212154227,0.0,40731.29538625431,-8349.906212154227,26310.609107548014,9.7305,9.7305,9.7305
4670,62,109190.5148,17624.285498162,65427.6478032095,17624.285498162,1221.308,65427.6478032095,593.212,25365.632319702258,0.0,74.364,0.0,0.0,0.0,7405.999,8521.933821073748,0.0,48827.132516274374,-8521.933821073748,26138.581498628504,9.73049999994369,9.73049999994369,9.73049999994369
4671,63,109790.955,20460.001803772,60206.4041781655,20460.001803772,1221.308,60206.4041781655,593.212,25365.632319702258,0.0,74.364,0.0,0.0,0.0,7405.999,5535.966301641008,0.0,54086.30050283332,-5535.966301641008,29124.5490180625,9.7305,9.7305,9.7305
4672,64,110038.504,23984.396509588,54591.983344341,23984.396509588,1221.308,54591.983344341,593.212,25365.632319702258,0.0,74.364,0.0,0.0,0.0,7405.999,3198.391173632529,0.0,57124.772117784225,-3198.391173632529,31462.124146071,9.7305,9.7305,9.7305
4673,65,109904.6774,29728.657059746005,48790.382336632996,29728.657059746005,1221.308,48790.382336632996,593.212,25365.632319702258,0.0,74.364,0.0,0.0,0.0,7405.999,3274.8773160826186,0.0,60235.90556806271,-3274.8773160826186,31385.638003620996,9.730499999999989,9.730499999999989,9.730499999999989
4674,66,108764.7726,31714.753696604,35626.4860643875,31714.753696604,1221.308,35626.4860643875,593.212,25365.632319702258,21.5,74.364,0.0,0.0,0.0,7405.999,0.0,6741.517519306269,53139.57133721401,6741.517519306269,41423.532839008505,10.481800001158401,10.481800001158401,10.481800001158401
4675,67,106703.7539,27512.118545133,18242.179602854,27512.118545133,1221.308,18242.179602854,593.212,25365.632319702258,16628.224159999987,74.364,0.0,0.0,0.0,7405.999,0.0,9660.716272310752,42970.39631372901,9660.716272310752,60949.455752013004,23.895559998841602,23.895559998841602,23.895559998841602
4676,68,104182.6553,32705.458458041,3447.6446560395007,32705.458458041,1221.308,3447.6446560395007,593.212,25365.632319702258,24452.49,74.364,448.76800000000105,257.0,0.0,7405.999,0.0,8210.778866217217,34327.471191395096,8210.778866217217,68029.5521859195,35.458000001158396,35.458000001158396,35.458000001158396
4677,69,102450.5656,45863.621840954,0.0,45863.621840954,1221.308,0.0,593.212,25365.632319702258,14329.467839999968,74.364,0.0,0.0,0.0,7405.999,0.0,7596.960599343531,26330.67056050717,7596.960599343531,56586.943759046,17.18868,17.18868,17.18868
4678,70,98575.86854,52912.552345394004,0.0,52912.552345394004,1221.308,0.0,593.212,25365.632319702258,7269.002,74.364,0.0,0.0,0.0,7405.999,0.0,3733.7988749037327,22400.355955345345,3733.7988749037327,45663.31619460599,17.18868,17.18868,17.18868
4679,71,92196.38127,51200.68445434099,0.0,51200.68445434099,1221.308,0.0,593.212,25365.632319702258,6335.181495956704,74.364,0.0,0.0,0.0,7405.999,0.0,0.0,22400.35595534534,0.0,40995.69681565901,16.242599999999968,16.242599999999968,16.242599999999968
4680,72,85910.90425,44495.20565259599,0.0,44495.20565259599,1221.308,0.0,593.212,25365.632319702258,50.0,74.364,0.0,0.0,0.0,7405.999,0.0,6705.1832777018835,15342.268294606518,6705.1832777018835,41415.698597404014,16.242600000000028,16.242600000000028,16.242600000000028
4681,73,81058.2966,36686.585653643,0.0,36686.585653643,1221.308,0.0,593.212,25365.632319702258,7269.002,74.364,0.0,0.0,0.0,7405.999,0.0,2442.1936266547345,12771.538161285745,2442.1936266547345,44371.710946357,17.18868,17.18868,17.18868
4682,74,78248.38034,38887.879491347,0.0,38887.879491347,1221.308,0.0,593.212,25365.632319702258,50.0,74.364,0.0,0.0,0.0,7405.999,0.0,4649.9855289507495,7876.816551863905,4649.9855289507495,39360.500848653006,16.2426,16.2426,16.2426
4683,75,75806.17152,37388.982155924,0.0,37388.982155924,1221.308,0.0,593.212,25365.632319702258,50.0,74.364,0.0,0.0,0.0,7405.999,0.0,3706.67404437374,3975.054399891548,3706.67404437374,38417.189364076,16.2426,16.2426,16.2426
4684,76,74555.50684,34235.460801201,0.0,34235.460801201,1221.308,0.0,593.212,25365.632319702258,2885.864050468522,74.364,0.0,0.0,0.0,7405.999,0.0,2773.666668628214,1055.4052750197438,2773.666668628214,40320.046038799,16.242600000000024,16.242600000000024,16.242600000000024
4685,77,73870.25509,35490.548844740006,6.6725,35490.548844740006,1221.308,6.6725,593.212,25365.632319702258,5564.018175557725,74.364,0.0,0.0,0.0,5554.499249999997,0.0,0.0,1055.4052750197438,0.0,38373.03374526,16.242599999999968,16.242599999999968,16.242599999999968
4686,78,74372.4983,37588.066390896,4795.781078133,37588.066390896,1221.308,4795.781078133,593.212,25365.632319702258,28.499999999999996,74.364,0.0,0.0,0.0,3702.9994999999963,0.0,1002.6350112687568,0.0,1002.6350112687568,31988.650830971008,16.242600000000024,16.242600000000024,16.242600000000024
4687,79,75953.30754,37540.193000453,28771.2262443055,37540.19300045347,1221.308,28771.2262443055,0.0,25365.632319702258,0.0,74.364,0.0,0.0,0.0,1851.4997499999995,18870.915774461468,0.0,17927.369985738394,-18870.915774461468,9641.88829524102,0.0,0.0,0.0
4688,80,80565.09817,35142.68815311999,46101.589847792,33789.21985311999,793.2030000000001,25313.0568801126,0.0,25365.632319702258,0.0,74.364,0.0,0.0,0.0,0.0,4770.3778829348485,0.0,22459.2289745265,-4770.3778829348485,21462.821436767408,0.0,0.0,0.0
4689,81,86012.44594,32541.359400148995,57733.1869993965,7594.434000275999,466.882,52585.49762002172,0.0,25365.632319702258,0.0,0.0,0.0,0.0,0.0,0.0,0.0,0.0,22459.2289745265,0.0,25832.514319702284,0.0,0.0,0.0
4690,82,91032.13926,32583.580043700997,62814.42807217251,32583.580043701448,1221.308,62814.42807217251,0.0,25365.632319702258,0.0,74.364,0.0,0.0,0.0,0.0,31027.17317557645,0.0,51935.043491324126,-31027.17317557645,-4365.86885587396,0.0,0.0,0.0
4691,83,95662.0866,32786.644539470995,66412.59426814399,29309.955384772762,425.05,44403.427761525,0.0,21523.653453702245,0.0,0.0,0.0,0.0,0.0,0.0,0.0,0.0,51935.043491324126,0.0,21948.703453702226,0.0,0.0,0.0
4692,84,99453.22783,33187.78540897601,68743.08723388,33187.78540897601,313.03999999999996,40512.40610132173,0.0,25365.632319702258,0.0,74.364,0.0,0.0,0.0,0.0,0.0,0.0,51935.043491324126,0.0,25753.036319702267,0.0,0.0,0.0
4693,85,102641.0483,38948.709358984,68538.716122857,32397.344609231994,959.461403086239,43918.6099679795,0.0,25365.632319702258,0.0,0.0,0.0,0.0,0.0,0.0,0.0,0.0,51935.043491324126,0.0,26325.0937227885,0.0,0.0,0.0
4694,86,105511.0506,42664.630303231,68752.917650873,19176.744504226,52.335,64683.95364207172,0.0,21523.65345370225,0.0,74.364,0.0,0.0,0.0,0.0,0.0,0.0,51935.043491324126,0.0,21650.352453702275,0.0,0.0,0.0
4695,87,107327.8144,48043.59765403,64008.5166071185,20876.332554974,1145.1480000000001,63986.07131032376,0.0,21320.2625346705,0.0,0.0,0.0,0.0,0.0,0.0,0.0,0.0,51935.043491324126,0.0,22465.41053470225,0.0,0.0,0.0
4696,88,108282.0439,54216.293155663,59634.260997623496,24631.583905847,1158.7310000000002,57255.123593450764,0.0,25162.241400702256,0.0,74.364,0.0,0.0,0.0,0.0,0.0,0.0,51935.04349132412,0.0,26395.33640070224,0.0,0.0,0.0
4697,89,108269.0513,54309.033347735,53638.063989912,54309.033347735,1221.308,53638.06398991248,0.0,25365.632319702258,0.0,74.364,0.0,0.0,0.0,0.0,26339.350357349977,0.0,76957.4263308066,-26339.350357349977,321.953962352527,0.0,0.0,0.0
4698,90,107329.4226,56287.937944440004,40593.95550228899,49788.572494008746,211.125,35731.707652289,0.0,21523.65345370224,0.0,74.364,0.0,0.0,0.0,0.0,0.0,0.0,76957.4263308066,0.0,21809.14245370226,0.0,0.0,0.0
4699,91,105656.8979,63108.334956912004,21842.856343123,60449.503657002,730.6260000000001,19036.77192329572,0.0,25365.632319702258,0.0,74.364,0.0,0.0,0.0,0.0,0.0,0.0,76957.4263308066,0.0,26170.622319702274,0.0,0.0,0.0
4700,92,103422.5591,57383.865205726,3274.5742014665,57383.865205726,1221.308,3274.5742014665,593.212,25365.632319702258,28.499999999999996,74.364,0.0,0.0,0.0,1851.49975,0.0,13629.60362310523,62610.47514859057,13629.60362310523,42764.1196928075,16.242600000000024,16.242600000000024,16.242600000000024
4701,93,101374.0346,54482.41795589701,0.0,54482.41795589701,1221.308,0.0,593.212,25365.632319702258,28.499999999999996,74.364,0.0,0.0,0.0,3702.999499999999,0.0,15905.600824400759,45867.737438695025,15905.600824400759,46891.616644102985,16.242600000000017,16.242600000000017,16.242600000000017
4702,94,96829.8818,55108.104800421,0.0,55108.104800421,1221.308,0.0,348.123,25365.632319702258,0.0,74.364,0.0,0.0,0.0,1851.499749999997,0.0,12860.84992987675,32330.00067040371,12860.84992987675,41721.776999579,6.436799999999966,6.436799999999966,6.436799999999966
4703,95,89876.95256,45796.260704076,0.0,45796.260704076,1221.308,0.0,593.2119999999999,25365.632319702258,0.0,74.364,0.0,0.0,0.0,0.0,0.0,16826.175536221737,14618.236948065038,16826.175536221737,44080.69185592401,9.7305,9.7305,9.7305
4704,96,83137.41313,41995.571709636,0.0,41995.571709636,1221.308,0.0,593.212,25365.632319702258,0.0,74.364,0.0,0.0,0.0,0.0,0.0,13887.325100661741,0.0,13887.325100661741,41141.841420364,9.730500000000008,9.730500000000008,9.730500000000008
4705,1,78625.84544,37988.917610202,0.0,37988.917610202,1221.308,0.0,593.212,25365.632319702258,5976.412510095734,74.364,0.0,0.0,0.0,7405.999,0.0,0.0,0.0,0.0,40636.927829798005,16.242600000000028,16.242600000000028,16.242600000000028
4706,2,75990.78396,34079.04798833,0.0,34079.04798833,1221.308,0.0,593.212,25365.632319702258,7251.220651967718,74.364,0.0,0.0,0.0,7405.999,0.0,0.0,0.0,0.0,41911.73597167,16.24260000000008,16.24260000000008,16.24260000000008
4707,3,74479.00145,31797.023495274003,0.0,31797.023495274003,1221.308,0.0,593.212,25365.632319702258,8021.462635023725,74.364,0.0,0.0,0.0,7405.999,0.0,0.0,0.0,0.0,42681.977954726,17.188680000000016,17.188680000000016,17.188680000000016
4708,4,74693.31153,34255.5962045,0.0,34255.5962045,1221.308,0.0,593.212,25365.632319702258,5777.20000579772,74.364,0.0,0.0,0.0,7405.999,0.0,0.0,0.0,0.0,40437.71532550001,16.24259999999991,16.24259999999991,16.24259999999991
4709,5,76715.98805,31705.992107557006,0.8007,31705.992107557006,1221.308,0.8007,593.212,25365.632319702258,10348.67992274028,74.364,0.0,0.0,0.0,7405.999,0.0,0.0,0.0,0.0,45009.195242443,17.18867999999994,17.18867999999994,17.18867999999994
4710,6,80873.5112,25339.703251198996,5263.8137144375,25339.703251198996,1221.308,5263.8137144375,593.212,25365.632319702258,15609.478914661222,74.364,0.0,0.0,0.0,7405.999,0.0,0.0,0.0,0.0,50269.9942343635,17.851079999983007,17.851079999983007,17.851079999983007
4711,7,85765.95719,20242.674542876997,30849.296257565,20242.674542876997,1221.308,30849.296257565,593.212,25365.632319700497,28.5,74.364,0.0,0.0,0.0,7405.999,15.028930144238984,0.0,14.277483637027034,-15.028930144238984,34673.986389558006,16.24260000000005,16.24260000000005,16.24260000000005
4712,8,91678.45536,14215.82955185,47986.068589707,14215.82955185,1221.308,47986.068589707,0.0,25365.632319702258,0.0,74.364,0.0,0.0,0.0,5554.499249999992,2739.246351259246,0.0,2616.5615173331025,-2739.246351259246,29476.557218443013,3.2183999999997908,3.2183999999997908,3.2183999999997908
4713,9,97184.86686,12255.999052449999,60270.80046762699,12255.999052449999,1221.308,60270.80046762699,593.212,25365.632319702258,0.0,74.364,0.0,0.0,0.0,7405.999,10002.447979779248,0.0,12118.887098123387,-10002.447979779248,24658.067339923,9.730499999946808,9.730499999946808,9.730499999946808
4714,10,101698.7374,11333.592103021001,65878.994695359,11333.592103021001,1221.308,65878.994695359,593.212,25365.632319702258,0.0,74.364,0.0,0.0,0.0,7405.999,10174.36471808118,0.0,21784.533580298277,-10174.36471808118,24486.15060162,9.730499999880495,9.730499999880495,9.730499999880495
4715,11,105754.4543,11604.509709889,68799.3772856125,11604.509709889,1221.308,68799.3772856125,593.212,25365.632319702258,0.0,74.364,0.0,0.0,0.0,7405.999,9309.948015203781,0.0,30628.98419474948,-9309.948015203781,25350.5673044985,9.730499999999896,9.730499999999896,9.730499999999896
4716,12,109002.1359,10563.651994551998,70293.5713998325,10563.651994551998,1221.308,70293.5713998325,593.212,25365.632319702258,0.0,74.364,0.0,0.0,0.0,7405.998999992389,6515.602814079155,0.0,36818.80686812467,-6515.602814079155,28144.912505615503,9.730499999989501,9.730499999989501,9.730499999989501
4717,13,111456.8308,15128.752440719998,69978.814299838,15128.752440719998,1221.308,69978.814299838,593.212,25365.632319702258,28.5,74.364,0.0,0.0,0.0,7405.998999998133,8339.751260258397,0.0,44741.57056537016,-8339.751260258397,26349.264059441994,12.948900000000299,12.948900000000299,12.948900000000299
4718,14,113347.653,20925.328489607004,71126.11428765951,20925.328489607004,1221.308,71126.11428765951,0.0,25365.632319702258,0.0,74.364,0.0,0.0,0.0,5554.499250000001,10919.593346968828,0.0,55115.184244990545,-10919.593346968828,21296.210222733484,0.0,0.0,0.0
4719,15,114385.5685,19442.247758422,66709.2650550715,19442.247758422,1221.308,66709.2650550715,593.212,25365.632319702258,28.5,74.364,0.0,0.0,0.0,7405.999,6454.959633197363,0.0,61247.39589652804,-6454.959633197363,28234.055686506486,16.242599999999843,16.242599999999843,16.242599999999843
4720,16,114485.5183,22971.135791992,62497.47020228651,22971.135791992,1221.308,62497.47020228651,0.0,25365.632319702258,0.0,74.364,0.0,0.0,0.0,5554.499249999988,3198.891263980773,0.0,64286.342597311545,-3198.891263980773,29016.91230572149,3.2183999999998285,3.2183999999998285,3.2183999999998285
4721,17,113462.245,24132.960998606002,55323.483105019506,24132.960998606002,1221.308,55323.483105019506,593.212,25365.632319702258,28.5,74.364,0.0,0.0,0.0,7405.999,683.2144233277636,0.0,64935.39629947447,-683.2144233277636,34005.800896374494,16.24260000000005,16.24260000000005,16.24260000000005
4722,18,111090.3607,30332.785460196,41621.749860758995,30332.785460196,1221.308,41621.749860758995,593.212,25365.632319702258,4475.3100593427325,74.364,0.0,0.0,0.0,7405.999,0.0,0.0,64935.39629947755,0.0,39135.82537904501,16.242599999999904,16.242599999999904,16.242599999999904
4723,19,108000.2387,30434.96740893,24391.842578324504,30434.96740893,1221.308,24391.842578324504,593.212,25365.632319702258,17204.424160000006,74.364,20.339999999999883,0.0,0.0,7405.999,0.0,1288.1492330413294,63579.449738376316,1288.1492330413294,53173.4287127455,18.134760000044583,18.134760000044583,18.134760000044583
4724,20,105452.7437,32396.014048529,2385.4953456004996,32396.014048529,1221.308,2385.4953456004996,593.212,25365.632319702258,25028.690000000002,74.364,469.10800000000006,257.0,0.0,7405.999,0.0,10255.920986168481,52783.74343714633,10255.920986168481,70671.2343058705,35.458000001170696,35.458000001170696,35.458000001170696
4725,21,103741.3496,33529.348955287,0.0,33529.348955287,1221.308,0.0,593.212,25365.632319702258,25028.690000000002,74.364,701.2,257.0,0.0,7405.999,0.0,9564.595325009437,42715.748358189034,9564.595325009437,70212.000644713,35.458000000807154,35.458000000807154,35.458000000807154
4726,22,98730.28455,34286.711153761,0.0,34286.711153761,1221.308,0.0,593.212,25365.632319702258,24452.49,74.364,268.25199999999774,257.0,0.0,7405.999,0.0,4805.316076537791,37657.520909201885,4805.316076537791,64443.57339623899,33.441879999999855,33.441879999999855,33.441879999999855
4727,23,90957.54194,33705.519955006,0.0,33705.519955006,1221.308,0.0,593.212,25365.632319702258,22338.53043,74.364,0.0,0.0,0.0,7405.999,0.0,252.97623529278843,37391.230135209735,252.97623529278843,57252.021984994,17.586280000000173,17.586280000000173,17.586280000000173
4728,24,84012.01899,32292.87725712,0.0,32292.87725712,1221.308,0.0,593.212,25365.632319702258,15278.06459000012,74.364,0.0,0.0,0.0,7405.999,0.0,1780.5618231776118,35516.954531865085,1780.5618231776118,51719.14173288,17.188679999999916,17.188679999999916,17.188679999999916
4729,25,79424.45302,30895.426942496997,0.0,30895.426942496997,1221.308,0.0,593.212,25365.632319702258,11901.372577988019,74.364,0.0,0.0,0.0,7405.999,0.0,1967.1381798126995,33446.28276364119,1967.1381798126995,48529.026077503004,17.188679999999948,17.188679999999948,17.188679999999948
4730,26,76779.81518,28341.840803603,0.0,28341.840803603,1221.308,0.0,593.212,25365.632319702258,7269.002,74.364,0.0,0.0,0.0,7405.999,0.0,6508.457056694749,26595.275335541457,6508.457056694749,48437.974376397004,17.188680000000026,17.188680000000026,17.188680000000026
4731,27,75114.35997,24842.98945659,0.0,24842.98945659,1221.308,0.0,593.212,25365.632319702258,7269.002,74.364,0.0,0.0,0.0,7405.999,0.0,8341.853193707237,17814.37723690226,8341.853193707237,50271.37051341,17.18868052489587,17.18868052489587,17.18868052489587
4732,28,74716.83504,25202.397392804996,0.0,25202.397392804996,1221.308,0.0,593.212,25365.632319702258,7269.002,74.364,0.0,0.0,0.0,7405.999,0.0,7584.920327492735,9830.25057638359,7584.920327492735,49514.43764719501,17.188680000000033,17.188680000000033,17.188680000000033
4733,29,76714.99697,22682.915297931995,0.8007,22682.915297931995,1221.308,0.8007,593.212,25365.632319702258,10032.027604801082,74.364,0.0,0.0,0.0,7405.999,0.0,9338.738047564553,0.0,9338.738047564553,54031.280972068,17.188680524967054,17.188680524967054,17.188680524967054
4734,30,80274.28585,23545.475509253003,8505.5765393455,23545.475509253003,1221.308,8505.5765393455,593.212,25365.632319702258,16606.724159999998,74.364,0.0,0.0,0.0,7405.999,3044.0056782769557,0.0,2891.8053943634723,-3044.0056782769557,48223.2338014015,19.460999999999192,19.460999999999192,19.460999999999192
4735,31,85015.85939,26842.978059576,31704.466095276504,26842.978059576,1221.308,31704.466095276504,0.0,25365.632319679644,0.0,74.364,0.0,0.0,0.0,5554.499250000001,5747.388334532143,0.0,8351.824312192608,-5747.388334532143,26468.4152351475,0.0,0.0,0.0
4736,32,90682.57437,16253.369450346,49369.158453846,16253.369450346,1221.308,49369.158453846,593.2119999441335,25365.632319702258,0.0,74.364,0.0,0.0,0.0,7405.999,9600.468853871787,0.0,17472.269723395406,-9600.468853871787,25060.046465808,9.73049999999986,9.73049999999986,9.73049999999986
4737,33,95995.41314,10821.913456434,61125.16926348149,10821.913456434,1221.308,61125.16926348149,593.212,25365.632319702258,0.0,74.364,0.0,0.0,0.0,7405.999,10612.18489959526,0.0,27553.845378035625,-10612.18489959526,24048.33042008451,9.730499999999811,9.730499999999811,9.730499999999811
4738,34,100451.7243,10155.089652318,66920.550264101,10155.089652318,1221.308,66920.550264101,593.212,25365.632319702258,0.0,74.364,0.0,0.0,0.0,7405.999,11284.430936115214,0.0,38274.054767354704,-11284.430936115214,23376.08438358101,9.730499999946812,9.730499999946812,9.730499999946812
4739,35,104260.2224,10553.516208016,70949.15453843,10553.516208016,1221.308,70949.15453843,593.212,25365.632319702258,0.0,74.364,0.0,0.0,0.0,7405.999,11902.963666125668,0.0,49581.87025019877,-11902.963666125668,22757.55165355401,9.730499999946652,9.730499999946652,9.730499999946652
4740,36,107012.3702,12518.828850517999,72700.272695962,12518.828850517999,1221.308,72700.272695962,593.212,25365.632319702258,0.0,74.364,0.0,0.0,0.0,7405.999,12867.246666181216,0.0,61805.7545830754,-12867.246666181216,21793.268653520005,9.730499999946634,9.730499999946634,9.730499999946634
4741,37,109401.8273,15617.854298633001,72584.15888303751,15617.854298633001,1221.308,72584.15888303751,593.212,25365.632319702258,0.0,74.364,0.0,0.0,0.0,7405.999,13460.70120138661,0.0,74593.4207243944,-13460.70120138661,21199.814118329494,9.730499999946591,9.730499999946591,9.730499999946591
4742,38,111533.8865,17296.968310647,73434.090133292,17296.968310647,1221.308,73434.090133292,593.212,25365.632319702258,0.0,74.364,0.0,0.0,0.0,7405.999,13857.687263633863,0.0,87758.22362484405,-13857.687263633863,20802.828056060986,9.730499999999914,9.730499999999914,9.730499999999914
4743,39,112996.1956,18960.184556284,69745.68386555901,18960.184556284,1221.308,69745.68386555901,593.212,25365.632319702258,0.0,74.364,0.0,0.0,0.0,7405.999,10370.18814154528,0.0,97609.90235931458,-10370.18814154528,24290.327178156993,9.730499999999854,9.730499999999854,9.730499999999854
4744,40,114043.109,25808.716308184994,65405.523501551004,25808.716308184994,1221.308,65405.523501551004,593.2119999863576,25365.632319702258,0.0,74.364,0.0,0.0,0.0,7405.999,11831.64612942658,0.0,108849.9661822731,-11831.64612942658,22828.869190264006,9.730499999999896,9.730499999999896,9.730499999999896
4745,41,113945.1812,29523.100656492,57913.9475493275,29523.100656492,1221.308,57913.9475493275,0.0,25365.632319702258,0.0,74.364,0.0,0.0,0.0,5554.499249999983,5707.67057552125,0.0,114272.25322902117,-5707.67057552125,26508.13299418051,2.272319999999657,2.272319999999657,2.272319999999657
4746,42,112155.2869,27776.953740872,43937.365193480495,27776.953740872,1221.308,43937.365193480495,593.212,25365.632319702258,7247.502,74.364,0.0,0.0,0.0,7405.999,1467.0493540534621,0.0,115665.95011536902,-1467.0493540534621,40440.967965647505,17.188679999995735,17.188679999995735,17.188679999995735
4747,43,109251.1951,31261.927046999004,25347.98163668,31261.927046999004,1221.308,25347.98163668,593.212,25365.632319702258,14329.467839998117,74.364,0.0,0.0,0.0,7405.999,0.0,3651.303256618761,111822.47300316823,3651.303256618761,52641.286416320996,16.24260000000286,16.24260000000286,16.24260000000286
4748,44,106849.3135,36140.115554307,1486.5194490914998,36140.115554307,1221.308,1486.5194490914998,593.212,25365.632319702258,24452.49,74.364,448.7680000000013,257.0,0.0,7405.999,0.0,9403.90517689886,101923.62544853784,9403.90517689886,69222.67849660151,34.78555999999744,34.78555999999744,34.78555999999744
4749,45,104901.4332,35256.578554829,0.0,35256.578554829,1221.308,0.0,593.212,25365.632319702258,25028.690000000002,74.364,701.2,257.0,0.0,7405.999,0.0,8997.449325468733,92452.62615857075,8997.449325468733,69644.854645171,35.45800000074948,35.45800000074948,35.45800000074948
4750,46,99930.57866,34625.194559480995,0.0,34625.194559480995,1221.308,0.0,593.212,25365.632319702258,24452.49,74.364,268.2519999999972,257.0,0.0,7405.999,0.0,5667.126780816723,86487.22954718473,5667.126780816723,65305.384100519004,33.44188000000005,33.44188000000005,33.44188000000005
4751,47,91990.12789,35372.721803843,0.0,35372.721803843,1221.308,0.0,593.212,25365.632319702258,16296.606020000003,74.364,0.0,0.0,0.0,7405.999,0.0,5660.284746454713,80529.0350772324,5660.284746454713,56617.406086157,17.58628000000002,17.58628000000002,17.58628000000002
4752,48,84792.70442,40952.845201932,0.0,40952.845201932,1221.308,0.0,593.212,25365.632319702258,7269.002,74.364,0.0,0.0,0.0,7405.999,0.0,1910.3418983657239,78518.14886842637,1910.3418983657239,43839.85921806799,16.791079999999774,16.791079999999774,16.791079999999774
4753,49,79933.74647,38435.033898543006,0.0,38435.033898543006,1221.308,0.0,593.212,25365.632319702258,6838.19725175471,74.364,0.0,0.0,0.0,7405.999,0.0,0.0,78518.14886842637,0.0,41498.71257145699,16.242599999999747,16.242599999999747,16.242599999999747
4754,50,76616.97201,40168.586702313,0.0,40168.586702313,1221.308,0.0,593.212,25365.632319702258,1787.8699879847265,74.364,0.0,0.0,0.0,7405.999,0.0,0.0,78518.14886842637,0.0,36448.385307687,16.242599999999932,16.242599999999932,16.242599999999932
4755,51,75035.55925,43563.060896682,0.0,43563.060896682,1221.308,0.0,593.212,25365.632319702258,21.5,74.364,0.0,0.0,0.0,7405.999,3209.516966385676,0.0,81567.18998649277,-3209.516966385676,31472.498353318006,9.730499999999761,9.730499999999761,9.730499999999761
4756,52,74848.1568,40645.089502769006,0.0,40645.089502769006,1221.308,0.0,593.212,25365.632319702258,21.5,74.364,0.0,0.0,0.0,7405.999,478.94802247266466,0.0,82022.1906078418,-478.94802247266466,34203.06729723099,9.73049999999989,9.73049999999989,9.73049999999989
4757,53,76570.80766,36592.85174814599,0.5338,36592.85174814599,1221.308,0.5338,593.212,25365.632319702258,5316.906792151375,74.364,0.0,0.0,0.0,7405.999,0.0,0.0,82022.19060784143,0.0,39977.422111854015,16.242600000050647,16.242600000050647,16.242600000050647
4758,54,80120.91255,38029.85384725899,7204.4613342164985,38029.85384725899,1221.308,7204.4613342164985,593.212,25365.632319702258,226.08204882223208,74.364,0.0,0.0,0.0,7405.999,0.0,0.0,82022.19060784143,0.0,34886.597368524504,16.242599999999968,16.242599999999968,16.242599999999968
4759,55,84875.79021,29947.494703843,27489.1697556965,29947.494703843,1221.308,27489.1697556965,0.0,25365.632319702258,0.0,74.364,0.0,0.0,0.0,5554.499250000003,4776.677819241753,0.0,86560.0345361211,-4776.677819241753,27439.12575046051,3.218399999998092,3.218399999998092,3.218399999998092
4760,56,90717.76169,21142.658446028003,44426.32580269,21142.658446028003,1221.308,44426.32580269,593.212,25365.632319702258,0.0,74.364,0.0,0.0,0.0,7405.999,9511.737878420256,0.0,95596.185520617,-9511.737878420256,25148.777441282,9.730500000063191,9.730500000063191,9.730500000063191
4761,57,96288.69896,16152.360257568,57224.02871706551,16152.360257568,1221.308,57224.02871706551,0.0,25365.632319702258,0.0,74.364,0.0,0.0,0.0,5554.49924999999,9303.493584336375,0.0,104434.50442573486,-9303.493584336375,22912.30998536649,3.2183999999367234,3.2183999999367234,3.2183999999367234
4762,58,101629.078,10199.918096974001,63418.2398529915,10199.918096974001,1221.308,63418.2398529915,593.212,25365.632319702258,28.499999999999996,74.364,0.0,0.0,0.0,7405.999,6678.095269597985,0.0,110778.69493184796,-6678.095269597985,28010.920050034496,16.24260000000031,16.24260000000031,16.24260000000031
4763,59,106173.7978,10860.827452244,64370.90661309999,10860.827452244,1221.308,64370.90661309999,593.212,25365.632319702258,0.0,74.364,0.0,0.0,0.0,7405.998999995247,3718.451585043135,0.0,114311.2239376398,-3718.451585043135,30942.063734656003,9.730499999999811,9.730499999999811,9.730499999999811
4764,60,109770.8367,11648.407296338999,65302.082690973,11648.407296338999,1221.308,65302.082690973,593.212,25365.632319702258,0.0,74.364,0.0,0.0,0.0,7405.99899999522,1840.1686070110593,0.0,116059.3841143053,-1840.1686070110593,32820.34671268799,9.730499999999857,9.730499999999857,9.730499999999857
4765,61,112876.968,18473.023790174,65477.0430548695,18473.023790174,1221.308,65477.0430548695,593.2119999951533,25365.632319702258,0.0,74.364,0.0,0.0,0.0,7405.998999995153,5733.614164742568,0.0,121506.31757081563,-5733.614164742568,28926.90115495649,9.730499999995331,9.730499999995331,9.730499999995331
4766,62,115808.347,23728.799143167,64964.847603435,23728.799143167,1221.308,64964.847603435,0.0,25365.632319702258,0.0,74.364,0.0,0.0,0.0,5554.499249999988,5101.103316297074,0.0,126352.36572129985,-5101.103316297074,27114.700253397998,3.2184000000125375,3.2184000000125375,3.2184000000125375
4767,63,117834.9939,24525.567941994,60649.68168215851,24525.567941994,1221.308,60649.68168215851,593.212,25365.632319702258,28.500001687646545,74.364,0.0,0.0,0.0,7405.999,2029.271045542368,0.0,128280.17321456903,-2029.271045542368,32659.744275847494,16.242600000000113,16.242600000000113,16.242600000000113
4768,64,118794.9295,32051.662955443004,52707.93885657,32051.662955443004,1221.308,52707.93885657,593.212,25365.632319702258,21.5,74.364,0.0,0.0,0.0,7405.999,646.6876317138428,0.0,128894.5264647007,-646.6876317138428,34035.327687987,9.730499999999882,9.730499999999882,9.730499999999882
4769,65,118471.4316,36252.048895137006,43330.76385217899,36252.048895137006,1221.308,43330.76385217899,593.212,25365.632319702258,4228.103532981684,74.364,0.0,0.0,0.0,7405.999,0.0,0.0,128894.52646470064,0.0,38888.618852684,16.24259999999987,16.24259999999987,16.24259999999987
4770,66,116532.7458,32835.543899770004,29855.870699198,32835.543899770004,1221.308,29855.870699198,593.212,25365.632319702258,16296.606019999997,74.364,0.0,0.0,0.0,7405.999,0.0,2884.2098613297144,125858.51608435357,2884.2098613297144,53841.33120103199,17.586279999999842,17.586279999999842,17.586279999999842
4771,67,113596.0533,35620.906493105,12976.909398808502,35620.906493105,1221.308,12976.909398808502,593.212,25365.632319702258,24452.49,74.364,268.25199999999995,257.0,0.0,7405.999,0.0,5359.980088384249,120216.4317807912,5359.980088384249,64998.237408086505,33.44188000000018,33.44188000000018,33.44188000000018
4772,68,111095.0087,37724.594143116,539.5800933045,37724.594143116,1221.308,539.5800933045,593.212,25365.632319702258,25028.690000000002,74.364,701.2,257.0,0.0,7405.999,0.0,12183.429143877243,107391.76952407832,12183.429143877243,72830.83446357951,35.45800000080538,35.45800000080538,35.45800000080538
4773,69,109026.8562,41885.758357092,0.0,41885.758357092,1221.308,0.0,593.212,25365.632319702258,25028.690000000002,74.364,469.10799999999995,257.0,0.0,7405.999,0.0,6725.784523205726,100311.9963417565,6725.784523205726,67141.097842908,35.45800000116202,35.45800000116202,35.45800000116202
4774,70,103647.1923,42307.424743781005,0.0,42307.424743781005,1221.308,0.0,593.212,25365.632319702258,24452.49,74.364,36.160000000000004,0.0,0.0,7405.999,0.0,2190.602236516759,98006.09925068624,2190.602236516759,61339.76755621899,30.763719999999964,30.763719999999964,30.763719999999964
4775,71,95664.90233,45082.44015295999,0.0,45082.44015295999,1221.308,0.0,593.212,25365.632319702258,14849.764887967174,74.364,0.0,0.0,0.0,7405.999,0.0,1072.181969370541,96877.48665134882,1072.181969370541,50582.462177040004,17.188680000000062,17.188680000000062,17.188680000000062
4776,72,88089.7448,49741.39474265001,0.0,49741.39474265001,1221.308,0.0,593.212,25365.632319702258,3687.834737647733,74.364,0.0,0.0,0.0,7405.999,0.0,0.0,96877.48665134882,0.0,38348.35005734999,16.242600000000007,16.242600000000007,16.242600000000007
4777,73,83210.92968,46604.688692592994,0.0,46604.688692592994,1221.308,0.0,593.212,25365.632319702258,1945.7256677047208,74.364,0.0,0.0,0.0,7405.999,0.0,0.0,96877.48665134882,0.0,36606.24098740701,16.24260000000012,16.24260000000012,16.24260000000012
4778,74,79880.74411,41346.163247100005,0.0,41346.163247100005,1221.308,0.0,593.212,25365.632319702258,3874.0655431977384,74.364,0.0,0.0,0.0,7405.999,0.0,0.0,96877.48665134882,0.0,38534.580862899995,16.242600000000213,16.242600000000213,16.242600000000213
4779,75,77887.57715,37925.101347395,0.0,37925.101347395,1221.308,0.0,593.212,25365.632319702258,5301.960482902736,74.364,0.0,0.0,0.0,7405.999,0.0,0.0,96877.48665134882,0.0,39962.475802605,16.242599999999737,16.242599999999737,16.242599999999737
4780,76,77526.0487,33132.347455703006,0.0,33132.347455703006,1221.308,0.0,593.212,25365.632319702258,7269.002,74.364,0.0,0.0,0.0,7405.999,0.0,2464.1839245947267,94283.60883598596,2464.1839245947267,44393.70124429699,17.18868000000004,17.18868000000004,17.18868000000004
4781,77,79133.41501,33937.210346346,0.0,33937.210346346,1221.308,0.0,593.212,25365.632319702258,10535.689343951686,74.364,0.0,0.0,0.0,7405.999,0.0,0.0,94283.60883598591,0.0,45196.204663653996,17.18868000000005,17.18868000000005,17.18868000000005
4782,78,82259.58014,30180.684654340002,3497.5184493614997,30180.684654340002,1221.308,3497.5184493614997,593.212,25365.632319702258,13920.861716596246,74.364,0.0,0.0,0.0,7405.999,0.0,0.0,94283.60883598591,0.0,48581.3770362985,17.188680000000062,17.188680000000062,17.188680000000062
4783,79,87261.28513,24736.801647900003,22044.644349997,24736.801647900003,1221.308,22044.644349997,593.212,25365.632319702258,5819.3238124007485,74.364,0.0,0.0,0.0,7405.999,0.0,0.0,94283.60883598594,0.0,40479.83913210299,16.242599999999875,16.242599999999875,16.242599999999875
4784,80,93815.39126,12935.573457014001,38506.2304547985,12935.573457014001,1221.308,38506.2304547985,593.212,25365.632319702258,7269.002,74.364,0.0,0.0,0.0,7405.999,0.0,444.0700284852328,93816.16670073832,444.0700284852328,42373.5873481875,17.188680000000033,17.188680000000033,17.188680000000033
4785,81,99969.31973,10656.777946369,48548.490704443495,10656.777946369,1221.308,48548.490704443495,593.212,25365.632319702258,6103.535759485252,74.364,0.0,0.0,0.0,7405.999,0.0,0.0,93816.16670073832,0.0,40764.05107918751,16.242599999999996,16.242599999999996,16.242599999999996
4786,82,105789.5384,5817.293947816,56475.9064433805,5817.293947816,1221.308,56475.9064433805,593.212,25365.632319702258,7269.002,74.364,0.0,0.0,0.0,7405.999,0.0,1566.820689101216,92166.8817648423,1566.820689101216,43496.338008803505,17.188680000000033,17.188680000000033,17.188680000000033
4787,83,110799.2098,8938.433342781,56964.474390776,8938.433342781,1221.308,56964.474390776,593.212,25365.632319702258,7269.002,74.364,0.0,0.0,0.0,7405.999,0.0,2966.7847467407346,89043.95045248362,2966.7847467407346,44896.30206644299,17.188680000000037,17.188680000000037,17.188680000000037
4788,84,115220.2114,9621.798609537,58652.6200262965,9621.798609537,1221.308,58652.6200262965,593.212,25365.632319702258,7269.002,74.364,0.0,0.0,0.0,7405.999,0.0,5016.2754444646525,83763.66051094189,5016.2754444646525,46945.7927641665,17.188680000000154,17.188680000000154,17.188680000000154
4789,85,118791.7777,10982.009801774999,63055.828708951005,10982.009801774999,1221.308,63055.828708951005,593.212,25365.632319702258,7269.002,74.364,0.0,0.0,0.0,7405.999,0.0,2824.4218695716927,80790.58485876115,2824.4218695716927,44753.939189274,17.18868000000007,17.18868000000007,17.18868000000007
4790,86,121564.4622,13226.403060566001,60906.8840931895,13226.403060566001,1221.308,60906.8840931895,593.212,25365.632319702258,7269.002,74.364,0.0,0.0,0.0,7405.999,0.0,5501.657726542217,74999.36619924303,5501.657726542217,47431.17504624448,17.188680000000012,17.188680000000012,17.188680000000012
4791,87,123378.9985,20543.143709912,58398.56368354149,20543.143709912,1221.308,58398.56368354149,593.212,25365.632319702258,7269.002,74.364,0.0,0.0,0.0,7405.999,0.0,2507.7737868442327,72359.60431835437,2507.7737868442327,44437.2911065465,17.18868000000001,17.18868000000001,17.18868000000001
4792,88,124297.5962,22437.063549794002,53759.6336508815,22437.063549794002,1221.308,53759.6336508815,593.212,25365.632319702258,13440.383679622202,74.364,0.0,0.0,0.0,7405.999,0.0,0.0,72359.60431835437,0.0,48100.898999324505,17.188680000000048,17.188680000000048,17.188680000000048
4793,89,124033.7174,22995.468752673998,46851.272845632004,22995.468752673998,1221.308,46851.272845632004,593.212,25365.632319702258,14329.467839999974,74.364,0.0,0.0,0.0,7405.999,0.0,5196.992641991759,66889.08574783673,5196.992641991759,54186.97580169399,17.18867999999994,17.18867999999994,17.18867999999994
4794,90,122041.6659,23905.183504407,34699.83633682,23905.183504407,1221.308,34699.83633682,593.212,25365.632319702258,24452.49,74.364,36.16000000000011,0.0,0.0,7405.999,0.0,4287.48073907071,62375.94812776229,4287.48073907071,63436.646058773,30.76371999999972,30.76371999999972,30.76371999999972
4795,91,119243.3999,18008.362258598,17438.246269578,18008.362258598,1221.308,17438.246269578,593.212,25365.632319702258,25028.690000000002,74.364,469.10799999999995,257.0,0.0,7405.999,0.0,23381.478052121744,37763.86596763414,23381.478052121744,83796.791371824,35.45800000000027,35.45800000000027,35.45800000000027
4796,92,116110.4959,36197.765554264,464.8529085335,36197.765554264,1221.308,464.8529085335,593.212,25365.632319702258,25028.690000000002,74.364,469.10800000000006,257.0,0.0,7405.999,0.0,19032.56411750025,17729.58794921283,19032.56411750025,79447.8774372025,35.45800000116853,35.45800000116853,35.45800000116853
4797,93,113657.2355,51166.550844087,0.0,51166.550844087,1221.308,0.0,593.212,25365.632319702258,24452.49,74.364,36.160000000000004,0.0,0.0,7405.999,0.0,3341.5193362107234,14212.199174254174,3341.5193362107234,62490.68465591299,30.763720000000248,30.763720000000248,30.763720000000248
4798,94,107920.266,53200.194405546004,0.0,53200.194405546004,1221.308,0.0,593.212,25365.632319702258,14329.467839999998,74.364,0.0,0.0,0.0,7405.999,0.0,5730.088434751731,8180.5271376734045,5730.088434751731,54720.071594454,17.188680000000033,17.188680000000033,17.188680000000033
4799,95,99425.79121,49724.773109508,0.0,49724.773109508,1221.308,0.0,593.212,25365.632319702258,7269.002,74.364,0.0,0.0,0.0,7405.999,0.0,7771.500780789735,0.0,7771.500780789735,49701.018100491994,17.18868000000005,17.18868000000005,17.18868000000005
4800,96,91431.37518,52764.088344895994,0.0,52764.088344895994,1221.308,0.0,593.212,25365.632319702258,4006.7715154017146,74.364,0.0,0.0,0.0,7405.999,0.0,0.0,0.0,0.0,38667.28683510401,16.24259999999995,16.24259999999995,16.24259999999995
4801,1,86092.20585,50560.37685270699,0.0,50560.37685270699,1221.308,0.0,593.212,25365.632319702258,871.3136775907303,74.364,0.0,0.0,0.0,7405.999,0.0,0.0,0.0,0.0,35531.82899729301,16.242599999999893,16.242599999999893,16.242599999999893
4802,2,82357.24264,45267.510707147005,0.0,45267.510707147005,1221.308,0.0,593.212,25365.632319702258,2429.21661315072,74.364,0.0,0.0,0.0,7405.999,0.0,0.0,0.0,0.0,37089.73193285299,16.242600000000113,16.242600000000113,16.242600000000113
4803,3,80090.4931,44202.28795804699,0.0,44202.28795804699,1221.308,0.0,593.212,25365.632319702258,1227.6898222507305,74.364,0.0,0.0,0.0,7405.999,0.0,0.0,0.0,0.0,35888.20514195302,16.242600000000138,16.242600000000138,16.242600000000138
4804,4,79317.43103,44596.332409323004,0.0,44596.332409323004,1221.308,0.0,593.212,25365.632319702258,60.583300974729156,74.364,0.0,0.0,0.0,7405.999,0.0,0.0,0.0,0.0,34721.098620677,16.242600000000103,16.242600000000103,16.242600000000103
4805,5,80936.00527,45769.878842091006,0.5338,45769.878842091006,1221.308,0.5338,593.212,25365.632319702258,505.07730820671986,74.364,0.0,0.0,0.0,7405.999,0.0,0.0,0.0,0.0,35165.59262790899,16.242600000000085,16.242600000000085,16.242600000000085
4806,6,84183.08194,42348.685700974995,2830.616560703,42348.685700974995,1221.308,2830.616560703,593.212,25365.632319702258,7247.502,74.364,0.0,0.0,0.0,5554.4992500000035,1052.737891382334,0.0,1000.1009968132175,-1052.737891382334,39003.77967832201,17.188680000000094,17.188680000000094,17.188680000000094
4807,7,88885.71705,37419.313799382006,26699.126797512497,37419.313799382006,1221.308,26699.126797512497,163.998,25365.632319702258,0.0,74.364,0.0,0.0,0.0,3702.9995000000076,5761.02536659901,0.0,6473.075095082277,-5761.02536659901,24767.276453105504,5.490719999999381,5.490719999999381,5.490719999999381
4808,8,95578.38607,32881.646888794,43810.0188580285,32881.646888794,1221.308,43810.018858028496,0.0,25365.632319702258,0.0,74.364,0.0,0.0,0.0,1851.4997500000077,9626.083746524782,0.0,15617.85465428082,-9626.083746524782,18886.7203231775,0.0,0.0,0.0
4809,9,102066.0946,31512.108350970997,56808.608909943,31512.108350970997,1221.308,56808.60890994482,0.0,25365.632319702258,0.0,74.364,0.0,0.0,0.0,0.0,12915.926980618282,0.0,27887.985285868188,-12915.926980618282,13745.377339084174,0.0,0.0,0.0
4810,10,108059.4828,25737.204599540004,63291.528843693,25737.204599540004,1221.308,63291.528843701,0.0,25365.632319702258,0.0,74.364,0.0,0.0,0.0,0.0,7630.554962943472,0.0,35137.01250066449,-7630.554962943472,19030.749356758985,0.0,0.0,0.0
4811,11,113575.7479,27218.558109671,66702.81580662551,27218.558109671,1221.308,66702.81580662777,0.0,25365.632319702258,0.0,74.364,0.0,0.0,0.0,0.0,7006.930336001833,0.0,41793.59631986623,-7006.930336001833,19654.373983701225,0.0,0.0,0.0
4812,12,117752.7227,27592.137503198002,68019.9873663655,27592.13750320018,1221.308,68019.9873663655,0.0,25365.632319702258,0.0,74.364,0.0,0.0,0.0,0.0,4520.706489268847,0.0,46088.26748467163,-4520.706489268847,22140.597830434315,0.0,0.0,0.0
4813,13,121217.7218,32022.541597663996,67816.43506725,32022.541597666208,1221.308,67816.43506725,0.0,25365.632319702258,0.0,74.364,0.0,0.0,0.0,0.0,5282.559184619458,0.0,51106.69871006012,-5282.559184619458,21378.745135083795,0.0,0.0,0.0
4814,14,123758.3156,37356.302747993,69618.27940483499,37356.302747993,1221.308,69618.27940483733,0.0,25365.632319702258,0.0,74.364,0.0,0.0,0.0,0.0,9877.570872533599,0.0,60490.391038967035,-9877.570872533599,16783.733447169667,0.0,0.0,0.0
4815,15,125698.6158,40927.074005411,64568.11309759249,40927.074005411,1221.308,64568.11309759249,0.0,25365.632319702258,0.0,74.364,0.0,0.0,0.0,1851.499749999995,8309.37537270575,0.0,68384.2976430375,-8309.37537270575,20203.428696996503,0.0,0.0,0.0
4816,16,126457.0642,45646.78450109899,54044.390830014,45646.78450109899,1221.308,54044.390830014,593.211999999985,25365.632319702258,0.0,74.364,0.0,0.0,0.0,3702.9994999999894,4191.626950815271,0.0,72366.34324631201,-4191.626950815271,26765.888868886992,7.529000000000064,7.529000000000064,7.529000000000064
4817,17,125648.0926,43797.258098895,52634.920048807006,43797.258098895,1221.308,52634.920048807006,593.212,25365.632319702258,28.499999999999996,74.364,0.0,0.0,0.0,5554.4992499999835,3621.60111740424,0.0,75806.86430784603,-3621.60111740424,29215.914452298006,15.150400000237,15.150400000237,15.150400000237
4818,18,123058.0294,49575.841041782005,38586.918890237,49575.841041782005,1221.308,38586.918890237,593.212,25365.632319702258,234.75414827873925,74.364,0.0,0.0,0.0,7405.999,0.0,0.0,75806.86430784603,0.0,34895.269467981,16.242599999999864,16.242599999999864,16.242599999999864
4819,19,119585.593,52953.077606841995,19993.336363279497,52953.077606841995,1221.308,19993.336363279497,593.212,25365.632319702258,11978.66371017622,74.364,0.0,0.0,0.0,7405.999,0.0,0.0,75806.86430784603,0.0,46639.179029878505,16.242600000000117,16.242600000000117,16.242600000000117
4820,20,116072.9771,51018.453344306996,1695.6557130795,51018.453344306996,1221.308,1695.6557130795,593.212,25365.632319702258,24452.49,74.364,448.7679999999998,257.0,0.0,7405.999,0.0,3540.094722909591,72080.44881004647,3540.094722909591,63358.86804261351,35.45800000115699,35.45800000115699,35.45800000115699
4821,21,112867.6705,57459.27520106801,0.0,57459.27520106801,1221.308,0.0,593.212,25365.632319702258,14329.467839999987,74.364,0.0,0.0,0.0,7405.999,0.0,6418.41213922975,65324.2255055941,6418.41213922975,55408.39529893198,17.188680000000137,17.188680000000137,17.188680000000137
4822,22,107504.554,54675.745055595,0.0,54675.745055595,1221.308,0.0,593.212,25365.632319702258,7269.002,74.364,0.0,0.0,0.0,7405.999,0.0,10899.29162470274,53851.28695327542,10899.29162470274,52828.808944405006,17.18867999999988,17.18867999999988,17.18867999999988
4823,23,99810.3084,48802.126948567005,0.0,48802.126948567005,1221.308,0.0,593.212,25365.632319702258,7269.002,74.364,0.0,0.0,0.0,7405.999,0.0,9078.66413173072,44294.79839355887,9078.66413173072,51008.18145143299,17.188680000000105,17.188680000000105,17.188680000000105
4824,24,92245.10129,46401.601408565,0.0,46401.601408565,1221.308,0.0,593.212,25365.632319702258,7269.002,74.364,0.0,0.0,0.0,7405.999,0.0,3913.982561732745,40174.81674962967,3913.982561732745,45843.499881435004,17.18868000000007,17.18868000000007,17.18868000000007
4825,25,86271.69316,45678.436149673,0.0,45678.436149673,1221.308,0.0,593.212,25365.632319702258,5932.741690624704,74.364,0.0,0.0,0.0,7405.999,0.0,0.0,40174.816749631245,0.0,40593.257010327,16.2426,16.2426,16.2426
4826,26,82216.12783,44318.066398506,0.0,44318.066398506,1221.308,0.0,593.212,25365.632319702258,3237.5461117917325,74.364,0.0,0.0,0.0,7405.999,0.0,0.0,40174.816749631245,0.0,37898.061431493996,16.24259999999986,16.24259999999986,16.24259999999986
4827,27,79621.61787,41316.487211041,0.0,41316.487211041,1221.308,0.0,593.212,25365.632319702258,3644.6153392567253,74.364,0.0,0.0,0.0,7405.999,0.0,0.0,40174.816749631245,0.0,38305.130658959,16.242600000000103,16.242600000000103,16.242600000000103
4828,28,78226.93712,38902.840097178996,0.0,38902.840097178996,1221.308,0.0,593.212,25365.632319702258,4663.581703118716,74.364,0.0,0.0,0.0,7405.999,0.0,0.0,40174.816749631245,0.0,39324.097022821006,16.242599999999868,16.242599999999868,16.242599999999868
4829,29,77782.6112,34982.382448054996,0.5338,34982.382448054996,1221.308,0.5338,593.212,25365.632319702258,7269.002,74.364,0.0,0.0,0.0,7405.999,0.0,870.1776322427459,39258.84029463888,870.1776322427459,42799.694951945006,17.18868,17.18868,17.18868
4830,30,78456.40522,35748.34764293399,3030.568979785,35748.34764293399,1221.308,3030.568979785,593.212,25365.632319702258,7247.502,74.364,0.0,0.0,0.0,7405.999,2230.5287224212675,0.0,41377.84258093908,-2230.5287224212675,39677.48859728101,17.18868000000009,17.18868000000009,17.18868000000009
4831,31,81387.29344,28521.856257814,27381.353649298497,28521.856257814,1221.308,27381.353649298497,0.0,25365.632319702258,0.0,74.364,0.0,0.0,0.0,5554.499250000002,6731.720036814763,0.0,47772.97661591311,-6731.720036814763,25484.0835328875,2.272319999999908,2.272319999999908,2.272319999999908
4832,32,87471.75029,17443.328007052998,45458.29410747201,17443.328007052998,1221.308,45458.29410747201,593.212,25365.632319702258,0.0,74.364,0.0,0.0,0.0,7405.998999999999,10090.387144227265,0.0,57358.84440292901,-10090.387144227265,24570.128175474987,9.7305,9.7305,9.7305
4833,33,94145.53627,10527.215551909001,57293.873007250004,10527.215551909001,1221.308,57293.873007250004,593.212,25365.632319702258,0.0,74.364,0.0,0.0,0.0,7405.999,8336.067608861262,0.0,65278.108631347204,-8336.067608861262,26324.447710840992,9.730500000000333,9.730500000000333,9.730500000000333
4834,34,100596.7738,11202.761254317,62983.540913594996,11202.761254317,1221.308,62983.540913594996,593.212,25365.632319702258,0.0,74.364,0.0,0.0,0.0,7405.998999999999,8250.043687614258,0.0,73115.65013458075,-8250.043687614258,26410.471632088003,9.730499999999665,9.730499999999665,9.730499999999665
4835,35,106645.0485,12243.521042256001,66614.181958021,12243.521042256001,1221.308,66614.181958021,0.0,25365.632319702258,0.0,74.364,0.0,0.0,0.0,5554.49925,4428.45806997926,0.0,77322.68530106104,-4428.45806997926,27787.345499723,3.21839999999991,3.21839999999991,3.21839999999991
4836,36,111331.5186,10369.939593145999,67755.17169160649,10369.939593145999,1221.308,67755.17169160649,593.212,25365.632319702258,28.5,74.364,0.0,0.0,0.0,7405.999,1482.6080044547753,0.0,78731.16290529308,-1482.6080044547753,33206.4073152475,16.24260000000009,16.24260000000009,16.24260000000009
4837,37,115157.0925,8733.490508022998,68099.18971360399,8733.490508022998,1221.308,68099.18971360399,593.212,25365.632319702258,3663.8969586707367,74.364,0.0,0.0,0.0,7405.999,0.0,0.0,78731.16290529308,0.0,38324.41227837301,16.242600000000103,16.242600000000103,16.242600000000103
4838,38,118240.9282,10677.929841787001,67189.0140273555,10677.929841787001,1221.308,67189.0140273555,593.212,25365.632319702258,5713.469011155249,74.364,0.0,0.0,0.0,7405.999,0.0,0.0,78731.1629052931,0.0,40373.98433085749,16.2426,16.2426,16.2426
4839,39,120944.5378,21851.565442434003,62769.5717006725,21851.565442434003,1221.308,62769.5717006725,593.212,25365.632319702258,1662.8853371912294,74.364,0.0,0.0,0.0,7405.999,0.0,0.0,78731.1629052931,0.0,36323.4006568935,16.24260000000008,16.24260000000008,16.24260000000008
4840,40,123082.0208,24344.577542534,57785.8677448525,24344.577542534,1221.308,57785.8677448525,593.212,25365.632319702258,6291.060192911236,74.364,0.0,0.0,0.0,7405.999,0.0,0.0,78731.1629052931,0.0,40951.575512613505,16.24259999999986,16.24259999999986,16.24259999999986
4841,41,122989.3198,30924.747656502997,50444.88713872949,30924.747656502997,1221.308,50444.88713872949,593.212,25365.632319702258,6959.169685065212,74.364,0.0,0.0,0.0,7405.999,0.0,0.0,78731.1629052931,0.0,41619.68500476751,16.242600000000216,16.242600000000216,16.242600000000216
4842,42,120678.7614,35060.117644629,36005.1967592895,35060.117644629,1221.308,36005.1967592895,593.212,25365.632319702258,14952.931676379207,74.364,0.0,0.0,0.0,7405.999,0.0,0.0,78731.16290529646,0.0,49613.44699608151,17.18867999999988,17.18867999999988,17.18867999999988
4843,43,117424.9381,37522.117691277,17214.1217071045,37522.117691277,1221.308,17214.1217071045,593.212,25365.632319702258,24452.49,74.364,36.15999999999998,257.0,0.0,7405.999,0.0,3282.5333819162324,75275.86460854253,3282.5333819162324,62688.6987016185,33.44188,33.44188,33.44188
4844,44,113642.5894,48788.554939217,1819.7896313295,48788.554939217,1221.308,1819.7896313295,593.212,25365.632319702258,25028.690000000002,74.364,56.5,257.0,0.0,7405.999,0.0,3031.539509751237,72084.77038775175,3031.539509751237,63034.2448294535,33.44188,33.44188,33.44188
4845,45,110549.082,46530.150757591,0.0,46530.150757591,1221.308,0.0,593.212,25365.632319702258,24452.49,74.364,36.160000000000004,257.0,0.0,7405.999,0.0,4612.7659227067425,67229.22731121835,4612.7659227067425,64018.931242408995,33.44188,33.44188,33.44188
4846,46,105723.4257,46766.726991475996,0.0,46766.726991475996,1221.308,0.0,593.212,25365.632319702258,17190.86945415812,74.364,0.0,0.0,0.0,7405.999,0.0,7105.313934663605,59749.94948525666,7105.313934663605,58956.69870852401,17.18868000000016,17.18868000000016,17.18868000000016
4847,47,98312.70652,44961.250647859,0.0,44961.250647859,1221.308,0.0,593.212,25365.632319702258,14905.667840000007,74.364,20.339999999999854,0.0,0.0,7405.999,0.0,3764.932712437134,55786.862419533354,3764.932712437134,53351.45587214101,17.188680000000094,17.188680000000094,17.188680000000094
4848,48,90977.95635,21021.451155398,0.0,21021.451155398,1221.308,0.0,593.212,25365.632319702258,25028.690000000002,74.364,469.1079999999998,257.0,0.0,7405.999,0.0,9541.191874898283,45743.502551219375,9541.191874898283,69956.505194602,35.45800000115842,35.45800000115842,35.45800000115842
4849,49,85327.6053,17944.803798414,0.0,17944.803798414,1221.308,0.0,593.212,25365.632319702258,25028.690000000002,74.364,469.1079999999998,257.0,0.0,7405.999,0.0,6967.488181882269,38409.30446502751,6967.488181882269,67382.801501586,35.45800000000015,35.45800000000015,35.45800000000015
4850,50,81701.01289,18373.498946452997,0.0,18373.498946452997,1221.308,0.0,593.212,25365.632319702258,25028.690000000002,74.364,56.5,0.0,0.0,7405.999,0.0,3581.8086238467117,34638.97959782045,3581.8086238467117,63327.513943547005,30.76372000000003,30.76372000000003,30.76372000000003
4851,51,78942.71511,17145.588441459,0.0,17145.588441459,1221.308,0.0,593.212,25365.632319702258,24452.49,74.364,36.16,257.0,0.0,7405.999,0.0,2390.9613488387417,32122.178177990187,2390.9613488387417,61797.12666854101,32.8934,32.8934,32.8934
4852,52,77407.3708,17618.669542948,0.0,17618.669542948,1221.308,0.0,593.212,25365.632319702258,16628.22416,74.364,0.0,0.0,0.0,7405.999,0.0,8499.961777349736,23174.849991306255,8499.961777349736,59788.701257052,18.134760000000004,18.134760000000004,18.134760000000004
4853,53,76681.54782,33083.147609022,0.5338,33083.147609022,1221.308,0.5338,593.212,25365.632319702258,7269.001999999986,74.364,0.0,0.0,0.0,7405.999,0.0,1668.3490912757516,21418.693053121253,1668.3490912757516,43597.86641097801,16.2426,16.2426,16.2426
4854,54,76476.52601,26780.40479424,2525.3198062595,26780.40479424,1221.308,2525.3198062595,593.212,25365.632319702258,7269.002,74.364,0.0,0.0,0.0,7405.999,0.0,5241.284089800183,15901.551905963166,5241.284089800183,47170.801409500506,17.188680000000197,17.188680000000197,17.188680000000197
4855,55,78333.98317,19225.036041597,23408.2913007315,19225.036041597,1221.308,23408.2913007315,593.212,25365.632319702258,1040.1405079692308,74.364,0.0,0.0,0.0,7405.999,0.0,0.0,15901.551905963166,0.0,35700.65582767151,16.2426,16.2426,16.2426
4856,56,83620.17592,9662.674900555001,40462.200450134995,9662.674900555001,1221.308,40462.200450134995,593.212,25365.632319702258,50.0,74.364,0.0,0.0,0.0,7405.999,1215.2147503894157,0.0,17056.00591883311,-1215.2147503894157,33495.30056930999,16.24260000000014,16.24260000000014,16.24260000000014
4857,57,90233.75259,7482.464999594,52222.06686823849,7482.464999594,1221.308,52222.06686823849,593.212,25365.632319702258,28.5,74.364,0.0,0.0,0.0,5554.49924999999,2308.2948475368194,0.0,19248.886023993095,-2308.2948475368194,30529.220722167513,15.15040000023821,15.15040000023821,15.15040000023821
4858,58,96505.31253,10618.23804854,58206.8384512175,10618.23804854,1221.308,58206.8384512175,593.212,25365.632319702258,0.0,74.364,0.0,0.0,0.0,3702.999499999974,3277.2797894617934,0.0,22362.301823981797,-3277.2797894617934,27680.236030242486,7.528999999999869,7.528999999999869,7.528999999999869
4859,59,102241.255,15507.067054350999,63357.559927713,15507.067054350999,1221.308,63357.559927713,0.0,25365.632319702258,0.0,74.364,0.0,0.0,0.0,1851.4997499999963,5136.1760517662515,0.0,27241.669073159737,-5136.1760517662515,23376.628017935996,0.0,0.0,0.0
4860,60,107528.1522,24926.198101489,65035.662090125,24926.198101489,1221.308,65035.66209012682,0.0,25365.632319702254,0.0,74.364,0.0,0.0,0.0,0.0,9095.012311318833,0.0,35881.93076891263,-9095.012311318833,17566.292008384175,0.0,0.0,0.0
4861,61,111735.539,30801.603059027002,64935.100353406,30801.60305902972,1221.308,64935.100353406,0.0,25365.632319702258,0.0,74.364,0.0,0.0,0.0,0.0,10662.468732138685,0.0,46011.27606444438,-10662.468732138685,15998.835587564288,0.0,0.0,0.0
4862,62,115053.9425,30345.887848578,63905.9689656445,30345.887848578,1221.308,63905.968965646425,0.0,25365.632319702258,0.0,74.364,0.0,0.0,0.0,0.0,5859.2186339276695,0.0,51577.53376667567,-5859.2186339276695,20802.08568577558,0.0,0.0,0.0
4863,63,117728.4323,35064.40714673499,60317.905987932994,35064.40714673499,1221.308,60317.905987932994,0.0,25365.632319702258,0.0,74.364,0.0,0.0,0.0,1851.4997500000031,6166.684904370266,0.0,57435.88442582742,-6166.684904370266,22346.11916533202,0.0,0.0,0.0
4864,64,118977.4476,38282.683798558995,54039.8883440395,38282.683798558995,1221.308,54039.8883440395,593.212,25365.632319702258,28.5,74.364,0.0,0.0,0.0,3702.9995000000126,4331.140362300781,0.0,61550.46777001316,-4331.140362300781,26654.875457401504,15.150400000237386,15.150400000237386,15.150400000237386
4865,65,119134.9743,43972.457699742,47042.10475722601,43972.457699742,1221.308,47042.10475722601,593.212,25365.632319702258,21.5,74.364,0.0,0.0,0.0,5554.499250000003,4710.103726670256,0.0,66025.0663103499,-4710.103726670256,28120.411843032,7.529,7.529,7.529
4866,66,117849.3553,47310.340609984,34029.7740569455,47310.340609984,1221.308,34029.7740569455,593.212,25365.632319702258,1848.7253133682302,74.364,0.0,0.0,0.0,7405.999,0.0,0.0,66025.0663103499,0.0,36509.24063307049,16.24260000000055,16.24260000000055,16.24260000000055
4867,67,115660.6431,48663.025643827,16603.6579346295,48663.025643827,1221.308,16603.6579346295,593.212,25365.632319702258,13310.92640999997,74.364,0.0,0.0,0.0,7405.999,0.0,2422.5177918427526,63475.047582094354,2422.5177918427526,50393.9595215435,17.18868000000055,17.18868000000055,17.18868000000055
4868,68,112449.8199,53265.685703541996,648.962492027,53265.685703541996,1221.308,648.962492027,593.212,25365.632319702258,22670.14857,74.364,0.0,0.0,0.0,7405.999,0.0,1204.5078147270551,62207.14461922377,1204.5078147270551,58535.171704431006,19.175879999999548,19.175879999999548,19.175879999999548
4869,69,109942.0685,57068.894345985,0.0,57068.894345985,1221.308,0.0,593.212,25365.632319702258,13310.92640999996,74.364,0.0,0.0,0.0,7405.999,0.0,4901.732424312754,57047.42627784192,4901.732424312754,52873.174154014996,17.188680000000097,17.188680000000097,17.188680000000097
4870,70,104677.0827,59117.2501423,0.0,59117.2501423,1221.308,0.0,593.212,25365.632319702258,7269.002,74.364,0.0,0.0,0.0,7405.999,0.0,3630.3152379977387,53226.04181679167,3630.3152379977387,45559.8325577,17.18867999999987,17.18867999999987,17.18867999999987
4871,71,96791.46634,52967.649151493,0.0,52967.649151493,1221.308,0.0,593.212,25365.632319702258,7269.002,74.364,0.0,0.0,0.0,7405.999,0.0,1894.299868806433,51232.04195489016,1894.299868806433,43823.817188507,17.188679999999874,17.188679999999874,17.188679999999874
4872,72,89228.91233,48079.962049350004,0.0,48079.962049350004,1221.308,0.0,593.212,25365.632319702258,6488.434960947737,74.364,0.0,0.0,0.0,7405.999,0.0,0.0,51232.04195489017,0.0,41148.95028065,16.24260000000014,16.24260000000014,16.24260000000014
4873,73,83751.97948,47709.50800640899,0.0,47709.50800640899,1221.308,0.0,593.212,25365.632319702258,1381.9561538887272,74.364,0.0,0.0,0.0,7405.999,0.0,0.0,51232.04195489177,0.0,36042.471473591,16.24260000000008,16.24260000000008,16.24260000000008
4874,74,80563.44894,47016.491451706,0.0,47016.491451706,1221.308,0.0,593.212,25365.632319702258,21.5,74.364,0.0,0.0,0.0,7405.999,1135.0578314100567,0.0,52310.34689473132,-1135.0578314100567,33546.957488294,9.730499999999665,9.730499999999665,9.730499999999665
4875,75,78936.3962,45171.080490356,0.0,45171.080490356,1221.308,0.0,593.212,25365.632319702258,21.5,74.364,0.0,0.0,0.0,7405.999,916.6996100597921,0.0,53181.21152428813,-916.6996100597921,33765.315709644005,9.730500000000237,9.730500000000237,9.730500000000237
4876,76,78837.16064,43371.057892667,0.0,43371.057892667,1221.308,0.0,593.212,25365.632319702258,805.5874276307261,74.364,0.0,0.0,0.0,7405.999,0.0,0.0,53181.21152428813,0.0,35466.102747333,16.24260000000008,16.24260000000008,16.24260000000008
4877,77,81041.24782,37346.807341861,0.2669,37346.807341861,1221.308,0.2669,593.212,25365.632319702258,7269.002,74.364,0.0,0.0,0.0,7405.999,0.0,1764.6562584367432,51323.6786206705,1764.6562584367432,43694.173578139,17.188679999999884,17.188679999999884,17.188679999999884
4878,78,84346.07191,32078.877708522996,1985.5415441229998,32078.877708522996,1221.308,1985.5415441229998,593.212,25365.632319702258,7269.002,74.364,0.0,0.0,0.0,7405.999,0.0,8352.135337651735,42531.95721261605,8352.135337651735,50281.652657354,17.18868000000009,17.18868000000009,17.18868000000009
4879,79,89914.05249,23893.659008078997,22387.1247003395,23893.659008078997,1221.308,22387.1247003395,593.212,25365.632319702258,7269.002,74.364,0.0,0.0,0.0,7405.999,0.0,1703.7514618792502,40738.53462116421,1703.7514618792502,43633.2687815815,17.188680000000083,17.188680000000083,17.188680000000083
4880,80,96322.80465,13871.454041075998,39284.331479335,13871.454041075998,1221.308,39284.331479335,593.212,25365.632319702258,7269.002,74.364,0.0,0.0,0.0,7405.999,0.0,1237.5018098867456,39435.9011370729,1237.5018098867456,43167.01912958901,17.188679999999863,17.188679999999863,17.188679999999863
4881,81,102512.3678,11330.931401086,52404.559458321,11330.931401086,1221.308,52404.559458321,593.212,25365.632319702258,4116.361620890742,74.364,0.0,0.0,0.0,7405.999,0.0,0.0,39435.9011370729,0.0,38776.876940593014,16.242599999999854,16.242599999999854,16.242599999999854
4882,82,108419.2037,14000.862143424001,58500.937541006,14000.862143424001,1221.308,58500.937541006,593.212,25365.632319702258,1256.88869586773,74.364,0.0,0.0,0.0,7405.999,0.0,0.0,39435.9011370729,0.0,35917.40401556999,16.242600000000095,16.242600000000095,16.242600000000095
4883,83,113578.1071,18254.988158053002,62006.687918050004,18254.988158053002,1221.308,62006.687918050004,593.212,25365.632319702258,21.5,74.364,0.0,0.0,0.0,7405.999,1365.584295805248,0.0,40733.206218087886,-1365.584295805248,33316.431023896985,9.730500000000394,9.730500000000394,9.730500000000394
4884,84,117868.6662,21500.34179807,63626.604258399,21500.34179807,1221.308,63626.604258399,593.212,25365.632319702258,0.0,74.364,0.0,0.0,0.0,7405.999,1918.7951761712711,0.0,42556.06163545059,-1918.7951761712711,32741.720143531005,9.73050000000035,9.73050000000035,9.73050000000035
4885,85,121093.226,24197.321644524996,63974.095238890994,24197.321644524996,1221.308,63974.095238890994,593.212,25365.632319702258,21.5,74.364,0.0,0.0,0.0,7405.999,1760.206203118265,0.0,44228.25752841294,-1760.206203118265,32921.809116584,9.730499999999608,9.730499999999608,9.730499999999608
4886,86,123425.148,22088.826642779,63580.0615010155,22088.826642779,1221.308,63580.0615010155,593.212,25365.632319702258,3095.7445365032413,74.364,0.0,0.0,0.0,7405.999,0.0,0.0,44228.25752841294,0.0,37756.25985620549,16.2426,16.2426,16.2426
4887,87,124451.9027,32101.311853142,61243.35146911951,32101.311853142,1221.308,61243.35146911951,593.212,25365.632319702258,21.5,74.364,0.0,0.0,0.0,7405.999,3574.775941966621,0.0,47624.294673281234,-3574.775941966621,31107.239377738493,9.73049999999995,9.73049999999995,9.73049999999995
4888,88,124736.0748,31056.128653594995,56816.5400302695,31056.128653594995,1221.308,56816.5400302695,593.212,25365.632319702258,2202.8907964332607,74.364,0.0,0.0,0.0,7405.999,0.0,0.0,47624.294673281234,0.0,36863.40611613551,16.242599999999477,16.242599999999477,16.242599999999477
4889,89,124093.4174,33228.049992713,50131.824672938004,33228.049992713,1221.308,50131.824672938004,593.212,25365.632319702258,6073.027414646709,74.364,0.0,0.0,0.0,7405.999,0.0,0.0,47624.294673281234,0.0,40733.542734349,16.24260000000009,16.24260000000009,16.24260000000009
4890,90,121779.7448,37026.4423109,36135.1921121185,37026.4423109,1221.308,36135.1921121185,593.212,25365.632319702258,13957.595057279254,74.364,0.0,0.0,0.0,7405.999,0.0,0.0,47624.294673283715,0.0,48618.110376981494,16.242600000000103,16.242600000000103,16.242600000000103
4891,91,118466.5369,36641.038442179,17785.096511576503,36641.038442179,1221.308,17785.096511576503,593.212,25365.632319702258,24452.49,74.364,448.7680000000001,257.0,0.0,7405.999,0.0,4221.62862654225,43180.475066397135,4221.62862654225,64040.4019462445,34.785559999999904,34.785559999999904,34.785559999999904
4892,92,115362.6257,34933.138889297,2486.3072503430003,34933.138889297,1221.308,2486.3072503430003,593.212,25365.632319702258,25028.690000000002,74.364,701.2,257.0,0.0,7405.999,0.0,17295.774240659746,24974.396918334245,17295.774240659746,77943.17956036,35.458000001163455,35.458000001163455,35.458000001163455
4893,93,112582.9687,36145.066009289,0.0,36145.066009289,1221.308,0.0,593.212,25365.632319702258,25028.690000000002,74.364,701.2,257.0,0.0,7405.999,0.0,15790.49737101066,8352.820738323015,15790.49737101066,76437.902690711,35.458000000806386,35.458000000806386,35.458000000806386
4894,94,106407.8287,39812.025758248,0.0,39812.025758248,1221.308,0.0,593.212,25365.632319702258,25028.690000000002,74.364,469.1079999999998,257.0,0.0,7405.999,0.0,6180.489622048284,1847.0421887985049,6180.489622048284,66595.802941752,35.458000001158965,35.458000001158965,35.458000001158965
4895,95,97820.4122,38619.93629196101,0.0,38619.93629196101,1221.308,0.0,593.212,25365.632319702258,24264.890000000003,74.364,20.33999999999994,0.0,0.0,7405.999,0.0,254.7305883378422,1578.90472739025,254.7305883378422,59200.475908039,25.514080000000078,25.514080000000078,25.514080000000078
4896,96,90272.4807,39782.538049277995,0.0,39782.538049277995,1221.308,0.0,593.212,25365.632319702258,14329.467839999956,74.364,0.0,0.0,0.0,7405.999,0.0,1499.9594910207375,0.0,1499.9594910207375,50489.942650722005,17.18867999999991,17.18867999999991,17.18867999999991
4897,1,84884.29768,38883.529560302,0.0,38883.529560302,1221.308,0.0,593.212,25365.632319702258,21319.988999997466,74.364,0.0,0.0,0.0,7405.999,9979.736200001713,0.0,9480.749390001627,-9979.736200001713,46000.768119698005,17.18867999999995,17.18867999999995,17.18867999999995
4898,2,81407.31532,34345.030307373,0.0,34345.03030728501,1221.308,0.0,593.212,25365.632319702258,21319.989,74.364,0.0,0.0,0.0,7405.999,8918.219307075258,0.0,17953.057731723122,-8918.219307075258,47062.28501271499,17.18868000000007,17.18868000000007,17.18868000000007
4899,3,79887.75384,32327.320745446996,0.0,32327.320745446996,1221.308,0.0,593.212,25365.632319702258,21319.989,74.364,0.0,0.0,0.0,7405.999,8420.071225149239,0.0,25952.125395614898,-8420.071225149239,47560.43309455301,17.188679999999877,17.188679999999877,17.188679999999877
4900,4,79927.85205,32635.831408105998,0.0,32635.831408105998,1221.308,0.0,593.212,25365.632319702258,13310.92641,74.364,0.0,0.0,0.0,7405.999,679.4210878082617,0.0,26597.575429032746,-679.4210878082617,47292.02064189401,16.526279999999737,16.526279999999737,16.526279999999737
4901,5,81341.29561,24606.556545366002,0.2669,24606.556545366002,1221.308,0.2669,593.212,25365.632319702258,22338.53043,74.364,0.0,0.0,0.0,7405.999,264.5735850682488,0.0,26848.920334847586,-264.5735850682488,56734.472164634,17.851080000000266,17.851080000000266,17.851080000000266
4902,6,84176.60911,20575.834754357,2599.2856397250007,20575.834754357,1221.308,2599.2856397250007,593.212,25349.938751553815,24452.49,74.364,36.15999999999998,257.0,0.0,7405.999,0.0,1611.0169643633214,25153.113003939245,1611.0169643633214,61001.48871591801,33.44188000000005,33.44188000000005,33.44188000000005
4903,7,88503.87191,21166.933552562994,27646.349848163998,21166.933552562994,1221.308,27646.349848163998,593.212,25337.683434682644,7081.965839999958,74.364,0.0,0.0,0.0,7405.999,2023.9437654096082,0.0,27075.859581078374,-2023.9437654096082,39690.588509273,9.730499999999758,9.730499999999758,9.730499999999758
4904,8,94343.90685,19863.632701337,45254.044696241996,19863.632701565,1221.308,45254.044696241996,593.212,25325.520838480305,0.0,74.364,0.0,0.0,0.0,7405.998999771986,5394.1743860593015,0.0,32200.325247834717,-5394.1743860593015,29226.229452193,9.730500000000276,9.730500000000276,9.730500000000276
4905,9,99574.01765,10978.094249375003,58025.707938101,10978.094249787304,1221.308,58025.707938101,593.212,25309.77935932074,0.0,74.364,0.0,0.0,0.0,7405.998999587715,4034.4468967967387,0.0,36033.04979979162,-4034.4468967967387,30570.215462111693,9.730499999999966,9.730499999999966,9.730499999999966
4906,10,104744.757,8122.614745453,64634.01740506251,8122.614745453,1221.308,64634.01740506251,593.212,25297.660595248206,0.0,74.364,0.0,0.0,0.0,7405.999,2604.4187457637063,0.0,38507.247608267135,-2604.4187457637063,31988.12484948449,9.730499999999878,9.730499999999878,9.730499999999878
4907,11,109142.8448,8823.790599425001,68089.0028781105,8823.790599425001,1221.308,68089.0028781105,593.212,25284.88068415064,0.0,74.364,0.0,0.0,0.0,7405.999,2349.7123616861318,0.0,40739.474351868965,-2349.7123616861318,32230.051322464496,9.7305,9.7305,9.7305
4908,12,112924.9288,9812.127705912,70173.52934291649,9812.127705912,1221.308,70173.52934291649,593.212,25269.640470778093,0.0,74.364,0.0,0.0,0.0,7405.999,1625.251719606592,0.0,42283.463485495224,-1625.251719606592,32939.2717511715,9.7305,9.7305,9.7305
4909,13,115860.0195,12880.176097344001,69668.825640097,12880.176097344001,1221.308,69668.825640097,593.212,25257.572702380046,0.0,74.364,0.0,0.0,0.0,7405.999,1241.4379398210885,0.0,43462.82952832526,-1241.4379398210885,33311.017762559,9.7305,9.7305,9.7305
4910,14,118527.9932,16760.818141764,69355.28009783599,16760.818141764,1221.308,69355.28009783599,593.212,25244.946604816196,21.5,74.364,0.0,0.0,0.0,7405.999,2149.434644416214,0.0,45504.792440520665,-2149.434644416214,32411.894960400008,9.7305,9.7305,9.7305
4911,15,120801.6854,20935.539510880997,64742.446400853994,20935.539510880997,1221.308,64742.446400853994,593.212,25229.71566014414,7269.002,74.364,0.0,0.0,0.0,7405.999,6669.901171879143,0.0,51841.19855380585,-6669.901171879143,35123.69948826502,16.2426,16.2426,16.2426
4912,16,122205.8291,25658.529258885,60277.4407484595,25658.529258885,1221.308,60277.4407484595,593.212,25216.874922384086,7269.002,74.364,0.0,0.0,0.0,7405.999,5510.900829728583,0.0,57076.554342048,-5510.900829728583,36269.859092655504,16.2426,16.2426,16.2426
4913,17,122523.97,19790.104752605002,54346.920150268495,19790.104752605002,1221.308,54346.920150268495,593.212,25204.84882318604,13887.213273940413,74.364,0.0,0.0,0.0,7405.999,0.0,0.0,57076.554342050586,0.0,48386.94509712651,17.18868000000024,17.18868000000024,17.18868000000024
4914,18,120886.4911,22554.963645325,40505.255538514,22554.963645325,1221.308,40505.255538514,593.212,25189.692820670018,23321.35609544969,74.364,20.339999999999883,0.0,0.0,7405.999,0.0,0.0,57076.55434205075,0.0,57826.271916161,18.513480000000133,18.513480000000133,18.513480000000133
4915,19,117837.6999,25609.408643685,22879.322335125,25609.408643685,1221.308,22879.322335125,593.212,25176.636657415926,25028.690000000002,74.364,469.10800000000177,257.0,0.0,7405.999,0.0,9122.651263773645,47473.76353807849,9122.651263773645,69348.96892119,35.458000001151916,35.458000001151916,35.458000001151916
4916,20,114659.6162,30402.735197748,2694.314801566,30402.735197748,1221.308,2694.314801566,593.212,25164.851045239586,25028.690000000002,74.364,701.2,257.0,0.0,7405.999,0.0,21115.94215544611,25246.456006029955,21115.94215544611,81562.56620068601,35.458000000804645,35.458000000804645,35.458000000804645
4917,21,111447.0835,35591.095402517,0.0,35591.095402517,1221.308,0.0,593.212,25149.62010784154,25028.690000000002,74.364,701.2,257.0,0.0,7405.999,0.0,15424.59498964113,9010.040227460348,15424.59498964113,75855.988097483,35.45800000080409,35.45800000080409,35.45800000080409
4918,22,105098.7757,40408.551960578,0.0,40408.551960578,1221.308,0.0,593.212,25136.71775808149,25028.690000000002,74.364,469.10800000000006,257.0,0.0,7405.999,0.0,4503.824981340536,4269.171826049257,4503.824981340536,64690.223739422,35.458000001153074,35.458000001153074,35.458000001153074
4919,23,96739.3047,35651.208249867,0.0,35651.208249867,1221.308,0.0,593.212,25124.94142048344,24452.49,74.364,36.160000000000004,0.0,0.0,7405.999,0.0,2179.62202964957,1974.8328474707628,2179.62202964957,61088.096450132995,30.76372,30.76372,30.76372
4920,24,89057.83292,40885.84165591301,0.0,40885.84165591301,1221.308,0.0,593.212,25108.930437445582,14329.467840003763,74.364,0.0,0.0,0.0,7405.999,561.2900133636059,0.0,2508.0583601661883,-561.2900133636059,48171.99126408699,16.2426,16.2426,16.2426
4921,25,84035.29046,43512.484009947,0.0,43512.484009947,1221.308,0.0,593.212,25096.651838247533,7269.001999999986,74.364,0.0,0.0,0.0,7405.999,1137.73038819453,0.0,3588.902228950992,-1137.73038819453,40522.806450053,16.242599999999705,16.242599999999705,16.242599999999705
4922,26,80847.58271,46740.426402198005,0.0,46740.426402198005,1221.308,0.0,593.212,25081.72184517499,7269.001999999971,74.364,0.0,0.0,0.0,7405.999,7538.450537372972,0.0,10750.430239455316,-7538.450537372972,34107.156307802,16.242599999999257,16.242599999999257,16.242599999999257
4923,27,78827.25688,43151.996496075,0.0,43151.996496075,1221.308,0.0,593.212,25069.045874177427,7269.002,74.364,0.0,0.0,0.0,7405.999,5957.670490252405,0.0,16410.217205195102,-5957.670490252405,35675.260383925,16.242599999999875,16.242599999999875,16.242599999999875
4924,28,78789.26258,38791.187197595,0.0,38791.187197595,1221.308,0.0,593.212,25056.607025778896,8078.998582071099,74.364,0.0,0.0,0.0,7405.999,2432.4132254449964,0.0,18721.009769367847,-2432.4132254449964,39998.075382405,16.52628000000027,16.52628000000027,16.52628000000027
4925,29,80520.41553,30096.024946821995,0.0,30096.024946821995,1221.308,0.0,593.212,25041.446411106834,16088.061172071142,74.364,0.0,0.0,0.0,7405.999,0.0,0.0,18721.009769367847,0.0,50424.390583178,17.851079999999843,17.851079999999843,17.851079999999843
4926,30,83594.64037,28437.326207030004,3941.4411279719993,28437.326207030004,1221.308,3941.4411279719993,593.212,25029.023034742982,17330.825812383082,74.364,0.0,0.0,0.0,7405.998999999998,438.8588121281023,0.0,19137.925640889545,-438.8588121281023,51215.87303499799,24.64685999999964,24.64685999999964,24.64685999999964
4927,31,87865.20877,27042.495358219,30544.674314310996,27042.495358219,1221.308,30544.674314310996,593.212,25016.636646482933,724.1016523830804,74.364,0.0,0.0,0.0,7405.999,4757.5822013960205,0.0,23657.628732215766,-4757.5822013960205,30278.039097470002,9.73050000000013,9.73050000000013,9.73050000000013
4928,32,93714.19311,18987.751452243,47681.478919345,18987.751452243,1221.308,47681.478919345,593.212,25000.75405812337,0.0,74.364,0.0,0.0,0.0,7405.999,7250.674319711361,0.0,30545.769335941557,-7250.674319711361,27044.962738411996,9.730499999999807,9.730499999999807,9.730499999999807
4929,33,99088.02857,12032.856440018,60426.496087267,12032.856440018,1221.308,60426.496087267,593.212,24988.91154679941,28.499999999999996,74.364,0.0,0.0,0.0,7405.999,7683.6185035320195,0.0,37845.20691429698,-7683.6185035320195,26628.676042714993,12.948899999999986,12.948899999999986,12.948899999999986
4930,34,103671.0038,13388.981244562001,66388.4045992285,13388.981244562001,1221.308,66388.4045992285,0.0,24976.727015848977,0.0,74.364,0.0,0.0,0.0,5554.499249999995,7933.280309639475,0.0,45381.82320845446,-7933.280309639475,23893.617956209506,0.0,0.0,0.0
4931,35,108060.5867,17501.454408515,62240.76855458651,17501.454408515,1221.308,62240.76855458651,593.212,24960.819971513305,7247.502,74.364,0.0,0.0,0.0,7405.999,13184.841234616424,0.0,57907.42238134006,-13184.841234616424,28318.363736898493,16.24259999999986,16.24259999999986,16.24259999999986
4932,36,111884.054,13146.62695035,71015.75915124151,13146.62695035,1221.308,71015.75915124151,593.212,24948.76204137887,0.0,74.364,0.0,0.0,0.0,7405.999,6521.977142970367,0.0,64103.30066716191,-6521.977142970367,27721.667898408487,9.730499999999699,9.730499999999699,9.730499999999699
4933,37,115110.257,15056.366601491001,71365.8705633375,15056.366601491001,1221.308,71365.8705633375,0.0,24936.596236906327,0.0,74.364,0.0,0.0,0.0,5554.499250000001,3098.7476517348405,0.0,67047.11093631,-3098.7476517348405,28688.019835171493,3.2184000000000013,3.2184000000000013,3.2184000000000013
4934,38,118418.124,13987.413897232,70747.25685349351,13987.413897232,1221.308,70747.25685349351,593.212,24920.690366220766,7247.502,74.364,0.0,0.0,0.0,7405.999,7779.622116946276,0.0,74437.75194740896,-7779.622116946276,33683.45324927449,16.24259999999987,16.24259999999987,16.24259999999987
4935,39,120848.3843,16332.206900625999,68566.9766270425,16332.206900625999,1221.308,68566.9766270425,593.212,24908.692161544433,7269.0019999974975,74.364,0.0,0.0,0.0,7405.999,5523.37638921042,0.0,79684.95951715828,-5523.37638921042,35949.200772331504,16.242599999999868,16.242599999999868,16.242599999999868
4936,40,122525.267,18995.785956336,64275.9286006405,18995.785956336,1221.308,64275.9286006405,593.212,24896.011672984907,7269.001999999878,74.364,0.0,0.0,0.0,7405.998999999877,2206.3442299631374,0.0,81780.9865356291,-2206.3442299631374,39253.55244302351,16.24259999999984,16.24259999999984,16.24259999999984
4937,41,123060.1801,23627.398358325,57591.7831039905,23627.398358325,1221.308,57591.7831039905,593.212,24880.66751951232,11175.638831120208,74.364,0.0,0.0,0.0,7405.999,3510.190712948024,0.0,85115.66771292972,-3510.190712948024,41840.99863768449,16.242599999999847,16.242599999999847,16.242599999999847
4938,42,121379.0317,24161.747194288,41922.2551541775,24161.747194288,1221.308,41922.2551541775,593.212,24868.74536041427,21111.060991120186,74.364,20.339999999999883,0.0,0.0,7405.999,0.0,0.0,85115.66771292964,0.0,55295.02935153451,18.134760000000355,18.134760000000355,18.134760000000355
4939,43,117953.8704,19591.110793148,23278.026203317,19591.110793148,1221.308,23278.026203317,593.212,24856.045733250427,25028.690000000002,74.364,469.10800000000137,257.0,0.0,7405.999,0.0,15179.006670284514,69137.76595473543,15179.006670284514,75084.73340353499,35.458000001151916,35.458000001151916,35.458000001151916
4940,44,114296.4521,20474.129756885,1762.1082265769999,20474.129756885,1221.308,1762.1082265769999,593.212,24840.782956244166,25028.690000000002,74.364,701.2,257.0,0.0,7405.999,0.0,31937.658160293784,35519.17841758407,31937.658160293784,92060.214116538,35.458000000054255,35.458000000054255,35.458000000054255
4941,45,111415.4543,29926.559450194,0.0,29926.559450194,1221.308,0.0,593.212,24828.36739867675,25028.690000000002,74.364,701.2,257.0,0.0,7405.999,0.0,21378.754450964145,13015.226363937607,21378.754450964145,81488.894849806,35.45800000000004,35.45800000000004,35.45800000000004
4942,46,105349.0697,34998.704692127,0.0,34998.704692127,1221.308,0.0,593.212,24812.761061117188,25028.690000000002,74.364,469.1079999999998,257.0,0.0,7405.999,0.0,10487.922946590734,1975.307472789471,10487.922946590734,70350.36500787298,35.45800000075025,35.45800000075025,35.45800000075025
4943,47,96575.21103,38949.363151557,0.0,38949.363151557,1221.308,0.0,593.212,24800.744936809722,23509.879941633288,74.364,20.339999999999904,0.0,0.0,7405.999,0.0,0.0,1975.3074727894668,0.0,57625.847878443004,18.51347999999963,18.51347999999963,18.51347999999963
4944,48,89270.10322,40976.329290855996,0.0,40976.329290855996,1221.308,0.0,593.212,24787.76764625016,14211.123282891478,74.364,0.0,0.0,0.0,7405.999,0.0,0.0,1975.3074727872113,0.0,48293.77392914401,17.188680000000087,17.188680000000087,17.188680000000087
4945,49,84366.04684,37578.132603916,0.0,37578.132603916,1221.308,0.0,593.212,24772.72303457382,12720.30820151015,74.364,0.0,0.0,0.0,7405.999,0.0,0.0,1975.3074727872113,0.0,46787.914236084,17.188680000000286,17.188680000000286,17.188680000000286
4946,50,81357.00759,36285.077856722,0.0,36285.077856722,1221.308,0.0,593.212,24760.774386275767,11016.272347002196,74.364,0.0,0.0,0.0,7405.999,0.0,0.0,1975.3074727872113,0.0,45071.929733278,17.18868000000009,17.18868000000009,17.18868000000009
4947,51,79181.66961,35051.780308237,0.0,35051.780308237,1221.308,0.0,593.212,24747.84874691572,10087.15755484727,74.364,0.0,0.0,0.0,7405.999,0.0,0.0,1975.307472788376,0.0,44129.889301762996,17.18868000000007,17.18868000000007,17.18868000000007
4948,52,78715.98473,35095.358358321995,0.0,35095.358358321995,1221.308,0.0,593.212,24732.838471305655,9592.90490037233,74.364,0.0,0.0,0.0,7405.999,0.0,0.0,1975.307472788376,0.0,43620.626371678,17.188680000000094,17.188680000000094,17.188680000000094
4949,53,80210.90031,35989.735650311,0.0,35989.735650311,1221.308,0.0,593.212,24719.99773354561,10206.283926143371,74.364,0.0,0.0,0.0,7405.999,0.0,0.0,1975.307472788376,0.0,44221.164659689,17.188680000000076,17.188680000000076,17.188680000000076
4950,54,82893.99981,35578.008398888,3467.3488062350007,35578.008398888,1221.308,3467.3488062350007,593.212,24707.67209394756,9846.087510929401,74.364,0.0,0.0,0.0,7405.999,0.0,0.0,1975.307472788376,0.0,43848.64260487699,17.188679999999895,17.188679999999895,17.188679999999895
4951,55,87446.88118,26922.224809487,29460.580222660003,26922.224809487,1221.308,29460.580222660003,593.212,24692.86809928371,21.5,74.364,0.0,0.0,0.0,7405.9989999681575,2945.174951400726,0.0,4773.223676619089,-2945.174951400726,31064.076147852993,9.7305,9.7305,9.7305
4952,56,93077.25456,14741.707539312,47348.736842989994,14741.707539312,1221.308,47348.736842989994,593.212,24679.838341311653,0.0,74.364,0.0,0.0,0.0,7405.999,2987.9111636122507,0.0,7611.739282054246,-2987.9111636122507,30986.810177698004,9.7305,9.7305,9.7305
4953,57,98647.77389,11090.362807346999,60379.443746151,11090.362807346999,1221.308,60379.443746151,593.212,24667.805654751603,0.0,74.364,0.0,0.0,0.0,7405.999,6784.7213182496,0.0,14057.224534391906,-6784.7213182496,27177.96733650199,9.7305,9.7305,9.7305
4954,58,103926.7978,10737.099096728001,66528.308486122,10737.099096728001,1221.308,66528.308486122,593.212,24652.853650741064,0.0,74.364,0.0,0.0,0.0,7405.998999968147,7286.34643356117,0.0,20979.25364630611,-7286.34643356117,26661.39021715001,9.730500000000239,9.730500000000239,9.730500000000239
4955,59,108599.0392,9457.441952033,69611.93874701351,9457.441952033,1221.308,69611.93874701351,593.212,24639.956722115694,0.0,74.364,0.0,0.0,0.0,7405.999,4405.1812211621955,0.0,25164.175806410938,-4405.1812211621955,29529.65850095349,9.73049999999989,9.73049999999989,9.73049999999989
4956,60,112649.4017,8648.083854609,71065.67544214951,8648.083854609,1221.308,71065.67544214951,593.212,24627.828383979162,0.0,74.364,0.0,0.0,0.0,7405.999,987.0689807364884,0.0,26101.891338114117,-987.0689807364884,32935.642403241494,9.730499999999724,9.730499999999724,9.730499999999724
4957,61,116039.5802,12762.027846022002,71100.93170664049,12762.027846022002,1221.308,71100.93170664049,593.212,24612.082426419598,7247.502,74.364,0.0,0.0,0.0,7405.999,8977.846779082107,0.0,34630.84577824303,-8977.846779082107,32176.620647337506,16.24259999999984,16.24259999999984,16.24259999999984
4958,62,118859.8631,22395.993051911,72053.362312282,22395.993051911,1221.308,72053.36231226646,0.0,24599.774649409057,0.0,74.364,0.0,0.0,0.0,5554.499249999995,7039.4381635864775,0.0,41318.3120336809,-7039.4381635864775,24410.507735822554,0.0,0.0,0.0
4959,63,121265.4292,24514.808795785997,67745.26662554199,24514.808795785997,1221.308,67745.26662554199,593.212,24584.756014549006,28.499999999999996,74.364,0.0,0.0,0.0,7405.999,4902.7852358470545,0.0,45975.9580077664,-4902.7852358470545,29005.35377867201,12.948900000235223,12.948900000235223,12.948900000235223
4960,64,122997.078,23649.503341723004,63938.79986578399,23649.503341723004,1221.308,63938.79986578399,593.212,24571.844076176094,7269.002,74.364,0.0,0.0,0.0,7405.999,5726.954283683113,0.0,51416.56457726618,-5726.954283683113,35408.774792493,16.242599999999875,16.242599999999875,16.242599999999875
4961,65,122981.6198,16810.775393982003,56387.7769011355,16810.775393982003,1221.308,56387.7769011355,593.212,24559.861168416897,15928.32333646561,74.364,0.0,0.0,0.0,7405.999,0.0,0.0,51416.56457726618,0.0,49783.06750488251,17.851080000000287,17.851080000000287,17.851080000000287
4962,66,120941.3664,23986.144096351,40931.557456769995,23986.144096351,1221.308,40931.557456769995,593.212,24544.648093606356,22163.793753272654,74.364,20.339999999999883,0.0,0.0,7405.999,0.0,0.0,51416.56457726618,0.0,56023.66484687901,17.1886800000001,17.1886800000001,17.1886800000001
4963,67,117643.7152,26770.228854579003,22455.4856948725,26770.228854579003,1221.308,22455.4856948725,593.212,24531.836527780993,25028.690000000002,74.364,469.1079999999998,257.0,0.0,7405.999,0.0,8836.483122767455,42115.0033954057,8836.483122767455,68418.00065054849,35.458000001152165,35.458000001152165,35.458000001152165
4964,68,114197.742,30036.925193422,1205.7926014505001,30036.925193422,1221.308,1205.7926014505001,593.212,24519.899077644455,25028.690000000002,74.364,701.2,257.0,0.0,7405.999,0.0,23153.35212748302,17743.05378752884,23153.35212748302,82955.02420512748,35.45800000080486,35.45800000080486,35.45800000080486
4965,69,111377.1827,37255.894391804,0.0,37255.894391804,1221.308,0.0,593.212,24503.87686928489,25028.690000000002,74.364,469.10800000000177,257.0,0.0,7405.999,0.0,14567.730438911076,2408.60069393858,14567.730438911076,74121.288308196,35.45800000115356,35.45800000115356,35.45800000115356
4966,70,105525.3572,44961.873156484005,0.0,44961.873156484005,1221.308,0.0,593.212,24491.780384274352,24452.49,74.364,36.15999999999998,0.0,0.0,7405.999,0.0,2288.1706592416554,0.0,2288.1706592416554,60563.48404351599,30.763720000000035,30.763720000000035,30.763720000000035
4967,71,97558.73511,44397.12869011,0.0,44397.12869011,1221.308,0.0,593.212,24479.6935364143,19387.029883475683,74.364,0.0,0.0,0.0,7405.999,0.0,0.0,0.0,0.0,53161.60641988999,18.13476000000284,18.13476000000284,18.13476000000284
4968,72,90065.61707,48428.396041313004,0.0,48428.396041313004,1221.308,0.0,593.212,24463.94278267644,7878.395246008895,74.364,0.0,0.0,0.0,7405.999,0.0,0.0,0.0,0.0,41637.22102868699,16.242600000000103,16.242600000000103,16.242600000000103
4969,73,84971.26798,48253.234139235996,0.0,48253.234139235996,1221.308,0.0,593.212,24451.937234678397,4822.713356085576,74.364,0.0,0.0,0.0,5554.499250000003,0.0,0.0,0.0,0.0,36718.03384076401,16.242599999999857,16.242599999999857,16.242599999999857
4970,74,81229.17598,47095.865897717,0.0,47095.865897717,1221.308,0.0,593.212,24439.774629805852,4101.651952477126,74.364,0.0,0.0,0.0,3702.9995000000126,0.0,0.0,0.0,0.0,34133.310082283,16.242600000000106,16.242600000000106,16.242600000000106
4971,75,79127.69853,52880.026749104,0.0,52880.026749104,1221.308,0.0,0.0,24423.892048720292,0.0,74.364,0.0,0.0,0.0,1851.4997500000031,1323.3920178243002,0.0,1257.2224169330852,-1323.3920178243002,26247.671780895995,0.0,0.0,0.0
4972,76,78886.46084,55521.336159211,0.0,55521.336159211,1221.308,0.0,0.0,24411.61759324395,0.0,74.364,0.0,0.0,0.0,0.0,2342.1649124549513,0.0,3482.2790837652888,-2342.1649124549513,23365.124680789,0.0,0.0,0.0
4973,77,80289.50331,51242.32745728499,0.0,51242.32745728499,1221.308,0.0,593.212,24399.111193150184,28.499999999999996,74.364,0.0,0.0,0.0,1851.49975,0.0,879.1809095648,2556.8254947497103,879.1809095648,29047.17585271501,16.167300985004154,16.167300985004154,16.167300985004154
4974,78,82677.96919,51568.70953896901,2679.023400767,51568.70953896901,1221.308,2679.023400767,593.212,24383.790330673848,0.0,74.364,0.0,0.0,0.0,0.0,0.0,2157.561919590155,285.7076846548101,2157.561919590155,28430.236250263995,9.7305,9.7305,9.7305
4975,79,86746.52033,45425.843247287,28489.531609031,42896.04929762667,807.987,18596.6320516975,0.0,24371.487980675796,0.0,74.364,0.0,0.0,0.0,0.0,0.0,0.0,285.7076846548164,0.0,25253.83898067583,0.0,0.0,0.0
4976,80,92338.69115,38751.48954137701,46602.492860541,35941.24138315228,1189.694,30774.1940532935,0.0,24359.197713554226,0.0,74.364,0.0,0.0,0.0,0.0,0.0,0.0,285.7076846548164,0.0,25623.25571355422,0.0,0.0,0.0
4977,81,97956.10168,36037.271351990996,60111.1524006465,20071.336851843,1221.308,59479.438706696754,0.0,24228.084858743692,0.0,74.364,0.0,0.0,0.0,0.0,7118.4307372834155,0.0,7048.216885074061,-7118.4307372834155,18405.326121460246,0.0,0.0,0.0
4978,82,103136.0076,31822.022451376997,65852.0562687365,31822.022451376997,1221.308,65852.05626873649,0.0,24331.606361479837,0.0,74.364,0.0,0.0,0.0,0.0,20165.34948159333,0.0,26205.29889258772,-20165.34948159333,5461.928879886516,0.0,0.0,0.0
4979,83,107796.2604,35323.298841532,62796.2550936955,19388.43552132269,1221.308,62796.2550936955,0.0,24315.897784981786,0.0,74.364,0.0,0.0,0.0,0.0,0.0,0.0,26205.29889258772,0.0,25611.569784981803,0.0,0.0,0.0
4980,84,111139.1308,32831.220143535,70819.77834557899,32831.220143535,1221.308,70819.77834557899,0.0,24303.99907944773,0.0,74.364,0.0,0.0,0.0,0.0,18111.538768561764,0.0,43411.260722721396,-18111.538768561764,7488.132310886009,0.0,0.0,0.0
4981,85,113724.9537,35823.447440705,70891.8084129665,35823.447440705,1221.308,70891.8084129665,0.0,24290.96932875125,0.0,74.364,0.0,0.0,0.0,0.0,18576.943482423056,0.0,61059.3570310233,-18576.943482423056,7009.697846328505,0.0,0.0,0.0
4982,86,115559.1822,35553.477809011,71451.5141535765,35553.477809011,1221.308,71451.5141535765,0.0,24275.622060951628,0.0,74.364,0.0,0.0,0.0,0.0,17017.10382353922,0.0,77225.60566338556,-17017.10382353922,8554.190237412506,0.0,0.0,0.0
4983,87,117009.5938,36098.730194425,68046.929437132,36098.730194425,1221.308,68046.929437132,0.0,24263.873906441087,0.0,74.364,0.0,0.0,0.0,0.0,12695.611737998188,0.0,89286.43681448384,-12695.611737998188,12863.934168442996,0.0,0.0,0.0
4984,88,117906.1547,41707.452959177,63645.4844955445,41707.452959177,1221.308,63645.4844955445,0.0,24251.02401821572,0.0,74.364,0.0,0.0,0.0,0.0,12993.478772937335,0.0,101630.2416487743,-12993.478772937335,12553.217245278502,0.0,0.0,0.0
4985,89,117783.3508,41070.187900213,57361.140560018,41070.187900213,1221.308,57361.140560018,0.0,24235.76390300518,0.0,74.364,0.0,0.0,0.0,0.0,6179.413563237831,0.0,107500.68453385025,-6179.413563237831,19352.022339769,0.0,0.0,0.0
4986,90,115704.2746,43283.11709050801,42481.9509044525,43283.117090508,1221.308,42481.9509044525,0.0,24223.228593857624,0.0,74.364,0.0,0.0,0.0,0.0,0.0,4420.306011181867,102847.73083786934,4420.306011181867,29939.206605039515,0.0,0.0,0.0
4987,91,112732.1992,48030.029248322004,24365.193860502,48030.029248322004,1221.308,24365.193860502,593.212,24210.873776447082,28.499999999999996,74.364,0.0,0.0,0.0,1851.499749999999,0.0,12357.21856472893,89840.13234868099,12357.21856472893,40336.976091175995,12.948900000000444,12.948900000000444,12.948900000000444
4988,92,109813.3532,50124.790194312,1305.3381382779999,50124.790194312,1221.308,1305.3381382779999,593.212,24195.652414509226,50.0,74.364,0.0,0.0,0.0,3702.999499999987,0.0,28545.688952900775,59792.03871404859,28545.688952900775,58383.22486741,16.24259999999987,16.24259999999987,16.24259999999987
4989,93,107270.1486,59856.444750696,0.0,59856.444750696,1221.308,0.0,593.212,24183.251315811172,28.499999999999996,74.364,0.0,0.0,0.0,1851.4997499999727,0.0,19461.568783492854,39306.17683668769,19461.568783492854,47413.703849304,16.24260000000016,16.24260000000016,16.24260000000016
4990,94,102891.2276,58717.053146492995,0.0,58717.053146492995,1221.308,0.0,0.0,24170.809345813126,0.0,74.364,0.0,0.0,0.0,0.0,0.0,18707.69310769388,19613.86830227308,18707.69310769388,44174.174453507,3.218399999999839,3.218399999999839,3.218399999999839
4991,95,95780.96924,57388.386802313,0.0,57388.386802313,1221.308,0.0,593.212,24155.700211102583,28.499999999999996,74.364,0.0,0.0,0.0,1851.49975,0.0,10467.998476584413,8594.922537447383,10467.998476584413,38392.58243768701,16.242600000000024,16.242600000000024,16.242600000000024
4992,96,89070.5676,55466.804056336994,0.0,55466.804056336994,1221.308,0.0,0.0,24142.91513308102,0.0,74.364,0.0,0.0,0.0,0.0,0.0,8165.176410581979,0.0,8165.176410581979,33603.763543663,3.218399999999953,3.218399999999953,3.218399999999953
4993,1,84182.75408,56323.869647030995,0.0,56323.869647030995,1221.308,0.0,593.212,24130.951193744488,0.0,74.364,0.0,0.0,0.0,1851.4997500000072,12.450510775479465,0.0,11.827985236705493,-12.450510775479465,27858.884432969004,9.7305,9.7305,9.7305
4994,2,80389.17524,56682.3894039,0.0,56682.3894039,1221.308,0.0,0.0,24115.007858119116,0.0,74.364,0.0,0.0,0.0,7.275957614183426e-12,1703.8940220191212,0.0,1630.5273061548705,-1703.8940220191212,23706.785836099996,0.0,0.0,0.0
4995,3,78256.01222,56615.301908259,0.0,56615.301908259,1221.308,0.0,0.0,24102.976331908576,0.0,74.364,0.0,0.0,0.0,1851.499750000009,5609.437770167581,0.0,6959.493187814072,-5609.437770167581,21640.710311741,0.0,0.0,0.0
4996,4,77073.73915,53102.072655117,0.0,53102.072655117,1221.308,0.0,581.9731962248651,24090.83970524853,0.0,74.364,0.0,0.0,0.0,3702.9995000000263,5699.817906590457,0.0,12374.320199075006,-5699.817906590457,23971.666494882993,0.0,0.0,0.0
4997,5,76784.48198,52461.287045535,0.0,52461.287045535,1221.308,0.0,593.2081565039978,24075.045758676475,0.0,74.364,0.0,0.0,0.0,5554.499250000028,7195.230230715539,0.0,19209.788918254766,-7195.230230715539,24323.194934465,0.0,0.0,0.0
4998,6,77160.4729,52693.523648802,4894.023008497001,52693.523648802,1221.308,4894.023008497001,593.2081565039832,24062.707728778423,0.0,74.364,0.0,0.0,0.0,7405.926927042658,13784.588569624115,0.0,32305.148059397674,-13784.588569624115,19572.92624270099,0.0,0.0,0.0
4999,7,79189.33538,44046.16590366801,28958.435320267505,44046.16590366801,1221.308,28958.435320267505,593.2081565039978,24047.800082580372,0.0,74.364,0.0,0.0,0.0,6426.9372882858115,26178.88337130571,0.0,57175.0872621381,-26178.88337130571,6184.734156064493,0.0,0.0,0.0
5000,8,83951.01571,31273.867355739,46843.291160472494,31273.867355739,1221.308,46843.291160472494,593.2081565039833,24034.944158942515,0.0,74.364,0.0,0.0,0.0,7405.926927042658,27495.89404870067,0.0,83296.18660840373,-27495.89404870067,5833.8571937885135,0.0,0.0,0.0
5001,9,89294.61162,25190.863190403998,60050.87715256999,25190.863190403998,1221.308,60050.87715256999,593.2081565040123,24022.782918144465,0.0,74.364,0.0,0.0,0.0,5554.499250000005,27413.291047622508,0.0,109338.81310364511,-27413.291047622508,4052.87127702601,0.0,0.0,0.0
5002,10,94396.14192,18893.137143662,65257.0065373595,18893.137143662,1221.308,65257.0065373595,593.2081565040123,24007.087122584417,0.0,74.364,0.0,0.0,0.0,3702.9995000000035,19352.968540109927,0.0,127724.13321674954,-19352.968540109927,10245.9982389785,0.0,0.0,0.0
5003,11,98571.30373,14035.309451311,67425.369922432,14035.309451311,1221.308,67425.369922432,593.2081565039978,23995.034526912357,0.0,74.364,0.0,0.0,0.0,1851.4997500000018,10624.790077159369,0.0,137817.68379005094,-10624.790077159369,17110.624356257,0.0,0.0,0.0
5004,12,102048.18,11126.835552980001,68775.70514462198,11126.835552980001,1221.308,68775.70514462198,593.2081565039978,23982.618969510026,0.0,74.364,0.0,0.0,0.0,0.0,3725.8598236160383,0.0,141357.25062248617,-3725.8598236160383,22145.639302398005,0.0,0.0,0.0
5005,13,104960.2365,15503.277240414,68565.79962439499,15503.277240414,1221.308,68565.79962439499,581.9731962248796,23967.130451550456,0.0,74.364,0.0,0.0,0.0,0.0,4953.616012584333,0.0,146063.18583444128,-4953.616012584333,20891.159635191012,0.0,0.0,0.0
5006,14,107857.3481,18341.073155809,67427.5755897995,18341.073155809,1221.308,67427.5755897995,245.08716622644198,23955.115627577914,0.0,74.364,0.0,0.0,0.0,1851.4997500000018,5258.675189412847,0.0,151058.92726438347,-5258.675189412847,22088.6993543915,0.0,0.0,0.0
5007,15,110271.218,20822.769444073998,65066.6966722145,20822.769444073998,1221.308,65066.6966722145,0.0,23942.734406241867,0.0,74.364,0.0,0.0,0.0,3702.9995000000035,4559.654022530378,0.0,155390.59858578732,-4559.654022530378,24381.75188371149,0.0,0.0,0.0
5008,16,111612.8664,23610.67439746,60679.6949545665,23610.67439746,1221.308,60679.6949545665,593.212,23927.014859881816,28.5,74.364,0.0,0.0,0.0,3702.999500000001,2224.901311908328,0.0,157504.25483210024,-2224.901311908328,27322.497047973506,15.870399999938531,15.870399999938531,15.870399999938531
5009,17,111825.2866,31489.513851377997,51583.159535128,31489.513851377997,1221.308,51583.159535128,593.2118352469145,23914.830322209753,21.499982773910485,74.364,0.0,0.0,0.0,5554.499250000001,2627.1001767365947,0.0,160000.0,-2627.1001767365947,28752.613213494013,6.809000000008382,6.809000000008382,6.809000000008382
5010,18,110509.6921,39017.296553182,36223.043456941996,39017.296553182,1221.308,36223.043456941996,593.212,23902.03662624591,49.99998277391048,74.364,0.0,0.0,0.0,7405.998999999971,0.0,2022.4324808561703,157871.12370436193,2022.4324808561703,35269.35208987601,16.2426,16.2426,16.2426
5011,19,108042.2442,41561.07315706601,20073.110515049,41561.07315706601,1221.308,20073.110515049,593.212,23887.04448058586,7269.002,74.364,0.0,0.0,0.0,7405.999,0.0,5957.131047299143,151600.45944404704,5957.131047299143,46408.060527885,17.188680000000115,17.188680000000115,17.188680000000115
5012,20,105232.8683,44682.06849229799,1089.1580947355,44682.06849229799,1221.308,1089.1580947355,593.212,23874.65119357531,7269.002,74.364,0.0,0.0,0.0,7405.999,0.0,19023.105519391174,131576.1378446879,19023.105519391174,59461.641712966506,17.18868,17.18868,17.18868
5013,21,102947.4451,49506.370502494,0.0,49506.370502494,1221.308,0.0,593.212,23861.966857449952,7269.002,74.364,0.0,0.0,0.0,7405.999,0.0,13015.222740056077,117875.90338147098,13015.222740056077,53441.074597506,17.18868,17.18868,17.18868
5014,22,98981.39031,47274.927549078,0.0,47274.927549078,1221.308,0.0,593.212,23847.171142639414,7269.002,74.364,0.0,0.0,0.0,7405.999,0.0,11295.40661828264,105986.00167801557,11295.40661828264,51706.462760922004,17.18868,17.18868,17.18868
5015,23,92616.85021,45206.74934855501,0.0,45206.74934855501,1221.308,0.0,593.212,23834.70588304136,7269.002,74.364,0.0,0.0,0.0,7405.999,0.0,7011.509978403635,98605.46485864332,7011.509978403635,47410.100861445,17.18868,17.18868,17.18868
5016,24,86673.32523,38832.590207885994,0.0,38832.590207885994,1221.308,0.0,593.212,23821.92589394331,7269.002,74.364,0.0,0.0,0.0,7405.999,0.0,7454.924128170675,90758.17630267418,7454.924128170675,47840.73502211401,17.18868,17.18868,17.18868
5017,25,81985.12824,42104.39725506001,0.0,42104.39725506001,1221.308,0.0,593.212,23806.70453060925,4024.665925346853,74.364,0.0,0.0,0.0,7405.999,0.0,2754.477528983872,87858.72627216484,2754.477528983872,39880.73098494,16.2426,16.2426,16.2426
5018,26,78619.69686,44449.936489349995,0.0,44449.936489349995,1221.308,0.0,593.212,23794.068850311207,50.0,74.364,0.0,0.0,0.0,7405.999,0.0,1030.8085203388032,86773.6646718082,1030.8085203388032,34169.76037065,16.2426,16.2426,16.2426
5019,27,76494.20455,41460.85569124,0.0,41460.85569124,1221.308,0.0,593.212,23778.800455247354,50.0,74.364,0.0,0.0,0.0,7405.999,0.0,1909.6654035126548,84763.49056284751,1909.6654035126548,35033.34885875999,16.2426,16.2426,16.2426
5020,28,75186.11029,38659.234908588995,0.0,38659.234908588995,1221.308,0.0,593.212,23766.695399436812,50.0,74.364,0.0,0.0,0.0,7405.999,0.0,3415.2969819741934,81168.44110813783,3415.2969819741934,36526.875381411,16.2426,16.2426,16.2426
5021,29,74627.89117,39588.352507342,0.0,39588.352507342,1221.308,0.0,593.212,23754.08459151525,50.0,74.364,0.0,0.0,0.0,7405.999,0.0,1940.5710711427282,79125.73471746128,1940.5710711427282,35039.538662658,16.2426,16.2426,16.2426
5022,30,74374.55393,34594.038548585995,2328.0851992589996,34594.038548585995,1221.308,2328.0851992589996,593.212,23738.994763317194,6270.052168837785,74.364,0.0,0.0,0.0,5554.499250000001,0.0,0.0,79125.73471746128,0.0,37452.430182155,16.2426,16.2426,16.2426
5023,31,76262.73469,27255.515690481006,24532.450804968004,27255.515690481006,1221.308,24532.450804968004,169.95,23726.059974219148,0.0,74.364,0.0,0.0,0.0,3702.999500000001,4419.913279668146,0.0,83324.65233314602,-4419.913279668146,24474.768194550987,6.048,6.048,6.048
5024,32,81058.83102,20671.303901476997,41147.708050580004,20671.303901476997,1221.308,41147.708050580004,163.99799999999996,23714.03386774709,0.0,74.364,0.0,0.0,0.0,5554.46899189203,11488.353791696114,0.0,94238.58843525733,-11488.353791696114,19239.819067942997,5.322999999999979,5.322999999999979,5.322999999999979
5025,33,86427.77224,12765.974848917,54431.837164908,12765.974848917,1221.308,54431.837164908,0.0,23698.73675607075,0.0,74.364,0.0,0.0,0.0,7405.954804754327,13170.403334650084,0.0,106750.47160317491,-13170.403334650084,19229.960226175004,0.0,0.0,0.0
5026,34,91769.71875,8339.641656108999,61234.3669488985,8339.641656108999,1221.308,61234.3669488985,593.212,23686.150343585196,0.0,74.364,0.0,0.0,0.0,7405.998999999985,10785.323198592687,0.0,116996.52864183797,-10785.323198592687,22195.710144992496,10.646000000000022,10.646000000000022,10.646000000000022
5027,35,96670.92142,9582.241811511,65240.383653481505,9582.241811511,1221.308,65240.383653481505,593.2112890222224,23674.01102831265,0.0,74.364,0.0,0.0,0.0,7405.973135063251,11120.571497390607,0.0,127561.07156435905,-11120.571497390607,21848.29595500749,5.323,5.323,5.323
5028,36,100757.0099,12683.183710084002,66466.1938554785,12683.183710084002,1221.308,66466.1938554785,251.0393601025638,23658.931071414598,0.0,74.364,0.0,0.0,0.0,7405.999,11004.00909707969,0.0,138014.88020658476,-11004.00909707969,21607.632334437498,0.9155857849848632,0.9155857849848632,0.9155857849848632
5029,37,104297.0001,14775.299509275,66851.70409259449,14775.299509275,1221.308,66851.70409259449,593.2119999999999,23645.840566176743,0.0,74.364,0.0,0.0,0.0,7405.9337080706055,10270.661776116864,0.0,147772.00889389578,-10270.661776116864,22669.99649813051,9.730414215015138,9.730414215015138,9.730414215015138
5030,38,107512.9584,16013.407997439,66028.33140672851,16013.407997439,1221.308,66028.33140672851,593.2117070040706,23634.205337778694,28.500000000000032,74.364,0.0,0.0,0.0,7405.986803430549,7486.356852380882,0.0,154884.04790365763,-7486.356852380882,25471.21899583249,6.436799999999998,6.436799999999998,6.436799999999998
5031,39,109953.4109,20429.712846912997,63077.80183538701,20429.712846912997,1221.3076682923606,63077.80183538701,256.32212654636567,23618.209540618645,21.49999999999997,74.364,0.0,0.0,0.0,5554.499250000001,4300.306367757365,0.0,158969.33895302712,-4300.306367757365,26445.8962177,0.0,0.0,0.0
5032,40,111639.5165,23136.768591486998,56636.919210939,23136.768591486998,1221.308,56636.919210939,593.212,23605.852062808583,50.0,74.364,0.0,0.0,0.0,7405.999,1084.9063652346063,0.0,160000.0,-1084.9063652346063,31865.828697574005,16.2426,16.2426,16.2426
5033,41,112164.8335,27184.744350947,47907.2643411055,27184.744350947,1221.308,47907.2643411055,593.212,23593.962516410054,4183.979291537444,74.364,0.0,0.0,0.0,7405.999,0.0,0.0,160000.0,0.0,37072.82480794749,16.2426,16.2426,16.2426
5034,42,110916.9292,33754.704544503,33699.553976933,33754.704544503,1221.308,33699.553976933,593.212,23578.205857250483,10589.581821313503,74.364,0.0,0.0,0.0,7405.999,0.0,0.0,160000.0,0.0,43462.670678564005,17.18868,17.18868,17.18868
5035,43,109196.4706,39822.860051539,17131.9904977545,39822.860051539,1221.308,17131.9904977545,593.212,23565.767002974146,14329.467839999965,74.364,0.0,0.0,0.0,7405.999,0.0,5051.502207732385,154682.62925501855,5051.502207732385,52241.6200507065,17.18868,17.18868,17.18868
5036,44,106659.1238,47415.726897085995,1028.1931559270001,47415.726897085995,1221.308,1028.1931559270001,593.212,23550.960097276096,23688.690000000002,74.364,0.0,0.0,0.0,7405.999,0.0,1680.670649710881,152913.50225532288,1680.670649710881,58215.203746987005,23.89556000000001,23.89556000000001,23.89556000000001
5037,45,104832.5506,21660.717506115998,0.0,21660.717506115998,1221.308,0.0,593.212,23538.145841442038,24452.49,74.364,448.768,257.0,0.0,7405.999,0.0,25180.546252441967,126407.66409485765,25180.546252441967,83171.83309388401,35.458,35.458,35.458
5038,46,100261.6247,49669.964307263996,0.0,49669.964307263996,1221.308,0.0,593.212,23525.820201843988,14329.467839999948,74.364,0.0,0.0,0.0,7405.999,0.0,3441.4893508920836,122785.04372549757,3441.4893508920836,50591.660392736005,17.18868,17.18868,17.18868
5039,47,93033.89747,48756.970002723,0.0,48756.970002723,1221.308,0.0,593.212,23510.01255568014,11472.031911596838,74.364,0.0,0.0,0.0,7405.999,0.0,0.0,122785.04372549757,0.0,44276.927467277,13.05902,13.05902,13.05902
5040,48,86462.63661,27005.225953035002,0.0,27005.225953035002,1221.308,0.0,593.212,23498.157338073877,23433.94857,74.364,36.16000000000001,257.0,0.0,7405.999,0.0,2937.2617488911173,119693.1892529806,2937.2617488911173,59457.410656965,30.76372,30.76372,30.76372
5041,49,82086.03198,44594.623307553,0.0,44594.623307553,1221.308,0.0,593.212,23485.718491071544,6091.92431161102,74.364,0.0,0.0,0.0,7405.999,1381.1171302356036,0.0,121005.25052670443,-1381.1171302356036,37491.408672446996,9.7305,9.7305,9.7305
5042,50,78957.94408,44165.70050916199,0.0,44165.70050916199,1221.308,0.0,593.212,23469.83590271198,2027.5246681259996,74.364,0.0,0.0,0.0,7405.999,0.0,0.0,121005.25052670443,0.0,34792.243570838014,16.2426,16.2426,16.2426
5043,51,77251.15293,40796.260594324005,0.0,40796.260594324005,1221.308,0.0,593.212,23458.238438739438,3701.770896936543,74.364,0.0,0.0,0.0,7405.999,0.0,0.0,121005.25052670443,0.0,36454.89233567599,16.2426,16.2426,16.2426
5044,52,77373.96048,40317.573311287,0.0,40317.573311287,1221.308,0.0,593.212,23445.93608874139,4315.568079971587,74.364,0.0,0.0,0.0,7405.999,0.0,0.0,121005.25052670443,0.0,37056.387168712994,16.2426,16.2426,16.2426
5045,53,79364.81122,46594.233058667,0.0,46594.233058667,1221.308,0.0,593.212,23429.917003377537,49.999999999970896,74.364,0.0,0.0,0.0,7405.999,4.221842044548616,0.0,121009.26127664675,-4.221842044548616,32770.578161333004,11.69804,11.69804,11.69804
5046,54,82943.27942,40021.52685142701,2358.4371515075,40021.52685142701,1221.308,2358.4371515075,593.212,23418.12547850548,7850.30693856,74.364,0.0,0.0,0.0,7405.999,0.0,0.0,121009.26127664675,0.0,40563.3154170655,17.18868,17.18868,17.18868
5047,55,87290.45254,33908.479850870004,22552.048306073502,33908.479850870004,1221.308,22552.048306073502,593.212,23405.275588883913,49.999901611475906,74.364,0.0,0.0,0.0,7405.999,1920.2341074389062,0.0,122833.48367871372,-1920.2341074389062,30829.924383056492,9.730499999966472,9.730499999966472,9.730499999966472
5048,56,93134.2686,20112.673241223998,39845.997870151004,20112.673241223998,1221.308,39845.997870151004,593.212,23389.91332000938,490.80116861557053,74.364,0.0,0.0,0.0,7405.999,0.0,0.0,122833.48367871372,0.0,33175.597488625,16.2426,16.2426,16.2426
5049,57,99226.60141,17431.044107498,53597.8653628295,17431.044107498,1221.308,53597.8653628295,593.2100603343189,23377.82646487533,21.499915385516474,74.364,0.0,0.0,0.0,7405.999,4496.515500922686,0.0,127105.17340459027,-4496.515500922686,28197.6919396725,3.218399999999999,3.218399999999999,3.218399999999999
5050,58,104883.5032,23034.905939319997,55926.477537618994,23034.905939319997,1221.308,55926.477537618994,593.212,23365.093516177272,28.499943918300648,74.364,0.0,0.0,0.0,7405.999,6766.356737034573,0.0,133533.2123047731,-6766.356737034573,25922.119723061012,9.7305,9.7305,9.7305
5051,59,110073.8649,20707.406105834998,62238.571299128496,20707.406105834998,1221.308,62238.571299128496,593.212,23350.046880813425,0.0,74.364,0.0,0.0,0.0,7405.998999999985,5517.042385776913,0.0,138774.40257126116,-5517.042385776913,27127.8874950365,9.7305,9.7305,9.7305
5052,60,114412.7031,22013.641898830003,62855.413765548,22013.641898830003,1221.308,62855.413765548,593.212,23337.29337364137,28.499943918307537,74.364,0.0,0.0,0.0,7405.999,3117.028881937672,0.0,141735.58000910195,-3117.028881937672,29543.647435622,9.7305,9.7305,9.7305
5053,61,117895.0891,24257.546996951005,62264.9787008925,24257.546996951005,1221.308,62264.9787008925,593.212,23325.18003658132,28.49999999998548,74.364,0.0,0.0,0.0,7405.999,1275.9996344248482,0.0,142947.77966180554,-1275.9996344248482,31372.5634021565,9.7305,9.7305,9.7305
5054,62,120738.0784,28552.792456512,61018.100553675504,28552.792456512,1221.308,61018.100553675504,593.212,23309.882924904978,0.0,74.364,0.0,0.0,0.0,7405.999,1437.5805350924893,0.0,144313.4811701434,-1437.5805350924893,31167.18538981249,9.7305,9.7305,9.7305
5055,63,122788.788,31041.031109691,56283.360853046,31041.031109691,1221.308,56283.360853046,593.212,23297.04674354541,2872.4662937175794,74.364,0.0,0.0,0.0,7405.999,0.0,0.0,144313.4811701434,0.0,35464.396037263,11.698039999999992,11.698039999999992,11.698039999999992
5056,64,123769.4943,34886.557803198,50395.45641074751,34886.557803198,1221.308,50395.45641074751,593.212,23282.25189934688,5910.345186707598,74.364,0.0,0.0,0.0,7405.999,0.0,0.0,144313.4811701434,0.0,38487.4800860545,16.2426,16.2426,16.2426
5057,65,123275.4286,41376.876239657,39862.5201634965,41376.876239657,1221.308,39862.5201634965,593.212,23269.85549073682,7269.001999999971,74.364,0.0,0.0,0.0,7405.999,0.0,2202.291706109685,141995.27937423848,2202.291706109685,42036.03219684649,16.2426,16.2426,16.2426
5058,66,121223.551,37573.137853119995,27601.865000119,37573.137853119995,1221.308,27601.865000119,593.212,23256.892682276768,16628.224159603455,74.364,0.0,0.0,0.0,7405.999,0.0,6868.548304880787,134765.22852699555,6868.548304880787,56048.54814676102,18.13475999999999,18.13475999999999,18.13475999999999
5059,67,118174.2203,44228.703390307004,13626.183448355,44228.703390307004,1221.308,13626.183448355,593.212,23242.10239447872,22338.530430000003,74.364,0.0,0.0,0.0,7405.999,0.0,5443.817636859303,129034.89417240681,5443.817636859303,60319.33346133799,17.58628000000001,17.58628000000001,17.58628000000001
5060,68,115248.2699,38893.724194861,869.2300482615001,38893.724194861,1221.308,869.2300482615001,593.212,23229.261650840865,24452.49,74.364,36.160000000000004,257.0,0.0,7405.999,0.0,18215.52100603664,109860.6615344735,18215.52100603664,75485.3156568775,33.44188,33.44188,33.44188
5061,69,112502.9293,45433.697148921,0.0,45433.697148921,1221.308,0.0,593.212,23216.93601124281,25028.690000000002,74.364,56.5,257.0,0.0,7405.999,0.0,9215.223139836231,100160.42665043537,9215.223139836231,67069.232151079,33.44188,33.44188,33.44188
5062,70,106778.7846,44218.153909774,0.0,44218.153909774,1221.308,0.0,593.212,23201.938438570272,24452.49,74.364,36.160000000000004,257.0,0.0,7405.999,0.0,5318.159251655738,94562.36428027143,5318.159251655738,62560.630690226,33.44188,33.44188,33.44188
5063,71,98088.31129,47725.02929071,0.0,47725.02929071,1221.308,0.0,593.212,23189.210916884713,14329.467839999963,74.364,0.0,0.0,0.0,7405.999,0.0,3549.720242405313,90825.81665668689,3549.720242405313,50363.28199929,17.18868,17.18868,17.18868
5064,72,90311.04203,48825.878359291,0.0,48825.878359291,1221.308,0.0,593.212,23176.91317180837,7269.002,74.364,0.0,0.0,0.0,7405.999,0.0,1744.3654989006236,88989.6424473178,1744.3654989006236,41485.163670709,17.18868,17.18868,17.18868
5065,73,85121.07243,43494.59584544,0.0,43494.59584544,1221.308,0.0,593.212,23161.949942476127,7269.002,74.364,0.0,0.0,0.0,7405.999,0.0,1900.6416420838777,86988.96703459794,1900.6416420838777,41626.47658456,17.18868,17.18868,17.18868
5066,74,81726.68228,41097.839792793995,0.0,41097.839792793995,1221.308,0.0,593.212,23148.963377338267,7269.002,74.364,0.0,0.0,0.0,7405.999,0.0,915.9941098677414,86024.76270842137,915.9941098677414,40628.842487206,17.18868,17.18868,17.18868
5067,75,79647.81422,37120.117290652,0.0,37120.117290652,1221.308,0.0,593.212,23136.887499340217,7269.002,74.364,0.0,0.0,0.0,7405.999,0.0,2826.9244300077926,83049.05278209738,2826.9244300077926,42527.696929348,17.18868,17.18868,17.18868
5068,76,79174.75397,36363.910589470004,0.0,36363.910589470004,1221.308,0.0,593.212,23121.309062180164,7269.002,74.364,0.0,0.0,0.0,7405.999,0.0,3125.649318349837,79758.89560488703,3125.649318349837,42810.84338053,17.18868,17.18868,17.18868
5069,77,80756.52988,44020.972644960995,0.0,44020.972644960995,1221.308,0.0,593.212,23109.03856530811,4331.635669730848,74.364,0.0,0.0,0.0,7405.999,0.0,0.0,79758.89560488703,0.0,36735.55723503901,16.2426,16.2426,16.2426
5070,78,83977.22284,45587.81865924301,1901.6186433310002,45587.81865924301,1221.308,1901.6186433310002,593.212,23096.925229644257,4095.977307781717,74.364,0.0,0.0,0.0,7405.999,0.0,0.0,79758.89560488703,0.0,36487.785537425996,16.2426,16.2426,16.2426
5071,79,88356.18805,39036.202047674,19433.500158071998,39036.202047674,1221.308,19433.500158071998,593.2100659573409,23081.243142346208,49.99957596849309,74.364,0.0,0.0,0.0,7405.999,2539.6379400180685,0.0,82171.55164790418,-2539.6379400180685,29886.485844254,3.218399999999999,3.218399999999999,3.218399999999999
5072,80,94213.07473,29163.634406940004,35253.1656025915,29163.634406940004,1221.308,35253.1656025915,593.2100659573555,23069.02114561215,49.99957596849309,74.364,0.0,0.0,0.0,7405.999,2617.6270670695017,0.0,84658.2973616202,-2617.6270670695017,29796.274720468486,3.218399999999999,3.218399999999999,3.218399999999999
5073,81,99795.71642,18795.402508553998,47046.01916200249,18795.402508553998,1221.308,47046.01916200249,593.212,23056.988206237616,1602.4235432058804,74.364,0.0,0.0,0.0,7405.999,0.0,0.0,84658.2973616202,0.0,33954.2947494435,16.2426,16.2426,16.2426
5074,82,105019.2293,11773.541991072001,54607.758952993005,11773.541991072001,1221.308,54607.758952993005,593.212,23041.021579616052,6302.023776318943,74.364,0.0,0.0,0.0,7405.999,0.0,0.0,84658.2973616202,0.0,38637.92835593499,16.2426,16.2426,16.2426
5075,83,110208.0105,10231.535006482,58973.304754696,10231.535006482,1221.308,58973.304754696,593.212,23028.943013005515,7269.002,74.364,0.0,0.0,0.0,7405.999,0.0,1410.342725816513,83173.72607128703,1410.342725816513,41003.17073882201,17.18868,17.18868,17.18868
5076,84,114299.1497,8053.919396048001,61442.636245785005,8053.919396048001,1221.308,61442.636245785005,593.212,23013.187826980145,7269.002,74.364,0.0,0.0,0.0,7405.999,0.0,5225.521231186827,77673.17740687984,5225.521231186827,44802.594058166986,17.18868,17.18868,17.18868
5077,85,117745.4801,9278.490242055,61077.6891895665,9278.490242055,1221.308,61077.6891895665,593.212,23001.059481569602,7269.002,74.364,0.0,0.0,0.0,7405.999,0.0,7824.356186808887,69437.01299971259,7824.356186808887,47389.30066837849,17.18868,17.18868,17.18868
5078,86,120308.5493,11263.643898464,59411.017558488,11263.643898464,1221.308,59411.017558488,593.212,22988.972633709553,9409.52404479605,74.364,0.0,0.0,0.0,7405.999,0.0,7940.508164542372,61078.58335282589,7940.508164542372,49633.887843048,17.18868,17.18868,17.18868
5079,87,122649.9231,13855.111095158001,56164.6320119735,13855.111095158001,1221.308,56164.6320119735,593.212,22973.037585211507,17418.586634796025,74.364,0.0,0.0,0.0,7405.999,0.0,2943.672772860974,57979.98043402487,2943.672772860974,52630.17999286849,17.18868,17.18868,17.18868
5080,88,124216.8781,23986.000946010998,51047.9114594485,23986.000946010998,1221.308,51047.9114594485,593.212,22961.073929547656,16927.008764992835,74.364,0.0,0.0,0.0,7405.999,0.0,0.0,57979.98043402487,0.0,49182.9656945405,17.18868,17.18868,17.18868
5081,89,123994.4748,25238.495211298,44733.86299166,25238.495211298,1221.308,44733.86299166,593.212,22949.09930303711,21778.13429400487,74.364,0.0,0.0,0.0,7405.999,0.0,0.0,57979.98043402487,0.0,54022.116597042004,17.18868,17.18868,17.18868
5082,90,121922.564,32140.559640718002,29961.159556712002,32140.559640718002,1221.308,29961.159556712002,593.212,22933.077094677545,24452.489999999998,74.364,36.160000000000004,257.0,0.0,7405.999,0.0,2847.2347078924686,54982.89126782227,2847.2347078924686,59820.84480257,31.425759999999997,31.425759999999997,31.425759999999997
5083,91,118909.0866,36595.560702924005,13863.388383761501,36595.560702924005,1221.308,13863.388383761501,593.212,22920.972038867007,25028.690000000002,74.364,469.10799999995754,257.0,0.0,7405.999,0.0,10479.484474447518,43951.85497893015,10479.484474447518,68450.13751331449,35.458,35.458,35.458
5084,92,115758.0949,40618.733794518004,841.7240021709999,40618.733794518004,1221.308,841.7240021709999,593.212,22908.37511044544,25028.690000000002,74.364,56.5,257.0,0.0,7405.999,0.0,16752.188992865573,26317.97182854534,16752.188992865573,74297.63710331099,33.44188,33.44188,33.44188
5085,93,112959.2417,41971.89675781501,0.0,41971.89675781501,1221.308,0.0,593.212,22893.115002508905,25028.690000000002,74.364,56.5,257.0,0.0,7405.999,0.0,13457.156939676132,12152.543470991517,13457.156939676132,70987.34494218498,33.44188,33.44188,33.44188
5086,94,106822.5473,39537.589494868,0.0,39537.589494868,1221.308,0.0,593.212,22880.751897971048,25028.690000000002,74.364,469.10799999999995,257.0,0.0,7405.999,0.0,9354.524907160965,2305.6751476641866,9354.524907160965,67284.957805132,35.458,35.458,35.458
5087,95,98398.21111,39299.014809246,0.0,39299.014809246,1221.308,0.0,593.212,22868.271910473002,24452.49,74.364,36.160000000000004,257.0,0.0,7405.999,0.0,2190.3913902809772,0.0,2190.3913902809772,59099.196300754,31.425759999999997,31.425759999999997,31.425759999999997
5088,96,90674.01315,42547.841255536005,0.0,42547.841255536005,1221.308,0.0,593.212,22853.107454112946,15978.18144035104,74.364,0.0,0.0,0.0,7405.999,0.0,0.0,0.0,0.0,48126.171894463994,17.18868,17.18868,17.18868
5089,1,85134.68026,39803.36769166,0.0,39803.36769166,1221.308,0.0,593.212,22840.21880534089,13196.210762999097,74.364,0.0,0.0,0.0,7405.999,0.0,0.0,0.0,0.0,45331.31256833999,17.188680000000012,17.188680000000012,17.188680000000012
5090,2,81489.45838,37934.927547562,0.0,37934.927547562,1221.308,0.0,593.212,22828.279558142844,13468.853993820667,74.364,0.0,0.0,0.0,7405.999,2037.4857195255238,0.0,1935.6114335492493,-2037.4857195255238,43554.530832437995,17.188680000000026,17.188680000000026,17.188680000000026
5091,3,79390.39156,44546.513510781995,0.0,44546.513510781995,1221.308,0.0,593.212,22813.066483332303,7269.001999999971,74.364,0.0,0.0,0.0,7405.999,4533.073434114302,0.0,6242.031195957836,-4533.073434114302,34843.87804921801,16.24259999999996,16.24259999999996,16.24259999999996
5092,4,79579.70208,43664.79569412299,0.0,43664.79569412299,1221.308,0.0,593.212,22800.013265506936,7269.001999999971,74.364,0.0,0.0,0.0,7405.999,3448.9918796299507,0.0,9518.573481606289,-3448.9918796299507,35914.90638587701,16.242600000000017,16.242600000000017,16.242600000000017
5093,5,81329.30571,40865.826140792,0.0,40865.826140792,1221.308,0.0,593.212,22785.120738770405,14329.467839999952,74.364,0.0,0.0,0.0,7405.999,5945.9920095623975,0.0,15167.265890690564,-5945.9920095623975,40463.479569208,16.242600000000028,16.242600000000028,16.242600000000028
5094,6,84601.34202,10164.091090463,2802.1734497445004,10164.091090463,1221.308,2802.1734497445004,593.212,22773.03388363634,24452.49,74.364,448.7680000000007,257.0,0.0,7405.999,0.0,14408.902596156036,0.0,14408.902596156036,71635.0774797925,35.45800000116535,35.45800000116535,35.45800000116535
5095,7,89235.06671,9548.783896916999,26239.2393857695,9548.783896916999,1221.308,26239.2393857695,593.212,22760.103640750785,21392.056786562796,74.364,0.0,0.0,0.0,7405.999,0.0,0.0,0.0,0.0,53447.0434273135,18.134760000000053,18.134760000000053,18.134760000000053
5096,8,95135.58696,13003.978400058997,41876.322386941,13003.978400058997,1221.308,41876.322386941,593.212,22744.88671837444,12032.834626562813,74.364,0.0,0.0,0.0,7405.999,3817.318171937259,0.0,3626.4522633403963,-3817.318171937259,40255.286173,16.24259999999996,16.24259999999996,16.24259999999996
5097,9,100973.5992,14970.050543786,54734.77045256051,14970.050543786,1221.308,54734.77045256051,593.212,22732.492511152876,7269.002,74.364,0.0,0.0,0.0,7405.999,8027.59930750077,0.0,11252.67160546613,-8027.59930750077,31268.77820365349,16.242600000000024,16.242600000000024,16.242600000000024
5098,10,106379.7304,10252.671991913998,61568.486289649,10252.671991913998,1221.308,61568.486289649,593.212,22720.10586280434,7269.002,74.364,0.0,0.0,0.0,7405.999,4725.418744367436,0.0,15741.819412615194,-4725.418744367436,34558.572118437,16.242599999999957,16.242599999999957,16.242599999999957
5099,11,110941.8664,12716.935400231,64492.88734768299,12716.935400231,1221.308,64492.88734768299,593.212,22704.837466344285,7269.002,74.364,0.0,0.0,0.0,7405.999,5536.678814259603,0.0,21001.664286161817,-5536.678814259603,33732.04365208601,16.242600000000017,16.242600000000017,16.242600000000017
5100,12,114742.2956,13182.755442742,66318.27165198649,13182.755442742,1221.308,66318.27165198649,593.212,22692.310438446235,7269.002,74.364,0.0,0.0,0.0,7405.999,4014.9269331748,0.0,24815.844872677873,-4014.9269331748,35241.26850527151,16.24259999999996,16.24259999999996,16.24259999999996
5101,13,117606.659,16637.446597042,67103.557490114,16637.446597042,1221.308,67103.557490114,593.212,22680.088443108383,7269.002,74.364,0.0,0.0,0.0,7405.999,5378.31853026576,0.0,29925.247476430377,-5378.31853026576,33865.654912843995,16.24260000000002,16.24260000000002,16.24260000000002
5102,14,120889.5134,23421.866146790002,64059.146567788004,23421.866146790002,1221.308,64059.146567788004,593.212,22664.87537557185,7269.001999999999,74.364,0.0,0.0,0.0,7405.999,5820.259690149862,0.0,35454.49418207275,-5820.259690149862,33408.50068542198,16.242600000079154,16.242600000079154,16.242600000079154
5103,15,123649.313,33341.80925002701,62885.2561534145,33341.80925002701,1221.308,62885.2561534145,593.212,22652.32487915028,21.5,74.364,0.0,0.0,0.0,7405.998999999985,4546.460282591775,0.0,39773.63145053493,-4546.460282591775,27422.247596558496,9.73049999999994,9.73049999999994,9.73049999999994
5104,16,125119.7071,39325.98414269599,59104.9001947415,39325.98414269599,1221.308,59104.9001947415,593.212,22640.074001839737,0.0,74.364,0.0,0.0,0.0,7405.998999999956,5246.134239277225,0.0,44757.45897784829,-5246.134239277225,26688.822762562508,9.730499999999806,9.730499999999806,9.730499999999806
5105,17,124995.0309,44902.656747072,51707.60671317899,44902.656747072,1221.308,51707.60671317899,593.212,22624.271774018176,21.5,74.364,0.0,0.0,0.0,7405.999,3555.8873342691736,0.0,48135.551945404004,-3555.8873342691736,28384.76743974902,9.730499999999957,9.730499999999957,9.730499999999957
5106,18,122754.3414,52793.451444583,36125.74024367899,52793.451444583,1221.308,36125.74024367899,593.212,22612.240247807626,7269.002,74.364,0.0,0.0,0.0,7405.999,5340.975536069642,0.0,53209.47870467016,-5340.975536069642,33835.14971173801,16.24260000005082,16.24260000005082,16.24260000005082
5107,19,119755.8999,54053.995307043,16546.606453238,54053.995307043,1221.308,16546.606453238,593.212,22600.02474980958,16296.606019999988,74.364,0.0,0.0,0.0,7405.999,0.0,963.7843699094137,52194.96884160762,963.7843699094137,49155.298139719,17.586279999999892,17.586279999999892,17.586279999999892
5108,20,116709.6634,51582.005792029006,781.051951941,51582.005792029006,1221.308,781.051951941,593.212,22584.089701311535,24452.49,74.364,36.15999999999998,257.0,0.0,7405.999,0.0,7721.982954718413,44066.56573137771,7721.982954718413,64346.60565603,33.441880000000026,33.441880000000026,33.441880000000026
5109,21,113523.5867,54183.76135752,0.0,54183.76135752,1221.308,0.0,593.212,22572.143956773674,24452.49,74.364,36.159999999999954,257.0,0.0,7405.999,0.0,2727.1483857063354,41195.883220107884,2727.1483857063354,59339.82534248,33.44188,33.44188,33.44188
5110,22,107024.1678,51564.58985189,0.0,51564.58985189,1221.308,0.0,593.212,22560.06265903714,22338.530430000003,74.364,0.0,0.0,0.0,7405.999,0.0,1266.1018590728509,39863.14442108383,1266.1018590728509,55459.577948109996,17.586280000000006,17.586280000000006,17.586280000000006
5111,23,98221.82825,48148.170940426,0.0,48148.170940426,1221.308,0.0,593.212,22544.223262115574,18234.55104745843,74.364,0.0,0.0,0.0,7405.999,0.0,0.0,39863.14442108383,0.0,50073.65730957401,17.18868000000029,17.18868000000029,17.18868000000029
5112,24,90443.71311,46955.22885612099,0.0,46955.22885612099,1221.308,0.0,593.212,22531.868444705033,11661.732809173947,74.364,0.0,0.0,0.0,7405.999,0.0,0.0,39863.144421084144,0.0,43488.484253879,17.188680000000062,17.188680000000062,17.188680000000062
5113,25,85433.52116,47753.970794554,0.0,47753.970794554,1221.308,0.0,593.212,22516.47487227967,7269.001999999986,74.364,0.0,0.0,0.0,7405.999,1400.8095068336743,0.0,41193.91345257613,-1400.8095068336743,37679.550365446004,16.242600000000017,16.242600000000017,16.242600000000017
5114,26,81655.52493,45538.507898232994,0.0,45538.507898232994,1221.308,0.0,593.212,22504.261164069125,7269.001999999971,74.364,0.0,0.0,0.0,7405.999,2951.1291323021296,0.0,43997.486128263154,-2951.1291323021296,36117.017031767005,16.242600000000017,16.242600000000017,16.242600000000017
5115,27,79425.62494,42420.068441595,0.0,42420.068441595,1221.308,0.0,593.212,22491.804014071076,7269.002,74.364,0.0,0.0,0.0,7405.999,2050.132515666212,0.0,45945.11201814609,-2050.132515666212,37005.55649840499,16.242600000000017,16.242600000000017,16.242600000000017
5116,28,79024.23758,40910.85895257001,0.0,40910.85895257001,1221.308,0.0,593.212,22476.12192677303,7269.001999999957,74.364,0.0,0.0,0.0,7405.999,926.6282993430086,0.0,46825.408902521944,-926.6282993430086,38113.37862742999,16.242600000000017,16.242600000000017,16.242600000000017
5117,29,80547.7028,38563.960849742994,0.0,38563.960849742994,1221.308,0.0,593.212,22464.05563011298,10224.803320144014,74.364,0.0,0.0,0.0,7405.999,0.0,0.0,46825.408902521944,0.0,41983.741950257005,17.18868000000002,17.18868000000002,17.18868000000002
5118,30,83874.48515,37951.62640209199,2543.2596430245,37951.62640209199,1221.308,2543.2596430245,593.212,22451.89438204092,11632.821722842567,74.364,0.0,0.0,0.0,7405.999,0.0,0.0,46825.408902521944,0.0,43379.5991048835,17.1886800000741,17.1886800000741,17.1886800000741
5119,31,88525.72876,34495.73090317,26280.403396913505,34495.73090317,1221.308,26280.403396913505,593.212,22436.278777177067,21.5,74.364,0.0,0.0,0.0,7405.999,4003.067317261957,0.0,50628.322853920836,-4003.067317261957,27749.594459916494,9.730499999999958,9.730499999999958,9.730499999999958
5120,32,94687.35101,20787.402506536,44459.6834617415,20787.402506536,1221.308,44459.6834617415,593.212,22424.20289917902,0.0,74.364,0.0,0.0,0.0,7405.999,2278.8208574579303,0.0,52793.202668505866,-2278.8208574579303,29440.265041722494,9.730499999999958,9.730499999999958,9.730499999999958
5121,33,100804.4465,14570.637100438998,57745.474621730995,14570.637100438998,1221.308,57745.474621730995,593.212,22411.159432944965,0.0,74.364,0.0,0.0,0.0,7405.998999999956,3217.707655114932,0.0,55850.02494086505,-3217.707655114932,28488.334777830016,9.730499999999935,9.730499999999935,9.730499999999935
5122,34,106512.4723,12849.024303147999,63805.722347691495,12849.024303147999,1221.308,63805.722347691495,593.212,22396.369145146913,21.5,74.364,0.0,0.0,0.0,7405.999,1855.0264959864228,0.0,57612.30011205215,-1855.0264959864228,29857.725649160493,9.7305,9.7305,9.7305
5123,35,111731.2742,13506.032150216,67466.0692029905,13506.032150216,1221.308,67466.0692029905,593.212,22384.10117973637,7269.001999999986,74.364,0.0,0.0,0.0,7405.999,8188.813332942873,0.0,65391.67277834788,-8188.813332942873,30759.172846793488,16.242600000050817,16.242600000050817,16.242600000050817
5124,36,115841.468,19839.155994734,69070.8649493585,19839.155994734,1221.308,69070.8649493585,593.212,22371.170929576805,21.5,74.364,0.0,0.0,0.0,7405.999,4756.106873669309,0.0,69909.97430833372,-4756.106873669309,26931.447055907498,9.730499999999964,9.730499999999964,9.730499999999964
5125,37,119325.3854,22433.456758444998,69221.6159119275,22433.456758444998,1221.308,69221.6159119275,593.212,22356.126325174475,7247.502,74.364,0.0,0.0,0.0,7405.999,11228.198595548338,0.0,80576.76297410467,-11228.198595548338,27670.312729627505,16.24260000000004,16.24260000000004,16.24260000000004
5126,38,123106.437,30056.624944318,69882.64800330151,30056.624944318,1221.308,69882.64800330151,0.0,22343.35561431491,0.0,74.364,0.0,0.0,0.0,5554.49925,6026.3628119343675,0.0,86301.80764544231,-6026.3628119343675,23167.164052380496,3.218399999999944,3.218399999999944,3.218399999999944
5127,39,125857.9379,40060.433954786,66304.50874924399,40060.433954786,1221.308,66304.50874924399,593.212,22331.189809842363,0.0,74.364,0.0,0.0,0.0,7405.999,12133.077613872361,0.0,97828.23137862106,-12133.077613872361,19492.995195970012,9.730500000000005,9.730500000000005,9.730500000000005
5128,40,127311.6173,44841.45659418,61503.767399723,44841.45659418,1221.308,61503.767399723,0.0,22316.305453244317,0.0,74.364,0.0,0.0,0.0,5554.49925,8200.083397147302,0.0,105618.310605911,-8200.083397147302,20966.393306096987,3.2183999999999493,3.2183999999999493,3.2183999999999493
5129,41,126953.0603,47275.60604954,53834.419452746995,47275.60604954,1221.308,53834.419452746995,593.212,22303.19165840646,7247.501999999971,74.364,0.0,0.0,0.0,7405.999,13002.541860693469,0.0,117970.72537356979,-13002.541860693469,25843.034797713,16.24260000000005,16.24260000000005,16.24260000000005
5130,42,124511.0984,53053.802053087005,37266.2449364355,53053.802053087005,1221.308,37266.2449364355,593.212,22291.280179208406,10012.092921549818,74.364,0.0,0.0,0.0,7405.999,7407.204690280694,0.0,125007.56982933645,-7407.204690280694,34191.05141047751,16.2426,16.2426,16.2426
5131,43,121142.9689,51694.874392153004,17859.541896566,51694.874392153004,1221.308,17859.541896566,593.212,22275.959315335866,19947.51508154982,74.364,20.339999999999943,0.0,0.0,7405.999,0.0,49.855214395291114,124955.09065628878,49.855214395291114,51588.55261128101,18.134760000000004,18.134760000000004,18.134760000000004
5132,44,117756.4289,52025.208358687,548.7033501525,52025.208358687,1221.308,548.7033501525,593.212,22263.22645191231,25028.690000000002,74.364,469.10799999999955,257.0,0.0,7405.999,0.0,7869.6097392481915,116671.29093076437,7869.6097392481915,65182.5171911605,35.45800000115748,35.45800000115748,35.45800000115748
5133,45,114729.5122,54609.211945566,0.0,54609.211945566,1221.308,0.0,593.212,22247.882298439763,24452.49,74.364,36.159999999999954,257.0,0.0,7405.999,0.0,3831.8849559942014,112637.72781919152,3831.8849559942014,60120.300254434,33.44188000000001,33.44188000000001,33.44188000000001
5134,46,108085.6185,53133.769753989,0.0,53133.769753989,1221.308,0.0,593.212,22235.3998187802,22338.530430000003,74.364,0.0,0.0,0.0,7405.999,0.0,1083.0354972308119,111497.69045368541,1083.0354972308119,54951.848746011,17.58627999999985,17.58627999999985,17.58627999999985
5135,47,99550.43745,48827.43805662401,0.0,48827.43805662401,1221.308,0.0,593.212,22223.307545303862,19204.808848072127,74.364,0.0,0.0,0.0,7405.999,0.0,0.0,111497.69045368572,0.0,50722.99939337599,17.188680000000105,17.188680000000105,17.188680000000105
5136,48,91511.54591,47403.451649169,0.0,47403.451649169,1221.308,0.0,593.212,22208.07660790581,12605.134652925164,74.364,0.0,0.0,0.0,7405.999,0.0,0.0,111497.69045368629,0.0,44108.094260831,17.188680000000023,17.188680000000023,17.188680000000023
5137,49,85761.83348,49967.62910643601,0.0,49967.62910643601,1221.308,0.0,593.212,22195.220690145758,7269.002,74.364,0.0,0.0,0.0,7405.999,2964.9013165819124,0.0,114314.3467044391,-2964.9013165819124,35794.20437356399,16.24259999999996,16.24259999999996,16.24259999999996
5138,50,81924.60235,48984.541355450994,0.0,48984.541355450994,1221.308,0.0,593.212,22183.194583673703,7269.001999999971,74.364,0.0,0.0,0.0,7405.999,5807.018589124699,0.0,119831.01436410757,-5807.018589124699,32940.06099454901,16.242600000000017,16.242600000000017,16.242600000000017
5139,51,79477.85869,42847.49414465501,0.0,42847.49414465501,1221.308,0.0,593.212,22168.03858847137,7269.002,74.364,0.0,0.0,0.0,7405.999,2101.559043126482,0.0,121827.49545507775,-2101.559043126482,36630.364545344986,16.242599999999957,16.242599999999957,16.242599999999957
5140,52,79210.53308,42250.483509346,0.0,42250.483509346,1221.308,0.0,593.212,22155.1714395118,7269.002,74.364,0.0,0.0,0.0,7405.999,1759.0068688579486,0.0,123498.55198049282,-1759.0068688579486,36960.049570653995,16.24259999999996,16.24259999999996,16.24259999999996
5141,53,80878.96908,41448.95360681901,0.0,41448.95360681901,1221.308,0.0,593.212,22143.249273139747,7991.883200041224,74.364,0.0,0.0,0.0,7405.999,0.0,0.0,123498.55198049282,0.0,39430.01547318099,17.188680000000023,17.188680000000023,17.188680000000023
5142,54,83908.41546,37306.97025147799,2603.2843937400003,37306.97025147799,1221.308,2603.2843937400003,593.212,22127.230186379697,12576.04762840231,74.364,0.0,0.0,0.0,7405.999,0.0,0.0,123498.55198049282,0.0,43998.16081478201,17.188679999999938,17.188679999999938,17.188679999999938
5143,55,88314.2408,31927.724692194002,25435.910749270497,31927.724692194002,1221.308,25435.910749270497,593.212,22115.115985981647,7269.002,74.364,0.0,0.0,0.0,7405.999,7728.395627447522,0.0,130840.52782656801,-7728.395627447522,30950.6053585355,16.242599999999964,16.242599999999964,16.242599999999964
5144,56,94309.32229,11493.862789327002,42419.724491630004,11493.862789327002,1221.308,42419.724491630004,593.212,22103.226433705306,8997.625575337654,74.364,0.0,0.0,0.0,7405.999,0.0,0.0,130840.52782656801,0.0,40395.73500904299,17.188680000000023,17.188680000000023,17.188680000000023
5145,57,100458.2163,11419.359254632,56545.13223391351,11419.359254632,1221.308,56545.13223391351,593.212,22087.34384534574,7269.002,74.364,0.0,0.0,0.0,7405.999,6157.504033892628,0.0,136690.156658766,-6157.504033892628,32493.724811454493,16.242599999999943,16.242599999999943,16.242599999999943
5146,58,106010.8043,10325.488742058998,57067.3434105875,10325.488742058998,1221.308,57067.3434105875,593.212,22074.9520300732,7269.002,74.364,0.0,0.0,0.0,7405.999,20.864882719816706,0.0,136709.97829734982,-20.864882719816706,38617.97214735351,16.242599999999964,16.242599999999964,16.242599999999964
5147,59,110917.2787,9494.521957198001,63561.766156821504,9494.521957198001,1221.308,63561.766156821504,593.212,22063.31680167515,7269.002,74.364,0.0,0.0,0.0,7405.999,766.2112156946541,0.0,137437.87895225972,-766.2112156946541,37860.99058598049,16.24260000000002,16.24260000000002,16.24260000000002
5148,60,114803.3671,11112.80775532,64000.7294029105,11112.80775532,1221.308,64000.7294029105,593.212,22047.242133177097,8347.704808592365,74.364,0.0,0.0,0.0,7405.999,0.0,0.0,137437.87895225972,0.0,39689.8299417695,17.18868000000002,17.18868000000002,17.18868000000002
5149,61,118218.526,12999.091656347002,63426.6900405175,12999.091656347002,1221.308,63426.6900405175,593.212,22035.005246405042,10462.85605673043,74.364,0.0,0.0,0.0,7405.999,0.0,0.0,137437.87895225972,0.0,41792.74430313551,17.188679999999962,17.188679999999962,17.188679999999962
5150,62,121442.4273,15578.339650948998,62703.449449989996,15578.339650948998,1221.308,62703.449449989996,593.212,22019.306252641192,11846.448946419778,74.364,0.0,0.0,0.0,7405.999,0.0,0.0,137437.8789522603,0.0,43160.638199061,17.18868000000002,17.18868000000002,17.18868000000002
5151,63,123968.7546,18799.91425868,56843.4261032485,18799.91425868,1221.308,56843.4261032485,593.212,22007.42126264314,17023.109975428335,74.364,0.0,0.0,0.0,7405.999,0.0,0.0,137437.8789522606,0.0,48325.4142380715,17.18867999999995,17.18867999999995,17.18867999999995
5152,64,125100.2244,22163.774690352002,54033.520787949004,22163.774690352002,1221.308,54033.520787949004,593.212,21994.982406970597,17613.063514728376,74.364,0.0,0.0,0.0,7405.998999999999,0.0,0.0,137437.8789522606,0.0,48902.928921699,17.18867999999996,17.18867999999996,17.18867999999996
5153,65,124364.2528,31192.668139694997,47426.688749732,31192.668139694997,1221.308,47426.688749732,593.212,21979.09981861103,14470.91309196195,74.364,0.0,0.0,0.0,7405.999,0.0,0.0,137437.8789522606,0.0,45744.895910573,17.18867999999996,17.18867999999996,17.18867999999996
5154,66,121740.6172,32862.246989044004,34059.4425998745,32862.246989044004,1221.308,34059.4425998745,593.212,21967.2573140087,23246.348570000002,74.364,20.340000000000014,0.0,0.0,7405.999,0.0,290.0987270727453,137132.51187113137,290.0987270727453,54818.9276110815,18.513480000000097,18.513480000000097,18.513480000000097
5155,67,117671.2224,35048.884741291,14189.3172619885,35048.884741291,1221.308,14189.3172619885,593.212,21955.072776336645,25028.690000000002,74.364,469.10799999999955,257.0,0.0,7405.999,0.0,11428.266620383827,125102.75753388523,11428.266620383827,68433.0203967205,35.45800000115962,35.45800000115962,35.45800000115962
5156,68,114258.0831,38204.101146198,292.9096467545,38204.101146198,1221.308,292.9096467545,593.212,21939.18091927659,25028.690000000002,74.364,701.2,257.0,0.0,7405.999,0.0,18540.11838777094,105586.84344149477,18540.11838777094,75761.07230704749,35.45800000074957,35.45800000074957,35.45800000074957
5157,69,111449.0003,34511.726798580996,0.0,34511.726798580996,1221.308,0.0,593.212,21927.37275074054,25028.690000000002,74.364,701.2,257.0,0.0,7405.999,0.0,19728.127750678457,84820.39317762271,19728.127750678457,76937.273501419,35.45800000066328,35.45800000066328,35.45800000066328
5158,70,105657.645,33702.308849669,0.0,33702.308849669,1221.308,0.0,593.212,21914.282244106485,25028.690000000002,74.364,701.2,257.0,0.0,7405.999,0.0,14759.280906224503,69284.30801317588,14759.280906224503,71955.336150331,35.4580000008052,35.4580000008052,35.4580000008052
5159,71,98115.39286,35401.208340918,0.0,35401.208340918,1221.308,0.0,593.212,21899.19241590844,25028.690000000002,74.364,469.1080000000012,257.0,0.0,7405.999,0.0,5765.311103173561,63215.55948351949,5765.311103173561,62714.18451908201,35.458000001160066,35.458000001160066,35.458000001160066
5160,72,90784.76126,38307.164508892005,0.0,38307.164508892005,1221.308,0.0,593.212,21887.287683632094,21275.0860674759,74.364,20.33999999999991,0.0,0.0,7405.999,0.0,0.0,63215.55948351974,0.0,52477.596751107994,17.188679999999966,17.188679999999966,17.188679999999966
5161,73,85309.00688,39537.871399464,0.0,39537.871399464,1221.308,0.0,593.212,21874.357433472527,14601.895047063454,74.364,0.0,0.0,0.0,7405.999,0.0,0.0,63215.55948352001,0.0,45771.135480536,17.188679999999966,17.188679999999966,17.188679999999966
5162,74,81385.18773,34529.096646746,0.0,34529.096646746,1221.308,0.0,593.212,21859.013287274,15702.194795979978,74.364,0.0,0.0,0.0,7405.999,0.0,0.0,63215.55948352048,0.0,46856.091083254,17.188680000000023,17.188680000000023,17.188680000000023
5163,75,79010.75752,30142.268905914996,0.0,30142.268905914996,1221.308,0.0,593.212,21846.312247514426,17727.29336657056,74.364,0.0,0.0,0.0,7405.999,0.0,0.0,63215.55948352098,0.0,48868.488614085,17.188679999999966,17.188679999999966,17.188679999999966
5164,76,77497.73341,28875.357197981,0.0,28875.357197981,1221.308,0.0,593.212,21834.391493738087,17493.1017182809,74.364,0.0,0.0,0.0,7405.999,0.0,0.0,63215.559483521516,0.0,48622.376212019,17.18868000000003,17.18868000000003,17.18868000000003
5165,77,77012.05389,33100.523657758,0.0,33100.523657758,1221.308,0.0,593.212,21819.128724005837,12797.518508236126,74.364,0.0,0.0,0.0,7405.999,0.0,0.0,63215.559483521785,0.0,43911.530232241996,17.188680000000023,17.188680000000023,17.188680000000023
5166,78,77809.80104,32854.072760438,2158.678691287,32854.072760438,1221.308,2158.678691287,593.212,21806.36693698047,11695.79965129451,74.364,0.0,0.0,0.0,7405.999,0.0,0.0,63215.55948352179,0.0,42797.049588275004,17.18868000000002,17.18868000000002,17.18868000000002
5167,79,80520.66794,28035.576059098,21083.2112534835,28035.576059098,1221.308,21083.2112534835,593.212,21794.261881169932,7269.002,74.364,0.0,0.0,0.0,7405.999,6956.266253752854,0.0,69824.01242458702,-6956.266253752854,31401.8806274185,16.242599999999943,16.242599999999943,16.242599999999943
5168,80,85484.11086,14231.153908395998,41375.775653081,14231.153908395998,1221.308,41375.775653081,593.212,21779.134593909886,21.5,74.364,0.0,0.0,0.0,7405.999,1218.3362953868768,0.0,70981.43190520456,-1218.3362953868768,29877.181298523006,9.7305,9.7305,9.7305
5169,81,91488.91091,9477.432093434,55295.13464511,9477.432093434,1221.308,55295.13464511,593.212,21766.128586737825,0.0,74.364,0.0,0.0,0.0,7405.999,4344.667415281821,0.0,75108.8659497223,-4344.667415281821,26716.344171455996,9.730499999999951,9.730499999999951,9.730499999999951
5170,82,97302.0643,7067.292954119999,60807.76815213799,7067.292954119999,1221.308,60807.76815213799,593.212,21751.386204073977,21.5,74.364,0.0,0.0,0.0,7405.999,1640.766010331974,0.0,76667.59365953767,-1640.766010331974,29427.003193742006,9.730499999999958,9.730499999999958,9.730499999999958
5171,83,102011.0517,7202.428594203002,63646.5643676135,7202.428594203002,1221.308,63646.5643676135,593.212,21738.460393475925,7269.002,74.364,0.0,0.0,0.0,7405.999,7140.286655292422,0.0,83450.86598206547,-7140.286655292422,31162.0587381835,16.242599999999953,16.242599999999953,16.242599999999953
5172,84,105698.8277,8424.751308277,64843.321898557995,8424.751308277,1221.308,64843.321898557995,593.212,21726.246974815876,7269.001999999993,74.364,0.0,0.0,0.0,7405.999,5859.377481650879,0.0,89017.2745896338,-5859.377481650879,32430.754493164997,16.24260000000004,16.24260000000004,16.24260000000004
5173,85,109069.3449,11198.918250234,64578.0174609065,11198.918250234,1221.308,64578.0174609065,593.212,21711.263110405333,7269.002,74.364,0.0,0.0,0.0,7405.999,4982.7389215458425,0.0,93750.87656510236,-4982.7389215458425,33292.4091888595,16.24260000000002,16.24260000000002,16.24260000000002
5174,86,111951.4939,14276.01045098,64801.22280971601,14276.01045098,1221.308,64801.22280971601,593.212,21698.395961445764,7269.002,74.364,0.0,0.0,0.0,7405.999,5388.020322141784,0.0,98869.49587113706,-5388.020322141784,32874.26063930399,16.242599999999946,16.242599999999946,16.242599999999946
5175,87,114714.0614,14501.159308235001,61990.275499262505,14501.159308235001,1221.308,61990.275499262505,593.212,21686.017854435224,7269.002,74.364,0.0,0.0,0.0,7405.999,27.27626193272954,0.0,98895.40831997315,-27.27626193272954,38222.6265925025,16.242600000000188,16.242600000000188,16.242600000000188
5176,88,116523.5456,15316.563108877,56540.019155687,15316.563108877,1221.308,56540.019155687,593.212,21671.21385977138,13700.866475664498,74.364,0.0,0.0,0.0,7405.999,0.0,0.0,98895.40831997315,0.0,44666.963335436,16.242599999999968,16.242599999999968,16.242599999999968
5177,89,116908.7498,13460.332707383002,48790.26194726749,13460.332707383002,1221.308,48790.26194726749,593.212,21658.43387067333,23636.288635664525,74.364,20.339999999999918,0.0,0.0,7405.999,0.0,48.20963901159007,98844.6613315399,48.20963901159007,54658.15514534951,19.459560000000103,19.459560000000103,19.459560000000103
5178,90,115330.5512,19057.328353110002,34649.8099628355,19057.328353110002,1221.308,34649.8099628355,593.212,21646.047475139265,25028.690000000002,74.364,469.1079999999999,257.0,0.0,7405.999,0.0,4927.684408915247,93657.62511162911,4927.684408915247,61623.4128840545,35.45800000115652,35.45800000115652,35.45800000115652
5179,91,112608.0138,20273.98901017,15583.966506954,20273.98901017,1221.308,15583.966506954,593.212,21630.492617541215,25028.690000000002,74.364,701.2,257.0,0.0,7405.999,0.0,19837.792665347035,72775.73809547434,19837.792665347035,76750.058282876,35.45800000080376,35.45800000080376,35.45800000080376
5180,92,109962.99,26150.151394158995,131.95749330549998,26150.151394158995,1221.308,131.95749330549998,593.212,21618.56743147737,25028.690000000002,74.364,701.2,257.0,0.0,7405.999,0.0,26780.54068105814,44585.69527330788,26780.54068105814,83680.88111253551,35.45800000116069,35.45800000116069,35.45800000116069
5181,93,108111.1643,29743.942855104997,0.0,29743.942855104997,1221.308,0.0,593.212,21606.21261406683,25028.690000000002,74.364,701.2,257.0,0.0,7405.999,0.0,21479.235830828147,21975.973346120354,21479.235830828147,78367.22144489501,35.45800000066343,35.45800000066343,35.45800000066343
5182,94,103033.9674,32744.279948055,0.0,32744.279948055,1221.308,0.0,593.212,21590.443366907264,25028.690000000002,74.364,701.2,257.0,0.0,7405.999,0.0,13417.471085037712,7852.319572396446,13417.471085037712,70289.68745194499,35.45800000080426,35.45800000080426,35.45800000080426
5183,95,96322.01094,32828.990210348,0.0,32828.990210348,1221.308,0.0,593.212,21578.05966123472,25028.690000000002,74.364,469.1079999999995,257.0,0.0,7405.999,0.0,6865.280068417277,625.7089740624704,6865.280068417277,63493.020729651995,35.45800000080339,35.45800000080339,35.45800000080339
5184,96,89598.38941,33857.704702604,0.0,33857.704702604,1221.308,0.0,593.212,21566.14818203667,24264.890000000003,74.364,20.34,0.0,0.0,7405.999,0.0,594.423525359347,0.0,594.423525359347,55740.684707396,25.514079999999957,25.514079999999957,25.514079999999957
5185,1,84593.34781,32104.535550583998,0.0,32104.535550583998,1221.308,0.0,593.212,21550.40534747282,21643.523911943164,74.364,0.0,0.0,0.0,7405.999,0.0,0.0,0.0,0.0,52488.81225941601,17.851079999999985,17.851079999999985,17.851079999999985
5186,2,80666.90262,32191.66078966,0.0,32191.66078966,1221.308,0.0,593.212,21538.206930300763,21319.988999999972,74.364,0.0,0.0,0.0,7405.999,3677.837099960763,0.0,3493.9452449627242,-3677.837099960763,48475.24183033999,17.18868,17.18868,17.18868
5187,3,78195.30719,33097.50709213,0.0,33097.50709213,1221.308,0.0,593.212,21525.41323294071,21319.988999999987,74.364,0.0,0.0,0.0,7405.999,7042.485135070701,0.0,10184.30612327989,-7042.485135070701,45097.80009787001,17.18868,17.18868,17.18868
5188,4,76607.09072,31090.535859929,0.0,31090.535859929,1221.308,0.0,593.212,21510.323404742663,14711.34845532829,74.364,0.0,0.0,0.0,7405.999,0.0,0.0,10184.30612327989,0.0,45516.55486007099,17.18868,17.18868,17.18868
5189,5,76062.23493,29728.126098050005,0.0,29728.126098050005,1221.308,0.0,593.212,21498.23655827881,21319.989,74.364,0.0,0.0,0.0,7405.999,5778.999726328808,0.0,15674.355863292258,-5778.999726328808,46334.10883195,17.18868,17.18868,17.18868
5190,6,76019.80348,31225.512356678,2250.2456442765,31225.512356678,1221.308,2250.2456442765,593.212,21482.472391372554,15256.56459,74.364,0.0,0.0,0.0,7405.999,3489.8745023270803,0.0,18989.736640502986,-3489.8745023270803,42544.045479045504,17.85108,17.85108,17.85108
5191,7,77674.92762,28351.35050388,24644.143556232997,28351.35050388,1221.308,24644.143556232997,0.0,21470.133044908707,0.0,74.364,0.0,0.0,0.0,5554.49925,3640.870735021701,0.0,22448.563838773603,-3640.870735021701,24679.433559887006,1.609919999999999,1.609919999999999,1.609919999999999
5192,8,82072.13163,18649.275240143,43371.216895006495,18649.275240143,1221.308,43371.216895006495,593.2120000023668,21458.054478298167,0.0,74.364,0.0,0.0,0.0,7405.998999999998,10701.297983450939,0.0,32614.796923051992,-10701.297983450939,20051.639494850504,9.7305,9.7305,9.7305
5193,9,87971.13193,12071.358594364001,57845.31765441749,12071.358594364001,1221.308,57845.31765441749,593.2119999942163,21442.2522504766,0.0,74.364,0.0,0.0,0.0,7405.999,12682.679569252356,0.0,44663.34251384173,-12682.679569252356,18054.455681218504,9.730500000053077,9.730500000053077,9.730500000053077
5194,10,94071.6484,11353.652902888,63139.27484016099,11353.652902888,1221.308,63139.27484016099,593.212,21430.298182440067,0.0,74.364,0.0,0.0,0.0,7405.999,11146.46052548906,0.0,55252.48001305634,-11146.46052548906,19578.72065695101,9.730500000000001,9.730500000000001,9.730500000000001
5195,11,99410.34483,12224.661541222,66476.6436260345,12224.661541278001,1221.308,66476.6436260345,593.2119999999567,21417.497925814703,0.0,74.364,0.0,0.0,0.0,7405.999,10003.341263074686,0.0,64755.654212977286,-10003.341263074686,20709.0396626875,9.73049999994691,9.73049999994691,9.73049999994691
5196,12,103694.903,12906.41429753,68050.38039041449,12906.41429753,1221.308,68050.38039041449,593.212,21402.237810604154,-1.9021954907935462e-7,74.364,0.0,0.0,0.0,7405.999,7959.012498356428,0.0,72316.7160864159,-7959.012498356428,22738.108312055512,9.730499999826609,9.730499999826609,9.730499999826609
5197,13,108111.4874,14091.381499371,68231.13305027349,14091.381499371,1221.308,68231.13305027349,593.212,21390.26558274411,0.0,74.364,0.0,0.0,0.0,7405.999,4896.175732332917,0.0,76968.08303213217,-4896.175732332917,25788.97285035551,9.73050000017339,9.73050000017339,9.73050000017339
5198,14,112514.4862,15649.855853631001,68209.631696843,15649.855853631001,1221.308,68209.631696843,593.212,21377.53582637205,21.5,74.364,0.0,0.0,0.0,7405.999,2038.9201768460366,0.0,78905.0572001359,-2038.9201768460366,28654.998649525995,9.7305,9.7305,9.7305
5199,15,116526.2133,21726.993957632,64942.546126994006,21726.993957632,1221.308,64942.546126994006,593.212,21362.188558574,7269.002,74.364,0.0,0.0,0.0,7405.999,8069.400343198888,0.0,86570.98752617484,-8069.400343198888,29856.673215373994,16.24260000005076,16.24260000005076,16.24260000005076
5200,16,119257.0838,29537.177903098996,58849.7075437195,29537.177903098996,1221.308,58849.7075437195,593.212,21349.158807875952,7269.001999999971,74.364,0.0,0.0,0.0,7405.999,7042.845454694436,0.0,93261.69070813456,-7042.845454694436,30870.19835318149,16.2426,16.2426,16.2426
5201,17,120879.8291,29657.860302741996,51276.9937141615,29657.860302741996,1221.308,51276.9937141615,593.212,21337.5434754381,13310.926409999996,74.364,0.0,0.0,0.0,7405.999,3998.3778023416153,0.0,97060.14962035908,-3998.3778023416153,39944.97508309651,16.526279999999893,16.526279999999893,16.526279999999893
5202,18,120104.9765,35205.876102660004,35248.0811112905,35205.876102660004,1221.308,35248.0811112905,593.212,21322.33040790156,22914.730429999992,74.364,20.33999999999999,0.0,0.0,7405.999,3901.2645518520767,0.0,100766.35094461855,-3901.2645518520767,49651.01928604949,17.85108000000003,17.85108000000003,17.85108000000003
5203,19,117851.3088,37212.556941065006,15338.898153991498,37212.556941065006,1221.308,15338.898153991498,593.212,21309.29236867999,25028.690000000002,74.364,469.10800000000165,257.0,0.0,7405.999,0.0,8940.880336263494,91354.89795907802,8940.880336263494,65299.853704943496,35.4580000026046,35.4580000026046,35.4580000026046
5204,20,114876.8027,42226.178049048,83.283053577,42226.178049048,1221.308,83.283053577,593.212,21297.440274069453,25028.690000000002,74.364,701.2,257.0,0.0,7405.999,0.0,15988.128323305544,74525.28919770378,15988.128323305544,72567.341597375,35.458000000000276,35.458000000000276,35.458000000000276
5205,21,112492.4973,48376.68530436,0.0,48376.68530436,1221.308,0.0,593.212,21282.360028605603,25028.690000000002,74.364,469.10799999999955,257.0,0.0,7405.999,0.0,7783.770967034402,66331.84607450967,7783.770967034402,64115.811995640004,35.45800000033276,35.45800000033276,35.45800000033276
5206,22,106325.9353,49430.912044863995,0.0,49430.912044863995,1221.308,0.0,593.212,21269.315090633547,24452.49,74.364,36.159999999999954,0.0,0.0,7405.999,0.0,1842.1751645026636,64392.714322401596,1842.1751645026636,56895.023255136,30.763720000000013,30.763720000000013,30.763720000000013
5207,23,98094.68605,51592.06205833799,0.0,51592.06205833799,1221.308,0.0,593.212,21254.2175844355,22338.53042999996,74.364,0.0,0.0,0.0,7405.999,6385.007022773477,0.0,70458.4709940364,-6385.007022773477,46502.62399166201,17.188679999999962,17.188679999999962,17.188679999999962
5208,24,90709.67598,45997.78269639601,0.0,45997.78269639601,1221.308,0.0,593.212,21241.440794937447,21319.989,74.364,0.0,0.0,0.0,7405.999,7144.419511333454,0.0,77245.66952980318,-7144.419511333454,44711.89328360399,17.188679999999955,17.188679999999955,17.188679999999955
5209,25,85478.12697,44711.615296580996,0.0,44711.615296580996,1221.308,0.0,593.212,21229.369785977397,17420.967000147033,74.364,0.0,0.0,0.0,7405.999,7178.708112705455,0.0,84065.44223687338,-7178.708112705455,40766.511673419,17.18868000000002,17.18868000000002,17.18868000000002
5210,26,82036.50463,42115.607549086,0.0,42115.607549086,1221.308,0.0,593.212,21214.109670766855,9411.904410147054,74.364,0.0,0.0,0.0,7405.999,0.0,0.0,84065.44223687329,0.0,39920.897080913994,17.188679999999962,17.188679999999962,17.188679999999962
5211,27,80278.58626,38529.480402283,0.0,38529.480402283,1221.308,0.0,593.212,21201.57435574149,11252.648501975427,74.364,0.0,0.0,0.0,7405.999,0.0,0.0,84065.44223687323,0.0,41749.105857717,17.18868000000002,17.18868000000002,17.18868000000002
5212,28,80196.68068,38175.331403226,0.0,38175.331403226,1221.308,0.0,593.212,21189.272005743434,11537.19427103046,74.364,0.0,0.0,0.0,7405.999,0.0,0.0,84065.44223687313,0.0,42021.349276774,17.18868000000003,17.18868000000003,17.18868000000003
5213,29,82053.05905,37859.782208832,0.0,37859.782208832,1221.308,0.0,593.212,21174.139291470896,13724.254549697067,74.364,0.0,0.0,0.0,7405.999,0.0,0.0,84065.44223687352,0.0,44193.27684116799,17.188680000000023,17.188680000000023,17.188680000000023
5214,30,85611.41206,40794.045191047,1562.0733500000001,40794.045191047,1221.308,1562.0733500000001,593.212,21161.664723711332,15278.06458999999,74.364,0.0,0.0,0.0,7405.999,2479.3187947583665,0.0,86420.79509189398,-2479.3187947583665,43255.293518953,17.188680000000023,17.188680000000023,17.188680000000023
5215,31,90793.04268,35825.33304905499,22043.316515479,35825.33304905499,1221.308,22043.316515479,593.212,21149.170286300792,7269.002,74.364,0.0,0.0,0.0,7405.999,4788.662170834296,0.0,90970.02415418655,-4788.662170834296,32924.39311546601,16.242599999999953,16.242599999999953,16.242599999999953
5216,32,97499.96723,21057.049400074,40978.1694982315,21057.049400074,1221.308,40978.1694982315,593.212,21133.391638041223,7269.002,74.364,0.0,0.0,0.0,7405.999,2232.5283063463257,0.0,93090.92604521556,-2232.5283063463257,35464.74833169449,16.242599999999968,16.242599999999968,16.242599999999968
5217,33,104278.0152,8733.331143401001,54608.381196263996,8733.331143401001,1221.308,54608.381196263996,593.212,21121.525843838892,15278.064590000035,74.364,0.0,0.0,0.0,7405.999,4758.170573503941,0.0,97611.18809004429,-4758.170573503941,40936.302860335,17.188680000000033,17.188680000000033,17.188680000000033
5218,34,110961.6813,7171.8051420070005,61561.38094312651,7171.8051420070005,1221.308,61561.38094312651,593.212,21109.34941576684,21319.989,74.364,0.0,0.0,0.0,7405.999,9495.726200900383,0.0,106632.12798089965,-9495.726200900383,42228.49521486649,17.18867999999996,17.18867999999996,17.18867999999996
5219,35,116731.1373,11124.300701546,65354.724936311,11124.300701546,1221.308,65354.724936311,593.212,21093.353618606783,21319.989,74.364,0.0,0.0,0.0,7405.998999999998,11456.113956463787,0.0,117515.43623954024,-11456.113956463787,40252.111662143,17.18867999999996,17.18867999999996,17.18867999999996
5220,36,121557.8876,16510.511090347,68377.7128415715,16510.511090347,1221.308,68377.7128415715,593.212,21081.374559808733,13310.92641,74.364,0.0,0.0,0.0,7405.999,7017.520301726137,0.0,124182.08052618007,-7017.520301726137,36669.6636680815,16.2426,16.2426,16.2426
5221,37,125913.7308,11174.378801601,62670.5929371645,11174.378801601,1221.308,62670.5929371645,593.212,21069.185467132396,22670.14857,74.364,0.0,0.0,0.0,7405.999,965.457975897919,0.0,125099.26560328309,-965.457975897919,52068.75906123451,19.080840000000006,19.080840000000006,19.080840000000006
5222,38,129664.1413,19783.905639519,68719.83295354749,19783.905639519,1221.308,68719.83295354749,593.212,21053.443987972827,13310.92641,74.364,0.0,0.0,0.0,7405.999,2498.8506910393585,0.0,127473.17375977048,-2498.8506910393585,41160.40270693351,16.2426,16.2426,16.2426
5223,39,132599.497,16784.538653115,65532.819603115,16784.538653115,1221.308,65532.819603115,593.212,21041.304672700287,22338.53042999997,74.364,0.0,0.0,0.0,7405.999,2392.5793589302466,0.0,129746.12415075421,-2392.5793589302466,50282.13874377,17.18868,17.18868,17.18868
5224,40,134429.6519,16638.693893104,59865.4008475405,16638.693893104,1221.308,59865.4008475405,593.212,21028.62597057673,24452.489999999998,74.364,36.159999999999954,257.0,0.0,7405.999,0.0,2856.3981887787186,126739.38921519768,2856.3981887787186,57925.55715935549,33.44188000000003,33.44188000000003,33.44188000000003
5225,41,134463.7734,25485.57185917,52266.827858162,25485.57185917,1221.308,52266.827858162,593.212,21013.305106704185,25028.690000000002,74.364,56.5,0.0,0.0,7405.999,0.0,1317.9955759637135,125352.02545102533,1317.9955759637135,56711.373682668,30.763720000000017,30.763720000000017,30.763720000000017
5226,42,132391.6833,27956.890858810002,36423.936093188,27956.890858810002,1221.308,36423.936093188,593.212,21001.083118640337,25028.690000000002,74.364,469.10799999999927,257.0,0.0,7405.999,0.0,11960.09222936165,112762.45468327623,11960.09222936165,68010.85634800201,35.45800000282153,35.45800000282153,35.45800000282153
5227,43,129290.0521,29820.567500327,15852.856690046,29820.567500327,1221.308,15852.856690046,593.212,20985.650785668284,25028.690000000002,74.364,701.2,257.0,0.0,7405.999,0.0,27349.204123958738,83973.81876331966,27349.204123958738,83616.627909627,35.45800000000003,35.45800000000003,35.45800000000003
5228,44,125481.89,43183.844149534,193.092448083,43183.844149534,1221.308,193.092448083,593.212,20973.334727408226,25028.690000000002,74.364,701.2,257.0,0.0,7405.999,0.0,25849.845674974793,56763.45489492515,25849.845674974793,82104.953402383,35.45800000255046,35.45800000255046,35.45800000255046
5229,45,121834.3193,51409.870347886,0.0,51409.870347886,1221.308,0.0,593.212,20960.28979671018,25028.690000000002,74.364,701.2,257.0,0.0,7405.999,0.0,14182.386155403845,41834.6273629211,14182.386155403845,70424.448952114,35.458000000000226,35.458000000000226,35.458000000000226
5230,46,114106.1278,45962.095705315005,0.0,45962.095705315005,1221.308,0.0,593.212,20945.438754372324,25028.690000000002,74.364,701.2,257.0,0.0,7405.999,0.0,11916.82034031266,29290.605952065667,11916.82034031266,68144.032094685,35.45800000000021,35.45800000000021,35.45800000000021
5231,47,104178.0953,42221.93525718801,0.0,42221.93525718801,1221.308,0.0,593.212,20933.461396735787,25028.690000000002,74.364,469.10800000000006,257.0,0.0,7405.999,0.0,5973.017646076216,23003.218956195968,5973.017646076216,61956.16004281199,35.45800000250109,35.45800000250109,35.45800000250109
5232,48,95581.77389,43022.65815257301,0.0,43022.65815257301,1221.308,0.0,593.212,20920.344486176222,22914.730430000003,74.364,20.339999999999854,0.0,0.0,7405.999,591.1821788052939,0.0,23564.842026060996,-591.1821788052939,52559.11573742699,17.188679999999984,17.188679999999984,17.188679999999984
5233,49,89777.96601,40279.212491341,0.0,40279.212491341,1221.308,0.0,593.212,20905.36062176568,21319.988999999987,74.364,0.0,0.0,0.0,7405.999,2021.4791031066707,0.0,25485.247174012333,-2021.4791031066707,49498.753518659,17.18868,17.18868,17.18868
5234,50,86190.04312,37889.518590038,0.0,37889.518590038,1221.308,0.0,593.212,20893.365104305634,21319.989,74.364,0.0,0.0,0.0,7405.999,3207.712574343648,0.0,28532.574119638797,-3207.712574343648,48300.524529962,17.188680000000023,17.188680000000023,17.188680000000023
5235,51,83270.50958,36233.552599894996,0.0,36233.552599894996,1221.308,0.0,593.212,20880.382386733574,21319.989,74.364,0.0,0.0,0.0,7405.999,4458.297406628591,0.0,32767.95665593596,-4458.297406628591,47036.956980105,17.18867999999997,17.18867999999997,17.18867999999997
5236,52,82637.68558,37922.98914821401,0.0,37922.98914821401,1221.308,0.0,593.212,20865.390242469723,21319.988999999958,74.364,0.0,0.0,0.0,7405.999,6765.565810683726,0.0,39195.2441760855,-6765.565810683726,44714.696431786,17.18867999999997,17.18867999999997,17.18867999999997
5237,53,84291.3976,35248.84639669,0.0,35248.84639669,1221.308,0.0,593.212,20852.639423910157,21319.989,74.364,0.0,0.0,0.0,7405.999,2424.9602206001664,0.0,41498.956385655656,-2424.9602206001664,49042.551203309995,17.18868000000002,17.18868000000002,17.18868000000002
5238,54,87682.32059,35288.385657612,1532.9720499999999,35288.385657612,1221.308,1532.9720499999999,593.212,20840.36496703762,22670.14856999999,74.364,0.0,0.0,0.0,7405.999,1944.433654649616,0.0,43346.16835757269,-1944.433654649616,50860.962882388005,18.13476000000005,18.13476000000005,18.13476000000005
5239,55,92425.86935,30303.448244434003,23944.491486203002,30303.448244434003,1221.308,23944.491486203002,593.212,20825.584550539566,13310.926409999996,74.364,0.0,0.0,0.0,7405.999,5253.464341176554,0.0,48336.95948169042,-5253.464341176554,38177.929619362985,16.242599999999953,16.242599999999953,16.242599999999953
5240,56,98962.03693,17925.197490861,43239.250507347,17925.197490861,1221.308,43239.250507347,593.212,20812.37671024152,10330.787954182935,74.364,0.0,0.0,0.0,7405.998999999999,2640.4587326324577,0.0,50845.395277691256,-2640.4587326324577,37797.588931792,17.18867999999996,17.18867999999996,17.18867999999996
5241,57,105600.4684,9600.8713523,57075.18584612799,9600.8713523,1221.308,57075.18584612799,593.212,20800.324114569466,18339.850544182944,74.364,0.0,0.0,0.0,7405.999,9510.646457180448,0.0,59880.50941201268,-9510.646457180448,38924.411201572,17.18868,17.18868,17.18868
5242,58,112168.8072,7369.235023699999,66026.04711667,7369.235023699999,1221.308,66026.04711667,593.212,20785.326550567126,21319.989,74.364,0.0,0.0,0.0,7405.999,12626.673490937155,0.0,71875.84922840299,-12626.673490937155,38773.52505962999,17.18868,17.18868,17.18868
5243,59,118322.6959,7535.584451379001,69539.0177404345,7535.584451379001,1221.308,69539.0177404345,593.212,20772.490369207564,21319.989,74.364,0.0,0.0,0.0,7405.999,10139.268661021071,0.0,81508.154456373,-10139.268661021071,41248.0937081865,17.188680000000026,17.188680000000026,17.188680000000026
5244,60,123652.1651,12606.283559124999,67979.6626079845,12606.283559124999,1221.308,67979.6626079845,593.212,20760.30127513502,21319.989,74.364,0.0,0.0,0.0,7405.999,8308.954342244564,0.0,89401.66108150533,-8308.954342244564,43066.21893289049,17.18868,17.18868,17.18868
5245,61,128298.6473,17927.902858988,67707.87175732451,17927.902858988,1221.308,67707.87175732451,593.212,20744.418686775454,21319.989,74.364,0.0,0.0,0.0,7405.999,8696.418003087998,0.0,97663.25818443894,-8696.418003087998,42662.872683687485,17.18867999999996,17.18867999999996,17.18867999999996
5246,62,132520.2943,17691.364394516,66125.995140077,17691.364394516,1221.308,66125.995140077,593.212,20732.430360673116,21319.989,74.364,0.0,0.0,0.0,7405.999,2644.3675952661415,0.0,100175.40739994176,-2644.3675952661415,48702.934765407015,17.188679999999955,17.188679999999955,17.188679999999955
5247,63,135811.6969,25545.788945476,63528.0837455975,25545.788945476,1221.308,63528.0837455975,593.212,20717.590286801063,21319.989,74.364,0.0,0.0,0.0,7405.999,4594.638077874681,0.0,104540.3135739227,-4594.638077874681,46737.82420892651,17.18868000000004,17.18868000000004,17.18868000000004
5248,64,137197.0214,29327.07395706,58508.826369155,29327.07395706,1221.308,58508.826369155,593.212,20704.49978744101,21319.989,74.364,0.0,0.0,0.0,7405.999,1958.2507136561253,0.0,106400.65175189602,-1958.2507136561253,49361.121073785,17.188679999999962,17.188679999999962,17.188679999999962
5249,65,136929.1754,33910.80970672,50199.453437446,33910.80970672,1221.308,50199.453437446,593.212,20692.394816904965,22914.730429997737,74.364,20.340000000000014,0.0,0.0,7405.999,103.43599107103799,0.0,106498.9159434135,-103.43599107103799,52818.91225583401,17.188679999999955,17.188679999999955,17.188679999999955
5250,66,134330.5636,37438.382745131996,34060.797031689,37438.382745131996,1221.308,34060.797031689,593.212,20677.09770383242,25028.690000000002,74.364,469.10800000006043,257.0,0.0,7405.999,0.0,7104.60511934649,99020.38423883825,7104.60511934649,62831.383823179,35.45800000246512,35.45800000246512,35.45800000246512
5251,67,130645.7633,45020.31186066599,13340.4709077765,45020.31186066599,1221.308,13340.4709077765,593.212,20664.511284072854,25028.690000000002,74.364,701.2,257.0,0.0,7405.999,0.0,16338.69624748463,81821.75660990705,16338.69624748463,72284.98053155752,35.45800000000021,35.45800000000021,35.45800000000021
5252,68,126811.5327,48568.325251725,134.46349828750002,48568.325251725,1221.308,134.46349828750002,593.212,20652.356788800313,25028.690000000002,74.364,701.2,257.0,0.0,7405.999,0.0,22174.614161187157,58480.05749286795,22174.614161187157,78108.7439499875,35.45800000075097,35.45800000075097,35.45800000075097
5253,69,123053.6909,51785.969401386,0.0,51785.969401386,1221.308,0.0,593.212,20636.497951240748,25028.690000000002,74.364,701.2,257.0,0.0,7405.999,0.0,15349.450547373246,42322.7411272119,15349.450547373246,71267.721498614,35.45800000000013,35.45800000000013,35.45800000000013
5254,70,115036.0067,49331.527648139,0.0,49331.527648139,1221.308,0.0,593.212,20624.43609553841,25028.690000000002,74.364,469.1079999999995,257.0,0.0,7405.999,0.0,10030.361956322573,31764.465383714454,10030.361956322573,65704.479051861,35.458000002456295,35.458000002456295,35.458000002456295
5255,71,105170.8686,48348.43164032401,0.0,48348.43164032401,1221.308,0.0,593.212,20612.551098266355,24452.49,74.364,36.16000000000004,0.0,0.0,7405.999,0.0,2426.352861409616,29210.409740125386,2426.352861409616,56822.43695967599,30.763720000000013,30.763720000000013,30.763720000000013
5256,72,96579.06825,54750.677543694,0.0,54750.677543694,1221.308,0.0,593.212,20596.555301106306,14329.46783999997,74.364,0.0,0.0,0.0,7405.999,2392.5154348004403,0.0,31483.299403185803,-2392.5154348004403,41828.390706305996,16.242599999999957,16.242599999999957,16.242599999999957
5257,73,90680.75838,49325.335895845004,0.0,49325.335895845004,1221.308,0.0,593.212,20584.447592170258,21319.988999999983,74.364,0.0,0.0,0.0,7405.999,9843.897108015266,0.0,40835.001655800304,-9843.897108015266,41355.422484154995,17.188679999999966,17.188679999999966,17.188679999999966
5258,74,86537.23599,47281.390797875,0.0,47281.390797875,1221.308,0.0,593.212,20572.308276897715,15278.064590000005,74.364,0.0,0.0,0.0,7405.999,5889.410674772752,0.0,46429.94179683442,-5889.410674772752,39255.845192125,17.18867999999995,17.18867999999995,17.18867999999995
5259,75,84073.05633,50045.142497331,0.0,50045.142497331,1221.308,0.0,593.212,20556.566797738153,7269.002,74.364,0.0,0.0,0.0,7405.999,3092.5379650692767,0.0,49367.85286365024,-3092.5379650692767,34027.91383266901,16.242599999999964,16.242599999999964,16.242599999999964
5260,76,83354.05795,51603.061394348,0.0,51603.061394348,1221.308,0.0,593.212,20544.1804108743,7269.002,74.364,0.0,0.0,0.0,7405.999,5357.068855222444,0.0,54457.06827611156,-5357.068855222444,31750.996555652004,16.242599999999946,16.242599999999946,16.242599999999946
5261,77,84908.62701,51548.68209525,0.0,51548.68209525,1221.308,0.0,593.212,20531.827653076252,7269.002,74.364,0.0,0.0,0.0,7405.999,3735.767738326409,0.0,58006.04762752165,-3735.767738326409,33359.94491475,16.242600000050768,16.242600000050768,16.242600000050768
5262,78,88621.69672,54818.80474243,1398.6392,54818.80474243,1221.308,1398.6392,593.212,20531.827653076252,7247.502,74.364,0.0,0.0,0.0,7405.999,4669.959875506361,0.0,62442.50950925269,-4669.959875506361,32404.252777570004,17.188680000000023,17.188680000000023,17.188680000000023
5263,79,93255.90527,47676.238958793,22964.090731859502,47676.238958793,1221.308,22964.090731859502,0.0,20531.827653076252,0.0,74.364,0.0,0.0,0.0,5554.49925,4766.423323728375,0.0,66970.61166679465,-4766.423323728375,22615.5755793475,2.2723199999999295,2.2723199999999295,2.2723199999999295
5264,80,99578.84466,33016.513397097995,42063.2001886385,33016.513397097995,1221.308,42063.2001886385,593.212,20531.827653076252,0.0,74.364,0.0,0.0,0.0,7405.999,5327.579578814151,0.0,72031.81226666809,-5327.579578814151,24499.13107426351,9.7305,9.7305,9.7305
5265,81,106446.2535,24817.391556614002,56279.947199534006,24817.391556614002,1221.308,56279.947199534006,593.212,20531.827653076252,0.0,74.364,0.0,0.0,0.0,7405.999,4477.795909225683,0.0,76285.71838043249,-4477.795909225683,25348.914743851994,9.730499999999926,9.730499999999926,9.730499999999926
5266,82,112851.5064,21998.274795876,63395.7010680995,21998.274795876,1221.308,63395.7010680995,593.212,20531.827653076252,21.5,74.364,0.0,0.0,0.0,7405.999,2390.6801170533217,0.0,78556.86449163314,-2390.6801170533217,27457.530536024497,9.730499999999934,9.730499999999934,9.730499999999934
5267,83,118681.0507,20170.481647676996,66926.9447567105,20170.481647676996,1221.308,66926.9447567105,593.212,20531.827653076252,7269.002,74.364,0.0,0.0,0.0,7405.999,5512.08835746395,0.0,83793.34843122389,-5512.08835746395,31583.62429561252,16.24260000005076,16.24260000005076,16.24260000005076
5268,84,123932.8589,25410.088748479004,67732.51433734699,25410.088748479004,1221.308,67732.51433734699,593.212,20531.827653076252,7269.002,74.364,0.0,0.0,0.0,7405.999,6305.45683890226,0.0,89783.53242818105,-6305.45683890226,30790.255814174016,16.2426,16.2426,16.2426
5269,85,128672.7507,27469.731040642004,66470.04841534501,27469.731040642004,1221.308,66470.04841534501,593.212,20531.827653076252,7269.002,74.364,0.0,0.0,0.0,7405.999,2362.7414090633993,0.0,92028.13676679127,-2362.7414090633993,34732.971244012995,16.24259999999996,16.24259999999996,16.24259999999996
5270,86,132993.9141,28311.104039756,67212.48860722,28311.104039756,1221.308,67212.48860722,593.212,20531.827653076252,13310.926409999996,74.364,0.0,0.0,0.0,7405.999,5667.31561005227,0.0,97412.08659634093,-5667.31561005227,37470.32145302399,16.52627999999993,16.52627999999993,16.52627999999993
5271,87,136505.8,27154.150248682996,63705.5816845375,27154.150248682996,1221.308,63705.5816845375,593.212,20531.827653076252,21319.988999999994,74.364,0.0,0.0,0.0,7405.999,5500.631586296768,0.0,102637.68660332286,-5500.631586296768,45646.06806677949,17.85108000000002,17.85108000000002,17.85108000000002
5272,88,137902.1784,31406.836453966996,57537.065180567006,31406.836453966996,1221.308,57537.065180567006,593.212,20531.827653076252,22338.53042999674,74.364,0.0,0.0,0.0,7405.999,3206.9643176103245,0.0,105684.30270505267,-3206.9643176103245,48958.276765466,17.188679999999966,17.188679999999966,17.188679999999966
5273,89,137511.9763,27502.331192278998,49388.42599053251,27502.331192278998,1221.308,49388.42599053251,593.212,20531.827653076252,24452.49,74.364,268.2519999999986,257.0,0.0,7405.999,0.0,5816.766464112312,99561.39063756603,5816.766464112312,60621.2191171885,33.441880000000054,33.441880000000054,33.441880000000054
5274,90,135121.1434,29286.962595663,33943.5105407875,29286.962595663,1221.308,33943.5105407875,593.212,20531.827653076252,25028.690000000002,74.364,701.2,257.0,0.0,7405.999,0.0,16077.069610473209,82638.15946864686,16077.069610473209,71890.67026354949,35.45800000000019,35.45800000000019,35.45800000000019
5275,91,131741.131,35985.436690369,13691.160892224501,35985.436690369,1221.308,13691.160892224501,593.212,20531.827653076252,25028.690000000002,74.364,701.2,257.0,0.0,7405.999,0.0,26250.932764330224,55005.59866408873,26250.932764330224,82064.53341740648,35.4580000026153,35.4580000026153,35.4580000026153
5276,92,127502.9993,47327.017139947995,196.4490553655,47327.017139947995,1221.308,196.4490553655,593.212,20531.827653076252,25028.690000000002,74.364,701.2,257.0,0.0,7405.999,0.0,24165.932451610224,29567.77503081481,24165.932451610224,79979.53310468649,35.45800000000002,35.45800000000002,35.45800000000002
5277,93,123442.3012,51984.655555738995,0.0,51984.655555738995,1221.308,0.0,593.212,20531.827653076252,25028.690000000002,74.364,701.2,257.0,0.0,7405.999,0.0,15644.04499118472,13100.359250620366,15644.04499118472,71457.645644261,35.45800000254899,35.45800000254899,35.45800000254899
5278,94,115489.8979,49092.268204999,0.0,49092.268204999,1221.308,0.0,593.212,20531.827653076252,25028.690000000002,74.364,469.1079999999996,257.0,0.0,7405.999,0.0,10816.121041924616,1714.9686801734026,10816.121041924616,66397.629695001,35.45800000263588,35.45800000263588,35.45800000263588
5279,95,105749.7837,49805.202800759,0.0,49805.202800759,1221.308,0.0,593.212,20531.827653076252,24452.49,74.364,36.160000000000004,0.0,0.0,7405.999,0.0,1629.2202461647325,0.0,1629.2202461647325,55944.580899241,30.763720000000013,30.763720000000013,30.763720000000013
5280,96,97515.51831,48852.658800168,0.0,48852.658800168,1221.308,0.0,593.212,20531.827653076252,18836.148856755706,74.364,0.0,0.0,0.0,7405.999,0.0,0.0,0.0,0.0,48662.859509832,17.18868,17.18868,17.18868
5281,1,91377.61188,47929.595793386,0.0,47929.595793386,1221.308,0.0,593.212,20531.827653076252,23688.68999999996,74.364,0.0,0.0,0.0,7405.999,10067.38456646222,0.0,9564.01533813911,-10067.38456646222,43448.016086614,17.85108,17.85108,17.85108
5282,2,87079.57385,44366.388250641,0.0,44366.388250641,1221.308,0.0,593.212,20531.827653076252,23688.689999999973,74.364,0.0,0.0,0.0,7405.999,10802.215053717238,0.0,19826.119639170487,-10802.215053717238,42713.185599359,17.85108,17.85108,17.85108
5283,3,83869.16141,41574.191798455,0.0,41574.191798455,1221.308,0.0,593.212,20531.827653076252,23688.689999999988,74.364,0.0,0.0,0.0,7405.999,11220.431041531247,0.0,30485.529128625167,-11220.431041531247,42294.969611545,17.85108,17.85108,17.85108
5284,4,83956.61454,39697.449656163,0.0,39697.449656163,1221.308,0.0,593.212,20531.827653076252,23688.690000000002,74.364,0.0,0.0,0.0,7405.999,9256.235769239258,0.0,39278.95310940246,-9256.235769239258,44259.164883836995,17.85108,17.85108,17.85108
5285,5,85683.18467,32161.144948833,0.0,32161.144948833,1221.308,0.0,593.212,20531.827653076252,24264.890000000003,74.364,20.339999999999996,0.0,0.0,7405.999,589.9009319092332,0.0,39839.35899471623,-589.9009319092332,53522.039721167006,20.732559999999946,20.732559999999946,20.732559999999946
5286,6,89116.79062,9142.460343708,2737.0949056470004,9142.460343708,1221.308,2737.0949056470004,593.212,20531.827653076252,25028.690000000002,74.364,21799.545759999994,529.912,0.0,7405.999,0.0,52.37695756878048,39784.22535517015,52.37695756878048,77237.235370645,38.32754000000008,38.32754000000008,38.32754000000008
5287,7,93795.48329,27360.168102419,21308.3076141945,27360.168102419,1221.308,21308.3076141945,593.212,20531.827653076252,24264.890000000003,74.364,20.33999999999994,0.0,0.0,7405.999,8984.933079689716,0.0,48319.91178087538,-8984.933079689716,45127.0075733865,17.85107999999996,17.85107999999996,17.85107999999996
5288,8,99552.00134,9830.344859749,40643.9030543975,9830.344859749,1221.308,40643.9030543975,593.212,20531.827653076252,23688.690000000002,74.364,0.0,0.0,0.0,7405.999,4437.647227222699,0.0,52535.676646736945,-4437.647227222699,49077.753425853494,17.851079999999932,17.851079999999932,17.851079999999932
5289,9,106376.3326,2958.5353902760003,54728.044803881494,2958.5353902760003,1221.308,54728.044803881494,593.212,20531.827653076252,23688.690000000002,74.364,0.0,0.0,0.0,7405.999,4825.648247233749,0.0,57120.04248160901,-4825.648247233749,48689.752405842504,17.85108,17.85108,17.85108
5290,10,113200.7658,3467.637839577,61938.1645335325,3467.637839577,1221.308,61938.1645335325,593.212,20531.827653076252,23688.689999999988,74.364,0.0,0.0,0.0,7405.999,5720.437226185745,0.0,62554.45784648547,-5720.437226185745,47794.96342689049,17.85108,17.85108,17.85108
5291,11,119568.2356,4566.949006453,66124.1238848885,4566.949006453,1221.308,66124.1238848885,593.212,20531.827653076252,23688.690000000002,74.364,0.0,0.0,0.0,7405.999,4638.2379444177595,0.0,66960.78389368234,-4638.2379444177595,48877.16270865851,17.85108,17.85108,17.85108
5292,12,124917.6812,8125.773288782,67934.13805280601,8125.773288782,1221.308,67934.13805280601,593.212,20531.827653076252,23688.689999999973,74.364,0.0,0.0,0.0,7405.999,4657.630794664236,0.0,71385.53314861337,-4657.630794664236,48857.76985841199,17.85108,17.85108,17.85108
5293,13,129926.7106,8902.075994281999,68018.335839054,8902.075994281999,1221.308,68018.335839054,593.212,20531.827653076252,24264.890000000003,74.364,20.339999999999897,0.0,0.0,7405.999,1105.6418864122759,0.0,72435.89294070503,-1105.6418864122759,53006.29876666401,17.85108,17.85108,17.85108
5294,14,134405.8622,10626.760950570999,65371.509554605,10626.760950570999,1221.308,65371.509554605,593.212,20531.827653076252,25028.690000000002,74.364,3295.1910417477,257.0,0.0,7405.999,0.0,0.0,72435.89294070503,0.0,58407.591694824005,35.45800000000033,35.45800000000033,35.45800000000033
5295,15,137462.3003,9499.159151884,61212.9191473315,9499.159151884,1221.308,61212.9191473315,593.212,20531.827653076252,25028.690000000002,74.364,11637.82134770825,257.0,0.0,7405.999,0.0,0.0,72435.89294070503,0.0,66750.2220007845,35.458000000000006,35.458000000000006,35.458000000000006
5296,16,138903.5537,10159.811398323998,54579.095839135996,10159.811398323998,1221.308,54579.095839135996,593.212,20531.827653076252,25028.690000000002,74.364,19052.245809463715,257.0,0.0,7405.999,0.0,0.0,72435.89294070506,0.0,74164.64646254,35.45800000000003,35.45800000000003,35.45800000000003
5297,17,138585.6953,14101.601590609,45516.9271646425,14101.601590609,1221.308,45516.9271646425,593.212,20531.827653076252,25028.690000000002,74.364,701.2,257.0,0.0,7405.999,0.0,23153.565891672228,48063.71831789219,23153.565891672228,78967.1665447485,35.458000000000034,35.458000000000034,35.458000000000034
5298,18,136139.278,18740.578394326,31750.941061681,18740.578394326,1221.308,31750.941061681,593.212,20531.827653076252,25028.690000000002,74.364,22031.637759999972,257.0,0.0,7405.999,0.0,8503.720130916761,39112.433969558755,8503.720130916761,85647.758543993,35.45799999999989,35.45799999999989,35.45799999999989
5299,19,132387.6405,22475.405057868997,11681.837398358,22475.405057868997,1221.308,11681.837398358,593.212,20531.827653076252,25028.690000000002,74.364,35407.99428,784.2180000000001,0.0,7405.999,0.0,7182.785110696739,31551.60753724641,7182.785110696739,98230.39804377302,39.05722,39.05722,39.05722
5300,20,128582.1137,30083.038354087,86.73025457349999,30083.038354087,1221.308,86.73025457349999,593.212,20531.827653076252,25028.690000000002,74.364,35407.99428,784.2180000000001,0.0,7405.999,0.0,7364.732158263256,23799.2578969693,7364.732158263256,98412.3450913395,39.05722000000008,39.05722000000008,39.05722000000008
5301,21,124692.6681,40845.41959227499,0.0,40845.41959227499,1221.308,0.0,593.212,20531.827653076252,25028.690000000002,74.364,28734.84785464873,257.0,0.0,7405.999,0.0,0.0,23799.257896969375,0.0,83847.248507725,35.45800000000005,35.45800000000005,35.45800000000005
5302,22,116648.1261,42314.904409853,0.0,42314.904409853,1221.308,0.0,593.212,20531.827653076252,25028.690000000002,74.364,19220.82103707076,257.0,0.0,7405.999,0.0,0.0,23799.257896969415,0.0,74333.221690147,35.458000000000034,35.458000000000034,35.458000000000034
5303,23,106808.6871,38302.424408193,0.0,38302.424408193,1221.308,0.0,593.212,20531.827653076252,25028.690000000002,74.364,6934.617549994795,257.0,0.0,7405.999,0.0,6459.244488735921,17000.053171984233,6459.244488735921,68506.262691807,35.458,35.458,35.458
5304,24,97809.35807,39057.320742425,0.0,39057.320742425,1221.308,0.0,593.212,20531.827653076252,25028.690000000002,74.364,3639.636674498713,257.0,0.0,7405.999,0.0,0.0,17000.053171984233,0.0,58752.037327575,35.458000000000354,35.458000000000354,35.458000000000354
5305,25,92164.91313,38828.275493901994,0.0,38828.275493901994,1221.308,0.0,593.212,20531.827653076252,24264.889999999974,74.364,20.339999999999897,0.0,0.0,7405.999,775.3030169782294,0.0,17736.59103811355,-775.3030169782294,53336.63763609801,17.85108,17.85108,17.85108
5306,26,87923.38219,35908.398008195,0.0,35908.398008195,1221.308,0.0,593.212,20531.827653076252,23688.690000000002,74.364,0.0,0.0,0.0,7405.999,1500.4164712712409,0.0,19161.98668582123,-1500.4164712712409,52014.984181805004,17.85107999999994,17.85107999999994,17.85107999999994
5307,27,85169.8659,36538.202797278,0.0,36538.202797278,1221.308,0.0,593.212,20531.827653076252,23688.690000000002,74.364,0.0,0.0,0.0,7405.999,4883.73755035423,0.0,23801.537358657748,-4883.73755035423,48631.66310272201,17.85108,17.85108,17.85108
5308,28,84318.77383,33187.715051307,0.0,33187.715051307,1221.308,0.0,593.212,20531.827653076252,24264.890000000003,74.364,20.339999999999925,0.0,0.0,7405.999,2980.8818743832694,0.0,26633.375139321855,-2980.8818743832694,51131.058778693005,17.85108,17.85108,17.85108
5309,29,85774.916,24663.540756133996,0.0,24663.540756133996,1221.308,0.0,593.212,20531.827653076252,25028.690000000002,74.364,5998.974590789719,257.0,0.0,7405.999,0.0,0.0,26633.375139321855,0.0,61111.375243866,35.458000000000375,35.458000000000375,35.458000000000375
5310,30,89003.42628,21249.578507271,1742.13225,21249.578507271,1221.308,1742.13225,593.212,20531.827653076252,25028.690000000002,74.364,10899.31486965271,257.0,0.0,7405.999,0.0,0.0,26633.375139321855,0.0,66011.715522729,35.458,35.458,35.458
5311,31,93596.42298,18912.815459353,21733.9663672375,18912.815459353,1221.308,21733.9663672375,593.212,20531.827653076252,24264.890000000003,74.364,20.339999999999925,0.0,0.0,7405.999,1162.2994996667512,0.0,27737.559664005268,-1162.2994996667512,52949.641153409495,17.85108,17.85108,17.85108
5312,32,99800.04305,11546.873505504,41510.516153597,11546.873505504,1221.308,41510.516153597,593.212,20531.827653076252,23688.689999999995,74.364,0.0,0.0,0.0,7405.999,6772.747262177243,0.0,34171.66956307365,-6772.747262177243,46742.653390898995,17.85108,17.85108,17.85108
5313,33,106946.3578,10886.15130002,55774.302646845,10886.15130002,1221.308,55774.302646845,593.212,20531.827653076252,23688.689999999988,74.364,0.0,0.0,0.0,7405.999,13229.496799941215,0.0,46739.691523017806,-13229.496799941215,40285.90385313501,17.85108,17.85108,17.85108
5314,34,113490.8752,11167.733008516,62109.7706640475,11167.733008516,1221.308,62109.7706640475,593.212,20531.827653076252,23688.689999999988,74.364,0.0,0.0,0.0,7405.999,13302.029125639743,0.0,59376.61919237556,-13302.029125639743,40213.37152743649,17.85108,17.85108,17.85108
5315,35,119641.8198,11368.701106043,66427.678162076,11368.701106043,1221.308,66427.678162076,593.212,20531.827653076252,23688.689999999988,74.364,0.0,0.0,0.0,7405.999,11669.960121195254,0.0,70463.08130751105,-11669.960121195254,41845.440531881,17.85108,17.85108,17.85108
5316,36,124669.3035,12950.059096073,68139.2120032025,12950.059096073,1221.308,68139.2120032025,593.212,20531.827653076252,23688.68999999996,74.364,0.0,0.0,0.0,7405.999,9935.368252351705,0.0,79901.68114724518,-9935.368252351705,43580.03240072449,17.85108,17.85108,17.85108
5317,37,129328.7346,11348.415596005001,68330.75684880449,11348.415596005001,1221.308,68330.75684880449,593.212,20531.827653076252,23688.690000000002,74.364,0.0,0.0,0.0,7405.999,3865.838497885775,0.0,83574.22772023667,-3865.838497885775,49649.562155190506,17.85108,17.85108,17.85108
5318,38,133465.0361,13010.996254183,67498.61629985651,13010.996254183,1221.308,67498.61629985651,593.212,20531.827653076252,24264.890000000003,74.364,20.339999999999996,0.0,0.0,7405.999,1156.5171071157865,0.0,84672.91897199667,-1156.5171071157865,52955.42354596048,17.85108,17.85108,17.85108
5319,39,136236.6982,14546.588951533999,64236.100403997996,14546.588951533999,1221.308,64236.100403997996,593.212,20531.827653076252,25028.690000000002,74.364,469.10799999999955,257.0,0.0,7405.999,0.0,1872.5001913917718,82701.86613895271,1872.5001913917718,57454.00884446802,35.458000000000325,35.458000000000325,35.458000000000325
5320,40,137359.3328,19361.169653744,58875.675372484,19361.169653744,1221.308,58875.675372484,593.212,20531.827653076252,25028.690000000002,74.364,701.2,257.0,0.0,7405.999,0.0,3308.8871206957574,79218.82706453612,3308.8871206957574,59122.487773772,35.45800000000034,35.45800000000034,35.45800000000034
5321,41,136830.6051,27072.35029733,49124.5649805805,27072.35029733,1221.308,49124.5649805805,593.212,20531.827653076252,25028.690000000002,74.364,701.2,257.0,0.0,7405.999,0.0,4820.08916901327,74145.04899189057,4820.08916901327,60633.68982208948,35.458000000000354,35.458000000000354,35.458000000000354
5322,42,133872.4499,39297.799655309,32292.8041917655,39297.799655309,1221.308,32292.8041917655,593.212,20531.827653076252,25028.690000000002,74.364,701.2,257.0,0.0,7405.999,0.0,6468.245399849258,67336.36962362818,6468.245399849258,62281.8460529255,35.458000000000446,35.458000000000446,35.458000000000446
5323,43,129912.865,46303.610107319,11154.252452280498,46303.610107319,1221.308,11154.252452280498,593.212,20531.827653076252,25028.690000000002,74.364,701.2,257.0,0.0,7405.999,0.0,16641.40178732428,49819.10458433947,16641.40178732428,72455.0024404005,35.458000000000034,35.458000000000034,35.458000000000034
5324,44,125633.5444,53377.278946312996,67.9610050335,53377.278946312996,1221.308,67.9610050335,593.212,20531.827653076252,25028.690000000002,74.364,701.2,257.0,0.0,7405.999,0.0,16374.703795577243,32582.574273205537,16374.703795577243,72188.3044486535,35.458,35.458,35.458
5325,45,121751.0534,49241.312890207,0.0,49241.312890207,1221.308,0.0,593.212,20531.827653076252,25028.690000000002,74.364,701.2,257.0,0.0,7405.999,0.0,16696.13985671676,15007.690213503689,16696.13985671676,72509.740509793,35.458000000000034,35.458000000000034,35.458000000000034
5326,46,114238.4386,46324.787748166,0.0,46324.787748166,1221.308,0.0,593.212,20531.827653076252,25028.690000000002,74.364,701.2,257.0,0.0,7405.999,0.0,12100.050198757748,2270.7952674429016,12100.050198757748,67913.65085183398,35.458,35.458,35.458
5327,47,105512.3662,47773.602042852996,0.0,47773.602042852996,1221.308,0.0,593.212,20531.827653076252,25028.690000000002,74.364,469.10800000000216,257.0,0.0,7405.999,0.0,2157.2555040707566,0.0,2157.2555040707566,57738.76415714701,35.45800000000001,35.45800000000001,35.45800000000001
5328,48,97735.6566,45991.121094408,0.0,45991.121094408,1221.308,0.0,593.212,20531.827653076252,24264.88999999996,74.364,20.340000000000014,0.0,0.0,7405.999,2367.4051474842277,0.0,2249.034890110016,-2367.4051474842277,51744.535505592,17.85108,17.85108,17.85108
5329,49,91355.93294,45100.427710056,0.0,45100.427710056,1221.308,0.0,593.212,20531.827653076252,23688.689999999973,74.364,0.0,0.0,0.0,7405.999,7259.895423132254,0.0,9145.93554208566,-7259.895423132254,46255.505229944,17.851080000000064,17.851080000000064,17.851080000000064
5330,50,86991.50628,46820.508990872004,0.0,46820.508990872004,1221.308,0.0,593.212,20531.827653076252,23688.689999999973,74.364,0.0,0.0,0.0,7405.999,13344.403363948251,0.0,21823.1187378365,-13344.403363948251,40170.997289128,17.85108,17.85108,17.85108
5331,51,84174.99247,42655.350145658005,0.0,42655.350145658005,1221.308,0.0,593.212,20531.827653076252,23562.03141633264,74.364,0.0,0.0,0.0,7405.999,11869.099745066897,0.0,33098.76349565005,-11869.099745066897,41519.64232434199,17.85108,17.85108,17.85108
5332,52,82434.17066,39519.127446552004,0.0,39519.127446552004,1221.308,0.0,593.212,20531.827653076252,23688.690000000002,74.364,0.0,0.0,0.0,7405.999,10600.357439628257,0.0,43169.10306329689,-10600.357439628257,42915.043213448,17.851080000000078,17.851080000000078,17.851080000000078
5333,53,82115.56876,32487.059501743995,0.0,32487.059501743995,1221.308,0.0,593.212,20531.827653076252,23688.689999999973,74.364,0.0,0.0,0.0,7405.999,3886.8913948202553,0.0,46861.64988837614,-3886.8913948202553,49628.509258256,17.85108,17.85108,17.85108
5334,54,82781.88864,27681.138895127,1702.98855,27681.138895127,1221.308,1702.98855,593.212,20531.827653076252,23688.690000000002,74.364,0.0,0.0,0.0,7405.999,117.63945820325625,0.0,46973.40737366923,-117.63945820325625,53397.761194873005,18.513479999999998,18.513479999999998,18.513479999999998
5335,55,85336.85321,27106.031704193,19771.5462336685,27106.031704193,1221.308,19771.5462336685,593.212,20531.827653076252,22338.530430000003,74.364,0.0,0.0,0.0,7405.999,13705.965810937763,0.0,59994.074894060104,-13705.965810937763,38459.275272138504,17.18868,17.18868,17.18868
5336,56,90846.27599,21705.779498911,38605.567292596,21705.779498911,1221.308,38605.567292596,593.212,20531.827653076252,21319.988999999972,74.364,0.0,0.0,0.0,7405.999,20611.770454583246,0.0,79575.25682591418,-20611.770454583246,30534.929198492995,17.188680000000048,17.188680000000048,17.188680000000048
5337,57,98034.01114,13852.647910116,52154.978609869,13852.647910116,1221.308,52154.978609869,593.212,20531.827653076252,21319.988999999987,74.364,0.0,0.0,0.0,7405.999,19120.315033061233,0.0,97739.55610732237,-19120.315033061233,32026.384620015007,17.188679999999863,17.188679999999863,17.188679999999863
5338,58,105023.4584,12808.430645625,58369.212146604994,12808.430645625,1221.308,58369.212146604994,593.212,20531.827653076252,21319.989,74.364,0.0,0.0,0.0,7405.999,17300.884045306266,0.0,114175.39595036331,-17300.884045306266,33845.815607770004,17.188679999999906,17.188679999999906,17.188679999999906
5339,59,111489.9157,10709.807244790001,61480.895035513,10709.807244790001,1221.308,61480.895035513,593.212,20531.827653076252,21319.989,74.364,0.0,0.0,0.0,7405.999,11847.486233379263,0.0,125430.5078720736,-11847.486233379263,39299.21341969699,17.1886799999999,17.1886799999999,17.1886799999999
5340,60,116453.5687,9925.910950681999,64607.855225652005,9925.910950681999,1221.308,64607.855225652005,593.212,20531.827653076252,22670.14857,74.364,0.0,0.0,0.0,7405.999,10577.056699410272,0.0,135478.71173651336,-10577.056699410272,41919.802523666,17.851080000000092,17.851080000000092,17.851080000000092
5341,61,121041.5882,16133.95469256,63960.3319552325,16133.95469256,1221.308,63960.3319552325,593.212,20531.827653076252,23688.68999999994,74.364,0.0,0.0,0.0,7405.999,12568.099100868778,0.0,147418.4058823387,-12568.099100868778,40947.3015522075,17.851080000000092,17.851080000000092,17.851080000000092
5342,62,124633.1751,17907.884642399,62887.958680239,17907.884642399,1221.308,62887.958680239,593.212,20531.827653076252,23688.690000000002,74.364,0.0,0.0,0.0,7405.999,9678.068875714273,0.0,156612.57131426726,-9678.068875714273,43837.33177736199,17.85108000000006,17.85108000000006,17.85108000000006
5343,63,127469.9722,17524.029755519,61176.52051180999,17524.029755519,1221.308,61176.52051180999,593.212,20531.827653076252,22508.4256856292,74.364,0.0,0.0,0.0,7405.999,3565.7144060344644,0.0,160000.0,-3565.7144060344644,48769.42193267101,17.18868,17.18868,17.18868
5344,64,129167.9683,19662.873305557,54350.2310857375,19662.873305557,1221.308,54350.2310857375,593.212,20531.827653076252,24622.38525562925,74.364,448.76800000000003,257.0,0.0,7405.999,0.0,0.0,160000.0,0.0,55154.86390870549,33.83948000000005,33.83948000000005,33.83948000000005
5345,65,129026.4224,24673.318452584,45421.863797127,24673.318452584,1221.308,45421.863797127,593.212,20531.827653076252,25028.690000000002,74.364,3818.8394972127217,257.0,0.0,7405.999,0.0,0.0,160000.0,0.0,58931.24015028899,35.458,35.458,35.458
5346,66,126500.5998,28905.950196362002,26377.848054468002,28905.950196362002,1221.308,26377.848054468002,593.212,20531.827653076252,25028.690000000002,74.364,9194.002108571769,257.0,0.0,7405.999,0.0,6910.398787521968,152725.8960131349,6910.398787521968,71216.80154916999,35.458,35.458,35.458
5347,67,123211.3108,29666.917659241004,7597.071049777999,29666.917659241004,1221.308,7597.071049777999,593.212,20531.827653076252,25028.690000000002,74.364,701.2,257.0,0.0,7405.999,0.0,30133.72143790476,121006.18923639304,30133.72143790476,85947.322090981,35.458,35.458,35.458
5348,68,119701.6212,27965.618158413003,126.0886508685,27965.618158413003,1221.308,126.0886508685,593.212,20531.827653076252,25028.690000000002,74.364,701.2,257.0,0.0,7405.999,0.0,35796.31373764225,83325.8589862433,35796.31373764225,91609.91439071848,35.458,35.458,35.458
5349,69,116354.5453,26400.934651515,0.0,26400.934651515,1221.308,0.0,593.212,20531.827653076252,25028.690000000002,74.364,701.2,257.0,0.0,7405.999,0.0,34140.009995408764,47389.006359497245,34140.009995408764,89953.610648485,35.45799999999991,35.45799999999991,35.45799999999991
5350,70,109953.2603,27312.946545975,0.0,27312.946545975,1221.308,0.0,593.212,20531.827653076252,25028.690000000002,74.364,701.2,257.0,0.0,7405.999,0.0,26826.713100948753,19150.360990077508,26826.713100948753,82640.313754025,35.458,35.458,35.458
5351,71,102148.094,28141.65040635,0.0,28141.65040635,1221.308,0.0,593.212,20531.827653076252,25028.690000000002,74.364,701.2,257.0,0.0,7405.999,0.0,18192.842940573755,0.0,18192.842940573755,74006.44359365,35.458,35.458,35.458
5352,72,94954.30341,33009.372407636,0.0,33009.372407636,1221.308,0.0,593.212,20531.827653076252,25028.690000000002,74.364,6832.530349287714,257.0,0.0,7405.999,0.0,0.0,0.0,0.0,61944.93100236399,35.458000000000226,35.458000000000226,35.458000000000226
5353,73,89585.88378,38895.176405408994,0.0,38895.176405408994,1221.308,0.0,593.212,20531.827653076252,22914.730429999985,74.364,20.340000000000014,0.0,0.0,7405.999,2071.0737084852335,0.0,1967.5200230609717,-2071.0737084852335,50690.70737459101,17.18868,17.18868,17.18868
5354,74,85384.90422,41985.74493920101,0.0,41985.74493920101,1221.308,0.0,593.212,20531.827653076252,21319.988999999987,74.364,0.0,0.0,0.0,7405.999,7747.54037227725,0.0,9327.683376724359,-7747.54037227725,43399.15928079899,17.18868,17.18868,17.18868
5355,75,82816.58481,40789.120247486,0.0,40789.120247486,1221.308,0.0,593.212,20531.827653076252,21319.988999999972,74.364,0.0,0.0,0.0,7405.999,9119.23509056225,0.0,17990.956712758496,-9119.23509056225,42027.464562514004,17.18867999999991,17.18867999999991,17.18867999999991
5356,76,81078.04035,40897.718053648,0.0,40897.718053648,1221.308,0.0,593.212,20531.827653076252,21319.988999999972,74.364,0.0,0.0,0.0,7405.999,10966.37735672425,0.0,28409.015201646533,-10966.37735672425,40180.322296351995,17.1886799999999,17.1886799999999,17.1886799999999
5357,77,80189.62546,36913.695694301,0.0,36913.695694301,1221.308,0.0,593.212,20531.827653076252,21319.989,74.364,0.0,0.0,0.0,7405.999,7870.7698873772715,0.0,35886.24659465494,-7870.7698873772715,43275.929765698995,17.188679999999902,17.188679999999902,17.188679999999902
5358,78,79871.15078,30941.101396927006,1994.2401999999997,30941.101396927006,1221.308,1994.2401999999997,593.212,20531.827653076252,22670.14857,74.364,0.0,0.0,0.0,7405.999,5561.050040003262,0.0,41169.244132658045,-5561.050040003262,46935.80918307299,17.85108,17.85108,17.85108
5359,79,81122.0165,25256.628653894,19825.711796364998,25256.628653894,1221.308,19825.711796364998,593.212,20531.827653076252,21319.989,74.364,0.0,0.0,0.0,7405.999,15107.023603335254,0.0,55520.91655582652,-15107.023603335254,36039.676049741,17.18867999999978,17.18867999999978,17.18867999999978
5360,80,86124.31755,16236.261345789,39888.980592835,16236.261345789,1221.308,39888.980592835,593.212,20531.827653076252,21319.988999999972,74.364,0.0,0.0,0.0,7405.999,21147.624041700245,0.0,75611.15939544176,-21147.624041700245,29999.075611376007,17.188680000000055,17.188680000000055,17.188680000000055
5361,81,93371.86915,10732.22475235,53664.909933119,10732.22475235,1221.308,53664.909933119,593.212,20531.827653076252,21319.989,74.364,0.0,0.0,0.0,7405.999,22171.965188545237,0.0,96674.52632455972,-22171.965188545237,28974.734464531,17.188680000000087,17.188680000000087,17.188680000000087
5362,82,100726.1016,9980.834395107,60394.2556392365,9980.834395107,1221.308,60394.2556392365,593.212,20531.827653076252,21319.989,74.364,0.0,0.0,0.0,7405.999,20795.68808741976,0.0,116430.43000760849,-20795.68808741976,30351.011565656496,17.188680000000076,17.188680000000076,17.188680000000076
5363,83,107592.7718,9925.661042183001,64726.038060942505,9925.661042183001,1221.308,64726.038060942505,593.212,20531.827653076252,21319.988999999998,74.364,0.0,0.0,0.0,7405.999,18205.626956201733,0.0,133725.77561600014,-18205.626956201733,32941.0726968745,17.18868000000006,17.18868000000006,17.18868000000006
5364,84,113577.2299,11633.89230198,66167.3438868495,11633.89230198,1221.308,66167.3438868495,593.212,20531.827653076252,21319.989,74.364,0.0,0.0,0.0,7405.999,15370.705941905726,0.0,148327.94626081054,-15370.705941905726,35775.99371117051,17.188680000000048,17.188680000000048,17.188680000000048
5365,85,119057.9868,9057.871304062002,65700.760581579,9057.871304062002,1221.308,65700.760581579,593.212,20531.827653076252,22095.835042156974,74.364,0.0,0.0,0.0,7405.999,7623.190780874254,0.0,155569.9775026411,-7623.190780874254,44299.35491435899,17.188679999999923,17.188679999999923,17.188679999999923
5366,86,123712.8462,9247.572210088001,65259.210300845996,9247.572210088001,1221.308,65259.210300845996,593.212,20531.827653076252,24022.194612156974,74.364,20.340000000000014,0.0,0.0,7405.999,4663.181576167246,0.0,160000.0,-4663.181576167246,49206.06368906601,18.513480000000076,18.513480000000076,18.513480000000076
5367,87,127410.1142,9893.75394751,59692.68893718201,9893.75394751,1221.308,59692.68893718201,593.212,20531.827653076252,25028.690000000002,74.364,469.1080000000013,257.0,0.0,7405.999,0.0,2242.1626622317203,157639.82877659818,2242.1626622317203,57823.67131530798,35.458,35.458,35.458
5368,88,129807.0188,8543.275142747,52636.937059353004,8543.275142747,1221.308,52636.937059353004,593.212,20531.827653076252,25028.690000000002,74.364,9164.156720514438,257.0,0.0,7405.999,0.0,4350.24922430928,153060.61906679894,4350.24922430928,68626.80659790001,35.458,35.458,35.458
5369,89,130708.9427,7617.416906654001,43153.969548355,7617.416906654001,1221.308,43153.969548355,593.212,20531.827653076252,25028.690000000002,74.364,701.2,257.0,0.0,7405.999,0.0,24123.955591914786,127666.98160162548,24123.955591914786,79937.55624499099,35.45800000000004,35.45800000000004,35.45800000000004
5370,90,129133.9556,14697.269155803999,26197.6578431145,14697.269155803999,1221.308,26197.6578431145,593.212,20531.827653076252,25028.690000000002,74.364,701.2,257.0,0.0,7405.999,0.0,32425.42794800528,93534.95218267257,32425.42794800528,88239.0286010815,35.45800000000004,35.45800000000004,35.45800000000004
5371,91,126156.1988,25424.37950732,7355.384350798,25424.37950732,1221.308,7355.384350798,593.212,20531.827653076252,25028.690000000002,74.364,12699.571239999557,257.0,0.0,7405.999,0.0,25564.46304880621,66624.99107866603,25564.46304880621,93376.43494188199,35.458,35.458,35.458
5372,92,122764.6054,28460.063089352003,12.2287575,28460.063089352003,1221.308,12.2287575,593.212,20531.827653076252,25028.690000000002,74.364,34030.008999999554,529.912,0.0,7405.999,0.0,4876.991900072182,61491.315394379504,4876.991900072182,94292.31355314801,38.32754000000005,38.32754000000005,38.32754000000005
5373,93,119350.711,32245.377297396,0.0,32245.377297396,1221.308,0.0,593.212,20531.827653076252,25028.690000000002,74.364,12699.571239999557,257.0,0.0,7405.999,0.0,19293.361809528193,41182.51348961299,19293.361809528193,87105.333702604,35.458000000000034,35.458000000000034,35.458000000000034
5374,94,112163.2284,35547.081601271,0.0,35547.081601271,1221.308,0.0,593.212,20531.827653076252,25028.690000000002,74.364,701.2,257.0,0.0,7405.999,0.0,20802.54614565277,19285.09649418902,20802.54614565277,76616.14679872901,35.458,35.458,35.458
5375,95,103316.3731,35879.398057742,0.0,35879.398057742,1221.308,0.0,593.212,20531.827653076252,25028.690000000002,74.364,701.2,257.0,0.0,7405.999,0.0,11623.374389181792,7049.965558208186,11623.374389181792,67436.975042258,35.45800000000004,35.45800000000004,35.45800000000004
5376,96,95352.59413,32841.526196626,0.0,32841.526196626,1221.308,0.0,593.212,20531.827653076252,25028.690000000002,74.364,701.2,257.0,0.0,7405.999,0.0,6697.467280297777,0.0,6697.467280297777,62511.067933374,35.458,35.458,35.458
5377,1,89593.44145,34630.551996156006,0.0,34630.551996156006,1221.308,0.0,593.212,20531.827653076252,25028.690000000002,74.364,56.5,257.0,0.0,7405.999,206.01119923225818,0.0,195.7106392706453,-206.01119923225818,54962.88945384399,33.42304000000006,33.42304000000006,33.42304000000006
5378,2,86173.62568,34913.401588582,0.0,34913.401588582,1221.308,0.0,593.212,20531.827653076252,24264.890000000003,74.364,20.339999999999996,0.0,0.0,7405.999,2851.716561658247,0.0,2904.84137284598,-2851.716561658247,51260.224091418,17.85107999999994,17.85107999999994,17.85107999999994
5379,3,83958.71036,32990.431345449,0.0,32990.431345449,1221.308,0.0,593.212,20531.827653076252,23688.690000000002,74.364,0.0,0.0,0.0,7405.999,2547.121638525262,0.0,5324.606929444979,-2547.121638525262,50968.279014551,17.85107999999994,17.85107999999994,17.85107999999994
5380,4,83474.65594,34624.675491068,0.0,34624.675491068,1221.308,0.0,593.212,20531.827653076252,24264.890000000003,74.364,20.33999999999999,0.0,0.0,7405.999,5261.960204144254,0.0,10323.46912338202,-5261.960204144254,48849.980448931994,17.851079999999982,17.851079999999982,17.851079999999982
5381,5,85319.95829,29303.349753795002,0.0,29303.349753795002,1221.308,0.0,593.212,20531.827653076252,25028.690000000002,74.364,469.10800000000006,257.0,0.0,7405.999,0.0,435.0998831287526,9865.469246404386,435.0998831287526,56016.60853620499,35.45800000000007,35.45800000000007,35.45800000000007
5382,6,88681.39223,29045.882348712996,796.3786500000001,29045.882348712996,1221.308,796.3786500000001,593.212,20531.827653076252,25028.690000000002,74.364,469.10800000000006,257.0,0.0,7405.999,0.0,3257.622578210745,6436.392848287813,3257.622578210745,58839.131231287,35.45800000000011,35.45800000000011,35.45800000000011
5383,7,93992.68813,25062.284758100002,20010.8639147835,25062.284758100002,1221.308,20010.8639147835,593.212,20531.827653076252,24264.88999999996,74.364,20.33999999999999,0.0,0.0,7405.999,5192.401195959728,0.0,11369.173984449553,-5192.401195959728,48919.5394571165,17.851079999999886,17.851079999999886,17.851079999999886
5384,8,100591.9556,17974.390455071996,39900.5688087635,17974.390455071996,1221.308,39900.5688087635,593.212,20531.827653076252,23688.689999999944,74.364,0.0,0.0,0.0,7405.999,10798.40431691175,0.0,21627.658085515715,-10798.40431691175,42716.9963361645,17.851079999999982,17.851079999999982,17.851079999999982
5385,9,107798.0832,14521.315548565999,54147.557812037005,14521.315548565999,1221.308,54147.557812037005,593.212,20531.827653076252,23688.68999999996,74.364,0.0,0.0,0.0,7405.999,14386.190813679252,0.0,35294.53935851101,-14386.190813679252,39129.20983939699,17.85108,17.85108,17.85108
5386,10,114472.9704,14266.389110970998,61177.424402679506,14266.389110970998,1221.308,61177.424402679506,593.212,20531.827653076252,23688.689999999988,74.364,0.0,0.0,0.0,7405.999,14486.243766726755,0.0,49056.47093690142,-14486.243766726755,39029.156886349505,17.85108,17.85108,17.85108
5387,11,120923.475,12837.544946685,65343.697364039006,12837.544946685,1221.308,65343.697364039006,593.212,20531.827653076252,23688.689999999955,74.364,0.0,0.0,0.0,7405.999,10773.167963800235,0.0,59290.980502511644,-10773.167963800235,42742.232689276,17.85108,17.85108,17.85108
5388,12,126414.5436,11308.368542451,66611.367455949,11308.368542451,1221.308,66611.367455949,593.212,20531.827653076252,23688.690000000002,74.364,0.0,0.0,0.0,7405.999,5020.59305147626,0.0,64060.543901414094,-5020.59305147626,48494.8076016,17.8510799999999,17.8510799999999,17.8510799999999
5389,13,131071.8154,15546.7262922,65057.07831873601,15546.7262922,1221.308,65057.07831873601,593.212,20531.827653076252,24264.890000000003,74.364,20.33999999999999,0.0,0.0,7405.999,3643.9298640122556,0.0,67522.27727222574,-3643.9298640122556,50468.01078906401,17.851079999999904,17.851079999999904,17.851079999999904
5390,14,135424.3455,13890.723407762998,63345.173507089006,13890.723407762998,1221.308,63345.173507089006,593.212,20531.827653076252,25028.690000000002,74.364,3076.047932071709,257.0,0.0,7405.999,0.0,0.0,67522.27727222574,0.0,58188.44858514799,35.45800000000008,35.45800000000008,35.45800000000008
5391,15,138474.5569,13697.663556823998,54750.087698942,13697.663556823998,1221.308,54750.087698942,593.212,20531.827653076252,25028.690000000002,74.364,7161.5800475478845,257.0,0.0,7405.999,0.0,7752.824943609853,59361.40891053115,7752.824943609853,70026.805644234,35.45800000000012,35.45800000000012,35.45800000000012
5392,16,139537.0842,18683.979503579,47869.91348088151,18683.979503579,1221.308,47869.91348088151,593.212,20531.827653076252,25028.690000000002,74.364,17870.790562463233,257.0,0.0,7405.999,0.0,0.0,59361.40891053115,0.0,72983.1912155395,35.458,35.458,35.458
5393,17,138862.3736,25387.274549575002,38596.206169933,25387.274549575002,1221.308,38596.206169933,593.212,20531.827653076252,25028.690000000002,74.364,19766.4922274157,257.0,0.0,7405.999,0.0,0.0,59361.40891053115,0.0,74878.892880492,35.458,35.458,35.458
5394,18,136366.891,31930.136455869993,24164.8457159335,31930.136455869993,1221.308,24164.8457159335,593.212,20531.827653076252,25028.690000000002,74.364,25159.5081751202,257.0,0.0,7405.999,0.0,0.0,59361.40891053115,0.0,80271.9088281965,35.458,35.458,35.458
5395,19,133344.9645,37229.218500096,6577.517249930999,37229.218500311006,1221.308,6577.517249930999,593.212,20531.827653076252,25028.690000000002,74.364,34030.009,529.912,0.0,7405.999,0.0,122.90709689678289,59232.03301906085,122.90709689678289,89538.228749758,38.32754,38.32754,38.32754
5396,20,129384.21,37229.175501540005,23.82365,37229.175501540005,1221.308,23.82365,593.212,20531.827653076252,25028.690000000002,74.364,34030.009,529.912,0.0,7405.999,0.0,2715.889195383785,56373.20228707792,2715.889195383785,92131.21084846,38.327540000000006,38.327540000000006,38.327540000000006
5397,21,125409.0659,39712.846697068,0.0,39712.846697068,1221.308,0.0,593.212,20531.827653076252,25028.690000000002,74.364,12699.571240000001,257.0,0.0,7405.999,0.0,17884.247309855764,37547.678803019226,17884.247309855764,85696.219202932,35.458,35.458,35.458
5398,22,116933.0526,34080.95904216701,0.0,34080.95904216701,1221.308,0.0,593.212,20531.827653076252,25028.690000000002,74.364,701.2,257.0,0.0,7405.999,0.0,27038.492904756782,9086.10732432788,27038.492904756782,82852.093557833,35.458,35.458,35.458
5399,23,106918.0698,42632.761740858,0.0,42632.761740858,1221.308,0.0,593.212,20531.827653076252,25028.690000000002,74.364,701.2,257.0,0.0,7405.999,0.0,8471.707406065736,168.52058110079054,8471.707406065736,64285.308059142,35.458,35.458,35.458
5400,24,98107.81276,42366.209554878005,0.0,42366.209554878005,1221.308,0.0,593.212,20531.827653076252,25028.690000000002,74.364,469.10800000000006,257.0,0.0,7405.999,0.0,160.09455204575102,0.0,160.09455204575102,55741.603205121995,35.45800000000001,35.45800000000001,35.45800000000001
5401,25,92516.19304,39975.903705495,0.0,39975.903705495,1221.308,0.0,593.212,20531.827653076252,24264.889999999974,74.364,20.339999999999975,0.0,0.0,7405.999,1571.6513185712383,0.0,1493.0687526426764,-1571.6513185712383,52540.289334504996,17.85108,17.85108,17.85108
5402,26,88269.22167,38730.047605996,0.0,38730.047605996,1221.308,0.0,593.212,20531.827653076252,23688.689999999988,74.364,0.0,0.0,0.0,7405.999,3976.226589072264,0.0,5270.484012261327,-3976.226589072264,49539.174064004,17.85108,17.85108,17.85108
5403,27,85647.47618,36042.508598385,0.0,36042.508598385,1221.308,0.0,593.212,20531.827653076252,23612.61605813504,74.364,0.0,0.0,0.0,7405.999,3834.3591295963083,0.0,8913.12518537782,-3834.3591295963083,49604.967581615,17.85108,17.85108,17.85108
5404,28,84815.83914,34374.969808203,0.0,34374.969808203,1221.308,0.0,593.212,20531.827653076252,23688.690000000002,74.364,0.0,0.0,0.0,7405.999,3074.5313212792653,0.0,11833.929940593122,-3074.5313212792653,50440.869331796996,17.85108,17.85108,17.85108
5405,29,86475.11583,31256.888549731,0.0,31256.888549731,1221.308,0.0,593.212,20531.827653076252,24452.49,74.364,36.16,0.0,0.0,7405.999,0.0,902.8666271927555,10883.544017232327,902.8666271927555,55218.227280269,30.76372,30.76372,30.76372
5406,30,90059.57476,36211.757353327,1332.69635,36211.757353327,1221.308,1332.69635,593.212,20531.827653076252,23688.690000000017,74.364,0.0,0.0,0.0,7405.999,1000.2795964032421,0.0,11833.809633815406,-1000.2795964032421,52515.12105667301,18.513480000000005,18.513480000000005,18.513480000000005
5407,31,94528.12619,33330.03034608,21074.051420222,33330.03034608,1221.308,21074.051420222,593.212,20531.827653076252,22338.530430000017,74.364,0.0,0.0,0.0,7405.999,12041.19665937828,0.0,23272.94646022477,-12041.19665937828,40124.044423698,17.18868,17.18868,17.18868
5408,32,100761.9766,21174.099744319,41624.144359815,21174.099744319,1221.308,41624.144359815,593.212,20531.827653076252,21319.989,74.364,0.0,0.0,0.0,7405.999,13182.96715721027,0.0,35796.76525957453,-13182.96715721027,37963.732495865996,17.18868,17.18868,17.18868
5409,33,107332.7922,11838.382244863,56379.057642021,11838.382244863,1221.308,56379.057642021,593.212,20531.827653076252,21319.989,74.364,0.0,0.0,0.0,7405.999,12031.347339960286,0.0,47226.5452325368,-12031.347339960286,39115.352313116004,17.188679999999998,17.188679999999998,17.188679999999998
5410,34,114070.5702,10992.351401295,63315.33593116199,10992.351401295,1221.308,63315.33593116199,593.212,20531.827653076252,21319.989,74.364,0.0,0.0,0.0,7405.999,11383.816785533274,0.0,58041.17117879341,-11383.816785533274,39762.882867543005,17.18868,17.18868,17.18868
5411,35,120346.2541,10246.548191881,67361.547506502,10246.548191881,1221.308,67361.547506502,593.212,20531.827653076252,21319.989,74.364,0.0,0.0,0.0,7405.999,8408.541251459288,0.0,66029.28536767974,-8408.541251459288,42738.15840161701,17.18868,17.18868,17.18868
5412,36,125563.6655,8459.441353829,68488.9101313035,8459.441353829,1221.308,68488.9101313035,593.212,20531.827653076252,22670.14857,74.364,0.0,0.0,0.0,7405.999,3881.545208208785,0.0,69716.75331547808,-3881.545208208785,48615.3140148675,17.85108,17.85108,17.85108
5413,37,130599.2398,11862.610347098998,68533.88731326298,11862.610347098998,1221.308,68533.88731326298,593.212,20531.827653076252,23688.690000000002,74.364,0.0,0.0,0.0,7405.999,3312.6585134382776,0.0,72863.77890324444,-3312.6585134382776,50202.74213963801,17.85108,17.85108,17.85108
5414,38,135282.3627,15498.100949227,67974.849586703,15498.100949227,1221.308,67974.849586703,593.212,20531.827653076252,23688.690000000002,74.364,0.0,0.0,0.0,7405.999,1705.9884890062945,0.0,74484.46796780042,-1705.9884890062945,51809.41216407,17.85108,17.85108,17.85108
5415,39,138396.1573,23659.128508691003,64066.93738663901,23659.128508691003,1221.308,64066.93738663901,593.212,20531.827653076252,23688.690000000002,74.364,0.0,0.0,0.0,7405.999,2845.309248406248,0.0,77187.51175378636,-2845.309248406248,50670.091404669976,17.85108,17.85108,17.85108
5416,40,139485.7978,33118.565399009,58111.210345029496,33118.565399009,1221.308,58111.210345029496,593.212,20531.827653076252,22338.53043,74.364,0.0,0.0,0.0,7405.999,3909.21902711479,0.0,80901.2698295454,-3909.21902711479,48256.0220559615,17.188679999999934,17.188679999999934,17.188679999999934
5417,41,138642.2242,33618.378357854,47245.301488724,33618.378357854,1221.308,47245.301488724,593.212,20531.827653076252,24452.49,74.364,268.2519999999997,257.0,0.0,7405.999,0.0,2974.0917003457307,77770.64698707621,2974.0917003457307,57778.544353421996,33.44188,33.44188,33.44188
5418,42,135429.8282,37151.344200165,30983.545314484,37151.344200165,1221.308,30983.545314484,593.212,20531.827653076252,25028.690000000002,74.364,701.2,257.0,0.0,7405.999,0.0,11481.338032274467,65685.02800573467,11481.338032274467,67294.938685351,35.45800000261072,35.45800000261072,35.45800000261072
5419,43,131197.0735,39580.41699444501,12031.395455562,39580.41699444501,1221.308,12031.395455562,593.212,20531.827653076252,25028.690000000002,74.364,701.2,257.0,0.0,7405.999,0.0,23771.660396916697,40662.22758792763,23771.660396916697,79585.26104999299,35.45800000243658,35.45800000243658,35.45800000243658
5420,44,126765.7365,46675.614042370005,0.31484999999999996,46675.614042370005,1221.308,0.31484999999999996,593.212,20531.827653076252,25028.690000000002,74.364,701.2,257.0,0.0,7405.999,0.0,24276.206954553756,15108.325530502621,24276.206954553756,80089.80760763,35.45800000259127,35.45800000259127,35.45800000259127
5421,45,123003.3416,58129.537850363,0.0,58129.537850363,1221.308,0.0,593.212,20531.827653076252,25028.690000000002,74.364,701.2,257.0,0.0,7405.999,0.0,9060.203096560756,5571.269639386038,9060.203096560756,64873.803749637,35.45800000071926,35.45800000071926,35.45800000071926
5422,46,114417.5003,54320.34148950699,0.0,54320.34148950699,1221.308,0.0,593.212,20531.827653076252,24452.49,74.364,268.2519999999985,257.0,0.0,7405.999,0.0,5292.7061574167365,0.0,5292.7061574167365,60097.15881049301,33.44187999994271,33.44187999994271,33.44187999994271
5423,47,104424.6733,53380.92145231,0.0,53380.92145231,1221.308,0.0,593.212,20531.827653076252,22338.530430000003,74.364,0.0,0.0,0.0,7405.999,1121.4892353862658,0.0,1065.4147736169525,-1121.4892353862658,51043.75184768999,17.188679999959845,17.188679999959845,17.188679999959845
5424,48,95664.74886,49318.729661368,0.0,49318.729661368,1221.308,0.0,593.212,20531.827653076252,21319.988999999972,74.364,0.0,0.0,0.0,7405.999,4800.68045444426,0.0,5626.061205339,-4800.68045444426,46346.019198632006,17.18868,17.18868,17.18868
5425,49,89431.01782,52846.283999215004,0.0,52846.283999215004,1221.308,0.0,593.212,20531.827653076252,21319.989,74.364,0.0,0.0,0.0,7405.999,14561.96583229126,0.0,19459.928746015696,-14561.96583229126,36584.73382078499,17.18868,17.18868,17.18868
5426,50,85633.46477,55571.335309635004,0.0,55571.335309635004,1221.308,0.0,593.212,20531.827653076252,15278.064589999994,74.364,0.0,0.0,0.0,7405.998999999999,15042.645782711246,0.0,33750.44223959138,-15042.645782711246,30062.129460365002,17.188680000026185,17.188680000026185,17.188680000026185
5427,51,83509.25491,55756.432993527,0.0,55756.432993527,1221.308,0.0,593.212,20531.827653076252,21.5,74.364,0.0,0.0,0.0,7405.999,2095.3887366032545,0.0,35741.06153936448,-2095.3887366032545,27752.821916473004,9.73050000001881,9.73050000001881,9.73050000001881
5428,52,83097.84094,52805.95845243001,0.0,52805.95845243001,1221.308,0.0,593.212,20531.827653076252,7269.002,74.364,0.0,0.0,0.0,7405.998999999999,6803.830165506258,0.0,42204.70019659542,-6803.830165506258,30291.882487569987,16.2426,16.2426,16.2426
5429,53,85186.41281,46636.875946085995,0.0,46636.875946085995,1221.308,0.0,593.212,20531.827653076252,11742.502713744763,74.364,0.0,0.0,0.0,7405.999,3019.6765029070284,0.0,45073.392874357094,-3019.6765029070284,38549.536863914,16.2426,16.2426,16.2426
5430,54,88893.73518,36463.998453179,1501.3011999999999,36463.998453179,1221.308,1501.3011999999999,593.212,20531.827653076252,21101.724873744763,74.364,0.0,0.0,0.0,7405.999,0.0,0.0,45073.392874357094,0.0,50928.435526821,18.134760000000004,18.134760000000004,18.134760000000004
5431,55,93507.40542,26541.983801535003,21657.186348949497,26541.983801535003,1221.308,21657.186348949497,593.212,20531.827653076252,21319.989,74.364,0.0,0.0,0.0,7405.999,5838.464383560751,0.0,50619.93403873981,-5838.464383560751,45308.235269515484,17.18868,17.18868,17.18868
5432,56,98783.60093,18125.350808184998,40933.18020098699,18125.350808184998,1221.308,40933.18020098699,593.212,20531.827653076252,21319.988999999954,74.364,0.0,0.0,0.0,7405.999,11421.629732248251,0.0,61470.48228437565,-11421.629732248251,39725.069920828006,17.18868,17.18868,17.18868
5433,57,104063.8855,12586.924544667,54680.8852463885,12586.924544518999,1221.308,54680.8852463885,593.212,20531.827653076252,21319.989,74.364,0.0,0.0,0.0,7405.999,14350.623944131756,0.0,75103.57503130082,-14350.623944131756,36796.0757090925,17.18868,17.18868,17.18868
5434,58,109357.9556,14045.056558287002,59865.421880525,14045.056558287,1221.308,59865.421880525,593.212,20531.827653076252,21102.345520369592,74.364,0.0,0.0,0.0,7405.999,15481.579012257847,0.0,89811.07509294577,-15481.579012257847,35447.477161188,17.18868,17.18868,17.18868
5435,59,114447.3947,17256.553092994,64654.2891434855,17256.553092994,1221.308,64654.2891434855,593.212,20531.827653076252,21319.988999999987,74.364,0.0,0.0,0.0,7405.999,18610.147189555766,0.0,107490.71492302376,-18610.147189555766,32536.552463520507,17.188680000000005,17.188680000000005,17.188680000000005
5436,60,119332.5938,18137.226091886,65645.340002611,18137.226091886,1221.308,65645.340002611,593.212,20531.827653076252,21319.988999999972,74.364,0.0,0.0,0.0,7405.999,15596.671947573226,0.0,122307.55327321832,-15596.671947573226,35550.027705503,17.18868,17.18868,17.18868
5437,61,123551.549,21942.95466083,65970.86043679649,21942.95466083,1221.308,65970.86043679649,593.212,20531.827653076252,21319.989,74.364,0.0,0.0,0.0,7405.999,15508.965750702753,0.0,137041.07073638594,-15508.965750702753,35637.73390237351,17.18868,17.18868,17.18868
5438,62,127578.6318,23116.558298384,64820.37320770499,23116.558298384,1221.308,64820.37320770499,593.212,20531.827653076252,21319.988999999943,74.364,0.0,0.0,0.0,7405.999,11504.999359165235,0.0,147970.82012759292,-11504.999359165235,39641.70029391101,17.18868,17.18868,17.18868
5439,63,130357.0736,27247.703545181,60585.55155820701,27247.703545181,1221.308,60585.55155820701,593.212,20531.827653076252,21319.989,74.364,0.0,0.0,0.0,7405.999,8622.881156464247,0.0,156162.55722623394,-8622.881156464247,42523.818496612,17.18868,17.18868,17.18868
5440,64,131497.3982,27603.438806847,55446.830505402,27603.438806847,1221.308,55446.830505402,593.212,20531.827653076252,21319.989,74.364,0.0,0.0,0.0,7405.999,2699.5707653252775,0.0,158727.14945329295,-2699.5707653252775,48447.128887750994,17.18868,17.18868,17.18868
5441,65,129952.0132,31721.271495312998,46808.803302355,31721.271495312998,1221.308,46808.803302355,593.212,20531.827653076252,22914.730430000003,74.364,20.339999999999925,0.0,0.0,7405.999,1339.842680744255,0.0,160000.0,-1339.842680744255,51421.93840233201,17.18868,17.18868,17.18868
5442,66,128029.9538,33574.264209462,29014.6009628795,33574.264209462,1221.308,29014.6009628795,593.212,20531.827653076252,25028.690000000002,74.364,469.10800000000006,257.0,0.0,7405.999,0.0,9859.579974582213,149621.49476359767,9859.579974582213,65441.08862765851,35.458,35.458,35.458
5443,67,124384.242,37530.36365190899,9636.943836764001,37530.36365190899,1221.308,9636.943836764001,593.212,20531.827653076252,25028.690000000002,74.364,701.2,257.0,0.0,7405.999,0.0,21403.33385825075,127091.66964964951,21403.33385825075,77216.93451132701,35.458,35.458,35.458
5444,68,121114.0736,42635.310491758,0.4198,42635.310491758,1221.308,0.4198,593.212,20531.827653076252,25028.690000000002,74.364,701.2,257.0,0.0,7405.999,0.0,22664.742655165865,103234.0458021065,22664.742655165865,78478.34330824201,35.458,35.458,35.458
5445,69,117854.2585,41858.881392028,0.0,41858.881392028,1221.308,0.0,593.212,20531.827653076252,25028.690000000002,74.364,701.2,257.0,0.0,7405.999,0.0,20181.77645489576,81990.07058642675,20181.77645489576,75995.37710797199,35.458,35.458,35.458
5446,70,110365.6628,41150.60034495601,0.0,41150.60034495601,1221.308,0.0,593.212,20531.827653076252,25028.690000000002,74.364,701.2,257.0,0.0,7405.999,0.0,13401.461801967787,67883.26868961855,13401.461801967787,69215.062455044,35.458,35.458,35.458
5447,71,101312.1708,39793.48310335901,0.0,39793.48310335901,1221.308,0.0,593.212,20531.827653076252,25028.690000000002,74.364,469.1080000000003,257.0,0.0,7405.999,0.0,5937.179043564723,61633.606538497785,5937.179043564723,61518.687696641,35.458000000000006,35.458000000000006,35.458000000000006
5448,72,93494.5907,40261.855505886,0.0,40261.855505886,1221.308,0.0,593.212,20531.827653076252,24264.890000000003,74.364,20.339999999999996,0.0,0.0,7405.999,879.2054589622663,0.0,62468.85172451195,-879.2054589622663,53232.735194114,17.85107999999996,17.85107999999996,17.85107999999996
5449,73,88244.29647,39724.821399041,0.0,39724.821399041,1221.308,0.0,593.212,20531.827653076252,23688.690000000002,74.364,0.0,0.0,0.0,7405.999,4995.9255821172355,0.0,67214.98102752332,-4995.9255821172355,48519.475070959,17.85107999999998,17.85107999999998,17.85107999999998
5450,74,84461.32201,39413.777251178995,0.0,39413.777251178995,1221.308,0.0,593.212,20531.827653076252,23688.689999999988,74.364,0.0,0.0,0.0,7405.999,8467.855894255254,0.0,75259.44412706581,-8467.855894255254,45047.54475882101,17.851079999999985,17.851079999999985,17.851079999999985
5451,75,82243.32457,36050.569143055,0.0,36050.569143055,1221.308,0.0,593.212,20531.827653076252,23688.689999999988,74.364,0.0,0.0,0.0,7405.999,7322.64522613125,0.0,82215.9570918905,-7322.64522613125,46192.755426945,17.851079999999982,17.851079999999982,17.851079999999982
5452,76,81866.54131,31885.046495571,0.0,31885.046495571,1221.308,0.0,593.212,20531.827653076252,23688.690000000002,74.364,0.0,0.0,0.0,7405.999,3533.9058386472548,0.0,85573.16763860539,-3533.9058386472548,49981.494814428996,17.851079999999953,17.851079999999953,17.851079999999953
5453,77,83869.56628,30462.524790544,0.0,30462.524790544,1221.308,0.0,593.212,20531.827653076252,24452.49,74.364,20.339999999999996,0.0,0.0,7405.999,892.4991636202525,0.0,86421.04184404462,-892.4991636202525,53407.041489455994,25.514080000000003,25.514080000000003,25.514080000000003
5454,78,87601.94128,27240.743291478,1108.09165,27240.743291478,1221.308,1108.09165,593.212,20531.827653076252,25028.690000000002,74.364,469.10800000000006,257.0,0.0,7405.999,0.0,3671.597685445752,82556.20217515435,3671.597685445752,59253.106338522,35.458000000000254,35.458000000000254,35.458000000000254
5455,79,91891.85138,22470.522402641,17910.747094198996,22470.522402641,1221.308,17910.747094198996,593.212,20531.827653076252,24264.890000000003,74.364,20.339999999999982,0.0,0.0,7405.999,2601.3587699162754,0.0,85027.4930065748,-2601.3587699162754,51510.58188316,17.85107999999996,17.85107999999996,17.85107999999996
5456,80,96500.16457,14787.214191537003,36533.145268714004,14787.214191537003,1221.308,36533.145268714004,593.212,20531.827653076252,23688.689999999973,74.364,0.0,0.0,0.0,7405.999,8335.595543327254,0.0,92946.30877273569,-8335.595543327254,45179.80510974899,17.851079999999982,17.851079999999982,17.851079999999982
5457,81,101784.2701,10348.93014352,48800.0738967345,10348.93014352,1221.308,48800.0738967345,593.212,20531.827653076252,23688.690000000002,74.364,0.0,0.0,0.0,7405.999,10880.13459333076,0.0,103282.43663639991,-10880.13459333076,42635.26605974549,17.851079999999925,17.851079999999925,17.851079999999925
5458,82,107333.5015,8305.251757578999,54488.0657520125,8305.251757578999,1221.308,54488.0657520125,593.212,20531.827653076252,23688.689999999988,74.364,0.0,0.0,0.0,7405.999,8975.216662667735,0.0,111808.89246593426,-8975.216662667735,44540.1839904085,17.851079999999936,17.851079999999936,17.851079999999936
5459,83,112422.8785,10887.113146983997,57011.4571384815,10887.113146983997,1221.308,57011.4571384815,593.212,20531.827653076252,23688.690000000002,74.364,0.0,0.0,0.0,7405.999,8991.092438541746,0.0,120350.43028254891,-8991.092438541746,44524.3082145345,17.851079999999925,17.851079999999925,17.851079999999925
5460,84,117168.4265,12524.114892059,60786.744638578006,12524.114892059,1221.308,60786.744638578006,593.212,20531.827653076252,23688.690000000002,74.364,0.0,0.0,0.0,7405.999,9657.833683713252,0.0,129525.37228207651,-9657.833683713252,43857.56696936299,17.851079999999982,17.851079999999982,17.851079999999982
5461,85,121420.912,10959.281144385,59978.603690703,10959.281144385,1221.308,59978.603690703,593.212,20531.827653076252,24264.890000000003,74.364,20.33999999999999,0.0,0.0,7405.999,3628.9134881642976,0.0,132972.8400958326,-3628.9134881642976,50483.02716491199,17.851079999999882,17.851079999999882,17.851079999999882
5462,86,125832.291,10921.756497467,58839.43341598201,10921.756497467,1221.308,58839.43341598201,593.212,20531.827653076252,25028.690000000002,74.364,469.1080000000014,257.0,0.0,7405.999,0.0,489.5924334747166,132457.47963954342,489.5924334747166,56071.101086550996,35.45800000000017,35.45800000000017,35.45800000000017
5463,87,128601.1221,9726.001493521002,54930.343301486006,9726.001493521002,1221.308,54930.343301486006,593.212,20531.827653076252,25028.690000000002,74.364,701.2,257.0,0.0,7405.999,0.0,8131.176651916742,123898.34632173633,8131.176651916742,63944.77730499298,35.45800000000012,35.45800000000012,35.45800000000012
5464,88,129458.0393,10239.941305858,48291.1389459255,10239.941305858,1221.308,48291.1389459255,593.212,20531.827653076252,25028.690000000002,74.364,8570.464800889322,257.0,0.0,7405.999,0.0,7244.093594250899,116272.9846435775,7244.093594250899,70926.95904821651,35.458,35.458,35.458
5465,89,128947.8406,12694.714399809998,41580.13116776151,12694.714399809998,1221.308,41580.13116776151,593.212,20531.827653076252,25028.690000000002,74.364,701.2,257.0,0.0,7405.999,0.0,18859.394379352252,96420.99056004881,18859.394379352252,74672.9950324285,35.458,35.458,35.458
5466,90,127035.3278,13248.615001834,26838.498967281,13248.615001834,1221.308,26838.498967281,593.212,20531.827653076252,25028.690000000002,74.364,12699.571240000001,257.0,0.0,7405.999,0.0,19136.24193780876,76277.57799393432,19136.24193780876,86948.213830885,35.458,35.458,35.458
5467,91,124379.1288,18692.025944014,9478.776370098,18692.025944014,1221.308,9478.776370098,593.212,20531.827653076252,25028.690000000002,74.364,34030.009,529.912,0.0,7405.999,0.0,6793.004832811785,69127.04659097455,6793.004832811785,96208.32648588801,38.32754,38.32754,38.32754
5468,92,121480.1228,21087.303300135,0.0,21087.303300135,1221.308,0.0,593.212,20531.827653076252,25028.690000000002,74.364,34030.009,529.912,0.0,7405.999,0.0,10977.497846788745,57571.785699617976,10977.497846788745,100392.819499865,38.32754000000003,38.32754000000003,38.32754000000003
5469,93,118387.8506,23827.652259784,0.0,23827.652259784,1221.308,0.0,593.212,20531.827653076252,25028.690000000002,74.364,34030.009,529.912,0.0,7405.999,0.0,5144.876687139771,52156.126028944534,5144.876687139771,94560.19834021601,38.32754,38.32754,38.32754
5470,94,110578.6625,25420.462997183,0.0,25420.462997183,1221.308,0.0,593.212,20531.827653076252,25028.690000000002,74.364,12699.571240000001,257.0,0.0,7405.999,0.0,17346.2276097408,33896.939071322646,17346.2276097408,85158.199502817,35.458,35.458,35.458
5471,95,101360.2282,24862.286049945003,0.0,24862.286049945003,1221.308,0.0,593.212,20531.827653076252,25028.690000000002,74.364,701.2,257.0,0.0,7405.999,0.0,20684.341496978763,12123.94802187132,20684.341496978763,76497.942150055,35.458,35.458,35.458
5472,96,93403.65542,26072.304146145998,0.0,26072.304146145998,1221.308,0.0,593.212,20531.827653076252,25028.690000000002,74.364,701.2,257.0,0.0,7405.999,0.0,11517.750620777755,0.0,11517.750620777755,67331.351273854,35.458,35.458,35.458
5473,1,87971.1691,26209.348758286003,0.0,26209.348758286003,1221.308,0.0,593.212,20531.827653076252,25028.690000000002,74.364,6649.4196886377185,257.0,0.0,7405.999,0.0,0.0,0.0,0.0,61761.820341713996,35.458,35.458,35.458
5474,2,84406.62372,26437.159757083,0.0,26437.159757083,1221.308,0.0,593.212,20531.827653076252,25028.690000000002,74.364,2857.0633098407534,257.0,0.0,7405.999,0.0,0.0,0.0,0.0,57969.463962917,35.45800000254934,35.45800000254934,35.45800000254934
5475,3,82093.58025,26622.505991530004,0.0,26622.505991530004,1221.308,0.0,593.212,20531.827653076252,25028.690000000002,74.364,358.67360539371566,257.0,0.0,7405.999,0.0,0.0,0.0,0.0,55471.07425846999,33.44188000000003,33.44188000000003,33.44188000000003
5476,4,81686.32688,24118.110545451003,0.0,24118.110545451003,1221.308,0.0,593.212,20531.827653076252,25028.690000000002,74.364,2455.815681472729,257.0,0.0,7405.999,0.0,0.0,0.0,0.0,57568.21633454899,35.45800000256808,35.45800000256808,35.45800000256808
5477,5,83478.3861,22842.427194032,0.0,22842.427194032,1221.308,0.0,593.212,20531.827653076252,25028.690000000002,74.364,5523.558252891748,257.0,0.0,7405.999,0.0,0.0,0.0,0.0,60635.958905968,35.458000000000006,35.458000000000006,35.458000000000006
5478,6,87011.84138,21797.251054574997,840.09795,21797.251054574997,1221.308,840.09795,593.212,20531.827653076252,25028.690000000002,74.364,9262.091722348705,257.0,0.0,7405.999,0.0,0.0,0.0,0.0,64374.492375425,35.458,35.458,35.458
5479,7,91422.9807,14991.157146493,12446.155746552,14991.157146493,1221.308,12446.155746552,593.212,20531.827653076252,25028.690000000002,74.364,8873.267153878722,257.0,0.0,7405.999,0.0,0.0,0.0,0.0,63985.667806954996,35.458,35.458,35.458
5480,8,96867.4047,15145.779893071998,31971.588910776503,15145.779893071998,1221.308,31971.588910776503,593.212,20531.827653076252,24264.890000000003,74.364,20.339999999999925,0.0,0.0,7405.999,4361.904756924753,0.0,4143.809519078515,-4361.904756924753,49750.035896151494,17.851079999999875,17.851079999999875,17.851079999999875
5481,9,102500.67,9342.245894448,44135.4150557935,9342.245894448,1221.308,44135.4150557935,593.212,20531.827653076252,23688.68999999994,74.364,0.0,0.0,0.0,7405.999,4492.391603317735,0.0,8411.581542230364,-4492.391603317735,49023.0090497585,17.85108,17.85108,17.85108
5482,10,107985.1066,7825.557097797,53340.400287046505,7825.557097797,1221.308,53340.400287046505,593.212,20531.827653076252,23688.690000000002,74.364,0.0,0.0,0.0,7405.999,6696.251437919766,0.0,14773.020408254142,-6696.251437919766,46819.14921515649,17.85107999999998,17.85107999999998,17.85107999999998
5483,11,113252.9556,6311.611794066,59193.919059056,6311.611794066,1221.308,59193.919059056,593.212,20531.827653076252,23688.68999999993,74.364,0.0,0.0,0.0,7405.999,5767.975906198196,0.0,20252.59751914243,-5767.975906198196,47747.424746877994,17.85108,17.85108,17.85108
5484,12,117594.7052,8821.266800986,62064.978716869504,8821.266800986,1221.308,62064.978716869504,593.212,20531.827653076252,23688.689999999944,74.364,0.0,0.0,0.0,7405.999,6806.940970931719,0.0,26719.19144152756,-6806.940970931719,46708.45968214449,17.85108,17.85108,17.85108
5485,13,121540.303,8504.434688974,60267.34758647351,8504.434688974,1221.308,60267.34758647351,593.212,20531.827653076252,24264.890000000003,74.364,20.340000000000003,0.0,0.0,7405.999,1343.4199285238283,0.0,27995.4403736252,-1343.4199285238283,52768.520724552494,17.851079999999875,17.851079999999875,17.851079999999875
5486,14,125276.6476,10101.728500497,58096.888106116996,10101.728500497,1221.308,58096.888106116996,593.212,20531.827653076252,25028.690000000002,74.364,1965.6303403097381,257.0,0.0,7405.999,0.0,0.0,27995.4403736252,0.0,57078.030993386,35.45800000252552,35.45800000252552,35.45800000252552
5487,15,127945.5116,13523.047093388,54742.656713049495,13523.047093388,1221.308,54742.656713049495,593.212,20531.827653076252,25028.690000000002,74.364,4567.407140486207,257.0,0.0,7405.999,0.0,0.0,27995.4403736252,0.0,59679.807793562504,35.4580000024823,35.4580000024823,35.4580000024823
5488,16,129263.9778,15698.222696009998,48310.119129484,15698.222696009998,1221.308,48310.119129484,593.212,20531.827653076252,25028.690000000002,74.364,10143.235321429736,257.0,0.0,7405.999,0.0,0.0,27995.4403736252,0.0,65255.635974505996,35.458,35.458,35.458
5489,17,128408.3241,22086.817448627004,40039.496906504995,22086.817448627004,1221.308,40039.496906504995,593.212,20531.827653076252,25028.690000000002,74.364,11169.609091791732,257.0,0.0,7405.999,0.0,0.0,27995.4403736252,0.0,66282.009744868,35.458000000000006,35.458000000000006,35.458000000000006
5490,18,125695.5928,35750.855292196,25350.1677550025,35750.855292196,1221.308,25350.1677550025,593.212,20531.827653076252,25028.690000000002,74.364,9482.16909972524,257.0,0.0,7405.999,0.0,0.0,27995.4403736252,0.0,64594.5697528015,35.458000000000006,35.458000000000006,35.458000000000006
5491,19,122083.331,36085.518346254,7774.2037602215,36085.518346254,1221.308,7774.2037602215,593.212,20531.827653076252,25028.690000000002,74.364,23111.208240448246,257.0,0.0,7405.999,0.0,0.0,27995.440373625246,0.0,78223.6088935245,35.458000000000034,35.458000000000034,35.458000000000034
5492,20,118580.1432,35519.502242916,0.0,35519.502242916,1221.308,0.0,593.212,20531.827653076252,25028.690000000002,74.364,3158.737190903771,257.0,0.0,7405.999,0.0,24789.503113103972,1901.2265703579073,24789.503113103972,83060.640957084,35.457999999999956,35.457999999999956,35.457999999999956
5493,21,115486.0682,35884.49259602,0.0,35884.49259602,1221.308,0.0,593.212,20531.827653076252,25028.690000000002,74.364,24489.174950903718,257.0,0.0,7405.999,0.0,0.0,1901.2265703579396,0.0,79601.57560397999,35.45799999999999,35.45799999999999,35.45799999999999
5494,22,108875.6043,32202.097754365004,0.0,32202.097754365004,1221.308,0.0,593.212,20531.827653076252,25028.690000000002,74.364,21561.10589255871,257.0,0.0,7405.999,0.0,0.0,1901.2265703579378,0.0,76673.506545635,35.458000000000006,35.458000000000006,35.458000000000006
5495,23,100889.6895,31486.099849180002,0.0,31486.099849180002,1221.308,0.0,593.212,20531.827653076252,25028.690000000002,74.364,14291.188997743728,257.0,0.0,7405.999,0.0,0.0,1901.2265703579687,0.0,69403.58965082,35.458,35.458,35.458
5496,24,93668.90283,28737.583596310997,0.0,28737.583596310997,1221.308,0.0,593.212,20531.827653076252,25028.690000000002,74.364,9818.918580612757,257.0,0.0,7405.999,0.0,0.0,1901.226570357996,0.0,64931.319233689006,35.458000000000006,35.458000000000006,35.458000000000006
5497,25,88246.85071,22412.008103189,0.0,22412.008103189,1221.308,0.0,593.212,20531.827653076252,25028.690000000002,74.364,10722.441953734738,257.0,0.0,7405.999,0.0,0.0,1901.226570357996,0.0,65834.842606811,35.458000000000006,35.458000000000006,35.458000000000006
5498,26,84461.64807,18132.208993468,0.0,18132.208993468,1221.308,0.0,593.212,20531.827653076252,25028.690000000002,74.364,9410.873181615603,257.0,0.0,7405.999,0.0,1806.1652418401068,0.0,1806.1652418401068,66329.439076532,35.458,35.458,35.458
5499,27,81756.7341,20021.11035432,0.0,20021.11035432,1221.308,0.0,593.212,20531.827653076252,25028.690000000002,74.364,6623.223092603727,257.0,0.0,7405.999,0.0,0.0,0.0,0.0,61735.62374568,35.458,35.458,35.458
5500,28,80338.51863,19554.771990021,0.0,19554.771990021,1221.308,0.0,593.212,20531.827653076252,25028.690000000002,74.364,5671.345986902722,257.0,0.0,7405.999,0.0,0.0,0.0,0.0,60783.74663997901,35.45800000000006,35.45800000000006,35.45800000000006
5501,29,80125.61848,21286.396003862996,0.0,21286.396003862996,1221.308,0.0,593.212,20531.827653076252,25028.690000000002,74.364,3726.821823060741,257.0,0.0,7405.999,0.0,0.0,0.0,0.0,58839.22247613701,35.45800000249924,35.45800000249924,35.45800000249924
5502,30,80843.25048,21984.029146394998,1172.4257,21984.029146394998,1221.308,1172.4257,593.212,20531.827653076252,25028.690000000002,74.364,2574.3949805287093,257.0,0.0,7405.999,0.0,0.0,0.0,0.0,57686.795633605005,35.45800000261421,35.45800000261421,35.45800000261421
5503,31,82433.46377,16612.702196807,14471.397457756,16612.702196807,1221.308,14471.397457756,593.212,20531.827653076252,22860.445633329575,74.364,20.339999999999897,0.0,0.0,7405.999,1358.1321709688561,0.0,1290.2255624204133,-1358.1321709688561,51349.364115437,17.188679999999987,17.188679999999987,17.188679999999987
5504,32,87165.72407,13299.415856951002,35687.714796344,13299.415856951002,1221.308,35687.714796344,593.212,20531.827653076252,15278.064590000036,74.364,0.0,0.0,0.0,7405.999,6926.181826371292,0.0,7870.098297473138,-6926.181826371292,38178.59341670499,17.18868000000003,17.18868000000003,17.18868000000003
5505,33,93621.35429,12963.228841670001,50579.39046145,12963.228841670001,1221.308,50579.39046145,593.212,20531.827653076252,7269.002,74.364,0.0,0.0,0.0,7405.999,7016.977666197841,0.0,14536.227080361086,-7016.977666197841,30078.73498688,16.2426,16.2426,16.2426
5506,34,100050.0144,11985.628546782,57093.4863164665,11985.628546782,1221.308,57093.4863164665,593.212,20531.827653076252,7269.002,74.364,0.0,0.0,0.0,7405.999,6124.8131163263915,0.0,20354.799540871158,-6124.8131163263915,30970.8995367515,16.242599999999875,16.242599999999875,16.242599999999875
5507,35,105157.685,12629.462019226998,62003.242913079,12629.462019226998,1221.308,62003.242913079,593.212,20531.827653076252,15278.06459000004,74.364,0.0,0.0,0.0,7405.999,14579.795175382287,0.0,34205.604957484335,-14579.795175382287,30524.980067694007,17.188680000000055,17.188680000000055,17.188680000000055
5508,36,109241.2082,11199.71619529,63363.778399034,11199.71619529,1221.308,63363.778399034,593.212,20531.827653076252,21319.988999999987,74.364,0.0,0.0,0.0,7405.999,16468.986047400253,0.0,49851.14170251457,-16468.986047400253,34677.713605675985,17.188679999999874,17.188679999999874,17.188679999999874
5509,37,112957.2365,12283.832310733002,61915.81528728401,12283.832310733002,1221.308,61915.81528728401,593.212,20531.827653076252,21319.988999999998,74.364,0.0,0.0,0.0,7405.999,12389.110751093252,0.0,61620.796916053165,-12389.110751093252,38757.588901982985,17.188680000000033,17.188680000000033,17.188680000000033
5510,38,116183.1195,14226.673607058,61798.341797786496,14226.673607058,1221.308,61798.341797786496,593.212,20531.827653076252,21319.989,74.364,0.0,0.0,0.0,7405.999,10988.595557920773,0.0,72059.9626960779,-10988.595557920773,40158.10409515551,17.18868,17.18868,17.18868
5511,39,118811.3837,21429.444694439004,59413.03564751249,21429.444694439004,1221.308,59413.03564751249,593.212,20531.827653076252,21319.988999999972,74.364,0.0,0.0,0.0,7405.999,13177.796295027738,0.0,84578.86917635424,-13177.796295027738,37968.903358048505,17.18868,17.18868,17.18868
5512,40,120346.795,26735.475969660998,53943.668959752,26735.475969660998,1221.308,53943.668959752,593.212,20531.827653076252,21319.989,74.364,0.0,0.0,0.0,7405.999,11479.049582489231,0.0,95483.96627971901,-11479.049582489231,39667.650070587,17.18867999999991,17.18867999999991,17.18867999999991
5513,41,120444.2181,27337.100409702998,45509.73950310751,27337.100409702998,1221.308,45509.73950310751,593.212,20531.827653076252,22914.730429999967,74.364,20.339999999999996,0.0,0.0,7405.999,5164.402895886709,0.0,100390.14903081139,-5164.402895886709,47597.3781871895,17.188679999999902,17.188679999999902,17.188679999999902
5514,42,118584.3772,24414.427191226998,28847.065505961,24414.427191226998,1221.308,28847.065505961,593.212,20531.827653076252,25028.690000000002,74.364,469.1079999999995,257.0,0.0,7405.999,0.0,9741.375849735847,90136.06918898418,9741.375849735847,65322.88450281201,35.458000002544175,35.458000002544175,35.458000002544175
5515,43,115731.8246,24327.243397358,7452.8918656205,24327.243397358,1221.308,7452.8918656205,593.212,20531.827653076252,25028.690000000002,74.364,701.2,257.0,0.0,7405.999,0.0,28138.088683945247,60517.02846904182,28138.088683945247,83951.6893370215,35.45800000068817,35.45800000068817,35.45800000068817
5516,44,112676.6681,27259.467954403,0.0,27259.467954403,1221.308,0.0,593.212,20531.827653076252,25028.690000000002,74.364,701.2,257.0,0.0,7405.999,0.0,29603.599492520778,29355.34479270416,29603.599492520778,85417.20014559699,35.4580000007133,35.4580000007133,35.4580000007133
5517,45,110221.4043,35711.285844931,0.0,35711.285844931,1221.308,0.0,593.212,20531.827653076252,25028.690000000002,74.364,701.2,257.0,0.0,7405.999,0.0,18696.51780199274,9674.799737974965,18696.51780199274,74510.118455069,35.45800000144367,35.45800000144367,35.45800000144367
5518,46,104265.5471,39879.452544008,0.0,39879.452544008,1221.308,0.0,593.212,20531.827653076252,25028.690000000002,74.364,469.1079999999998,257.0,0.0,7405.999,0.0,8804.585902915745,406.8145770110232,8804.585902915745,64386.09455599199,35.45800000256734,35.45800000256734,35.45800000256734
5519,47,97324.2678,42825.853298762995,0.0,42825.853298762995,1221.308,0.0,593.212,20531.827653076252,24264.890000000003,74.364,20.339999999999883,0.0,0.0,7405.999,0.0,386.473848160472,0.0,386.473848160472,54498.414501237006,25.514080000000106,25.514080000000106,25.514080000000106
5520,48,90524.54924,43307.186744162005,0.0,43307.186744162005,1221.308,0.0,593.212,20531.827653076252,22338.530429999973,74.364,0.0,0.0,0.0,7405.999,4947.878587238254,0.0,4700.484657876341,-4947.878587238254,47217.36249583799,17.18867999999993,17.18867999999993,17.18867999999993
5521,49,85496.91835,41730.213952049,0.0,41730.213952049,1221.308,0.0,593.212,20531.827653076252,21319.988999999972,74.364,0.0,0.0,0.0,7405.999,7379.9952551252245,0.0,11711.480150245314,-7379.9952551252245,43766.704397951005,17.188680000000033,17.188680000000033,17.188680000000033
5522,50,81828.00036,40749.404194496994,0.0,40749.404194496994,1221.308,0.0,593.212,20531.827653076252,21319.989,74.364,0.0,0.0,0.0,7405.999,10068.103487573251,0.0,21276.1784634399,-10068.103487573251,41078.59616550301,17.18867999999995,17.18867999999995,17.18867999999995
5523,51,79251.62588,39329.300691533,0.0,39329.300691533,1221.308,0.0,593.212,20531.827653076252,15278.064590000004,74.364,0.0,0.0,0.0,7405.999,5182.45005460928,0.0,26199.506015318715,-5182.45005460928,39922.32518846701,17.188680000000037,17.188680000000037,17.188680000000037
5524,52,78039.1598,41720.744498087,0.0,41720.744498087,1221.308,0.0,593.212,20531.827653076252,7269.001999999986,74.364,0.0,0.0,0.0,7405.999,777.2973511632626,0.0,26937.938498923817,-777.2973511632626,36318.415301912995,16.2426,16.2426,16.2426
5525,53,77661.78656,35447.202347802995,0.0,35447.202347802995,1221.308,0.0,593.212,20531.827653076252,15278.064590000035,74.364,0.0,0.0,0.0,7405.999,2890.1910308794436,0.0,29683.61997825929,-2890.1910308794436,42214.584212197,17.18868000000003,17.18868000000003,17.18868000000003
5526,54,77685.18021,32921.213139595,1234.43955,32921.213139595,1221.308,1234.43955,593.212,20531.827653076252,15278.064590000035,74.364,0.0,0.0,0.0,7405.999,1575.247722671278,0.0,31180.105314797,-1575.247722671278,43529.527520405005,17.18868,17.18868,17.18868
5527,55,79154.66752,30719.086000725,17065.6416022035,30719.086000725,1221.308,17065.6416022035,593.212,20531.827653076252,7269.002,74.364,0.0,0.0,0.0,7405.999,5725.7727360062,0.0,36619.58941400289,-5725.7727360062,31369.9399170715,16.242599999999932,16.242599999999932,16.242599999999932
5528,56,83400.23965,18435.813691332998,38328.120984056,18435.813691332998,1221.308,38328.120984056,593.212,20531.827653076252,21.5,74.364,0.0,0.0,0.0,7405.999,3211.9056784652466,0.0,39670.89980854488,-3211.9056784652466,26636.304974611012,9.7305,9.7305,9.7305
5529,57,89786.79479,10973.394098696,53801.6134516935,10973.394098696,1221.308,53801.6134516935,593.212,20531.827653076252,0.0,74.364,0.0,0.0,0.0,7405.999,4814.9234134657545,0.0,44245.07705133734,-4814.9234134657545,25011.78723961051,9.730500000000047,9.730500000000047,9.730500000000047
5530,58,95672.26246,8856.185343796998,58727.041216473,8856.185343797,1221.308,58727.041216473,593.212,20531.827653076252,0.0,74.364,0.0,0.0,0.0,7405.999,1737.674753346243,0.0,45895.86806701627,-1737.674753346243,28089.03589973,9.7305,9.7305,9.7305
5531,59,101223.5746,10589.617924002,64993.283882384494,10589.617924002,1221.308,64993.283882384494,593.212,20531.827653076252,21.5,74.364,0.0,0.0,0.0,7405.998999999985,4207.537859462727,0.0,49893.02903350587,-4207.537859462727,25640.672793613514,9.730499999999962,9.730499999999962,9.730499999999962
5532,60,106162.8569,8735.961304437,65570.042356461,8735.961304437,1221.308,65570.042356461,593.212,20531.827653076252,7269.002,74.364,0.0,0.0,0.0,7405.999,5238.859413974262,0.0,54869.94547678142,-5238.859413974262,31856.853239101998,16.2426,16.2426,16.2426
5533,61,110471.8364,9956.432040388001,65198.9524518815,9956.432040388001,1221.308,65198.9524518815,593.212,20531.827653076252,7269.002,74.364,0.0,0.0,0.0,7405.999,1779.2607453457786,0.0,56560.24318485991,-1779.2607453457786,35316.4519077305,16.2426,16.2426,16.2426
5534,62,113957.5063,16123.505600362,67093.7917797495,16123.505600362,1221.308,67093.7917797495,593.212,20531.827653076252,7269.002,74.364,0.0,0.0,0.0,7405.999,6355.503733187744,0.0,62597.971731388265,-6355.503733187744,30740.208919888493,16.2426,16.2426,16.2426
5535,63,117093.998,25100.167356259,61691.430750016996,25100.167356259,1221.308,61691.430750016996,593.212,20531.827653076252,7247.502,74.364,0.0,0.0,0.0,7405.999,6771.812759352235,0.0,69031.19385277288,-6771.812759352235,30302.39989372401,16.2426,16.2426,16.2426
5536,64,119398.0199,38705.664692417,56786.45610691351,38705.664692417,1221.308,56786.45610691351,0.0,20531.827653076252,0.0,74.364,0.0,0.0,0.0,5554.499250000002,3476.0998024067576,0.0,72333.4886650593,-3476.0998024067576,23905.899100669485,0.0,0.0,0.0
5537,65,120349.8754,39451.63139321201,47798.637416726,39451.63139321201,1221.308,47798.637416726,593.212,20531.827653076252,11270.888258438068,74.364,0.0,0.0,0.0,7405.999,7997.99232145231,0.0,79931.58137043899,-7997.99232145231,33099.606590061994,16.2426,16.2426,16.2426
5538,66,119370.5682,39195.936447477,30217.760991508996,39195.936447477,1221.308,30217.760991508996,593.212,20531.827653076252,21227.810418437813,74.364,20.339999999998042,0.0,0.0,7405.999,1117.9903104999612,0.0,80993.67216541395,-1117.9903104999612,49956.870761014,18.134760000000004,18.134760000000004,18.134760000000004
5539,67,116894.275,44977.557205776,9023.793613187003,44977.557205776,1221.308,9023.793613187003,593.212,20531.827653076252,25028.690000000002,74.364,469.10800000000006,257.0,0.0,7405.999,0.0,7311.415527960817,73297.44529387626,7311.415527960817,62892.92418103699,35.45800000262163,35.45800000262163,35.45800000262163
5540,68,114311.552,49063.291142322996,0.0,49063.291142322996,1221.308,0.0,593.212,20531.827653076252,25028.690000000002,74.364,469.1079999999998,257.0,0.0,7405.999,0.0,9666.75220460075,63121.916657454414,9666.75220460075,65248.260857677,35.45800000260537,35.45800000260537,35.45800000260537
5541,69,111465.8886,55694.204300337995,0.0,55694.204300337995,1221.308,0.0,593.212,20531.827653076252,24452.49,74.364,36.15999999999998,0.0,0.0,7405.999,0.0,1456.3236465860414,61588.94439789016,1456.3236465860414,55771.68429966201,30.763720000000045,30.763720000000045,30.763720000000045
5542,70,104775.2751,57282.531744506006,0.0,57282.531744506006,1221.308,0.0,593.212,20531.827653076252,22338.53042999996,74.364,0.0,0.0,0.0,7405.999,4672.497727582244,0.0,66027.81723909329,-4672.497727582244,47492.74335549399,17.18868000000004,17.18868000000004,17.18868000000004
5543,71,96478.66426,57150.557698638,0.0,57150.557698638,1221.308,0.0,593.212,20531.827653076252,15278.064589999985,74.364,0.0,0.0,0.0,7405.999,5776.668681714265,0.0,71515.65248672184,-5776.668681714265,39328.10656136201,17.18867999999994,17.18867999999994,17.18867999999994
5544,72,89447.50592,54879.828799571,0.0,54879.828799571,1221.308,0.0,593.212,20531.827653076252,7269.001999999957,74.364,0.0,0.0,0.0,7405.999,2528.035532647249,0.0,73917.28624273674,-2528.035532647249,34567.677120429,16.242599999999875,16.242599999999875,16.242599999999875
5545,73,84639.30229,57795.514694143996,0.0,57795.514694143996,1221.308,0.0,593.212,20531.827653076252,21.5,74.364,0.0,0.0,0.0,7405.999,3004.423057220236,0.0,76771.48814709597,-3004.423057220236,26843.78759585601,9.730499999999997,9.730499999999997,9.730499999999997
5546,74,81871.31284,56597.668994269996,0.0,56597.668994269996,1221.308,0.0,593.2119999999979,20531.827653076252,21.5,74.364,0.0,0.0,0.0,7405.998999999985,4574.566807346258,0.0,81117.3266140749,-4574.566807346258,25273.643845730003,9.730500000000001,9.730500000000001,9.730500000000001
5547,75,80162.65661,50235.125088901004,0.0,50235.125088901004,1221.308,0.0,593.212,20531.827653076252,7269.001999999971,74.364,0.0,0.0,0.0,7405.999,7168.181131977242,0.0,87927.09868945328,-7168.181131977242,29927.531521099,16.242599999999833,16.242599999999833,16.242599999999833
5548,76,80012.06702,47963.937599105004,0.0,47963.937599105004,1221.308,0.0,593.212,20531.827653076252,7269.002,74.364,0.0,0.0,0.0,7405.999,5047.583232182515,0.0,92722.30276002667,-5047.583232182515,32048.129420895,16.242599999999857,16.242599999999857,16.242599999999857
5549,77,82247.70614,44674.966545012,0.0,44674.966545012,1221.308,0.0,593.212,20531.827653076252,13310.926409999996,74.364,0.0,0.0,0.0,7405.999,5564.897468088255,0.0,98008.9553547105,-5564.897468088255,37572.739594987994,16.526279999999957,16.526279999999957,16.526279999999957
5550,78,86185.75075,38791.098058124,741.4009000000001,38791.098058124,1221.308,741.4009000000001,593.212,20531.827653076252,21319.988999999994,74.364,0.0,0.0,0.0,7405.999,4493.447861200253,0.0,102277.73082285075,-4493.447861200253,46653.251791876006,17.851080000000046,17.851080000000046,17.851080000000046
5551,79,90614.68675,32378.143505369997,19408.845785313002,32378.143505369997,1221.308,19408.845785313002,593.212,20531.827653076252,15278.064590000005,74.364,0.0,0.0,0.0,7405.999,6277.077783759283,0.0,108240.95471742205,-6277.077783759283,38827.697459316994,17.188679999999938,17.188679999999938,17.188679999999938
5552,80,96605.8457,20857.729408263,39966.060357872004,20857.729408263,1221.308,39966.060357872004,593.212,20531.827653076252,7269.002,74.364,0.0,0.0,0.0,7405.999,1313.656719211398,0.0,109488.92860067288,-1313.656719211398,35782.055933865005,16.242599999999946,16.242599999999946,16.242599999999946
5553,81,102632.6837,13009.130489584999,54763.69595232,13009.130489584999,1221.308,54763.69595232,593.212,20531.827653076252,7269.002,74.364,0.0,0.0,0.0,7405.999,2235.8553949814304,0.0,111612.99122590524,-2235.8553949814304,34859.85725809499,16.242599999999946,16.242599999999946,16.242599999999946
5554,82,108582.7815,11494.14830667,61656.32699345399,11494.14830667,1221.308,61656.32699345399,593.212,20531.827653076252,7269.002,74.364,0.0,0.0,0.0,7405.999,1663.4064532003922,0.0,113193.22735644561,-1663.4064532003922,35432.306199876,16.242599999999946,16.242599999999946,16.242599999999946
5555,83,113978.8189,10830.959145866998,65040.75487211299,10830.959145866998,1221.308,65040.75487211299,593.212,20531.827653076252,15278.064590000042,74.364,0.0,0.0,0.0,7405.999,6997.67036105628,0.0,119841.01419944908,-6997.67036105628,38107.10488202,17.18867999999993,17.18867999999993,17.18867999999993
5556,84,118399.6544,12497.885747554,66608.505711095,12497.885747554,1221.308,66608.505711095,593.212,20531.827653076252,21319.989,74.364,0.0,0.0,0.0,7405.999,11853.436711725222,0.0,131101.77907558804,-11853.436711725222,39293.262941351,17.18867999999994,17.18867999999994,17.18867999999994
5557,85,122356.6727,14387.128544928,66474.21418957501,14387.128544928,1221.308,66474.21418957501,593.212,20531.827653076252,21319.988999999972,74.364,0.0,0.0,0.0,7405.999,9651.36968757926,0.0,140270.58027878834,-9651.36968757926,41495.32996549699,17.188680000000033,17.188680000000033,17.188680000000033
5558,86,125806.5787,15105.243958578,65267.3996663355,15105.243958578,1221.308,65267.3996663355,593.212,20531.827653076252,21319.98899999993,74.364,0.0,0.0,0.0,7405.999,5712.764577989721,0.0,145697.7066278786,-5712.764577989721,45433.935075086505,17.188679999999938,17.188679999999938,17.188679999999938
5559,87,128384.0979,16213.766092830003,61242.60275452,16213.766092830003,1221.308,61242.60275452,593.212,20531.827653076252,22338.530429999995,74.364,0.0,0.0,0.0,7405.999,1237.5120304264074,0.0,146873.3430567837,-1237.5120304264074,50927.72905264999,17.18868000000005,17.18868000000005,17.18868000000005
5560,88,129751.8896,17932.687910347006,55321.802936487504,17932.687910347006,1221.308,55321.802936487504,593.212,20531.827653076252,24452.49,74.364,36.15999999999998,0.0,0.0,7405.999,0.0,2182.0381000897332,144576.46084616293,2182.0381000897332,56497.39875316548,30.763720000000013,30.763720000000013,30.763720000000013
5561,89,129080.1397,19906.840504048,44879.2205002345,19906.840504048,1221.308,44879.2205002345,593.212,20531.827653076252,25028.690000000002,74.364,469.10800000000205,257.0,0.0,7405.999,0.0,8712.570042641237,135405.33448548795,8712.570042641237,64294.0786957175,35.45800000255807,35.45800000255807,35.45800000255807
5562,90,126851.5012,23584.593999946,27648.460710506497,23584.593999946,1221.308,27648.460710506497,593.212,20531.827653076252,25028.690000000002,74.364,701.2,257.0,0.0,7405.999,0.0,19804.845836471228,114558.12834183403,19804.845836471228,75618.44648954751,35.458000002597664,35.458000002597664,35.458000002597664
5563,91,123937.4488,30924.400548274003,8958.902036967,30924.400548274003,1221.308,8958.902036967,593.212,20531.827653076252,25028.690000000002,74.364,701.2,257.0,0.0,7405.999,0.0,28240.545561682768,84831.2382769048,28240.545561682768,84054.14621475899,35.45800000259194,35.45800000259194,35.45800000259194
5564,92,120533.4375,30395.001743534,0.0,30395.001743534,1221.308,0.0,593.212,20531.827653076252,25028.690000000002,74.364,701.2,257.0,0.0,7405.999,0.0,34324.83510338977,48699.832904915565,34324.83510338977,90138.435756466,35.45800000071372,35.45800000071372,35.45800000071372
5565,93,116791.2687,35290.230896665,0.0,35290.230896665,1221.308,0.0,593.212,20531.827653076252,25028.690000000002,74.364,701.2,257.0,0.0,7405.999,0.0,25687.43715025876,21660.4253783274,25687.43715025876,81501.037803335,35.458000000688486,35.458000000688486,35.458000000688486
5566,94,108714.6587,37853.755049645006,0.0,37853.755049645006,1221.308,0.0,593.212,20531.827653076252,25028.690000000002,74.364,701.2,257.0,0.0,7405.999,0.0,15047.302997278306,5821.1590654028705,15047.302997278306,70860.903650355,35.458000000665024,35.458000000665024,35.458000000665024
5567,95,99452.17012,39117.616354791004,0.0,39117.616354791004,1221.308,0.0,593.212,20531.827653076252,24452.49,74.364,268.2519999999997,257.0,0.0,7405.999,0.0,5530.101112132727,0.0,5530.101112132727,60334.55376520899,33.44188,33.44188,33.44188
5568,96,91435.34396,41955.260605022995,0.0,41955.260605022995,1221.308,0.0,593.212,20531.827653076252,19653.37270190071,74.364,0.0,0.0,0.0,7405.999,0.0,0.0,0.0,0.0,49480.083354977,17.18868000000002,17.18868000000002,17.18868000000002
5569,1,86690.79188,39045.576754313,0.0,39045.576754313,1221.308,0.0,593.212,20531.827653076252,17818.504472610715,74.364,0.0,0.0,0.0,7405.999,0.0,0.0,0.0,0.0,47645.215125687006,17.188679999999977,17.188679999999977,17.188679999999977
5570,2,83480.61372,37743.972394787,0.0,37743.972394787,1221.308,0.0,593.212,20531.827653076252,15909.930672136732,74.364,0.0,0.0,0.0,7405.999,0.0,0.0,0.0,0.0,45736.64132521299,17.188680000000016,17.188680000000016,17.188680000000016
5571,3,81388.94872,37550.834998171005,0.0,37550.834998171005,1221.308,0.0,593.212,20531.827653076252,14011.403068752741,74.364,0.0,0.0,0.0,7405.999,0.0,0.0,0.0,0.0,43838.113721828995,17.18867999999995,17.18867999999995,17.18867999999995
5572,4,81152.20779,38227.423900785,0.0,38227.423900785,1221.308,0.0,593.212,20531.827653076252,13098.073236138738,74.364,0.0,0.0,0.0,7405.999,0.0,0.0,0.0,0.0,42924.783889215,17.188680000000033,17.188680000000033,17.188680000000033
5573,5,82891.93978,35859.296904699,0.0,35859.296904699,1221.308,0.0,593.212,20531.827653076252,17205.932222224747,74.364,0.0,0.0,0.0,7405.999,0.0,0.0,0.0,0.0,47032.642875301004,17.18868000000006,17.18868000000006,17.18868000000006
5574,6,86884.04237,37624.52660768,1349.3065000000001,37624.52660768,1221.308,1349.3065000000001,593.212,20531.827653076252,21319.988999999987,74.364,0.0,0.0,0.0,7405.999,3236.4903907562493,0.0,3074.665871218436,-3236.4903907562493,47910.20926231999,17.188680000000048,17.188680000000048,17.188680000000048
5575,7,91718.60053,32319.621500152003,17885.934762755496,32319.621500152003,1221.308,17885.934762755496,593.212,20531.827653076252,21319.988999999987,74.364,0.0,0.0,0.0,7405.999,9633.655385983755,0.0,12226.638487903001,-9633.655385983755,41513.0442670925,17.18868,17.18868,17.18868
5576,8,96937.48987,19275.778300563998,39303.7307532865,19275.778300563998,1221.308,39303.7307532865,593.212,20531.827653076252,16924.350266307396,74.364,0.0,0.0,0.0,7405.999,8393.080103234159,0.0,20200.06458597545,-8393.080103234159,38357.98081614951,17.18868,17.18868,17.18868
5577,9,102306.6691,10942.50224324,53103.9684516035,10942.50224324,1221.308,53103.9684516035,593.212,20531.827653076252,8915.287676307373,74.364,0.0,0.0,0.0,7405.999,481.7999242271344,0.0,20657.77451399123,-481.7999242271344,38260.1984051565,17.18867999999993,17.18867999999993,17.18867999999993
5578,10,107505.8177,8775.010848781,59501.34528996301,8775.010848781,1221.308,59501.34528996301,593.212,20531.827653076252,9402.750908179625,74.364,0.0,0.0,0.0,7405.999,0.0,0.0,20657.774513991135,0.0,39229.461561256,17.188679999999923,17.188679999999923,17.188679999999923
5579,11,112162.5408,11469.583103983,63458.59938328301,11469.583103983,1221.308,63458.59938328301,593.212,20531.827653076252,7407.647659564077,74.364,0.0,0.0,0.0,7405.999,0.0,9.366706876789976e-8,20657.77451389254,9.366706876789976e-8,37234.358312733995,17.188680000000023,17.188680000000023,17.188680000000023
5580,12,115749.0558,14574.164356795,63669.673976609,14574.164356795,1221.308,63669.673976609,593.212,20531.827653076252,7678.506813519746,74.364,0.0,0.0,0.0,7405.999,0.0,0.0,20657.77451389254,0.0,37505.217466596005,17.188680000000055,17.188680000000055,17.188680000000055
5581,13,119612.1052,19289.206707816,62970.37370616,19289.206707816,1221.308,62970.37370616,593.212,20531.827653076252,7525.814132947773,74.364,0.0,0.0,0.0,7405.999,0.0,0.0,20657.77451389261,0.0,37352.524786024005,17.18868,17.18868,17.18868
5582,14,123009.3747,18661.447500207,62028.3421801995,18661.447500207,1221.308,62028.3421801995,593.212,20531.827653076252,15534.876722947807,74.364,0.0,0.0,0.0,7405.999,3042.0023564305957,0.0,23547.676752501677,-3042.0023564305957,42319.585019593505,17.18868,17.18868,17.18868
5583,15,125119.9207,25583.197458082002,58136.8907415575,25583.197458082002,1221.308,58136.8907415575,593.212,20531.827653076252,21319.989,74.364,0.0,0.0,0.0,7405.999,9746.86715271579,0.0,32807.20054758168,-9746.86715271579,41399.83250036049,17.188680000000048,17.188680000000048,17.188680000000048
5584,16,126169.5915,33321.27160002299,51524.527337193,33321.27160002299,1221.308,51524.527337193,593.212,20531.827653076252,21319.989,74.364,0.0,0.0,0.0,7405.999,9822.90709029225,0.0,42138.96228335932,-9822.90709029225,41323.79256278401,17.18867999999994,17.18867999999994,17.18867999999994
5585,17,125571.5563,36744.279649858996,41419.9879388125,36744.279649858996,1221.308,41419.9879388125,593.212,20531.827653076252,17580.578058252097,74.364,0.0,0.0,0.0,7405.999,0.0,0.0,42138.96228335922,0.0,47407.288711328496,17.188679999999938,17.188679999999938,17.188679999999938
5586,18,122948.1752,42392.736093444,25639.712857785,42392.736093444,1221.308,25639.712857785,593.212,20531.827653076252,24452.49,74.364,36.16000000000011,0.0,0.0,7405.999,0.0,600.3655956946177,41506.99849841752,600.3655956946177,54915.726248771,30.76372000000006,30.76372000000006,30.76372000000006
5587,19,120017.9528,45714.410604921,6866.8397355905,45714.410604921,1221.308,6866.8397355905,593.212,20531.827653076252,25028.690000000002,74.364,469.10799999999995,257.0,0.0,7405.999,0.0,11855.1938064122,29027.84712324678,11855.1938064122,67436.7024594885,35.45800000115829,35.45800000115829,35.45800000115829
5588,20,116976.8478,53828.74325576399,0.0,53828.74325576399,1221.308,0.0,593.212,20531.827653076252,25028.690000000002,74.364,469.10800000000006,257.0,0.0,7405.999,0.0,7566.595891159755,21063.009343078615,7566.595891159755,63148.10454423601,35.45800000074823,35.45800000074823,35.45800000074823
5589,21,113327.0824,63206.696189828,0.0,63206.696189828,1221.308,0.0,593.212,20531.827653076252,20273.335557095532,74.364,20.33999999999981,0.0,0.0,7405.999,0.0,0.0,21063.009343078404,0.0,50120.386210172,17.85108000000004,17.85108000000004,17.85108000000004
5590,22,105133.0983,65436.765249489996,0.0,65436.765249489996,1221.308,0.0,593.212,20531.827653076252,10669.53153709574,74.364,0.0,0.0,0.0,7405.999,799.9091396619683,0.0,21822.92302575727,-799.9091396619683,39696.33305051,16.526279999999783,16.526279999999783,16.526279999999783
5591,23,96342.75806,63270.702208559,0.0,63270.702208559,1221.308,0.0,593.212,20531.827653076252,7269.0019999985525,74.364,0.0,0.0,0.0,7405.999,4023.6568016338297,0.0,25645.39698730941,-4023.6568016338297,33072.05585144099,16.2426,16.2426,16.2426
5592,24,88679.95126,56808.122303774995,0.0,56808.122303774995,1221.308,0.0,593.212,20531.827653076252,7269.001999999957,74.364,0.0,0.0,0.0,7405.999,5223.883696851234,0.0,30608.08649931808,-5223.883696851234,31871.828956225007,16.2426,16.2426,16.2426
5593,25,83724.45402,54129.210903045,0.0,54129.210903045,1221.308,0.0,593.212,20531.827653076252,7269.001999999971,74.364,0.0,0.0,0.0,7405.999,7500.46953612124,0.0,37733.53255863326,-7500.46953612124,29595.243116955004,16.2426,16.2426,16.2426
5594,26,80833.70203,45125.91184255399,0.0,45125.91184255399,1221.308,0.0,593.212,20531.827653076252,7269.001999999971,74.364,0.0,0.0,0.0,7405.999,1387.9224656302376,0.0,39052.05890098199,-1387.9224656302376,35707.79018744601,16.2426,16.2426,16.2426
5595,27,79022.50073,47239.99090596299,0.0,47239.99090596299,1221.308,0.0,593.212,20531.827653076252,7269.001999999971,74.364,0.0,0.0,0.0,7405.999,5313.202829039247,0.0,44099.601588569276,-5313.202829039247,31782.509824037006,16.2426,16.2426,16.2426
5596,28,78930.9219,48430.019453681,0.0,48430.019453681,1221.308,0.0,593.212,20531.827653076252,7269.001999999964,74.364,0.0,0.0,0.0,7405.999,6594.810206757232,0.0,50364.671284988646,-6594.810206757232,30500.902446319,16.2426,16.2426,16.2426
5597,29,81030.90161,46717.099841013,0.0,46717.099841013,1221.308,0.0,593.212,20531.827653076252,7269.001999999971,74.364,0.0,0.0,0.0,7405.999,2781.9108840892413,0.0,53007.486624873425,-2781.9108840892413,34313.801768987,16.2426,16.2426,16.2426
5598,30,84903.65911,45293.498491606,699.9095,45293.498491606,1221.308,699.9095,593.212,20531.827653076252,13841.49283706563,74.364,0.0,0.0,0.0,7405.999,4757.952371747904,0.0,57527.54137803394,-4757.952371747904,38910.25111839399,17.188679999999934,17.188679999999934,17.188679999999934
5599,31,89520.32678,39197.323344005,14390.280156466999,39197.323344005,1221.308,14390.280156466999,593.212,20531.827653076252,7269.001999999986,74.364,0.0,0.0,0.0,7405.999,1162.9893735482428,0.0,58632.38128290477,-1162.9893735482428,35932.723279528,16.2426,16.2426,16.2426
5600,32,94516.03179,26209.138656147,34219.896295950006,26209.138656147,1221.308,34219.896295950006,593.212,20531.827653076252,7269.001999999986,74.364,0.0,0.0,0.0,7405.999,3008.71581517324,0.0,61490.661307319344,-3008.71581517324,34086.99683790299,16.2426,16.2426,16.2426
5601,33,99269.78902,18555.690992429998,47370.4819615655,18555.690992429998,1221.308,47370.4819615655,593.212,20531.827653076252,7269.002,74.364,0.0,0.0,0.0,7405.999,3752.0965870717605,0.0,65055.15306503747,-3752.0965870717605,33343.6160660045,16.2426,16.2426,16.2426
5602,34,103969.0332,16509.854796652002,53373.5595974435,16509.854796652002,1221.308,53373.5595974435,593.212,20531.827653076252,7269.002,74.364,0.0,0.0,0.0,7405.999,3010.0938471717673,0.0,67914.74221985065,-3010.0938471717673,34085.61880590451,16.2426,16.2426,16.2426
5603,35,107763.0022,15054.836296343996,57078.9272558355,15054.836296343996,1221.308,57078.9272558355,593.212,20531.827653076252,7269.002,74.364,0.0,0.0,0.0,7405.999,1466.474005255799,0.0,69307.89252484367,-1466.474005255799,35629.2386478205,16.2426,16.2426,16.2426
5604,36,109761.679,16056.171359775995,59779.800707505994,16056.171359775995,1221.308,59779.800707505994,593.212,20531.827653076252,7269.002,74.364,0.0,0.0,0.0,7405.999,3170.0057203583024,0.0,72319.39795918406,-3170.0057203583024,33925.706932718014,16.2426,16.2426,16.2426
5605,37,111557.5185,21178.782458544,61052.165616558996,21178.782458544,1221.308,61052.165616558996,593.212,20531.827653076252,7269.002,74.364,0.0,0.0,0.0,7405.999,7769.142228180688,0.0,79700.08307595571,-7769.142228180688,29326.570424897014,16.24260000000004,16.24260000000004,16.24260000000004
5606,38,113884.5573,18750.796641237,61317.1272919825,18750.796641237,1221.308,61317.1272919825,593.212,20531.827653076252,7269.002,74.364,0.0,0.0,0.0,7405.999,3279.079286295779,0.0,82815.20839793672,-3279.079286295779,33816.6333667805,16.2426,16.2426,16.2426
5607,39,115477.5066,29002.39989086,53931.513345595995,29002.39989086,1221.308,53931.513345595995,593.212,20531.827653076252,7269.001999999971,74.364,0.0,0.0,0.0,7405.999,4552.119289532244,0.0,87139.72172299236,-4552.119289532244,32543.593363543994,16.2426,16.2426,16.2426
5608,40,116382.7886,36131.130549745,47400.819189535505,36131.130549745,1221.308,47400.819189535505,593.212,20531.827653076252,7269.001999999986,74.364,0.0,0.0,0.0,7405.999,4244.873792356751,0.0,91172.35182573128,-4244.873792356751,32850.8388607195,16.2426,16.2426,16.2426
5609,41,116155.0934,34549.577503349,39954.692773635994,34549.577503349,1221.308,39954.692773635994,593.212,20531.827653076252,12570.176117064233,74.364,0.0,0.0,0.0,7405.999,746.0636471254729,0.0,91881.11229050049,-746.0636471254729,41650.823123015,16.526279999999804,16.526279999999804,16.526279999999804
5610,42,114380.1954,36838.625492647,25520.539117212502,36838.625492647,1221.308,25520.539117212502,593.212,20531.827653076252,22173.980137064238,74.364,20.340000000000003,0.0,0.0,7405.999,0.0,0.0,91881.11229050049,0.0,52021.030790140496,17.851080000000053,17.851080000000053,17.851080000000053
5611,43,112428.1432,38768.80050189201,8136.395099098001,38768.80050189201,1221.308,8136.395099098001,593.212,20531.827653076252,25028.690000000002,74.364,469.10800000000006,257.0,0.0,7405.999,0.0,9941.438945933769,81416.43971583336,9941.438945933769,65522.947599009996,35.458000000747774,35.458000000747774,35.458000000747774
5612,44,110709.1901,37945.17965214099,0.0,37945.17965214099,1221.308,0.0,593.212,20531.827653076252,25028.690000000002,74.364,701.2,257.0,0.0,7405.999,0.0,16950.409794782758,63573.90308974624,16950.409794782758,72764.01044785901,35.45800000115864,35.45800000115864,35.45800000115864
5613,45,108037.2728,32525.608492316,0.0,32525.608492316,1221.308,0.0,593.212,20531.827653076252,25028.690000000002,74.364,701.2,257.0,0.0,7405.999,0.0,19698.06365460779,42839.099242790675,19698.06365460779,75511.664307684,35.458000000803494,35.458000000803494,35.458000000803494
5614,46,101373.259,26794.776542543,0.0,26794.776542543,1221.308,0.0,593.212,20531.827653076252,25028.690000000002,74.364,701.2,257.0,0.0,7405.999,0.0,18764.88180438076,23086.59208028462,18764.88180438076,74578.48245745701,35.45800000080412,35.45800000080412,35.45800000080412
5615,47,93176.21299,23591.860252754996,0.0,23591.860252754996,1221.308,0.0,593.212,20531.827653076252,25028.690000000002,74.364,701.2,257.0,0.0,7405.999,0.0,13770.752084168733,8591.063570633323,13770.752084168733,69584.352737245,35.45800000116149,35.45800000116149,35.45800000116149
5616,48,86084.6189,24391.197901863998,0.0,24391.197901863998,1221.308,0.0,593.212,20531.827653076252,25028.690000000002,74.364,469.10800000000006,257.0,0.0,7405.999,0.0,6111.912345059747,2157.471628465166,6111.912345059747,61693.420998136,35.458000001158716,35.458000001158716,35.458000001158716
5617,49,81473.53694,25108.578239882,0.0,25108.578239882,1221.308,0.0,593.212,20531.827653076252,24452.49,74.364,36.160000000000004,0.0,0.0,7405.999,0.0,2049.598047041906,0.0,2049.598047041906,56364.958700118004,30.763720000000017,30.763720000000017,30.763720000000017
5618,50,78506.7828,27939.069710646,0.0,27939.069710646,1221.308,0.0,593.212,20531.827653076252,20741.002436277715,74.364,0.0,0.0,0.0,7405.999,0.0,0.0,0.0,0.0,50567.713089354,17.18868000000004,17.18868000000004,17.18868000000004
5619,51,76745.72297,30913.562143264997,0.0,30913.562143264997,1221.308,0.0,593.212,20531.827653076252,16005.450173658737,74.364,0.0,0.0,0.0,7405.999,0.0,0.0,0.0,0.0,45832.16082673501,17.18867999999995,17.18867999999995,17.18867999999995
5620,52,77164.85045,31771.600254313,0.0,31771.600254313,1221.308,0.0,593.212,20531.827653076252,15566.539542610713,74.364,0.0,0.0,0.0,7405.999,0.0,0.0,0.0,0.0,45393.250195687,17.18868000000006,17.18868000000006,17.18868000000006
5621,53,79574.51382,31444.163241907998,0.0,31444.163241907998,1221.308,0.0,593.212,20531.827653076252,18303.639925015723,74.364,0.0,0.0,0.0,7405.999,0.0,0.0,0.0,0.0,48130.350578091995,17.18867999999996,17.18867999999996,17.18867999999996
5622,54,83601.56732,36758.515053122006,355.09990000000005,36758.515053122006,1221.308,355.09990000000005,593.212,20531.827653076252,16661.241713801748,74.364,0.0,0.0,0.0,7405.999,0.0,0.0,0.0,0.0,46487.952366877995,18.134759999999755,18.134759999999755,18.134759999999755
5623,55,88736.01819,36413.62869130001,17694.907945466497,36413.62869130001,1221.308,17694.907945466497,593.212,20531.827653076252,4800.770900157211,74.364,0.0,0.0,0.0,7405.999,0.0,0.0,0.0,0.0,34627.4815532335,16.242600000000078,16.242600000000078,16.242600000000078
5624,56,93158.02208,26350.756947818,39328.61115155851,26350.756947818,1221.308,39328.61115155851,593.212,20531.827653076252,21.5,74.364,0.0,0.0,0.0,7405.999,2369.5566724527616,0.0,2251.0788388301235,-2369.5566724527616,27478.65398062348,9.730499999982838,9.730499999982838,9.730499999982838
5625,57,97999.62093,17150.984590608998,54229.046345356495,17150.984590608998,1221.308,54229.046345356495,593.212,20531.827653076252,0.0,74.364,0.0,0.0,0.0,7405.999,3207.1206590417332,0.0,5297.84346491977,-3207.1206590417332,26619.589994034504,9.730499999999996,9.730499999999996,9.730499999999996
5626,58,102366.5794,17485.019202850002,61404.662960551,17485.019202850002,1221.308,61404.662960551,593.212,20531.827653076252,0.0,74.364,0.0,0.0,0.0,7405.998999999985,6349.813416477262,0.0,11330.166210573168,-6349.813416477262,23476.897236598998,9.730499999999989,9.730499999999989,9.730499999999989
5627,59,106175.3022,20706.732149467003,65519.4542496595,20706.732149467003,1221.308,65519.4542496595,593.212,20531.827653076252,28.5,74.364,0.0,0.0,0.0,7405.999,9906.094852202747,0.0,20740.956320165777,-9906.094852202747,19949.1158008735,16.24260000000003,16.24260000000003,16.24260000000003
5628,60,109399.0851,27577.176257373998,65868.1086864455,27577.176257373998,1221.308,65868.1086864455,0.0,20531.827653076252,0.0,74.364,0.0,0.0,0.0,5554.499250000004,11428.198746896052,0.0,31597.745129717026,-11428.198746896052,15953.8001561805,3.218400000026289,3.218400000026289,3.218400000026289
5629,61,112279.4645,33140.986201797,66362.357292819,33140.986201797,1221.308,66362.357292819,0.0,20531.827653076252,0.0,74.364,0.0,0.0,0.0,3702.999500000012,12754.378147692269,0.0,43714.404370024684,-12754.378147692269,12776.121005384004,0.0,0.0,0.0
5630,62,115131.8524,29708.801898694994,65644.87556503499,29708.801898694994,1221.308,65644.87556503499,593.212,20531.827653076252,28.5,74.364,0.0,0.0,0.0,5554.499250000001,8225.53596680626,0.0,51528.663538490626,-8225.53596680626,19778.17493627002,12.948900000273706,12.948900000273706,12.948900000273706
5631,63,117386.4014,27284.277556208,61537.8670948565,27284.277556208,1221.308,61537.8670948565,593.212,20531.827653076252,50.0,74.364,0.0,0.0,0.0,7405.999,1312.4539041407188,0.0,52775.494747424316,-1312.4539041407188,28564.256748935513,16.242599999999943,16.242599999999943,16.242599999999943
5632,64,118441.3704,33188.106195626,56183.109957184504,33188.106195626,1221.308,56183.109957184504,593.212,20531.827653076252,21.5,74.364,0.0,0.0,0.0,7405.999,778.0564058867653,0.0,53514.64833301675,-778.0564058867653,29070.154247189486,9.730499999999994,9.730499999999994,9.730499999999994
5633,65,118090.1156,33493.565442578,47130.810219501494,33493.565442578,1221.308,47130.810219501494,593.212,20531.827653076252,7639.029284844239,74.364,0.0,0.0,0.0,7405.999,0.0,0.0,53514.648333016754,0.0,37465.7399379205,17.18868,17.18868,17.18868
5634,66,115721.7406,39865.246307981004,29686.871147648,39865.246307981004,1221.308,29686.871147648,593.212,20531.827653076252,16342.912491294737,74.364,0.0,0.0,0.0,7405.999,0.0,0.0,53514.648333016754,0.0,46169.623144371,17.18868,17.18868,17.18868
5635,67,113147.1245,48151.870757797005,8977.038496609,48151.870757797005,1221.308,8977.038496609,593.212,20531.827653076252,24452.49,74.364,36.159999999999954,257.0,0.0,7405.999,0.0,1445.854592517752,51992.69613036649,1445.854592517752,56018.215245594,33.44188000000005,33.44188000000005,33.44188000000005
5636,68,111130.1539,53261.070010699,0.0,53261.070010699,1221.308,0.0,593.212,20531.827653076252,24452.49,74.364,36.15999999999998,257.0,0.0,7405.999,0.0,3296.7232362247596,48522.46114486674,3296.7232362247596,57869.08388930101,33.44188,33.44188,33.44188
5637,69,108828.3109,54297.049356417,0.0,54297.049356417,1221.308,0.0,593.212,20531.827653076252,22338.53043,74.364,0.0,0.0,0.0,7405.999,0.0,2366.0204605067493,46031.91329170174,2366.0204605067493,54531.261543582994,17.586280000000027,17.586280000000027,17.586280000000027
5638,70,101473.101,52863.9379424,0.0,52863.9379424,1221.308,0.0,593.212,20531.827653076252,18782.45240452373,74.364,0.0,0.0,0.0,7405.999,0.0,0.0,46031.91329170174,0.0,48609.163057599995,17.188680000000055,17.188680000000055,17.188680000000055
5639,71,93013.3426,48188.604091222995,0.0,48188.604091222995,1221.308,0.0,593.212,20531.827653076252,14998.027855700731,74.364,0.0,0.0,0.0,7405.999,0.0,0.0,46031.91329170207,0.0,44824.73850877701,17.188679999999927,17.188679999999927,17.188679999999927
5640,72,86174.78583,55051.204441872,0.0,55051.204441872,1221.308,0.0,593.212,20531.827653076252,1296.8707350517254,74.364,0.0,0.0,0.0,7405.999,0.0,0.0,46031.91329170207,0.0,31123.58138812799,16.242599999999733,16.242599999999733,16.242599999999733
5641,73,81361.16536,54117.94775395701,0.0,54117.94775395701,1221.308,0.0,593.212,20531.827653076252,21.5,74.364,0.0,0.0,0.0,7405.999,2604.9930470345453,0.0,48506.656686384886,-2604.9930470345453,27243.217606042992,9.730500000030572,9.730500000030572,9.730500000030572
5642,74,78793.65537,47582.344007221,0.0,47582.344007221,1221.308,0.0,593.212,20531.827653076252,1384.6007097027202,74.364,0.0,0.0,0.0,7405.999,0.0,0.0,48506.6566863849,0.0,31211.311362778993,16.24260000000004,16.24260000000004,16.24260000000004
5643,75,77551.38109,45391.317353255,0.0,45391.317353255,1221.308,0.0,593.212,20531.827653076252,2333.3530836687146,74.364,0.0,0.0,0.0,7405.999,0.0,0.0,48506.6566863849,0.0,32160.063736744996,16.242600000000046,16.242600000000046,16.242600000000046
5644,76,77786.90585,40560.485506159,0.0,40560.485506159,1221.308,0.0,593.212,20531.827653076252,7399.709690764726,74.364,0.0,0.0,0.0,7405.999,0.0,0.0,48506.6566863849,0.0,37226.420343841,17.18868000000005,17.18868000000005,17.18868000000005
5645,77,79958.12342,39760.696054932,0.0,39760.696054932,1221.308,0.0,593.212,20531.827653076252,10370.716711991738,74.364,0.0,0.0,0.0,7405.999,0.0,0.0,48506.6566863849,0.0,40197.427365068004,17.18867999999994,17.18867999999994,17.18867999999994
5646,78,84163.73105,40989.384859091006,566.60645,40989.384859091006,1221.308,566.60645,593.212,20513.260866342054,12799.59587456695,74.364,0.0,0.0,0.0,7405.999,0.0,0.0,48506.6566863849,0.0,42607.739740909,17.188680000000065,17.188680000000065,17.188680000000065
5647,79,89084.68247,40852.090799417,19578.491675271,40852.090799417,1221.308,19578.491675271,593.212,20497.735060991563,21.5,74.364,0.0,0.0,0.0,7405.999,1160.018065679555,0.0,49608.67384878048,-1160.018065679555,28654.099995312,9.7305,9.7305,9.7305
5648,80,93558.75814,28093.70329546,41145.541797043,28093.70329546,1221.308,41145.541797043,593.212,20481.833699219358,0.0,74.364,0.0,0.0,0.0,7405.998999999985,5457.203651722353,0.0,54793.01731791672,-5457.203651722353,24319.513047497006,9.73050000005085,9.73050000005085,9.73050000005085
5649,81,98135.64341,18741.089161170003,56285.046494218506,18741.089161170003,1221.308,56285.046494218506,593.212,20466.16679194288,0.0,74.364,0.0,0.0,0.0,7405.998999999985,6651.542037331366,0.0,61111.98225338152,-6651.542037331366,23109.50775461149,9.73050000000008,9.73050000000008,9.73050000000008
5650,82,102408.7606,16299.886942682999,63289.21571443851,16299.886942682999,1221.308,63289.21571443851,593.212,20450.811100970674,0.0,74.364,0.0,0.0,0.0,7405.998999999985,6926.036158092191,0.0,67691.71660356909,-6926.036158092191,22819.657942878475,9.730499999999811,9.730499999999811,9.730499999999811
5651,83,106083.3263,12725.747197502,67132.078028399,12725.747197502,1221.308,67132.078028399,593.212,20435.144185023986,0.0,74.364,0.0,0.0,0.0,7405.999,3504.5261109249877,0.0,71021.01640894782,-3504.5261109249877,26225.501074098996,9.7305,9.7305,9.7305
5652,84,108897.2655,13027.0545907,68421.19686002748,13027.0545907,1221.308,68421.19686002748,593.212,20418.911704298476,21.5,74.364,0.0,0.0,0.0,7405.999,2286.280655027499,0.0,73192.98303122395,-2286.280655027499,27449.014049272504,9.730499999999395,9.730499999999395,9.730499999999395
5653,85,111733.3367,12975.92605718,68853.18539758751,12975.92605718,1221.308,68853.18539758751,593.212,20403.385897551783,6817.6415273296025,74.364,0.0,0.0,0.0,7405.999,6611.6851796488745,0.0,79474.08395189038,-6611.6851796488745,29904.22524523249,16.24259999999993,16.24259999999993,16.24259999999993
5654,86,114815.5678,13275.956594346,67226.248843662,13275.956594346,1221.308,67226.248843662,593.212,20387.79651777958,4630.682844212378,74.364,0.0,0.0,0.0,7405.999,0.0,0.0,79474.08395189038,0.0,34313.362361991996,16.24260000000008,16.24260000000008,16.24260000000008
5655,87,116874.298,15875.689502132,64615.3595480725,15875.689502132,1221.308,64615.3595480725,593.212,20372.2844265689,6716.081523226558,74.364,0.0,0.0,0.0,7405.999,0.0,0.0,79474.08395189038,0.0,36383.2489497955,16.242599999999953,16.242599999999953,16.242599999999953
5656,88,117926.7282,18199.169193307996,59611.369961574,18199.169193307996,1221.308,59611.369961574,593.212,20356.7739195309,10464.532125587084,74.364,0.0,0.0,0.0,7405.999,0.0,0.0,79474.08395189038,0.0,40116.189045118,17.18868000000004,17.18868000000004,17.18868000000004
5657,89,117296.4014,20430.677745754998,49026.019907219496,20430.677745754998,1221.308,49026.019907219496,593.212,20341.05996318421,18203.760783841248,74.364,0.0,0.0,0.0,7405.999,0.0,0.0,79474.08395189038,0.0,47839.7037470255,17.188679999999966,17.188679999999966,17.188679999999966
5658,90,114411.6817,22675.352957331,31371.1200402425,22675.352957331,1221.308,31371.1200402425,593.212,20325.69056534621,24452.49,74.364,268.2519999999986,257.0,0.0,7405.999,0.0,5766.893137080195,73403.67012338492,5766.893137080195,60365.20870242649,33.44188,33.44188,33.44188
5659,91,111228.3639,26378.695799421002,8694.3211060885,26378.695799421002,1221.308,8694.3211060885,593.212,20309.897744935526,25028.690000000002,74.364,701.2,257.0,0.0,7405.999,0.0,20563.676249554974,51757.695123853366,20563.676249554974,76155.34699449051,35.45800000116124,35.45800000116124,35.45800000116124
5660,92,108796.3011,30141.005453694,0.0,30141.005453694,1221.308,0.0,593.212,20290.86774680181,25028.690000000002,74.364,701.2,257.0,0.0,7405.999,0.0,23082.654899504196,27460.163650691054,23082.654899504196,78655.295646306,35.458000000000055,35.458000000000055,35.458000000000055
5661,93,106196.4719,32567.913450436,0.0,32567.913450436,1221.308,0.0,593.212,20275.097605467607,25028.690000000002,74.364,701.2,257.0,0.0,7405.999,0.0,18071.68784409638,8437.334341115919,18071.68784409638,73628.558449564,35.45800000115937,35.45800000115937,35.45800000115937
5662,94,99939.13896,39283.338192511,0.0,39283.338192511,1221.308,0.0,593.212,20259.430698191125,25028.690000000002,74.364,469.10799999999995,257.0,0.0,7405.999,0.0,5346.689069297885,2809.2405839602507,5346.689069297885,60655.800767488996,35.45800000080441,35.45800000080441,35.45800000080441
5663,95,92881.1409,36184.909155481,0.0,36184.909155481,1221.308,0.0,593.212,20243.920189756926,24452.49,74.364,36.160000000000004,0.0,0.0,7405.999,0.0,2668.7785547622384,0.0,2668.7785547622384,56696.231744519,30.763719999999946,30.763719999999946,30.763719999999946
5664,96,86256.09117,35366.893243931,0.0,35366.893243931,1221.308,0.0,593.212,20228.34735128044,21365.96757478853,74.364,0.0,0.0,0.0,7405.999,0.0,0.0,0.0,0.0,50889.197926069,17.188679999999945,17.188679999999945,17.188679999999945
5665,1,81257.47591,34102.66854583,0.0,34102.66854583,1221.308,0.0,593.212,20212.81871877404,17647.105645395917,74.364,0.0,0.0,0.0,7405.999,0.0,0.0,0.0,0.0,47154.807364169996,17.18868,17.18868,17.18868
5666,2,78169.00011,31471.283955143997,0.0,31471.283955143997,1221.308,0.0,593.212,20197.089583823552,17205.74357103242,74.364,0.0,0.0,0.0,7405.999,0.0,0.0,0.0,0.0,46697.716154855996,17.18868,17.18868,17.18868
5667,3,75910.35096,34029.406252669,0.0,34029.406252669,1221.308,0.0,593.212,20181.720184589354,12404.34152274161,74.364,0.0,0.0,0.0,7405.999,0.0,0.0,0.0,0.0,41880.94470733099,17.18868,17.18868,17.18868
5668,4,74929.9915,38702.311148739,0.0,38702.311148739,1221.308,0.0,593.212,20165.33129635135,7269.001999999971,74.364,0.0,0.0,0.0,7405.999,501.53594509033655,0.0,476.4591478358197,-501.53594509033655,36227.680351261006,16.2426,16.2426,16.2426
5669,5,75112.94926,41675.812895815994,0.0,41675.812895815994,1221.308,0.0,593.212,20149.82078791715,8197.308340704543,74.364,0.0,0.0,0.0,7405.999,4204.87576443772,0.0,4471.091124051653,-4204.87576443772,33437.136364184,17.18868,17.18868,17.18868
5670,6,76037.8811,42629.37930265299,1132.42775,42629.37930265299,1221.308,1132.42775,593.212,20134.229825368468,7247.502,74.364,0.0,0.0,0.0,5554.49925,2549.0410280214596,0.0,6892.68010067204,-2549.0410280214596,32276.07404734701,17.18868,17.18868,17.18868
5671,7,78792.21069,43241.612045427,20589.256548372003,43241.612045427,1221.308,20589.256548372003,11.235,20118.719316934264,0.0,74.364,0.0,0.0,0.0,3702.9995,10167.28372073325,0.0,16551.599635368628,-10167.28372073325,14961.342096201006,3.644539999999992,3.644539999999992,3.644539999999992
5672,8,83124.11702,33977.39680872401,42622.8327037085,33977.39680872401,1221.308,42622.8327037085,0.0,20103.146471183773,0.0,74.364,0.0,0.0,0.0,1851.49975,16726.430713616293,0.0,32441.708813304103,-16726.430713616293,6523.887507567502,0.0,0.0,0.0
5673,9,88638.15967,16729.918238364997,57588.483004023496,16729.918238364997,1221.308,57588.483004023496,593.212,20087.635962749573,0.0,74.364,0.0,0.0,0.0,3702.9995,11359.761035138103,0.0,43233.4817966853,-11359.761035138103,14319.758427611494,7.529,7.529,7.529
5674,10,93391.53886,13483.920097004997,64915.716641505496,13483.920097004997,1221.308,64915.716641505496,348.123,20068.81399607309,0.0,74.364,0.0,0.0,0.0,5554.49925,12275.206124583596,0.0,54894.92761503972,-12275.206124583596,14991.902121489504,6.32,6.32,6.32
5675,11,97129.96256,10015.335456265,68673.06464720798,10015.335456265,1221.308,68673.06464720798,593.212,20052.679424439375,7247.502,74.364,0.0,0.0,0.0,7405.999,18153.50196791235,0.0,72140.75448455646,-18153.50196791235,18441.56245652701,16.2426,16.2426,16.2426
5676,12,99864.21898,10868.578144894998,69654.386273611,10868.578144894998,1221.308,69654.386273611,593.212,20037.037584528694,0.0,74.364,0.0,0.0,0.0,7405.999,9990.666023034693,0.0,81631.88720643941,-9990.666023034693,19341.254561494003,9.7305,9.7305,9.7305
5677,13,102746.6534,15374.915710158999,69369.267532755,15374.915710158999,1221.308,69369.267532755,593.212,20021.37609559449,0.0,74.364,0.0,0.0,0.0,7405.998999999971,11313.78893850849,0.0,92379.98669802248,-11313.78893850849,18002.470157086005,9.7305,9.7305,9.7305
5678,14,105447.7438,15967.258855755998,67263.418539479,15967.258855755998,1221.308,67263.418539479,593.212,20006.006697756497,0.0,74.364,0.0,0.0,0.0,7405.999,7083.823292991496,0.0,99109.6188263644,-7083.823292991496,22217.066404765006,9.7305,9.7305,9.7305
5679,15,107814.9106,17079.884391057,66525.5088964205,17079.884391057,1221.308,66525.5088964205,593.212,19990.2927414098,21.500000000000004,74.364,0.0,0.0,0.0,7405.998999999971,5097.158428887296,0.0,103951.91933380732,-5097.158428887296,24209.517312522497,9.7305,9.7305,9.7305
5680,16,109612.3327,17066.820506377,61497.513989584004,17066.820506377,1221.308,61497.513989584004,593.212,19974.8429816376,7269.001999999986,74.364,0.0,0.0,0.0,7405.999,5490.7297775986135,0.0,109168.11262252601,-5490.7297775986135,31047.998204038995,16.2426,16.2426,16.2426
5681,17,110094.2776,15624.114656746002,50907.848806732494,15624.114656746002,1221.308,50907.848806732494,593.212,19959.270143161113,14329.467840000001,74.364,0.0,0.0,0.0,7405.999,21.306846639614776,0.0,109188.35412683364,-21.306846639614776,43562.3141365215,16.2426,16.2426,16.2426
5682,18,108644.2267,16197.946841420999,31896.964943895502,16197.946841420999,1221.308,31896.964943895502,593.212,19943.68076338892,24452.49,74.364,448.7680000000001,257.0,0.0,7405.999,0.0,6152.493151294575,102712.04554652356,6152.493151294575,60549.3149146835,34.785560000000004,34.785560000000004,34.785560000000004
5683,19,106068.6106,18549.315145852997,8844.857006637,18549.315145852997,1221.308,8844.857006637,593.212,19927.291873754715,25028.690000000002,74.364,701.2,257.0,0.0,7405.999,0.0,23465.373573755292,78011.65231099167,23465.373573755292,78674.43844751001,35.458,35.458,35.458
5684,20,103918.0189,23218.186653433,0.0,23218.186653433,1221.308,0.0,593.212,19911.968043182515,25028.690000000002,74.364,701.2,257.0,0.0,7405.999,0.0,25506.091203384465,51163.1352547975,25506.091203384465,80699.83224656699,35.458,35.458,35.458
5685,21,101807.2719,25228.260806737002,0.0,25228.260806737002,1221.308,0.0,593.212,19896.30113590603,25028.690000000002,74.364,701.2,257.0,0.0,7405.999,0.0,21400.936957356986,28635.83319442172,21400.936957356986,76579.011093263,35.458,35.458,35.458
5686,22,96251.15172,26776.651545738998,0.0,26776.651545738998,1221.308,0.0,593.212,19880.743587071833,25028.690000000002,74.364,701.2,257.0,0.0,7405.999,0.0,14311.983587189168,13570.587313169965,14311.983587189168,69474.50017426099,35.458,35.458,35.458
5687,23,89567.31606,29876.232091458005,0.0,29876.232091458005,1221.308,0.0,593.212,19861.983849587145,25028.690000000002,74.364,469.10800000000006,257.0,0.0,7405.999,0.0,4779.419118954842,8539.619819533289,4779.419118954842,59691.08396854199,35.458,35.458,35.458
5688,24,83371.58577,30109.049549821997,0.0,30109.049549821997,1221.308,0.0,593.212,19846.426302149142,24100.886918028864,74.364,20.339999999999996,0.0,0.0,7405.999,0.0,0.0,8539.619819533289,0.0,53262.53622017801,18.513479999999998,18.513479999999998,18.513479999999998
5689,25,79057.80589,32276.167589941993,0.0,32276.167589941993,1221.308,0.0,593.212,19830.82014213846,17655.93515791952,74.364,0.0,0.0,0.0,7405.999,0.0,0.0,8539.619819533289,0.0,46781.63830005801,17.18868,17.18868,17.18868
5690,26,76241.26262,34003.143807245004,0.0,34003.143807245004,1221.308,0.0,593.212,19814.62482323894,13128.610989516043,74.364,0.0,0.0,0.0,7405.999,0.0,0.0,8539.619819533289,0.0,42238.11881275499,17.18868,17.18868,17.18868
5691,27,74099.3632,38325.010254185996,0.0,38325.010254185996,1221.308,0.0,593.212,19799.061854666255,7269.001999999971,74.364,0.0,0.0,0.0,7405.999,588.593908852245,0.0,9098.784032942922,-588.593908852245,35774.35294581401,16.2426,16.2426,16.2426
5692,28,72815.007,39284.88754079801,0.0,39284.88754079801,1221.308,0.0,593.212,19783.541476328253,7269.001999999971,74.364,0.0,0.0,0.0,7405.999,2817.3070171262593,0.0,11775.225699212868,-2817.3070171262593,33530.11945920199,16.2426,16.2426,16.2426
5693,29,72713.1818,39108.718096856996,0.0,39108.718096856996,1221.308,0.0,593.212,19767.952096556055,7269.002,74.364,0.0,0.0,0.0,7405.999,2727.373393413062,0.0,14366.230422955276,-2727.373393413062,33604.46370314301,16.410319999999995,16.410319999999995,16.410319999999995
5694,30,72969.67641,34620.651399081,933.9626000000001,34620.651399081,1221.308,933.9626000000001,593.212,19752.298888871366,10219.380272047609,74.364,0.0,0.0,0.0,5554.49925,0.0,0.0,14366.230422955276,0.0,37415.062410919,17.18868,17.18868,17.18868
5695,31,74711.04841,31637.746299681,23262.983513385498,31637.746299681,1221.308,23262.983513385498,163.998,19736.929489637172,0.0,74.364,0.0,0.0,0.0,3702.9995,5089.280392703671,0.0,19201.046796023762,-5089.280392703671,19810.318596933506,5.323,5.323,5.323
5696,32,79008.90034,19941.737897864,44618.814837853,19941.737897864,1221.308,44618.814837853,0.0,19721.262582360683,0.0,74.364,0.0,0.0,0.0,1851.49975,8420.086728077667,0.0,27200.129187697545,-8420.086728077667,14448.347604282986,0.0,0.0,0.0
5697,33,84617.04423,12746.818308059002,60100.2262593405,12746.818308059002,1221.308,60100.2262593405,0.0,19705.70503352648,0.0,74.364,0.0,0.0,0.0,0.0,9231.377370925968,0.0,35969.93769007721,-9231.377370925968,11769.999662600487,0.0,0.0,0.0
5698,34,89946.44901,10441.171099089,67222.3640745045,10441.171099089,1221.308,67222.3640745045,0.0,19689.504294888487,0.0,74.364,0.0,0.0,0.0,0.0,8702.262458481968,0.0,44237.08702563508,-8702.262458481968,12282.9138364065,0.0,0.0,0.0
5699,35,94658.1223,9901.726849708,70680.5428902295,9901.726849708,1221.308,70680.5428902295,0.0,19673.928621982086,0.0,74.364,0.0,0.0,0.0,0.0,6893.748061919569,0.0,50786.14768445867,-6893.748061919569,14075.852560062514,0.0,0.0,0.0
5700,36,98377.11999,14411.879552147999,71854.367715577,14411.879552147999,1221.308,71854.367715577,0.0,19658.261707431593,0.0,74.364,0.0,0.0,0.0,0.0,8843.060985156584,0.0,59187.05562035742,-8843.060985156584,12110.872722275017,0.0,0.0,0.0
5701,37,101443.0083,15336.932799422997,71948.85865489,15336.932799422997,1221.308,71948.85865489,0.0,19639.69020839739,0.0,74.364,0.0,0.0,0.0,0.0,6778.1453627103665,0.0,65626.29371493227,-6778.1453627103665,14157.216845686999,0.0,0.0,0.0
5702,38,104022.5597,18850.088399462005,72703.44136734499,18850.088399462005,1221.308,72703.44136734499,0.0,19624.00812112091,0.0,74.364,0.0,0.0,0.0,0.0,8450.650187927897,0.0,73654.41139346377,-8450.650187927897,12469.029933193,0.0,0.0,0.0
5703,39,106401.9233,21607.948350018,69281.389876125,21607.948350018,1221.308,69281.389876125,163.9979999999709,19608.45057228671,0.0,74.364,0.0,0.0,0.0,1851.49975,7407.035248429696,0.0,80691.09487947199,-7407.035248429696,15512.585073856986,5.323,5.323,5.323
5704,40,108275.3187,26758.946908197,64212.19229772,26758.946908197,1221.308,64212.19229772,0.0,19592.906650138022,0.0,74.364,0.0,0.0,0.0,3702.9995,7287.398656055004,0.0,87614.12360272424,-7287.398656055004,17304.179494083,0.0,0.0,0.0
5705,41,109127.4133,31746.201253768,53388.15898872649,31746.201253768,1221.308,53388.15898872649,593.212,19577.245161203824,7247.502,74.364,0.0,0.0,0.0,5554.49925,10275.0773536983,0.0,97375.44708873762,-10275.0773536983,23993.05305750551,16.2426,16.2426,16.2426
5706,42,108216.8674,33813.409603621,34662.38995631251,33813.409603621,1221.308,34662.38995631251,593.212,19561.00725346582,16296.60602,74.364,0.0,0.0,0.0,7405.999,5411.428433399331,0.0,102516.304100467,-5411.428433399331,39741.067840066484,17.356399999999997,17.356399999999997,17.356399999999997
5707,43,106657.5685,39901.528251694996,10202.9197383055,39901.528251694996,1221.308,10202.9197383055,593.212,19545.533914131625,24452.49,74.364,36.160000000000004,257.0,0.0,7405.999,0.0,2967.053595867835,99393.08978902717,2967.053595867835,56553.1205099995,33.44188,33.44188,33.44188
5708,44,105119.6909,47929.35734831199,0.0,47929.35734831199,1221.308,0.0,593.212,19529.92389928113,24452.49,74.364,36.160000000000004,257.0,0.0,7405.999,0.0,3619.876652406861,95582.69331280942,3619.876652406861,57190.33355168801,33.44188,33.44188,33.44188
5709,45,103076.1827,56502.14264269899,0.0,56502.14264269899,1221.308,0.0,593.212,19514.37019940893,17764.78685789207,74.364,0.0,0.0,0.0,7405.999,0.0,0.0,95582.69331280942,0.0,46574.04005730101,17.58628000000001,17.58628000000001,17.58628000000001
5710,46,96204.12361,60282.374558678,0.0,60282.374558678,1221.308,0.0,593.212,19498.87488843673,8737.182837892073,74.364,0.0,0.0,0.0,7405.999,1609.1916750068044,0.0,97111.42540406589,-1609.1916750068044,35921.749051322,16.791079999999994,16.791079999999994,16.791079999999994
5711,47,88559.72455,64115.869802728,0.0,64115.869802728,1221.308,0.0,593.212,19483.20797976405,21.500000000000004,74.364,0.0,0.0,0.0,7405.999,4355.736232492053,0.0,101249.37482493333,-4355.736232492053,24443.854747272002,9.7305,9.7305,9.7305
5712,48,82204.46946,58085.164253997995,0.0,58085.164253997995,1221.308,0.0,593.212,19467.791541526047,0.0,74.364,0.0,0.0,0.0,7405.998999999971,4643.369335524054,0.0,105660.57569368118,-4643.369335524054,24119.305206001998,9.7305,9.7305,9.7305
5713,49,77222.51413,52935.033752585994,0.0,52935.033752585994,1221.308,0.0,593.212,19451.44969229185,0.0,74.364,0.0,0.0,0.0,7405.998999999971,4458.852314877862,0.0,109896.48539281516,-4458.852314877862,24287.480377414002,9.7305,9.7305,9.7305
5714,50,74903.47305,49817.495098244006,0.0,49817.495098244006,1221.308,0.0,593.212,19435.70313051965,0.0,74.364,0.0,0.0,0.0,7405.999,3644.6081787636635,0.0,113358.86316264064,-3644.6081787636635,25085.977951755995,9.7305,9.7305,9.7305
5715,51,73559.58181,45856.132996629,0.0,45856.132996629,1221.308,0.0,593.212,19417.193154634962,21.500000000000004,74.364,0.0,0.0,0.0,7405.998999999971,1030.1273412639512,0.0,114337.48413684139,-1030.1273412639512,27703.448813371004,9.7305,9.7305,9.7305
5716,52,73961.91989,38160.725810877004,0.0,38160.725810877004,1221.308,0.0,593.212,19401.635607196957,7269.002,74.364,0.0,0.0,0.0,7405.999,164.32652807395107,0.0,114493.59433851164,-164.32652807395107,35801.194079123,16.2426,16.2426,16.2426
5717,53,76861.39823,33520.673503230006,0.0,33520.673503230006,1221.308,0.0,593.212,19385.968698524273,14659.873028245716,74.364,0.0,0.0,0.0,7405.999,0.0,0.0,114493.59433851164,0.0,43340.72472677,17.18868,17.18868,17.18868
5718,54,81678.72661,33394.050099576,971.9249,33394.050099576,1221.308,971.9249,593.212,19370.495360586272,18647.373249837696,74.364,0.0,0.0,0.0,7405.999,0.0,0.0,114493.59433851164,0.0,47312.751610424,18.134760000000004,18.134760000000004,18.134760000000004
5719,55,87119.6995,27663.506708866,24070.2177032745,27663.506708866,1221.308,24070.2177032745,593.212,19354.946100275592,9288.151089837698,74.364,0.0,0.0,0.0,7405.999,2552.0051022538005,0.0,116917.99918565275,-2552.0051022538005,35385.97508785951,16.2426,16.2426,16.2426
5720,56,92617.15018,16368.302301393,45344.956538331004,16368.302301393,1221.308,45344.956538331004,593.212,19339.31647174139,7269.002,74.364,0.0,0.0,0.0,7405.999,4999.310131465385,0.0,121667.34381054486,-4999.310131465385,30903.891340275986,16.2426,16.2426,16.2426
5721,57,98409.01528,8701.785394204,60464.4819421625,8701.785394204,1221.308,60464.4819421625,593.212,19323.09376006919,7269.002,74.364,0.0,0.0,0.0,7405.999,6644.230816435684,0.0,127979.36308615876,-6644.230816435684,29242.747943633512,16.2426,16.2426,16.2426
5722,58,103915.0668,10745.952898742,67625.0471357985,10745.952898742,1221.308,67625.0471357985,593.212,19307.47931293119,21.500000000000004,74.364,0.0,0.0,0.0,7405.999,3079.795547471704,0.0,130905.16885625687,-3079.795547471704,25544.0667654595,9.7305,9.7305,9.7305
5723,59,108796.3776,12550.375658874,71214.34399724401,12550.375658874,1221.308,71214.34399724401,593.212,19291.8692966845,21.500000000000004,74.364,0.0,0.0,0.0,7405.999,3576.5943528025023,0.0,134302.93349141924,-3576.5943528025023,25031.657943882004,9.7305,9.7305,9.7305
5724,60,113073.6507,12432.226640287001,71936.40893615052,12432.226640287001,1221.308,71936.40893615052,593.212,19276.456706012297,7269.002,74.364,0.0,0.0,0.0,7405.999,7135.326582449787,0.0,141081.49374474655,-7135.326582449787,28705.01512356248,16.2426,16.2426,16.2426
5725,61,116929.9035,12629.444940121999,71610.33659000749,12629.444940121999,1221.308,71610.33659000749,593.212,19260.846698435813,7269.001999999971,74.364,0.0,0.0,0.0,7405.999,3134.6097285652836,0.0,144059.37298688357,-3134.6097285652836,32690.12196987051,16.2426,16.2426,16.2426
5726,62,120027.3574,17201.205796242,70144.3336589145,17201.205796242,1221.308,70144.3336589145,593.212,19245.232249901615,7269.001999999986,74.364,0.0,0.0,0.0,7405.999,3127.299305058094,0.0,147030.30732668875,-3127.299305058094,32681.817944843482,16.2426,16.2426,16.2426
5727,63,122943.1971,20210.885351955003,69329.29589284101,20210.885351955003,1221.308,69329.29589284101,593.212,19229.48717732941,7269.002,74.364,0.0,0.0,0.0,7405.999,2390.356322125427,0.0,149301.1458327079,-2390.356322125427,33403.015855203994,16.2426,16.2426,16.2426
5728,64,124579.3713,26758.828547036,64285.9644489575,26758.828547036,1221.308,64285.9644489575,593.212,19213.820262778918,10972.265218788747,74.364,0.0,0.0,0.0,7405.999,5946.390177561192,0.0,154950.21650139103,-5946.390177561192,33534.5783040065,16.2426,16.2426,16.2426
5729,65,124637.7247,21648.518653513005,53571.50539577899,21648.518653513005,1221.308,53571.50539577899,593.212,19194.790271919217,20907.68737878879,74.364,20.339999999999996,0.0,0.0,7405.999,0.0,0.0,154950.21650139103,0.0,49417.70065070801,18.134760000000004,18.134760000000004,18.134760000000004
5730,66,122610.6905,23101.470448983,34227.43356634101,23101.470448983,1221.308,34227.43356634101,593.212,19179.217424772527,25028.690000000002,74.364,469.10800000000006,257.0,0.0,7405.999,0.0,11052.888059903458,143315.59749096635,11052.888059903458,65281.786484675984,35.458,35.458,35.458
5731,67,119948.0659,25478.668398515,10268.2491469455,25478.668398515,1221.308,10268.2491469455,593.212,19163.70691773453,25028.690000000002,74.364,701.2,257.0,0.0,7405.999,0.0,29755.66843680496,111993.84124169797,29755.66843680496,84201.1483545395,35.458,35.458,35.458
5732,68,117030.6461,31424.504139611,0.0,31424.504139611,1221.308,0.0,593.212,19148.055206523837,25028.690000000002,74.364,701.2,257.0,0.0,7405.999,0.0,31176.313753865164,79176.66886920833,31176.313753865164,85606.141960389,35.458,35.458,35.458
5733,69,112999.2666,37801.042946563,0.0,37801.042946563,1221.308,0.0,593.212,19132.440759385838,25028.690000000002,74.364,701.2,257.0,0.0,7405.999,0.0,20784.009894051153,57298.76371757554,20784.009894051153,75198.223653437,35.458,35.458,35.458
5734,70,104705.0848,31553.972048873995,0.0,31553.972048873995,1221.308,0.0,593.212,19116.891491801147,25028.690000000002,74.364,701.2,257.0,0.0,7405.999,0.0,18752.44825932484,37559.3444972336,18752.44825932484,73151.112751126,35.458,35.458,35.458
5735,71,95670.60825,32163.189141801,0.0,32163.189141801,1221.308,0.0,593.212,19101.418152466948,25028.690000000002,74.364,469.10800000000006,257.0,0.0,7405.999,0.0,9356.319955732075,27710.586649094574,9356.319955732075,63507.41910819901,35.458,35.458,35.458
5736,72,88342.96842,36835.634395283,0.0,36835.634395283,1221.308,0.0,593.212,19085.133204328948,23106.977820388056,74.364,20.339999999999996,0.0,0.0,7405.999,0.0,0.0,27710.586649094574,0.0,51507.334024717005,18.134760000000004,18.134760000000004,18.134760000000004
5737,73,83223.49321,42600.841457368995,0.0,42600.841457368995,1221.308,0.0,593.212,19069.518755794747,13171.555660388043,74.364,0.0,0.0,0.0,7405.999,913.3056635518142,0.0,28578.2270294688,-913.3056635518142,40622.651752631005,16.2426,16.2426,16.2426
5738,74,79738.1945,41957.740358553,0.0,41957.740358553,1221.308,0.0,593.212,19053.970984684063,9431.60015676292,74.364,0.0,0.0,0.0,7405.999,0.0,0.0,28578.2270294688,0.0,37780.454141447,17.18868,17.18868,17.18868
5739,75,77816.75742,36027.749260248005,0.0,36027.749260248005,1221.308,0.0,593.212,19038.402104811863,13455.723054940127,74.364,0.0,0.0,0.0,7405.999,0.0,0.0,28578.2270294688,0.0,41789.00815975199,17.18868,17.18868,17.18868
5740,76,77788.07276,32107.335955422008,0.0,32107.335955422008,1221.308,0.0,593.212,19022.58937603538,17363.264428542614,74.364,0.0,0.0,0.0,7405.999,0.0,0.0,28578.2270294688,0.0,45680.73680457799,17.18868,17.18868,17.18868
5741,77,80373.22239,29474.816511689,0.0,29474.816511689,1221.308,0.0,593.212,19007.06899630118,22338.530430000003,74.364,0.0,0.0,0.0,7405.999,0.0,257.923452009823,28306.72865893214,257.923452009823,50898.405878310994,17.58628000000001,17.58628000000001,17.58628000000001
5742,78,85182.04637,27402.468208639002,1080.6212,27402.468208639002,1221.308,1080.6212,593.212,18988.653191463178,24452.49,74.364,36.160000000000004,257.0,0.0,7405.999,0.0,3669.7707698978315,24443.812059039687,3669.7707698978315,56698.95696136099,33.44188,33.44188,33.44188
5743,79,89999.77138,13057.950394099,23153.785106381,13057.950394099,1221.308,23153.785106381,593.212,18972.92111104429,24452.49,74.364,36.160000000000004,0.0,0.0,7405.999,0.0,1031.5817684757326,23357.93651327576,1031.5817684757326,53788.03587952001,30.76372,30.76372,30.76372
5744,80,95358.98699,8687.317640561,41450.219340945005,8687.317640561,1221.308,41450.219340945005,593.212,18956.876779918777,16969.690228575222,74.364,0.0,0.0,0.0,7405.999,0.0,0.0,23357.93651327576,0.0,45221.450008494,17.18868,17.18868,17.18868
5745,81,101208.9978,7742.631742112,53328.190248404004,7742.631742112,1221.308,53328.190248404004,593.212,18941.162823572085,11902.129985911915,74.364,0.0,0.0,0.0,7405.999,0.0,0.0,23357.93651327576,0.0,40138.17580948399,17.18868,17.18868,17.18868
5746,82,106884.6615,8724.593543300001,63744.82763695999,8724.593543300001,1221.308,63744.82763695999,593.212,18925.65231653409,7269.001999999971,74.364,0.0,0.0,0.0,7405.999,1074.2969967940774,0.0,24378.518660230133,-1074.2969967940774,34415.24031974001,16.2426,16.2426,16.2426
5747,83,112233.7394,7821.028801713,68351.907960668,7821.028801713,1221.308,68351.907960668,593.212,18910.07947666141,7855.8401609575885,74.364,0.0,0.0,0.0,7405.999,0.0,0.0,24378.518660230133,0.0,36060.80263761901,17.18868,17.18868,17.18868
5748,84,117022.2757,14862.869850545001,69851.2036624865,14862.869850545001,1221.308,69851.2036624865,593.212,18894.525776789207,7269.002,74.364,0.0,0.0,0.0,7405.999,3150.208589820701,0.0,27371.2168205598,-3150.208589820701,32308.202186968498,16.2426,16.2426,16.2426
5749,85,120901.3226,22308.310395491997,70312.708027935,22308.310395491997,1221.308,70312.708027935,593.212,18878.83688920451,7269.002,74.364,0.0,0.0,0.0,7405.999,7162.417712631503,0.0,34175.513647559725,-7162.417712631503,28280.304176573,16.2426,16.2426,16.2426
5750,86,124465.9649,28270.617352762998,68957.48294795351,28270.617352762998,1221.308,68957.48294795351,593.212,18863.36355126652,21.500000000000004,74.364,0.0,0.0,0.0,7405.998999999956,941.8819519829885,0.0,35070.30150194356,-941.8819519829885,27237.864599283494,9.7305,9.7305,9.7305
5751,87,127132.8629,33678.774297574004,66779.764896647,33678.774297574004,1221.308,66779.764896647,593.212,18847.80058269383,21.500000000000004,74.364,0.0,0.0,0.0,7405.998999999971,1489.8598769148248,0.0,36485.66838501264,-1489.8598769148248,26674.323705778996,9.7305,9.7305,9.7305
5752,88,128350.2717,33867.109796222,61508.2441940705,33867.109796222,1221.308,61508.2441940705,593.212,18831.605263794314,8865.954855729851,74.364,0.0,0.0,0.0,7405.999,4017.5254098166783,0.0,40302.31752433849,-4017.5254098166783,32974.9177097075,16.791079999999994,16.791079999999994,16.791079999999994
5753,89,128594.1723,32059.761105932,50530.116036054504,32059.761105932,1221.308,50530.116036054504,593.212,18815.85328228363,17893.55887572985,74.364,0.0,0.0,0.0,7405.999,0.0,0.0,40302.31752433849,0.0,46004.2951580135,17.58628000000001,17.58628000000001,17.58628000000001
5754,90,125729.1374,36228.724342723996,30931.780050045498,36228.724342723996,1221.308,30931.780050045498,593.212,18800.46804414943,24452.49,74.364,268.252,257.0,0.0,7405.999,0.0,5495.539963081055,34517.53861583212,5495.539963081055,58568.63300723052,33.44188,33.44188,33.44188
5755,91,122439.5581,47070.070058572,6486.026507804,47070.070058572,1221.308,6486.026507804,593.212,18784.967306164737,25028.690000000002,74.364,701.2,257.0,0.0,7405.999,0.0,14816.721227459273,18920.989955348672,14816.721227459273,68883.46153362401,35.458,35.458,35.458
5756,92,119639.5512,53079.29590565499,0.0,53079.29590565499,1221.308,0.0,593.212,18766.400520826744,25028.690000000002,74.364,701.2,257.0,0.0,7405.999,0.0,12512.081773518277,5750.3775621715395,12512.081773518277,66560.25529434501,35.458,35.458,35.458
5757,93,115904.0374,56640.675343683004,0.0,56640.675343683004,1221.308,0.0,593.212,18750.822372254053,25028.690000000002,74.364,469.10800000000006,257.0,0.0,7405.999,0.0,5462.858684062963,0.0,5462.858684062963,59263.362056317,35.458,35.458,35.458
5758,94,107498.5541,56488.960451364,0.0,56488.960451364,1221.308,0.0,593.212,18735.362741181856,22959.007907454154,74.364,20.339999999999996,0.0,0.0,7405.999,0.0,0.0,0.0,0.0,51009.59364863599,17.85108,17.85108,17.85108
5759,95,98200.31132,54480.095902132,0.0,54480.095902132,1221.308,0.0,593.212,18719.177293582332,15706.15512428563,74.364,0.0,0.0,0.0,7405.999,0.0,0.0,0.0,0.0,43720.21541786799,17.85108,17.85108,17.85108
5760,96,90242.64845,54772.876091777,0.0,54772.876091777,1221.308,0.0,593.212,18703.384473171653,7471.504885051331,74.364,0.0,0.0,0.0,7405.999,0.0,0.0,0.0,0.0,35469.772358222996,16.526280000000003,16.526280000000003,16.526280000000003
5761,1,85417.35321,52173.589798581,0.0,52173.589798581,1221.308,0.0,593.212,18688.01507393745,21319.988999999972,74.364,0.0,0.0,0.0,7405.999,16059.123662518454,0.0,15256.167479392532,-16059.123662518454,33243.763411419,17.18868,17.18868,17.18868
5762,2,82080.54415,48735.686641198,0.0,48735.686641198,1221.308,0.0,593.212,18672.348166660973,21319.989,74.364,0.0,0.0,0.0,7405.999,15942.362657858992,0.0,30401.41200435857,-15942.362657858992,33344.857508802,17.188680000023357,17.188680000023357,17.188680000023357
5763,3,80238.37267,49356.127300420994,0.0,49356.127300420994,1221.308,0.0,593.212,18656.747426388774,21319.988999999987,74.364,0.0,0.0,0.0,7405.999,18389.374056809782,0.0,47871.31735832786,-18389.374056809782,30882.245369579003,17.188680000023357,17.188680000023357,17.188680000023357
5764,4,80012.57693,46454.548403918,0.0,46454.548403918,1221.308,0.0,593.212,18641.32555974208,15631.0830655447,74.364,0.0,0.0,0.0,7405.999,10009.263099204822,0.0,57380.11730257244,-10009.263099204822,33558.028526081995,17.188680000023357,17.188680000023357,17.188680000023357
5765,5,82402.8096,42919.087408122,0.0,42919.087408122,1221.308,0.0,593.212,18625.66407220408,21319.989,74.364,0.0,0.0,0.0,7405.999,9756.81388032609,0.0,66649.09048888223,-9756.81388032609,39483.72219187799,17.18868,17.18868,17.18868
5766,6,86645.39557,42546.091195776,938.6813999999999,42546.091195776,1221.308,938.6813999999999,593.212,18609.7724706934,21319.989,74.364,0.0,0.0,0.0,7405.999,6064.021496469411,0.0,72409.91091052817,-6064.021496469411,43160.62297422399,17.18868,17.18868,17.18868
5767,7,91666.48945,36752.121002276,17493.5399650715,36752.121002276,1221.308,17493.5399650715,593.212,18593.57715039768,21319.989,74.364,0.0,0.0,0.0,7405.999,11787.620667745206,0.0,83608.15054488611,-11787.620667745206,37420.82848265249,17.18868,17.18868,17.18868
5768,8,97030.90108,25261.038556482003,40336.2104412905,25261.038556482003,1221.308,40336.2104412905,593.212,18578.074930486997,21319.988999999972,74.364,0.0,0.0,0.0,7405.999,17759.29484825948,0.0,100479.48065073261,-17759.29484825948,31433.65208222749,17.18868,17.18868,17.18868
5769,9,102419.3093,18347.061001052,55722.069754033,18347.061001052,1221.308,55722.069754033,593.212,18562.413442948997,15278.064590000009,74.364,0.0,0.0,0.0,7405.999,14785.182488033994,0.0,114525.4040143649,-14785.182488033994,28350.17854491499,17.188680000023357,17.188680000023357,17.188680000023357
5770,10,107991.3503,19423.891409619002,62713.2661575205,19423.891409619002,1221.308,62713.2661575205,593.2120000002384,18544.086278502306,21.5,74.364,0.0,0.0,0.0,7405.998999999999,2006.2765456420495,0.0,116431.36673272485,-2006.2765456420495,25854.19273286051,9.730499999982964,9.730499999982964,9.730499999982964
5771,11,113440.8588,22233.819991164,67152.5022971445,22233.819991164,1221.308,67152.5022971445,593.2119999993203,18528.345918230105,21.5,74.364,0.0,0.0,0.0,7405.999,3790.192406537947,0.0,120032.0495189359,-3790.192406537947,24054.536511691505,9.730499999934432,9.730499999934432,9.730499999934432
5772,12,117724.0762,28444.280647784,62920.355026279,28444.280648577653,1221.308,62920.355026279,593.212,18512.924060253623,7269.001999206383,74.364,0.0,0.0,0.0,7405.999,8717.368534316629,0.0,128313.5496265367,-8717.368534316629,26359.44052514334,16.2426,16.2426,16.2426
5773,13,121890.3514,23657.693398946005,67782.26415744598,23657.693398946005,1221.308,67782.26415744598,593.212,18497.370360381425,15278.064590000009,74.364,0.0,0.0,0.0,7405.999,12619.924106773444,0.0,140302.47752797147,-12619.924106773444,30450.393843608006,17.188680000023226,17.188680000023226,17.188680000023226
5774,14,125139.3474,24321.793192438003,66387.9004004185,24321.793192438003,1221.308,66387.9004004185,593.212,18481.81281294342,21319.989,74.364,0.0,0.0,0.0,7405.999,14667.031005799941,0.0,154236.1569834814,-14667.031005799941,34429.653807143506,17.188680000023357,17.188680000023357,17.188680000023357
5775,15,127716.7948,23569.323345181998,60115.6643071915,23569.323345181998,1221.308,60115.6643071915,593.212,18465.596892909216,22338.5304293204,74.364,0.0,0.0,0.0,7405.999,6067.203174603174,0.0,160000.0,-6067.203174603174,44031.8071476265,17.18868,17.18868,17.18868
5776,16,129516.5309,22236.480352599,55513.8879319985,22236.480352599,1221.308,55513.8879319985,593.212,18449.935405371223,23884.515729808358,74.364,0.0,0.0,0.0,7405.999,0.0,136.82848022287217,159855.97002081803,136.82848022287217,51766.1626154025,20.264440000000008,20.264440000000008,20.264440000000008
5777,17,129417.6833,31407.383543221003,44714.560419429,31407.383543221003,1221.308,44714.560419429,593.212,18434.29355818653,24648.315729808357,74.364,36.15999999999998,0.0,0.0,7405.999,0.0,882.0870493550646,158927.45733728638,882.0870493550646,53295.73933735,30.76372,30.76372,30.76372
5778,18,126351.1197,33557.112658410006,25466.122851332002,33557.112658410006,1221.308,25466.122851332002,593.212,18418.83392711433,25028.690000000002,74.364,469.10799999982873,257.0,0.0,7405.999,0.0,13859.369263143846,144338.64758660865,13859.369263143846,67327.88419025799,35.458000001159306,35.458000001159306,35.458000001159306
5779,19,123183.8297,35421.600291547,4852.33590131,35421.600291547,1221.308,4852.33590131,593.212,18403.021196941645,25028.690000000002,74.364,701.2,257.0,0.0,7405.999,0.0,29225.099310201476,113575.38515481762,29225.099310201476,82909.893507143,35.45800000000005,35.45800000000005,35.45800000000005
5780,20,120563.3792,35520.777495174996,0.0,35520.777495174996,1221.308,0.0,593.212,18387.35970940365,25028.690000000002,74.364,701.2,257.0,0.0,7405.999,0.0,31373.468995421357,80550.68094911093,31373.468995421357,85042.601704825,35.45800000116478,35.45800000116478,35.45800000116478
5781,21,116860.8251,39916.181204326,0.0,39916.181204326,1221.308,0.0,593.212,18371.937850030965,25028.690000000002,74.364,701.2,257.0,0.0,7405.999,0.0,23290.93304564305,56033.90932211824,23290.93304564305,76944.643895674,35.45800000000002,35.45800000000002,35.45800000000002
5782,22,108298.1334,42160.989558959,0.0,42160.989558959,1221.308,0.0,593.212,18355.60142193145,25028.690000000002,74.364,701.2,257.0,0.0,7405.999,0.0,12499.769418901997,42876.257302221406,12499.769418901997,66137.143841041,35.45800000115938,35.45800000115938,35.45800000115938
5783,23,99057.91219,40842.24010038799,0.0,40842.24010038799,1221.308,0.0,593.212,18337.115031486566,25028.690000000002,74.364,469.10800020753237,257.0,0.0,7405.999,0.0,4828.876057917872,37793.22987283418,4828.876057917872,58215.67208961201,35.45800000115992,35.45800000115992,35.45800000115992
5784,24,91352.17439,39703.569802015,0.0,39703.569802015,1221.308,0.0,593.212,18321.641693548565,24264.890000000003,74.364,20.339999999996408,0.0,0.0,7405.999,253.15010556352934,0.0,38033.72247311953,-253.15010556352934,51648.604587985,17.851079999001193,17.851079999001193,17.851079999001193
5785,25,86380.94881,40879.545689563005,0.0,40879.545689563005,1221.308,0.0,593.212,18306.031677301875,23688.68999999996,74.364,0.0,0.0,0.0,7405.999,5788.201556864858,0.0,43532.51395214115,-5788.201556864858,45501.403120437,17.85108000000007,17.85108000000007,17.85108000000007
5786,26,82842.66502,42622.239041971,0.0,42622.239041971,1221.308,0.0,593.212,18290.417230163872,23688.689999999988,74.364,0.0,0.0,0.0,7405.999,11053.564252134867,0.0,54033.39999166927,-11053.564252134867,40220.425978029,17.851080002113843,17.851080002113843,17.851080002113843
5787,27,80936.42384,40344.601498895,0.0,40344.601498895,1221.308,0.0,593.212,18274.948330391187,23688.689999999973,74.364,0.0,0.0,0.0,7405.999,10666.698989286175,0.0,64166.76403149113,-10666.698989286175,40591.822341105006,17.85107999888489,17.85107999888489,17.85107999888489
5788,28,80570.12298,38529.305257459,0.0,38529.305257459,1221.308,0.0,593.212,18259.315759180987,22338.530430000003,74.364,0.0,0.0,0.0,7405.999,7851.911466640003,0.0,71626.07992479914,-7851.911466640003,42040.817722541,17.188679999969825,17.188679999969825,17.188679999969825
5789,29,83021.00484,34257.362243252,0.0,34257.362243252,1221.308,0.0,593.212,18243.705742934297,24264.890000000003,74.364,20.339999999999975,0.0,0.0,7405.999,3060.1761461863,0.0,74533.24726367612,-3060.1761461863,48763.642596747995,18.513480000030185,18.513480000030185,18.513480000030185
5790,30,87339.22188,27548.860352881,1194.1024000000002,27548.860352881,1221.308,1194.1024000000002,593.212,18227.557471708787,25028.690000000002,74.364,469.1079998170982,257.0,0.0,7405.999,0.0,5319.02065559314,68934.27815252545,5319.02065559314,58596.25912711899,35.45799999999995,35.45799999999995,35.45799999999995
5791,31,92436.92079,19956.450353745,16697.334488693,19956.450353745,1221.308,16697.334488693,593.212,18211.89598277459,24452.49,74.364,36.159999999952795,257.0,0.0,7405.999,0.0,3530.7069647840367,65217.74450538436,3530.7069647840367,55783.13594756201,33.441880000048776,33.441880000048776,33.441880000048776
5792,32,97445.03023,12389.545756025998,37995.23151202,12389.545756025998,1221.308,37995.23151202,593.212,18196.22435567013,22338.530430000003,74.364,0.0,0.0,0.0,7405.999,2769.3848239735817,0.0,67848.66008815926,-2769.3848239735817,47060.25296195401,17.188679999969835,17.188679999969835,17.188679999969835
5793,33,102563.5208,10730.696755462,52771.223565171,10730.696755462,1221.308,52771.223565171,593.212,18180.6084356519,21319.989,74.364,0.0,0.0,0.0,7405.999,9733.879956284882,0.0,77095.84604662991,-9733.879956284882,39061.60047936699,17.18868,17.18868,17.18868
5794,34,107962.4715,10800.566497542002,59474.828402598,10800.566497682003,1221.308,59474.828402598,593.212,18164.96659574121,21319.989,74.364,0.0,0.0,0.0,7405.999,11092.761995881234,0.0,87633.96994271709,-11092.761995881234,37687.07659972,17.18868,17.18868,17.18868
5795,35,112764.1718,11451.101089516998,63206.2017951685,11451.101089516998,1221.308,63206.2017951685,593.212,18149.49325640701,21319.989,74.364,0.0,0.0,0.0,7405.999,10657.496341092525,0.0,97758.59146675498,-10657.496341092525,38106.868915314495,17.18868,17.18868,17.18868
5796,36,116916.8899,14338.674647359,63476.083409586,14338.674647359,1221.308,63476.083409586,593.212,18133.883248830527,21319.989,74.364,0.0,0.0,0.0,7405.999,9646.623405775534,0.0,106922.88370224174,-9646.623405775534,39102.131843054995,17.18868,17.18868,17.18868
5797,37,120677.6509,16729.713847692,63248.568197722496,16729.713847692,1221.308,63248.568197722496,593.212,18115.424251158332,21319.989,74.364,0.0,0.0,0.0,7405.999,8030.927396572808,0.0,114552.26472898592,-8030.927396572808,40699.368854585504,17.18868,17.18868,17.18868
5798,38,123969.1332,20551.709848109,61643.288400103505,20551.709848109,1221.308,61643.288400103505,593.212,18099.28041082413,22338.530430000003,74.364,0.0,0.0,0.0,7405.999,7958.558889036664,0.0,122112.89567357075,-7958.558889036664,41774.134951787484,17.18868,17.18868,17.18868
5799,39,125227.6531,21017.870690911,56587.66780697749,21017.870690911,1221.308,56587.66780697749,593.212,18083.58709095193,23688.690000000002,74.364,0.0,0.0,0.0,7405.998999999999,3445.045488840443,0.0,125385.6888888889,-3445.045488840443,47622.1146021115,18.5134800000603,18.5134800000603,18.5134800000603
5800,40,124925.3826,22755.763442334,48646.0622559455,22755.763442334,1221.308,48646.0622559455,593.212,18067.977076101437,24452.49,74.364,36.15999999895079,0.0,0.0,7405.999,0.0,1672.0468253968254,123625.63959770244,1672.0468253968254,53523.55690172049,30.76371999934859,30.76371999934859,30.76371999934859
5801,41,123039.9685,25395.604695994996,39088.918041499004,25395.604695994996,1221.308,39088.918041499004,593.212,18052.50373676724,25028.690000000002,74.364,469.1079998666189,257.0,0.0,7405.999,0.0,5453.261025872143,117885.3648336265,5453.261025872143,58555.445762505995,35.458,35.458,35.458
5802,42,119851.6035,27322.094293149996,20551.1907533965,27322.094293149996,1221.308,20551.1907533965,593.212,18036.95447657719,25028.690000000002,74.364,701.2,257.0,0.0,7405.999,0.0,18659.590976996915,98243.69012099817,18659.590976996915,71978.3184534535,35.458000001157714,35.458000001157714,35.458000001157714
5803,43,117098.4433,29775.061190153996,4202.2763338919995,29775.061190153996,1221.308,4202.2763338919995,593.212,18021.340029318555,25028.690000000002,74.364,701.2,257.0,0.0,7405.999,0.0,29817.99274663546,66856.3293350661,29817.99274663546,83121.105775954,35.45800000117199,35.45800000117199,35.45800000117199
5804,44,115400.7467,34627.082260533,0.0,34627.082260533,1221.308,0.0,593.212,18005.871122271863,25028.690000000002,74.364,701.2,257.0,0.0,7405.999,0.0,27486.020317195125,37923.676369597546,27486.020317195125,80773.664439467,35.45800000115867,35.45800000115867,35.45800000115867
5805,45,112416.8937,38644.865250402996,0.0,38644.865250402996,1221.308,0.0,593.212,17989.50286911215,25028.690000000002,74.364,701.2,257.0,0.0,7405.999,0.0,20500.752580484856,16343.936811192438,20500.752580484856,73772.02844959701,35.4580000011589,35.4580000011589,35.4580000011589
5806,46,104804.9853,39225.842098622,0.0,39225.842098622,1221.308,0.0,593.212,17973.586192961662,25028.690000000002,74.364,701.2,257.0,0.0,7405.999,0.0,12323.784008416262,3371.532591806899,12323.784008416262,65579.143201378,35.45800000116023,35.45800000116023,35.45800000116023
5807,47,95809.60922,40375.797755793996,0.0,40375.797755793996,1221.308,0.0,593.212,17958.230501989467,24452.49,74.364,268.25199999999967,257.0,0.0,7405.999,0.0,3202.955962216554,0.0,3202.955962216554,55433.811464206,33.441880000002904,33.441880000002904,33.441880000002904
5808,48,88413.29077,40940.11770740201,0.0,40940.11770740201,1221.308,0.0,593.212,17942.616053455266,20235.674009142735,74.364,0.0,0.0,0.0,7405.999,0.0,0.0,0.0,0.0,47473.173062598,17.18868,17.18868,17.18868
5809,49,83026.48946,41961.989753104004,0.0,41961.989753104004,1221.308,0.0,593.212,17927.006045878778,13842.6106610172,74.364,0.0,0.0,0.0,7405.999,0.0,0.0,0.0,0.0,41064.49970689599,17.18868,17.18868,17.18868
5810,50,80099.48776,44160.31064578501,0.0,44160.31064578501,1221.308,0.0,593.212,17911.532706544574,8732.761407670412,74.364,0.0,0.0,0.0,7405.999,0.0,0.0,0.0,0.0,35939.177114214996,17.18868,17.18868,17.18868
5811,51,78385.92553,41361.946196984005,0.0,41361.946196984005,1221.308,0.0,593.212,17892.923341159883,9836.172991856114,74.364,0.0,0.0,0.0,7405.999,0.0,0.0,0.0,0.0,37023.97933301599,17.18868,17.18868,17.18868
5812,52,78050.36439,37479.983406762,0.0,37479.983406762,1221.308,0.0,593.212,17877.510750487683,13397.987232750296,74.364,0.0,0.0,0.0,7405.999,0.0,0.0,0.0,0.0,40570.380983238,17.18868,17.18868,17.18868
5813,53,80296.31907,33409.329341919,0.0,33409.329341919,1221.308,0.0,593.212,17861.225802349687,19730.88092573129,74.364,0.0,0.0,0.0,7405.999,0.0,0.0,0.0,0.0,46886.989728081,17.18868,17.18868,17.18868
5814,54,84469.80232,34024.43520417599,1249.1988999999999,34024.43520417599,1221.308,1249.1988999999999,593.212,17845.611355211688,22055.673860612304,74.364,0.0,0.0,0.0,7405.999,0.0,0.0,0.0,0.0,49196.16821582401,17.85108,17.85108,17.85108
5815,55,89520.82684,26603.272042116,16062.484651266499,26603.272042116,1221.308,16062.484651266499,593.212,17830.142455439003,19730.044691178493,74.364,0.0,0.0,0.0,7405.999,0.0,0.0,0.0,0.0,46855.070146617494,18.134760000000004,18.134760000000004,18.134760000000004
5816,56,94255.12928,21098.284996478,37948.2820894655,21098.284996478,1221.308,37948.2820894655,593.212,17814.44913608859,8099.230057967905,74.364,0.0,0.0,0.0,7405.999,0.0,0.0,0.0,0.0,35208.56219405649,16.2426,16.2426,16.2426
5817,57,99192.39116,17289.504200882002,52453.6581904075,17289.504200882002,1221.308,52453.6581904075,593.212,17798.946915656117,2355.3988530543756,74.364,0.0,0.0,0.0,7405.999,0.0,0.0,0.0,0.0,29449.228768710498,16.2426,16.2426,16.2426
5818,58,103625.5347,16200.957658246003,60731.169602091504,16200.957658246003,1221.308,60731.169602091504,593.212,17783.426537318122,21.5,74.364,0.0,0.0,0.0,7405.999,406.4020976555953,0.0,386.0819927728155,-406.4020976555953,26693.4074396625,9.7305,9.7305,9.7305
5819,59,107563.5533,17681.893440137,64881.95355792749,17681.893440137,1221.308,64881.95355792749,593.212,17767.509859771428,0.0,74.364,0.0,0.0,0.0,7405.999,2062.686557835932,0.0,2345.6342227169507,-2062.686557835932,24999.706301935505,9.7305,9.7305,9.7305
5820,60,111101.9686,19316.838609706,67030.6101967005,19316.838609706,1221.308,67030.6101967005,593.212,17751.95231233343,0.0,74.364,0.0,0.0,0.0,7405.999,2292.3155187399398,0.0,4523.333965519893,-2292.3155187399398,24754.5197935935,9.7305,9.7305,9.7305
5821,61,113825.4994,24095.87543938,67360.14929431351,24095.87543938,1221.308,67360.14929431351,593.212000000003,17735.75157229923,0.0,74.364,0.0,0.0,0.0,7405.999000000001,4661.159905993141,0.0,8951.435876213376,-4661.159905993141,22369.474666306487,9.7305,9.7305,9.7305
5822,62,116210.0245,31247.007402363,63749.016654406,31247.007402363,1221.308,63749.016654406,593.212,17720.17590078903,0.0,74.364,0.0,0.0,0.0,7405.999,5801.058457558334,0.0,14462.441410893793,-5801.058457558334,21214.000443231,9.730499999986971,9.730499999986971,9.730499999986971
5823,63,117619.3655,35650.881747297,62931.27450394249,35650.881747297,1221.308,62931.27450394249,593.212,17704.56145225483,28.5,74.364,0.0,0.0,0.0,7405.999000001036,7990.735203495378,0.0,22053.6398542144,-7990.735203495378,19037.20924876051,12.94890000002726,12.94890000002726,12.94890000002726
5824,64,117854.3641,43533.20859951401,58309.87966885599,43533.20859951401,1221.308,58309.87966885599,0.0,17689.092553878345,0.0,74.364,0.0,0.0,0.0,5554.499250001033,8527.987972253362,0.0,30155.228427855094,-8527.987972253362,16011.27583163001,0.0,0.0,0.0
5825,65,116628.858,43900.394854796,47750.947493309,43900.394854796,1221.308,47750.947493309,593.212,17670.572807544144,28.5,74.364,0.0,0.0,0.0,7405.999000001033,2016.4401556501741,0.0,32070.84657572276,-2016.4401556501741,24977.515651894988,16.24259999999998,16.24259999999998,16.24259999999998
5826,66,113226.0867,44875.594949526,27473.193949608,44875.594949526,1221.308,27473.193949608,593.212,17654.962792693652,13782.15633525698,74.364,0.0,0.0,0.0,7405.999,0.0,145.29567291536424,31917.903762127586,145.29567291536424,40877.297800866,16.242599999989405,16.242599999989405,16.242599999989405
5827,67,110021.1257,44464.47734146801,6446.1138550265005,44464.47734146801,1221.308,6446.1138550265005,593.212,17639.471329287255,24452.49,74.364,448.76799998686226,257.0,0.0,7405.999,0.0,7017.92217423138,24530.61726293666,7017.92217423138,59110.53450350549,34.78555999994679,34.78555999994679,34.78555999994679
5828,68,108347.4494,49312.21424035601,0.0,49312.21424035601,1221.308,0.0,593.212,17623.233421549252,24452.49,74.364,36.16,257.0,0.0,7405.999,0.0,7371.468738072606,16771.17648601813,7371.468738072606,59035.23515964399,33.44188000006419,33.44188000006419,33.44188000006419
5829,69,105689.8091,53297.052805604995,0.0,53297.052805604995,1221.308,0.0,593.212,17607.697861815053,14329.467839999998,74.364,0.0,0.0,0.0,7405.999,0.0,11160.70759257994,5023.063230670821,11160.70759257994,52392.756294395,17.18868,17.18868,17.18868
5830,70,99422.00511,52485.01255622401,0.0,52485.01255622401,1221.308,0.0,593.212,17592.134894638566,15278.064590000002,74.364,0.0,0.0,0.0,7405.999,0.0,4771.910069137428,0.0,4771.910069137428,46936.99255377599,17.85108000000005,17.85108000000005,17.85108000000005
5831,71,92264.54087,58919.358546227,0.0,58919.358546227,1221.308,0.0,593.212,17576.473405704368,6473.825918068586,74.364,0.0,0.0,0.0,7405.999,0.0,0.0,0.0,0.0,33345.182323773,16.2426,16.2426,16.2426
5832,72,85910.5702,54571.00450675799,0.0,54571.00450675799,1221.308,0.0,593.212,17560.86252611968,4483.820167122287,74.364,0.0,0.0,0.0,7405.999,0.0,0.0,0.0,0.0,31339.56569324201,16.2426,16.2426,16.2426
5833,73,82043.99338,49463.073896335,0.0,49463.073896335,1221.308,0.0,593.212,17545.12216584748,5740.914317817504,74.364,0.0,0.0,0.0,7405.999,0.0,0.0,0.0,0.0,32580.919483665,16.2426,16.2426,16.2426
5834,74,78912.75829,48363.67255852399,0.0,48363.67255852399,1221.308,0.0,593.212,17529.455258570997,3724.7474729049627,74.364,0.0,0.0,0.0,7405.999,0.0,0.0,0.0,0.0,30549.085731476007,16.2426,16.2426,16.2426
5835,75,76408.13288,48571.007806463,0.0,48571.007806463,1221.308,0.0,593.212,17514.03881893679,1028.2032546002033,74.364,0.0,0.0,0.0,7405.999,0.0,0.0,0.0,0.0,27837.125073537005,16.2426,16.2426,16.2426
5836,76,75398.57945,45365.154200232995,0.0,45365.154200232995,1221.308,0.0,593.212,17497.696971098794,3240.8452786720563,74.364,0.0,0.0,0.0,7405.998999996115,0.0,0.0,0.0,0.0,30033.42524976701,16.2426,16.2426,16.2426
5837,77,75569.20188,46175.423601744,0.0,46175.423601744,1221.308,0.0,593.212,17482.200170926593,2616.6951073293835,74.364,0.0,0.0,0.0,7405.999,0.0,0.0,0.0,0.0,29393.778278255995,16.242600000001364,16.242600000001364,16.242600000001364
5838,78,76324.10139,44030.947455680995,1058.9989,44030.947455680995,1221.308,1058.9989,593.212,17463.76907365391,7247.501999999996,74.364,0.0,0.0,0.0,5554.49925,920.4992893349081,0.0,874.4743248681626,-920.4992893349081,31234.155034319003,17.18868,17.18868,17.18868
5839,79,78433.72678,41775.696508135,19405.572442362,41775.696508135,1221.308,19405.572442362,163.99799999656247,17448.17969388171,0.0,74.364,0.0,0.0,0.0,3702.999500000003,5358.391364375632,0.0,5964.946121025013,-5358.391364375632,17252.457829502997,5.490720000252788,5.490720000252788,5.490720000252788
5840,80,82647.27494,33644.662598457,42199.568704140496,33644.662598457,1221.308,42199.568704140496,0.0,17432.51820634371,0.0,74.364,0.0,0.0,0.0,1851.4997500000018,13776.646318939715,0.0,19052.760124017743,-13776.646318939715,6803.0436374025085,0.0,0.0,0.0
5841,81,88477.63379,25543.56830059,58489.11518660349,25543.56830059,1221.308,58489.11518660349,0.0,17417.09633969702,0.0,74.364,0.0,0.0,0.0,0.0,14267.818036889008,0.0,32607.187259062302,-14267.818036889008,4444.9503028065155,0.0,0.0,0.0
5842,82,93809.89286,23413.953542622003,64975.444035225504,23413.953542622003,1221.308,64975.444035225504,0.0,17401.49559942482,0.0,74.364,0.0,0.0,0.0,0.0,13276.67231727234,0.0,45220.02596047102,-13276.67231727234,5420.495282152508,0.0,0.0,0.0
5843,83,97927.59307,22395.044249217004,68901.81798680499,22395.044249217004,1221.308,68901.81798680499,0.0,17385.25769168682,0.0,74.364,0.0,0.0,0.0,0.0,12050.19885787582,0.0,56667.71487545305,-12050.19885787582,6630.730833978014,0.0,0.0,0.0
5844,84,100962.3592,25869.887090884004,70574.157251729,25869.887090884004,1221.308,70574.157251729,0.0,17369.658440614618,0.0,74.364,0.0,0.0,0.0,0.0,14147.01558335067,0.0,70107.37967963619,-14147.01558335067,4518.3148573869985,0.0,0.0,0.0
5845,85,103563.9353,22943.690747276,71110.07929538199,22943.690747276,1221.308,71110.07929538199,0.0,17353.845710441932,0.0,74.364,0.0,0.0,0.0,0.0,9139.352453238535,0.0,78789.76451021279,-9139.352453238535,9510.165257342014,0.0,0.0,0.0
5846,86,105762.5116,20707.208590489,71454.251014863,20707.208590489,1221.308,71454.251014863,0.0,17338.184222903932,0.0,74.364,0.0,0.0,0.0,1851.499750000002,6884.303978053995,0.0,85329.85328936408,-6884.303978053995,13601.051994648005,0.0,0.0,0.0
5847,87,107203.2487,20754.780500377,68209.439666179,20754.780500377,1221.308,68209.439666179,348.123,17322.80792491924,0.0,74.364,0.0,0.0,0.0,3702.9995000000035,4430.573891475278,0.0,89538.89848626559,-4430.573891475278,18239.028533443998,6.436800001930202,6.436800001930202,6.436800001930202
5848,88,108581.4495,23943.546350419998,62682.23634959251,23943.546350419998,1221.308,62682.23634959251,593.212,17307.146435985047,28.5,74.364,0.0,0.0,0.0,5554.4992500000435,2823.362885997588,0.0,92221.0932279633,-2823.362885997588,21955.66679998749,16.2426,16.2426,16.2426
5849,89,108588.2733,32104.448360755003,50995.81189286901,32104.448360755003,1221.308,50995.81189286901,593.212,17291.620637908563,50.0,74.364,0.0,0.0,0.0,7405.999,1148.4905915325708,0.0,93312.15928991919,-1148.4905915325708,25488.013046375985,16.2426,16.2426,16.2426
5850,90,106828.1529,38618.865458145,30571.855713514502,38618.865458145,1221.308,30571.855713514502,593.212,17276.03125813636,4850.835354859684,74.364,0.0,0.0,0.0,7405.999,0.0,6215.682115344434,86769.33601060926,6215.682115344434,37637.4317283405,16.2426,16.2426,16.2426
5851,91,104624.4372,45236.802555101,8163.009093521001,45236.802555101,1221.308,8163.009093521001,593.212,17259.642368502162,7269.002,74.364,0.0,0.0,0.0,7405.999,0.0,17401.098182875816,68452.39055495051,17401.098182875816,51224.625551378,17.18868,17.18868,17.18868
5852,92,103179.0049,48950.525749298,0.0,48950.525749298,1221.308,0.0,593.212,17241.42842012996,7269.002,74.364,0.0,0.0,0.0,7405.999,0.0,20423.16573057207,46954.321364874646,20423.16573057207,54228.479150702,17.188679999976582,17.188679999976582,17.188679999976582
5853,93,100867.3642,49843.747697032,0.0,49843.747697032,1221.308,0.0,593.212,17225.71446517947,7269.002,74.364,0.0,0.0,0.0,7405.999,0.0,17234.017037788537,28813.250798781446,17234.017037788537,51023.616502968,17.18868000002342,17.18868000002342,17.18868000002342
5854,94,95096.76555,46671.005158973996,0.0,46671.005158973996,1221.308,0.0,593.212,17210.20395674527,7269.002,74.364,0.0,0.0,0.0,7405.999,0.0,14651.671434280255,13390.43876269697,14651.671434280255,48425.760391026,17.18868,17.18868,17.18868
5855,95,88657.07836,46235.266239731,0.0,46235.266239731,1221.308,0.0,593.212,17194.60470706927,7269.002,74.364,0.0,0.0,0.0,7405.999,0.0,8663.322413199723,4271.15201196042,8663.322413199723,42421.812120269,17.18868,17.18868,17.18868
5856,96,83167.66474,45367.082841479,0.0,45367.082841479,1221.308,0.0,593.212,17179.102487158583,7269.002,74.364,0.0,0.0,0.0,7405.999,0.0,4057.594411362399,0.0,4057.594411362399,37800.58189852099,17.18868,17.18868,17.18868
5857,1,78862.82276,43337.763354177005,0.0,43337.763354177005,1221.308,0.0,593.212,17163.440998224385,21319.988999999972,74.364,0.0,0.0,0.0,7405.999,12253.253592401383,0.0,11640.590912781314,-12253.253592401383,35525.05940582299,17.18868,17.18868,17.18868
5858,2,76033.54595,41458.454910568,0.0,41458.454910568,1221.308,0.0,593.212,17147.769378647903,15278.06459,74.364,0.0,0.0,0.0,7405.999,7145.625929215927,0.0,18428.935545536442,-7145.625929215927,34575.091039432,17.18868,17.18868,17.18868
5859,3,74148.88105,47581.972305268,0.0,47581.972305268,1221.308,0.0,593.212,17131.432949152182,7269.001999999971,74.364,0.0,0.0,0.0,7405.999,7128.409204420185,0.0,25200.924289735616,-7128.409204420185,26566.908744731998,16.2426,16.2426,16.2426
5860,4,73081.67737,50662.369843083005,0.0,50662.369843083005,1221.308,0.0,593.212,17115.869981975702,21.5,74.364,0.0,0.0,0.0,7405.999,4012.945455058696,0.0,29013.222472041376,-4012.945455058696,22419.307526917,9.7305,9.7305,9.7305
5861,5,72661.03475,51360.854651883,0.0,51360.854651883,1221.308,0.0,593.212,17100.3785185693,7269.002,74.364,0.0,0.0,0.0,7405.999,12364.083420452309,0.0,40759.101721471074,-12364.083420452309,21300.18009811701,16.2426,16.2426,16.2426
5862,6,73117.56616,45836.433208652,655.3284,45836.433208652,1221.308,655.3284,593.212,17084.76850371881,7247.502,74.364,0.0,0.0,0.0,5554.499249999999,5149.849202370825,0.0,45651.45846372336,-5149.849202370825,26625.804551348003,16.359399999495537,16.359399999495537,16.359399999495537
5863,7,74652.83637,38131.790205541,20023.3500166485,38131.790205541,1221.308,20023.3500166485,348.123,17069.154055184612,0.0,74.364,0.0,0.0,0.0,3702.9995000000085,5918.252407374101,0.0,51273.79825072875,-5918.252407374101,16497.696147810504,6.32,6.32,6.32
5864,8,78267.61198,26381.769745448,43019.603884718,26381.769745448,1221.308,43019.603884718,0.0,17053.581216708124,0.0,74.364,0.0,0.0,0.0,1851.499750000019,11334.514616874143,0.0,62041.58713675919,-11334.514616874143,8866.238349833999,0.0,0.0,0.0
5865,9,83769.72494,15747.823260251,58585.423944314505,15747.823260251,1221.308,58585.423944314505,0.0,17038.05552827393,0.0,74.364,0.0,0.0,0.0,0.0,8897.249792839428,0.0,70493.97443995664,-8897.249792839428,9436.477735434499,0.0,0.0,0.0
5866,10,89208.70855,14577.050551941997,66734.7139043575,14577.050551941997,1221.308,66734.7139043575,0.0,17018.822089501726,0.0,74.364,0.0,0.0,0.0,0.0,10417.54999580122,0.0,80390.6469359678,-10417.54999580122,7896.944093700498,0.0,0.0,0.0
5867,11,93772.33988,13596.067798469001,70730.7842453655,13596.067798469001,1221.308,70730.7842453655,0.0,17003.37381892953,0.0,74.364,0.0,0.0,0.0,0.0,8853.557982764003,0.0,88801.5270195936,-8853.557982764003,9445.4878361655,0.0,0.0,0.0
5868,12,97194.62604,11969.243394476001,71537.88259686949,11969.243394476001,1221.308,71537.88259686949,0.0,16987.936114779037,0.0,74.364,0.0,0.0,0.0,1851.49975000002,6447.607816124691,0.0,94926.75444491206,-6447.607816124691,13687.500048654518,0.0,0.0,0.0
5869,13,100594.9387,11908.142657367,71469.96453646699,11908.142657367,1221.308,71469.96453646699,593.212,16972.56671554484,7247.502,74.364,0.0,0.0,0.0,3702.9995000000367,12595.120709378987,0.0,106892.1191188221,-12595.120709378987,17216.83150616601,16.2426,16.2426,16.2426
5870,14,103288.1888,13655.942655698,71519.714845585,13655.942655698,1221.308,71519.714845585,593.2119999999991,16956.852767868353,0.0,74.364,0.0,0.0,0.0,5554.499249999999,6287.704719151354,0.0,112865.43860201589,-6287.704719151354,18112.531298717004,7.529,7.529,7.529
5871,15,106048.1734,17000.902297702,68933.3460811705,17000.902297702,1221.308,68933.3460811705,593.212,16941.153246496153,7247.502,74.364,0.0,0.0,0.0,7405.999,13369.613225368657,0.0,125566.5711661161,-13369.613225368657,20113.925021127492,16.242599999999896,16.242599999999896,16.242599999999896
5872,16,107696.6459,24972.80290237,63251.678045249995,24972.80290237,1221.308,63251.678045249995,0.0,16925.60103582395,0.0,74.364,0.0,0.0,0.0,5554.499249999999,4303.607333443981,0.0,129654.99813288788,-4303.607333443981,19472.164952380015,2.1262000002379438,2.1262000002379438,2.1262000002379438
5873,17,108471.6376,24781.871896071003,51137.974144642,24781.871896071003,1221.308,51137.974144642,593.212,16909.991019577265,14307.967839999998,74.364,0.0,0.0,0.0,7405.999,7961.050300290257,0.0,137217.99591816362,-7961.050300290257,32551.791559287005,16.242599999999896,16.242599999999896,16.242599999999896
5874,18,107100.1119,24285.686092259002,30959.2209889095,24285.686092259002,1221.308,30959.2209889095,593.212,16893.701639151754,24452.49,74.364,36.16,0.0,0.0,7405.999,0.0,1177.970179679714,135978.02730797444,1177.970179679714,51855.20481883151,30.76371999999995,30.76371999999995,30.76371999999995
5875,19,104962.3415,24825.994042304,7806.6693243475,24825.994042304,1221.308,7806.6693243475,593.212,16878.23273210506,25028.689999999995,74.364,469.10800000000006,257.0,0.0,7405.999,0.0,20401.764401243454,114502.48583298133,20401.764401243454,72329.6781333485,35.458000000805534,35.458000000805534,35.458000000805534
5876,20,103281.2441,34272.752406021,0.0,34272.752406021,1221.308,0.0,593.212,16862.67903223286,25028.690000000002,74.364,701.2,257.0,0.0,7405.999,0.0,16864.0396617461,96750.8651364065,16864.0396617461,69008.491693979,35.4580000011591,35.4580000011591,35.4580000011591
5877,21,100626.7533,37828.968106633,0.0,37828.968106633,1221.308,0.0,593.212,16846.965084556377,25028.690000000002,74.364,701.2,257.0,0.0,7405.999,0.0,10669.04710881062,85520.28923239533,10669.04710881062,62797.785193366995,35.45800000080798,35.45800000080798,35.45800000080798
5878,22,94757.90216,38819.498903072,0.0,38819.498903072,1221.308,0.0,593.212,16831.516813984177,25028.690000000002,74.364,469.10800000000177,257.0,0.0,7405.999,0.0,4057.2054429437794,81249.54666087555,4057.2054429437794,55938.403256927995,35.45800000115832,35.45800000115832,35.45800000115832
5879,23,87979.32169,37240.440504055994,0.0,37240.440504055994,1221.308,0.0,593.212,16812.89756711149,24264.890000000003,74.364,20.339999999999897,0.0,0.0,7405.999,0.0,345.8706188325192,80885.47232526238,345.8706188325192,50738.881185944,25.514080000000078,25.514080000000078,25.514080000000078
5880,24,81917.89005,36737.822555312,0.0,36737.822555312,1221.308,0.0,593.212,16797.387060073488,22338.530430000003,74.364,0.0,0.0,0.0,7405.999,3250.7329953854614,0.0,83973.66867087856,-3250.7329953854614,45180.067494688,17.18868,17.18868,17.18868
5881,25,77763.05602,34213.382646255,0.0,34213.382646255,1221.308,0.0,593.212,16781.874961588805,21319.988999999987,74.364,0.0,0.0,0.0,7405.999,3847.0735878438045,0.0,87628.38857933017,-3847.0735878438045,43549.673373745005,17.18868,17.18868,17.18868
5882,26,74842.59071,31583.447848264,0.0,31583.447848264,1221.308,0.0,593.212,16765.689519867094,21319.988999999954,74.364,0.0,0.0,0.0,7405.999,4121.418658131079,0.0,91543.7363045547,-4121.418658131079,43259.14286173601,17.18868,17.18868,17.18868
5883,27,73412.76318,28930.007397171998,0.0,28930.007397171998,1221.308,0.0,593.212,16749.9285525824,21319.988999999972,74.364,0.0,0.0,0.0,7405.999,2882.044769754404,0.0,94281.67883582138,-2882.044769754404,44482.755782828,17.188680000000097,17.188680000000097,17.188680000000097
5884,28,72719.32354,28889.719950671002,0.0,28889.719950671002,1221.308,0.0,593.212,16734.2623527444,21319.988999999972,74.364,0.0,0.0,0.0,7405.999,3519.530763415396,0.0,97625.23306106594,-3519.530763415396,43829.603589328995,17.188679999999906,17.188679999999906,17.188679999999906
5885,29,73052.48925,25523.838790427,0.0,25523.838790427,1221.308,0.0,593.212,16718.595444071718,22338.53043,74.364,0.0,0.0,0.0,7405.999,823.3584144987071,0.0,98407.42355483971,-823.3584144987071,47528.650459573,17.18867999999992,17.18867999999992,17.18867999999992
5886,30,74250.15165,19179.092951775,343.5928,19179.092951775,1221.308,343.5928,593.212,16703.098643899517,24452.49,74.364,448.768000000001,257.0,0.0,7405.999,0.0,3571.226254325462,94648.2380239708,3571.226254325462,54727.465898225,35.45800000000028,35.45800000000028,35.45800000000028
5887,31,75872.81104,16195.633900505,19569.7837804155,16195.633900505,1221.308,19569.7837804155,593.212,16687.572838549026,22571.302580866384,74.364,0.0,0.0,0.0,7405.999,8446.365060335906,0.0,102672.28483128992,-8446.365060335906,40107.393359079506,18.13476000000009,18.13476000000009,18.13476000000009
5888,32,79934.6374,13113.712844329,41442.3315007835,13113.712844329,1221.308,41442.3315007835,593.212,16672.015289714825,13190.58042086638,74.364,0.0,0.0,0.0,7405.999,13778.885655693703,0.0,115762.22620419893,-13778.885655693703,25378.59305488751,16.242599999999914,16.242599999999914,16.242599999999914
5889,33,85737.75418,8254.500993253001,57843.900045366,8254.500993253001,1221.308,57843.900045366,0.0,16655.78814575512,0.0,74.364,0.0,0.0,0.0,5554.499249999992,3866.6062543741245,0.0,119435.50214585435,-3866.6062543741245,19639.353141380998,3.2184000000000843,3.2184000000000843,3.2184000000000843
5890,34,91854.25825,7264.203549434,65641.398693279,7264.203549434,1221.308,65641.398693279,593.212,16640.178130904627,0.0,74.364,0.0,0.0,0.0,7405.999,6986.405123617637,0.0,126072.58701329111,-6986.405123617637,18948.656007287005,9.7305,9.7305,9.7305
5891,35,97250.87971,6643.381655566,68952.922733339,6643.381655566,1221.308,68952.922733339,593.212,16624.624431032425,0.0,74.364,0.0,0.0,0.0,7405.998999999985,4264.932109937425,0.0,130124.27251773166,-4264.932109937425,21654.57532109499,9.730500000000106,9.730500000000106,9.730500000000106
5892,36,101482.4743,7635.231008692999,69870.6762457455,7635.231008692999,1221.308,69870.6762457455,593.212,16609.051591159743,21.5,74.364,0.0,0.0,0.0,7405.999,1948.8675455982384,0.0,131975.69668604998,-1948.8675455982384,23976.567045561504,9.730499999999893,9.730499999999893,9.730499999999893
5893,37,105133.2657,10485.565448296002,68755.594303232,10485.565448296002,1221.308,68755.594303232,593.212,16590.63578632174,7269.002,74.364,0.0,0.0,0.0,7405.999,7262.414837849727,0.0,138874.99078200723,-7262.414837849727,25892.105948471988,16.24259999999991,16.24259999999991,16.24259999999991
5894,38,108718.8836,12883.16000841,68918.892857835,12883.16000841,1221.308,68918.892857835,593.212,16574.96887764906,7269.002,74.364,0.0,0.0,0.0,7405.999,6222.023143894059,0.0,144785.9127687066,-6222.023143894059,26916.830733755007,16.242599999999683,16.242599999999683,16.242599999999683
5895,39,112091.3273,15940.190504017,62095.3739332225,15940.190504017,1221.308,62095.3739332225,593.212,16559.473566676857,15278.064590000029,74.364,0.0,0.0,0.0,7405.999,7076.65829391639,0.0,151508.7381479272,-7076.65829391639,34055.76286276051,17.18868,17.18868,17.18868
5896,40,114623.2191,18679.428204757,54735.87028258,18679.428204757,1221.308,54735.87028258,593.212,16543.867400788367,22338.53043,74.364,0.0,0.0,0.0,7405.999,6969.360218125389,0.0,158129.6303551463,-6969.360218125389,41207.920612663,17.188679999999884,17.188679999999884,17.188679999999884
5897,41,115639.3202,20043.141547617997,44460.528908298,20043.141547617997,1221.308,44460.528908298,593.212,16527.385157066656,24452.49,74.364,36.160000000000004,0.0,0.0,7405.999,0.0,824.7315870173277,157261.4918424965,824.7315870173277,51135.649744084,30.76372,30.76372,30.76372
5898,42,114626.5037,25569.551055315,24514.0374533745,25569.551055315,1221.308,24514.0374533745,593.212,16511.85935171617,25028.690000000002,74.364,469.10800000000006,257.0,0.0,7405.999,0.0,12981.374839594373,143596.88674818663,12981.374839594373,64542.91519131049,35.4580000011605,35.4580000011605,35.4580000011605
5899,43,112536.5479,26814.879093856995,3554.531610475,26814.879093856995,1221.308,3554.531610475,593.212,16496.301802881968,25028.690000000002,74.364,701.2,257.0,0.0,7405.999,0.0,30389.062392786025,111608.40001893819,30389.062392786025,82167.13719566802,35.458000000000055,35.458000000000055,35.458000000000055
5900,44,110949.1806,36363.459546077,0.0,36363.459546077,1221.308,0.0,593.212,16480.556022871282,25028.690000000002,74.364,701.2,257.0,0.0,7405.999,0.0,22823.39203105173,87583.77682835743,22823.39203105173,74585.72105392301,35.45800000000008,35.45800000000008,35.45800000000008
5901,45,107469.956,41521.85945467,0.0,41521.85945467,1221.308,0.0,593.212,16465.185151899084,25028.690000000002,74.364,701.2,257.0,0.0,7405.999,0.0,14201.138393430912,72635.21009843015,14201.138393430912,65948.09654533002,35.45800000080463,35.45800000080463,35.45800000080463
5902,46,99512.54186,37876.608199171,0.0,37876.608199171,1221.308,0.0,593.212,16449.518237348595,25028.690000000002,74.364,469.10799999999995,257.0,0.0,7405.999,0.0,10136.73442348043,61964.9633368718,10136.73442348043,61635.933660828996,35.45800000000004,35.45800000000004,35.45800000000004
5903,47,91155.5636,39768.859306679005,0.0,39768.859306679005,1221.308,0.0,593.212,16433.983978114393,24452.49,74.364,36.160000000000004,0.0,0.0,7405.999,0.0,1169.1873152066046,60734.23984718064,1169.1873152066046,51386.70429332099,30.76372,30.76372,30.76372
5904,48,84546.3753,40419.277594849,0.0,40419.277594849,1221.308,0.0,593.212,16418.51064017639,22338.530429999988,74.364,0.0,0.0,0.0,7405.999,3924.8263650253884,0.0,64462.824893954756,-3924.8263650253884,44127.097705151,17.18868,17.18868,17.18868
5905,49,80194.56194,37013.014653789,0.0,37013.014653789,1221.308,0.0,593.212,16402.27273104219,21319.988999999958,74.364,0.0,0.0,0.0,7405.999,3835.5974448311954,0.0,68106.64246654439,-3835.5974448311954,43181.547286211,17.18868,17.18868,17.18868
5906,50,77447.10418,35988.013648707005,0.0,35988.013648707005,1221.308,0.0,593.212,16386.593119431993,21319.989,74.364,0.0,0.0,0.0,7405.999,5542.374588138985,0.0,73371.89832527643,-5542.374588138985,41459.09053129299,17.18867999999998,17.18867999999998,17.18867999999998
5907,51,75884.94942,34696.33035922101,0.0,34696.33035922101,1221.308,0.0,593.212,16368.162022159308,21319.98899999997,74.364,0.0,0.0,0.0,7405.999,5794.414961380307,0.0,78876.59253858772,-5794.414961380307,41188.619060779,17.18868,17.18868,17.18868
5908,52,76270.56106,32294.820499139,0.0,32294.820499139,1221.308,0.0,593.212,16352.604474721309,21319.989,74.364,0.0,0.0,0.0,7405.999,2991.735913860079,0.0,81718.74165675479,-2991.735913860079,43975.740560861006,17.18868,17.18868,17.18868
5909,53,79222.8005,31124.406039786998,0.0,31124.406039786998,1221.308,0.0,593.212,16337.078667974616,22466.432792238364,74.364,0.0,0.0,0.0,7405.999,0.0,0.0,81718.74165675504,0.0,48098.394460213,17.85108000000012,17.85108000000012,17.85108000000012
5910,54,84294.00521,30398.797958638,604.8457,30398.797958638,1221.308,604.8457,593.212,16321.332106202419,24452.49,74.364,36.160000000000004,257.0,0.0,7405.999,0.0,2928.4964451595747,78636.11381974496,2928.4964451595747,53290.36155136201,33.44188000000004,33.44188000000004,33.44188000000004
5911,55,89693.05515,28098.312941227,14338.457590003001,28098.312941227,1221.308,14338.457590003001,593.212,16305.58632619173,22338.53043,74.364,0.0,0.0,0.0,7405.999,682.7151374217657,0.0,79284.69320029565,-682.7151374217657,47256.28461877,17.18867999999992,17.18867999999992,17.18867999999992
5912,56,94043.09581,18997.882804095,37414.7963083775,18997.882804095,1221.308,37414.7963083775,593.212,16289.494947392217,21319.989,74.364,0.0,0.0,0.0,7405.999,9273.950249864714,0.0,88094.94593766713,-9273.950249864714,37630.41669752749,17.188680000000037,17.188680000000037,17.188680000000037
5913,57,99053.92339,8851.572995278,53034.920646123996,8851.572995278,1221.308,53034.920646123996,593.212,16273.828038719534,21319.989,74.364,0.0,0.0,0.0,7405.999,9721.270290121558,0.0,97330.15271328262,-9721.270290121558,37167.429748598006,17.18867999999994,17.18867999999994,17.18867999999994
5914,58,104204.2343,6868.49200022,61172.443601937506,6868.49200022,1221.308,61172.443601937506,593.212,16258.270491281533,21319.989,74.364,0.0,0.0,0.0,7405.999,10709.843793439062,0.0,107504.50431704972,-10709.843793439062,36163.298697842496,17.18868,17.18868,17.18868
5915,59,108823.209,10311.891946135998,64967.2585243175,10311.891946135998,1221.308,64967.2585243175,593.212,16242.805440470847,21319.989,74.364,0.0,0.0,0.0,7405.999,13313.618910924364,0.0,120152.44228242787,-13313.618910924364,33544.05852954651,17.18868,17.18868,17.18868
5916,60,112783.0106,14348.360256136999,66732.32251249251,14348.360256136999,1221.308,66732.32251249251,593.212,16227.294932036648,21319.989,74.364,0.0,0.0,0.0,7405.999,15139.83910066618,0.0,134535.28942806076,-15139.83910066618,31702.327831370494,17.18868,17.18868,17.18868
5917,61,116229.5607,16091.057500338,66943.468452647,16091.057500338,1221.308,66943.468452647,593.212,16211.50210435196,21319.989,74.364,0.0,0.0,0.0,7405.999,13631.339357336974,0.0,147485.0618175309,-13631.339357336974,33195.034747015,17.18868,17.18868,17.18868
5918,62,120049.141,17011.789244842,65716.5361394775,17011.789244842,1221.308,65716.5361394775,593.212,16196.132706513958,21319.988999999998,74.364,0.0,0.0,0.0,7405.999,9490.18909083345,0.0,156500.74145382267,-9490.18909083345,37320.815615680505,17.18868,17.18868,17.18868
5919,63,122887.3691,16399.284101308,62559.64913315051,16399.284101308,1221.308,62559.64913315051,593.212,16180.403577441275,22136.579336707928,74.364,0.0,0.0,0.0,7405.999,3683.430048607727,0.0,160000.0,-3683.430048607727,43928.43586554148,17.188679999999948,17.188679999999948,17.188679999999948
5920,64,124756.4074,19079.311746441002,56134.7588098435,19079.311746441002,1221.308,56134.7588098435,593.212,16164.17493700756,24062.93890670793,74.364,20.339999999999996,0.0,0.0,7405.999,0.0,0.0,160000.0,0.0,49542.33684371549,18.513480000000094,18.513480000000094,18.513480000000094
5921,65,124756.0737,17421.402789010997,42914.4185470545,17421.402789010997,1221.308,42914.4185470545,593.212,16145.85320096956,25028.690000000002,74.364,13693.8261629649,257.0,0.0,7405.999,0.0,0.0,160000.0,0.0,64420.252363934494,35.458,35.458,35.458
5922,66,122560.9696,23005.161157418,24055.613242391504,23005.161157418,1221.308,24055.613242391504,593.212,16130.186292296878,25028.690000000002,74.364,12699.571239999997,257.0,0.0,7405.999,0.0,12089.864667893598,147273.82666537515,12089.864667893598,75500.1952001905,35.458,35.458,35.458
5923,67,119427.5712,26437.006510679,2315.8759644,26437.006510679,1221.308,2315.8759644,593.212,16114.549872124673,25028.690000000002,74.364,34030.009,529.912,0.0,7405.999,0.0,5676.644852796278,141298.41103085276,5676.644852796278,90674.68872492101,38.32754,38.32754,38.32754
5924,68,117189.235,30793.057507468,0.0,30793.057507468,1221.308,0.0,593.212,16098.774305174185,25028.690000000002,74.364,34030.009,529.912,0.0,7405.999,0.0,1413.9091873577804,139810.08557047613,1413.9091873577804,86396.177492532,38.32754,38.32754,38.32754
5925,69,112837.4899,34073.25279298899,0.0,34073.25279298899,1221.308,0.0,593.212,16083.277505001983,25028.690000000002,74.364,12699.571239999947,257.0,0.0,7405.999,0.0,15400.815362009067,123598.70097888763,15400.815362009067,78764.23710701101,35.458,35.458,35.458
5926,70,103835.8651,37211.510155579,0.0,37211.510155579,1221.308,0.0,593.212,16067.6105963293,25028.690000000002,74.364,701.2,257.0,0.0,7405.999,0.0,15274.971348091703,107519.78377037005,15274.971348091703,66624.354944421,35.458,35.458,35.458
5927,71,94698.29933,37989.884952776,0.0,37989.884952776,1221.308,0.0,593.212,16052.2411984913,25028.690000000002,74.364,3881.570618135178,257.0,0.0,7405.999,0.0,2194.0295605975075,105210.27896974109,2194.0295605975075,56708.41437722399,35.45800000000001,35.45800000000001,35.45800000000001
5928,72,87323.9428,37799.004040682004,0.0,37799.004040682004,1221.308,0.0,593.212,16035.773437519101,25028.690000000002,74.364,268.252,257.0,0.0,7405.999,1359.6596782010772,0.0,106501.95566403211,-1359.6596782010772,49524.938759318,33.177080000000004,33.177080000000004,33.177080000000004
5929,73,82322.46651,39554.289554514005,0.0,39554.289554514005,1221.308,0.0,593.212,16020.404038284898,24264.890000000003,74.364,0.0,0.0,0.0,7405.999,6812.000082798908,0.0,112973.35574269107,-6812.000082798908,42768.17695548599,17.851080000000003,17.851080000000003,17.851080000000003
5930,74,79811.27951,36862.548350887,0.0,36862.548350887,1221.308,0.0,593.212,16004.750830600207,23688.68999999996,74.364,0.0,0.0,0.0,7405.999,6039.592671487209,0.0,118710.96878060393,-6039.592671487209,42948.73115911299,17.85108,17.85108,17.85108
5931,75,78160.18985,36521.969441433,0.0,36521.969441433,1221.308,0.0,593.212,15989.240323562206,23688.68999999996,74.364,0.0,0.0,0.0,7405.999,7334.592914995184,0.0,125678.83204984934,-7334.592914995184,41638.220408566995,17.85108,17.85108,17.85108
5932,76,78167.80802,32983.958205901,0.0,32983.958205901,1221.308,0.0,593.212,15973.667483689525,24264.890000000003,74.364,20.33999999999981,0.0,0.0,7405.999,4369.9306695905325,0.0,129830.26618596035,-4369.9306695905325,45183.849814099,17.85108,17.85108,17.85108
5933,77,80583.74861,28144.909901590003,0.0,28144.909901590003,1221.308,0.0,593.212,15958.156976651526,25028.690000000002,74.364,469.10799999999995,257.0,0.0,7405.999,0.0,1431.0007317584818,128323.94962621458,1431.0007317584818,52438.838708409996,35.458,35.458,35.458
5934,78,85403.97355,23039.065844296,392.80600000000004,23039.065844296,1221.308,392.80600000000004,593.212,15939.458858440841,25028.690000000002,74.364,701.2,257.0,0.0,7405.999,0.0,10750.86984726315,117007.24452383233,10750.86984726315,61972.101705704,35.458,35.458,35.458
5935,79,90052.40762,18275.555941335995,8714.7783077145,18275.555941335995,1221.308,8714.7783077145,593.212,15923.371327207125,25028.690000000002,74.364,701.2,257.0,0.0,7405.999,0.0,11856.929043742375,104526.26658305088,11856.929043742375,63062.07337094951,35.458,35.458,35.458
5936,80,94541.21025,14062.374511172,29292.258155381995,14062.374511172,1221.308,29292.258155381995,593.212,15907.76131823444,25028.690000000002,74.364,698.2432652115638,257.0,0.0,7405.999,0.0,0.0,104526.26658305088,0.0,51186.57758344601,35.458,35.458,35.458
5937,81,98330.01869,10598.192708880999,45131.6239537925,10598.192708880999,1221.308,45131.6239537925,593.212,15891.881929496441,24264.890000000003,74.364,20.339999999999996,0.0,0.0,7405.999,6871.792902169971,0.0,111054.46984011235,-6871.792902169971,42600.20202732649,17.851079999999946,17.851079999999946,17.851079999999946
5938,82,101986.7229,8007.093391082,53905.9968747,8007.093391082,1221.308,53905.9968747,593.212,15876.51253026224,23688.690000000002,74.364,0.0,0.0,0.0,7405.999,8786.452896044284,0.0,119401.60009135441,-8786.452896044284,40073.63263421799,17.85108,17.85108,17.85108
5939,83,105993.9597,6265.367300486,57109.7852400805,6265.367300486,1221.308,57109.7852400805,593.212,15860.798575311748,23688.690000000002,74.364,0.0,0.0,0.0,7405.999,6225.564415878223,0.0,125315.88628643873,-6225.564415878223,42618.807159433505,17.85108,17.85108,17.85108
5940,84,109110.0551,5244.453891128001,57537.121586879,5244.453891128001,1221.308,57537.121586879,593.212,15845.269944201551,24264.890000000003,74.364,20.33999999999999,0.0,0.0,7405.999,3096.90332220859,0.0,128257.9444425369,-3096.90332220859,46328.479621993,17.851080000000003,17.851080000000003,17.851080000000003
5941,85,111970.8673,6689.218598913,55578.039946170495,6689.218598913,1221.308,55578.039946170495,593.212,15829.697104328865,25028.690000000002,74.364,288.59199999999817,257.0,0.0,7405.999,995.253349412384,0.0,129203.43512447867,-995.253349412384,49703.60875491651,33.42304,33.42304,33.42304
5942,86,114703.8812,9266.058606218001,53182.1632583305,9266.058606218001,1221.308,53182.1632583305,593.212,15814.186597290864,25028.690000000002,74.364,701.2,257.0,0.0,7405.999,0.0,1159.699738160645,127982.69855799378,1159.699738160645,52255.659335451506,35.458,35.458,35.458
5943,87,116975.2074,10253.514543256,47578.319102771005,10253.514543256,1221.308,47578.319102771005,593.212,15797.797707656666,25028.690000000002,74.364,701.2,257.0,0.0,7405.999,0.0,8063.803046316336,119494.48482502921,8063.803046316336,59143.373753973,35.458,35.458,35.458
5944,88,118167.1624,13239.640060511,41685.617648739004,13239.640060511,1221.308,41685.617648739004,593.212,15782.428309818668,25028.690000000002,74.364,12878.903380931337,257.0,0.0,7405.999,0.0,0.0,119494.48482502921,0.0,63241.90469075,35.458000000000006,35.458000000000006,35.458000000000006
5945,89,117429.7516,15956.761341311998,30680.611009108,15956.761341311998,1221.308,30680.611009108,593.212,15766.696229399775,25028.690000000002,74.364,701.2,257.0,0.0,7405.999,0.0,19743.910020180185,98711.42164589217,19743.910020180185,70792.37924958,35.45800000000005,35.45800000000005,35.45800000000005
5946,90,115010.434,20242.561744407998,13320.008326852998,20242.561744407998,1221.308,13320.008326852998,593.212,15751.185722361775,25028.690000000002,74.364,701.2,257.0,0.0,7405.999,0.0,30414.90520637719,66695.73195496881,30414.90520637719,81447.863928739,35.45800000000004,35.45800000000004,35.45800000000004
5947,91,112963.4372,29252.392439204,332.2813931769999,29252.392439204,1221.308,332.2813931769999,593.212,15735.61288248909,25028.690000000002,74.364,701.2,257.0,0.0,7405.999,0.0,32361.377485129877,32631.124075884734,32361.377485129877,83378.763367619,35.45800000000005,35.45800000000005,35.45800000000005
5948,92,112611.4838,41211.566139453,0.0,41211.566139453,1221.308,0.0,593.212,15717.19707765109,25028.690000000002,74.364,701.2,257.0,0.0,7405.999,0.0,20400.947582895886,11156.442409678539,20400.947582895886,71399.917660547,35.458000000000034,35.458000000000034,35.458000000000034
5949,93,109298.02,47715.955439901,0.0,47715.955439901,1221.308,0.0,593.212,15701.6712709044,25028.690000000002,74.364,701.2,257.0,0.0,7405.999,0.0,10598.620289194612,0.0,10598.620289194612,61582.064560099,35.458,35.458,35.458
5950,94,101583.2864,47055.615253574,0.0,47055.615253574,1221.308,0.0,593.212,15685.820769032198,25028.690000000002,74.364,4261.277377393763,257.0,0.0,7405.999,0.0,0.0,0.0,0.0,54527.671146426,35.45800000000001,35.45800000000001,35.45800000000001
5951,95,93369.31937,49234.297654222006,0.0,49234.297654222006,1221.308,0.0,593.212,15669.503988559996,19150.294727217988,74.364,20.339999999999936,0.0,0.0,7405.999,0.0,0.0,0.0,0.0,44135.02171577799,17.18868,17.18868,17.18868
5952,96,86619.73947,48984.376854374,0.0,48984.376854374,1221.308,0.0,593.212,15653.983610222002,12686.496005403984,74.364,0.0,0.0,0.0,7405.999,0.0,0.0,0.0,0.0,37635.362615626,17.18868000000001,17.18868000000001,17.18868000000001
5953,1,81906.11088,48377.325590889,0.0,48377.325590889,1221.308,0.0,593.212,15638.473101787804,21319.98899999993,74.364,0.0,0.0,0.0,7405.999,12724.559812676793,0.0,12088.331822042954,-12724.559812676793,33528.785289110994,17.18868,17.18868,17.18868
5954,2,78955.76707,47800.32229410699,0.0,47800.32229410699,1221.308,0.0,593.212,15622.759154111314,21319.988999999972,74.364,0.0,0.0,0.0,7405.999,15082.18637821832,0.0,26416.408881350355,-15082.18637821832,31155.44477589301,17.18868,17.18868,17.18868
5955,3,77643.27439,48189.836405821006,0.0,48189.836405821006,1221.308,0.0,593.212,15607.435323539117,21319.98899999997,74.364,0.0,0.0,0.0,7405.999,16768.869339360106,0.0,42346.83475374245,-16768.869339360106,29453.437984179,17.188680000000005,17.188680000000005,17.188680000000005
5956,4,77801.96176,45417.731404285,0.0,45417.731404285,1221.308,0.0,593.212,15591.64250312843,21319.989,74.364,0.0,0.0,0.0,7405.999,13822.28414741343,0.0,55478.00469378521,-13822.28414741343,32384.230355715008,17.18868,17.18868,17.18868
5957,5,80391.29475,45042.103159057,0.0,45042.103159057,1221.308,0.0,593.212,15576.131994694231,21319.989,74.364,0.0,0.0,0.0,7405.999,10841.812403751237,0.0,65777.72647734889,-10841.812403751237,35349.191590943,17.18868,17.18868,17.18868
5958,6,84959.1245,45076.263948181004,832.0362,45076.263948181004,1221.308,832.0362,593.212,15559.884215656231,21319.989,74.364,0.0,0.0,0.0,7405.999,7123.931863837231,0.0,72545.46174799425,-7123.931863837231,39050.824351819,17.18868,17.18868,17.18868
5959,7,90387.9517,40317.725741505,11481.361566565,40317.725741505,1221.308,11481.361566565,593.212,15544.373707222032,21319.989,74.364,0.0,0.0,0.0,7405.999,7570.381315292015,0.0,79737.32399752167,-7570.381315292015,38588.86439193001,17.18868000000001,17.18868000000001,17.18868000000001
5960,8,94514.47847,30435.800304464,34027.266698741994,30435.800304464,1221.308,34027.266698741994,593.212,15528.767539937342,21319.988999999885,74.364,0.0,0.0,0.0,7405.999,16092.228073143258,0.0,95024.94066700776,-16092.228073143258,30051.41146679401,17.188679999999998,17.188679999999998,17.188679999999998
5961,9,99092.3693,17989.323146238,49958.5900480335,17989.323146238,1221.308,49958.5900480335,593.212,15513.35110169934,21319.989,74.364,0.0,0.0,0.0,7405.999,14983.766995970831,0.0,109259.51931318008,-14983.766995970831,31144.456105728503,17.188679999999884,17.188679999999884,17.188679999999884
5962,10,103589.1226,12915.870951152,58710.66633907749,12915.870951152,1221.308,58710.66633907749,593.212,15494.700023888658,21319.989,74.364,0.0,0.0,0.0,7405.999,14146.986714118153,0.0,122699.15669159232,-14146.986714118153,31962.58530977051,17.18868,17.18868,17.18868
5963,11,108016.0318,8238.224791544999,62261.816251395,8238.224791544999,1221.308,62261.816251395,593.212,15478.892713454456,21319.988999999998,74.364,0.0,0.0,0.0,7405.999,8577.773956394456,0.0,130848.04195016705,-8577.773956394456,37515.99075706,17.188680000000126,17.188680000000126,17.188680000000126
5964,12,111509.4557,13831.385541230999,62925.961702033506,13831.385541230999,1221.308,62925.961702033506,593.212,15463.427655369767,21319.988999999987,74.364,0.0,0.0,0.0,7405.999,11326.191198634258,0.0,141607.9235888696,-11326.191198634258,34752.10845673551,17.188679999999877,17.188679999999877,17.188679999999877
5965,13,114764.7131,14167.946692721001,62902.814638467,14167.946692721001,1221.308,62902.814638467,593.212,15447.766167831765,22338.530429999988,74.364,0.0,0.0,0.0,7405.999,9387.227829019768,0.0,150525.79002643836,-9387.227829019768,37693.95176881199,17.18868,17.18868,17.18868
5966,14,117719.1144,13775.219892374,61728.0522516325,13775.219892374,1221.308,61728.0522516325,593.212,15431.669367897564,23688.690000000002,74.364,0.0,0.0,0.0,7405.999,6199.400111904063,0.0,156415.22013274723,-6199.400111904063,42215.84225599351,18.51347999999999,18.51347999999999,18.51347999999999
5967,15,119597.4647,16478.557345899,56266.910511564005,16478.557345899,1221.308,56266.910511564005,593.212,15416.007880359564,23688.690000000002,74.364,0.0,0.0,0.0,7405.999,1547.5840378225648,0.0,157885.42496867868,-1547.5840378225648,46851.996842536995,17.85108,17.85108,17.85108
5968,16,120506.1785,21837.892305478,49087.12860906101,21837.892305478,1221.308,49087.12860906101,593.212,15400.36604044888,24452.49,74.364,36.15999999999963,0.0,0.0,7405.999,0.0,397.25854501215144,157467.2580791922,397.25854501215144,49581.157585460984,30.76372000000003,30.76372000000003,30.76372000000003
5969,17,119678.7446,26824.856492892002,37145.0349535685,26824.856492892002,1221.308,37145.0349535685,593.212,15384.953449776682,25028.690000000002,74.364,469.1079999999998,257.0,0.0,7405.999,0.0,5274.2187037628355,151915.4489173366,5274.2187037628355,55708.85315353951,35.458000001160066,35.458000001160066,35.458000001160066
5970,18,117317.4684,26372.279441852,17749.6703287695,26372.279441852,1221.308,17749.6703287695,593.212,15369.395900942482,25028.690000000002,74.364,701.2,257.0,0.0,7405.999,0.0,22544.349728436006,128184.55446635131,22544.349728436006,73195.51862937851,35.45799999999994,35.45799999999994,35.45799999999994
5971,19,114592.4334,26598.228298628,778.6453052884999,26598.228298628,1221.308,778.6453052884999,593.212,15353.728993665996,25028.690000000002,74.364,701.2,257.0,0.0,7405.999,0.0,36580.057802417454,89679.23046380666,36580.057802417454,87215.55979608349,35.45800000000001,35.45800000000001,35.45800000000001
5972,20,113005.0785,28075.27405108,0.0,28075.27405108,1221.308,0.0,593.212,15338.3125540318,25028.690000000002,74.364,701.2,257.0,0.0,7405.999,0.0,34309.718894888225,53563.73689024011,34309.718894888225,84929.80444892001,35.45800000000008,35.45800000000008,35.45800000000008
5973,21,109642.2367,35179.274643974,0.0,35179.274643974,1221.308,0.0,593.212,15322.551586747108,25028.690000000002,74.364,701.2,257.0,0.0,7405.999,0.0,23858.63746927886,28449.38165942025,23858.63746927886,74462.962056026,35.45800000000009,35.45800000000009,35.45800000000009
5974,22,102011.267,36278.066807011004,0.0,36278.066807011004,1221.308,0.0,593.212,15306.379853287397,25028.690000000002,74.364,701.2,257.0,0.0,7405.999,0.0,15145.04733970165,12507.226564997472,15145.04733970165,65733.200192989,35.458000001167896,35.458000001167896,35.458000001167896
5975,23,93568.88178,34726.731242249,0.0,34726.731242249,1221.308,0.0,593.212,15287.948750136908,25028.690000000002,74.364,701.2,257.0,0.0,7405.999,0.0,8272.428787614102,3799.406788561574,8272.428787614102,58842.150537751,35.4580000011764,35.4580000011764,35.4580000011764
5976,24,86352.78535,33006.8037432,0.0,33006.8037432,1221.308,0.0,593.212,15272.141439702706,25028.690000000002,74.364,469.10799999999904,257.0,0.0,7405.999,0.0,3024.1591670973085,616.0813495117764,3024.1591670973085,53345.98160680001,35.45800000116965,35.45800000116965,35.45800000116965
5977,25,81880.20834,35336.675456628,0.0,35336.675456628,1221.308,0.0,593.212,15256.47453242622,24264.89,74.364,20.339999999999854,0.0,0.0,7405.999,2293.0546490542156,0.0,2794.483266113281,-2293.0546490542156,46543.532883372,17.851080000000003,17.851080000000003,17.851080000000003
5978,26,79199.43758,36985.765758671005,0.0,36985.765758671005,1221.308,0.0,593.212,15240.954152692022,23688.689999999988,74.364,0.0,0.0,0.0,7405.999,6010.8553313630255,0.0,8504.795830908155,-6010.8553313630255,42213.67182132899,17.85108,17.85108,17.85108
5979,27,77639.95021,34962.776146104,0.0,34962.776146104,1221.308,0.0,593.212,15225.373054169331,23688.690000000002,74.364,0.0,0.0,0.0,7405.999,5531.771990273334,0.0,13759.97922166782,-5531.771990273334,42677.174063896,17.85108,17.85108,17.85108
5980,28,77670.49532,34375.966551354,0.0,34375.966551354,1221.308,0.0,593.212,15209.758607031334,23688.690000000002,74.364,0.0,0.0,0.0,7405.999,4898.802838385337,0.0,18413.84191813389,-4898.802838385337,43294.528768646,17.85108,17.85108,17.85108
5981,29,80412.49215,36865.01594762201,0.0,36865.01594762201,1221.308,0.0,593.212,15193.614766697132,22338.530430000003,74.364,0.0,0.0,0.0,7405.999,3279.5519943191393,0.0,21529.416312737074,-3279.5519943191393,43547.476202378,17.188679999999863,17.188679999999863,17.188679999999863
5982,30,84989.40909,35958.412147505,378.0031,35958.412147505,1221.308,378.0031,593.212,15178.000319559133,23688.690000000002,74.364,0.0,0.0,0.0,7405.999,0.0,491.4205229358744,21012.131551751947,491.4205229358744,48652.993842495,25.514080000000003,25.514080000000003,25.514080000000003
5983,31,89536.18115,33804.120699889,10049.5151452005,33804.120699889,1221.308,10049.5151452005,593.212,15162.666561386446,23295.091969449717,74.364,0.0,0.0,0.0,7405.999,2070.0962259256503,0.0,22978.722966381316,-2070.0962259256503,45682.545304910505,18.51347999999999,18.51347999999999,18.51347999999999
5984,32,93316.73995,25740.170243728004,33029.7362953185,25740.170243728004,1221.308,33029.7362953185,593.212,15147.175099376249,21944.932399449684,74.364,0.0,0.0,0.0,7405.999,11840.15708787247,0.0,34226.87219986016,-11840.15708787247,34546.8334109535,17.18868,17.18868,17.18868
5985,33,97073.64727,17534.99929189,50211.150250321996,17534.99929189,1221.308,50211.150250321996,593.212,15131.617550542045,21319.988999999998,74.364,0.0,0.0,0.0,7405.999,16418.991822754044,0.0,49824.9144314765,-16418.991822754044,29327.49772778801,17.18868,17.18868,17.18868
5986,34,100572.284,9777.491392167001,60153.295796243,9777.491392167001,1221.308,60153.295796243,593.212,15116.091745191557,21319.988999999987,74.364,0.0,0.0,0.0,7405.999,15089.46693360155,0.0,64159.908018397975,-15089.46693360155,30641.49681158999,17.18868000000001,17.18868000000001,17.18868000000001
5987,35,103722.8736,8528.954500112,64127.657186715005,8528.954500112,1221.308,64127.657186715005,593.212,15100.534196357357,21319.989,74.364,0.0,0.0,0.0,7405.999,14649.144283184349,0.0,78076.5950874231,-14649.144283184349,31066.261913173003,17.18868000000001,17.18868000000001,17.18868000000001
5988,36,106546.5514,8565.185704183,65240.6057930345,8565.185704183,1221.308,65240.6057930345,593.212,15084.867289080874,21319.988999999987,74.364,0.0,0.0,0.0,7405.999,12958.979386298373,0.0,90387.62550440655,-12958.979386298373,32740.75990278249,17.18868,17.18868,17.18868
5989,37,109224.8181,12596.251599195,65603.4843126355,12596.251599195,1221.308,65603.4843126355,593.212,15065.681598147154,21319.989,74.364,0.0,0.0,0.0,7405.999,14655.471409977652,0.0,104310.3233438853,-14655.471409977652,31025.0821881695,17.18868,17.18868,17.18868
5990,38,112307.3467,18332.764105677998,64535.064797504,18332.764105677998,1221.308,64535.064797504,593.212,15049.935818136475,21319.989,74.364,0.0,0.0,0.0,7405.999,16225.290021318477,0.0,119724.34886413785,-16225.290021318477,29439.517796818,17.18868,17.18868,17.18868
5991,39,114639.2101,25469.767455674,59573.13500306149,25469.767455674,1221.308,59573.13500306149,593.212,15034.410129702273,21319.98899999997,74.364,0.0,0.0,0.0,7405.999,16052.974488437778,0.0,134974.67462815373,-16052.974488437778,29596.30764126451,17.18868,17.18868,17.18868
5992,40,116070.375,26995.508847088004,53383.7260879235,26995.508847088004,1221.308,53383.7260879235,593.212,15018.837291225787,22338.530430000003,74.364,0.0,0.0,0.0,7405.999,10961.110656237292,0.0,145387.72975157917,-10961.110656237292,35691.1400649885,17.18868,17.18868,17.18868
5993,41,115630.7623,25149.897344778,38977.36071793649,25149.897344778,1221.308,38977.36071793649,593.212,15003.222842691588,24452.49,74.364,36.15999999999998,0.0,0.0,7405.999,0.0,2716.748394593924,142527.99459937503,2716.748394593924,51503.50423728551,30.763720000000035,30.763720000000035,30.763720000000035
5994,42,113039.0578,27585.154595746,20210.9483810175,27585.154595746,1221.308,20210.9483810175,593.212,14987.673575106899,25028.690000000002,74.364,469.1079999999998,257.0,0.0,7405.999,0.0,15205.60024812934,126522.09960134415,15205.60024812934,65242.95482323649,35.45800000117207,35.45800000117207,35.45800000117207
5995,43,110107.5536,27694.783242792997,592.514146151,27694.783242792997,1221.308,592.514146151,593.212,14972.2002371689,25028.690000000002,74.364,701.2,257.0,0.0,7405.999,0.0,31566.282973887108,93294.43331304193,31566.282973887108,81820.256211056,35.458,35.458,35.458
5996,44,108066.4963,32247.000308589,0.0,32247.000308589,1221.308,0.0,593.212,14955.8364162967,25028.690000000002,74.364,701.2,257.0,0.0,7405.999,0.0,25581.88657511429,66366.13165502694,25581.88657511429,75819.49599141101,35.45800000116738,35.45800000116738,35.45800000116738
5997,45,105092.3398,28633.972041796,0.0,28633.972041796,1221.308,0.0,593.212,14940.221967762498,25028.690000000002,74.364,701.2,257.0,0.0,7405.999,0.0,26236.372790441532,38748.89713877269,26236.372790441532,76458.367758204,35.45800000116739,35.45800000116739,35.45800000116739
5998,46,99055.32443,30067.978398966,0.0,30067.978398966,1221.308,0.0,593.212,14924.753069386012,25028.690000000002,74.364,701.2,257.0,0.0,7405.999,0.0,18780.819961647976,18979.61296861693,18780.819961647976,68987.34603103399,35.458000001175925,35.458000001175925,35.458000001175925
5999,47,91875.37765,30946.268356283003,0.0,30946.268356283003,1221.308,0.0,593.212,14909.199369513814,25028.690000000002,74.364,701.2,257.0,0.0,7405.999,0.0,10738.136924203198,7676.31094313988,10738.136924203198,60929.10929371699,35.45800000116439,35.45800000116439,35.45800000116439
6000,48,85342.71884,30234.178759571005,0.0,30234.178759571005,1221.308,0.0,593.212,14893.589353267123,25028.690000000002,74.364,469.10800000000006,257.0,0.0,7405.999,0.0,5165.269727161884,2239.184914548425,5165.269727161884,55108.540080429,35.458000001170774,35.458000001170774,35.458000001170774
6001,49,80724.11092,29935.315108256997,0.0,29935.315108256997,1221.308,0.0,593.212,14878.037142594922,24452.49,74.364,36.160000000000004,3.2704037522535145e-7,0.0,7405.999,0.0,2127.2256688210036,0.0,2127.2256688210036,50788.79581174301,30.763720003071484,30.763720003071484,30.763720003071484
6002,50,77597.25313,30068.590998495998,0.0,30068.590998495998,1221.308,0.0,593.212,14862.276873956924,23371.50225754706,74.364,0.0,0.0,0.0,7405.999,0.0,0.0,0.0,0.0,47528.662131503996,17.85108,17.85108,17.85108
6003,51,75950.01163,29103.298193158,0.0,29103.298193158,1221.308,0.0,593.212,14843.65762708424,22708.172809757725,74.364,0.0,0.0,0.0,7405.999,0.0,0.0,0.0,0.0,46846.713436841994,17.85108,17.85108,17.85108
6004,52,74875.62113,28519.341553709,0.0,28519.341553709,1221.308,0.0,593.212,14827.674035950526,22233.72254034044,74.364,0.0,0.0,0.0,7405.999,0.0,0.0,1.4633769751526415e-9,0.0,46356.279576290995,17.85108,17.85108,17.85108
6005,53,75180.29162,27558.113956472,0.0,27558.113956472,1221.308,0.0,593.212,14811.960088274036,23515.33457525396,74.364,0.0,0.0,0.0,7405.999,0.0,0.0,2.8039721655659378e-9,0.0,47622.177663528004,17.85108000000009,17.85108000000009,17.85108000000009
6006,54,76229.98283,28338.956655829,264.3474,28338.956655829,1221.308,264.3474,593.212,14811.960088274036,23519.83568589697,74.364,0.0,0.0,0.0,7405.999,0.0,0.0,2.8039721655659378e-9,0.0,47626.678774171,19.459560000000145,19.459560000000145,19.459560000000145
6007,55,78377.66246,30619.952740763,11074.569993975001,30619.952740763,1221.308,11074.569993975001,593.212,14811.960088274036,14160.613525896963,74.364,0.0,0.0,0.0,7405.999,1584.316888908992,0.0,1505.1010444663464,-1584.316888908992,36683.13972526201,16.242599999999854,16.242599999999854,16.242599999999854
6008,56,81778.58125,28198.045048682005,32859.3724415395,28198.045048682005,1221.308,32859.3724415395,593.212,14811.960088274036,21.5,74.364,0.0,0.0,0.0,7405.999,3407.179328495534,0.0,4741.921406537105,-3407.179328495534,20721.1637597785,9.73049999999985,9.73049999999985,9.73049999999985
6009,57,87523.50934,12245.030741845998,47325.762448302,12245.030741845998,1221.308,47325.762448302,593.212,14811.960088274036,7269.002,74.364,0.0,0.0,0.0,7405.999,3423.1289384238726,0.0,7993.893898039783,-3423.1289384238726,27952.716149852007,16.24260000000008,16.24260000000008,16.24260000000008
6010,58,92249.85776,9021.049951845001,57073.85824272601,9021.049951845001,1221.308,57073.85824272601,593.212,14811.960088274036,7269.002,74.364,0.0,0.0,0.0,7405.999,5220.895522842705,0.0,12953.744644740353,-5220.895522842705,26154.94956542898,16.2426,16.2426,16.2426
6011,59,96456.33008,7108.369641441,61190.920598401,7108.369641441,1221.308,61190.920598401,593.212,14811.960088274036,15278.064590000029,74.364,0.0,0.0,0.0,7405.999,11227.867838116059,0.0,23620.21909095061,-11227.867838116059,28157.03984015801,17.18868,17.18868,17.18868
6012,60,99896.22261,9080.833199788,62707.624510745496,9080.833199788,1221.308,62707.624510745496,593.212,14811.960088274036,21319.989,74.364,0.0,0.0,0.0,7405.999,17319.06718880753,0.0,40073.33292031776,-17319.06718880753,28107.7648994665,17.18868,17.18868,17.18868
6013,61,102777.0772,9521.224593586,62639.482085298,9521.224593586,1221.308,62639.482085298,593.212,14811.960088274036,20460.05234864071,74.364,0.0,0.0,0.0,7405.999,13950.524915798755,0.0,53326.33159032656,-13950.524915798755,30616.370521116005,17.18868,17.18868,17.18868
6014,62,105819.7604,9080.500893891001,61933.5183015525,9080.500893891001,1221.308,61933.5183015525,593.212,14811.960088274036,21319.989,74.364,0.0,0.0,0.0,7405.999,10621.090883717534,0.0,63416.36792985822,-10621.090883717534,34805.74120455649,17.18868,17.18868,17.18868
6015,63,108216.6446,9285.963792465,58437.418750566496,9285.963792465,1221.308,58437.418750566496,593.212,14811.960088274036,21319.989,74.364,0.0,0.0,0.0,7405.999,4933.570031305542,0.0,68103.25945959848,-4933.570031305542,40493.2620569685,17.188680000000247,17.188680000000247,17.188680000000247
6016,64,109930.4156,12138.658147503,51795.128514041,12138.658147503,1221.308,51795.128514041,593.212,14811.960088274036,22338.530430000003,74.364,0.0,0.0,0.0,7405.999,448.7445798180288,0.0,68529.56681042562,-448.7445798180288,45996.628938456,17.188679999999877,17.188679999999877,17.188679999999877
6017,65,110098.6414,18511.570105102,38731.1417347775,18511.570105102,1221.308,38731.1417347775,593.212,14811.960088274036,24452.49,74.364,268.2519999999999,257.0,0.0,7405.999,0.0,3771.3444718464557,64559.73052427146,3771.3444718464557,52855.929560120494,33.44188000101262,33.44188000101262,33.44188000101262
6018,66,108222.5321,21990.530550719002,19041.2785585735,21990.530550719002,1221.308,19041.2785585735,593.212,14811.960088274036,25028.690000000002,74.364,701.2,257.0,0.0,7405.999,0.0,17096.989902433437,46562.899048025734,17096.989902433437,67190.7229907075,35.45800000117647,35.45800000117647,35.45800000117647
6019,67,105512.2093,29085.709751857998,399.169650383,29085.709751857998,1221.308,399.169650383,593.212,14811.960088274036,25028.690000000002,74.364,701.1999991569921,257.0,0.0,7405.999,0.0,25933.59681032796,19264.376089785783,25933.59681032796,76027.329897759,35.45800000070895,35.45800000070895,35.45800000070895
6020,68,104487.3208,41028.20869615301,0.0,41028.20869615301,1221.308,0.0,593.212,14811.960088274036,25028.690000000002,74.364,701.2,257.0,0.0,7405.999,0.0,13365.379015572966,5195.556073393189,13365.379015572966,63459.112103846994,35.458000001165914,35.458000001165914,35.458000001165914
6021,69,101573.1041,46775.684742001,0.0,46775.684742001,1221.308,0.0,593.212,14811.960088274036,25028.690000000002,74.364,469.10800000000006,257.0,0.0,7405.999,0.0,4935.778269724983,0.0,4935.778269724983,54797.419357998995,35.45800000116939,35.45800000116939,35.45800000116939
6022,70,95811.37414,47867.141750206,0.0,47867.141750206,1221.308,0.0,593.212,14811.960088274036,23817.049301521427,74.364,20.339999999999993,0.0,0.0,7405.999,0.0,0.0,0.0,0.0,47944.232389794,18.513479999999998,18.513479999999998,18.513479999999998
6023,71,89168.67383,47729.879942474014,0.0,47729.879942474014,1221.308,0.0,593.212,14811.960088274036,17331.950799251932,74.364,0.0,0.0,0.0,7405.999,0.0,0.0,0.0,0.0,41438.793887525986,17.18868,17.18868,17.18868
6024,72,83065.45919,46229.908994823,0.0,46229.908994823,1221.308,0.0,593.212,14811.960088274036,12728.707106902943,74.364,0.0,0.0,0.0,7405.999,0.0,0.0,0.0,0.0,36835.55019517699,17.18868,17.18868,17.18868
6025,73,78941.62207,46223.856348374,0.0,46223.856348374,1221.308,0.0,593.212,14811.960088274036,8610.922633351936,74.364,0.0,0.0,0.0,7405.999,0.0,0.0,0.0,0.0,32717.765721625998,17.18868000000011,17.18868000000011,17.18868000000011
6026,74,76053.22218,47759.148944362,0.0,47759.148944362,1221.308,0.0,593.212,14811.960088274036,4187.230147363943,74.364,0.0,0.0,0.0,7405.999,0.0,0.0,0.0,0.0,28294.073235637996,16.242600000000095,16.242600000000095,16.242600000000095
6027,75,74196.93234,50593.973305533,0.0,50593.973305533,1221.308,0.0,593.212,14811.960088274036,21.5,74.364,0.0,0.0,0.0,7405.998999999971,525.3840538070335,0.0,499.11485111668117,-525.3840538070335,23602.959034467,9.7305,9.7305,9.7305
6028,76,72855.05216,50272.305049033,0.0,50272.305049033,1221.308,0.0,593.212,14811.960088274036,21.5,74.364,0.0,0.0,0.0,6138.672268886947,278.26924619399006,0.0,763.4706350009726,-278.26924619399006,22582.747110967008,9.730500000000287,9.730500000000287,9.730500000000287
6029,77,72812.75985,48952.075256495,0.0,48952.075256495,1221.308,0.0,593.212,14811.960088274036,2147.3708830930514,74.364,0.0,0.0,0.0,4287.1725188869605,0.0,725.2971032509249,0.0,725.2971032509249,23860.684593505,16.242599999999868,16.242599999999868,16.242599999999868
6030,78,73184.78575,53310.324692839,709.4442,53310.324692839,1221.308,709.4442,593.212,14811.960088274036,28.499999999999996,74.364,0.0,0.0,0.0,2435.6727688869587,0.0,0.0,0.0,0.0,19165.016857160994,12.948899999999247,12.948899999999247,12.948899999999247
6031,79,74746.49835,53244.58325844499,10755.215287603001,50561.67210911,930.57,10524.586576444795,0.0,12071.13264555823,0.0,74.364,0.0,0.0,0.0,584.1730188869583,0.0,0.0,0.0,0.0,13660.239664445202,0.0,0.0,0.0
6032,80,78066.13282,45680.662644344004,32077.640055657503,33939.17434778235,1221.308,32077.640055657503,0.0,14811.960088274036,0.0,74.364,0.0,0.0,0.0,0.0,4058.313671713884,0.0,3855.39798812819,-4058.313671713884,12049.318416560149,0.0,0.0,0.0
6033,81,83445.45249,37510.73803962,48462.6504886515,37510.73803962169,1221.308,48462.6504886515,0.0,14811.960088274036,0.0,74.364,0.0,0.0,0.0,0.0,18635.568126547478,0.0,21559.187708348287,-18635.568126547478,-2527.9360382731975,0.0,0.0,0.0
6034,82,88571.07474,35147.56285196199,57697.84873400149,35147.56285196355,1221.308,57697.84873400149,0.0,14811.960088274036,0.0,74.364,0.0,0.0,0.0,0.0,20381.968934239303,0.0,40922.05819587562,-20381.968934239303,-4274.336845965045,0.0,0.0,0.0
6035,83,93467.56457,36477.232056378,62506.88984969599,32828.892256378,599.378,45227.334225347964,0.0,14811.960088274036,0.0,0.0,0.0,0.0,0.0,0.0,0.0,0.0,40922.05819587562,0.0,15411.338088274038,0.0,0.0,0.0
6036,84,97890.97426,38605.91460077601,63849.580418586505,38605.91460077601,1221.308,63849.580418586505,0.0,14811.960088274036,0.0,74.364,0.0,0.0,0.0,0.0,20672.152847636564,0.0,60560.603401130385,-20672.152847636564,-4564.520759362509,0.0,0.0,0.0
6037,85,101674.3314,47294.829146349,64167.3709090385,47294.829146349,1221.308,64167.37090903986,0.0,14811.960088274036,0.0,74.364,0.0,0.0,0.0,0.0,25895.50074366314,0.0,85161.32910761036,-25895.50074366314,-9787.86865538887,0.0,0.0,0.0
6038,86,105111.4103,44117.718548611,61817.4403967295,44117.71854861255,1221.308,61817.4403967295,0.0,14811.960088274036,0.0,74.364,0.0,0.0,0.0,0.0,16931.38073361633,0.0,101246.14080454588,-16931.38073361633,-823.7486453420497,0.0,0.0,0.0
6039,87,107882.0763,45298.358939494006,58470.477163626,45298.358939494006,1221.308,46476.085272231954,0.0,14811.960088274036,0.0,74.364,0.0,0.0,0.0,0.0,0.0,0.0,101246.14080454588,0.0,16107.63208827404,0.0,0.0,0.0
6040,88,109788.1301,50771.669848561,51011.600386657,50771.669848561,1221.308,51011.600386658574,0.0,14811.960088274036,0.0,74.364,0.0,0.0,0.0,0.0,8102.772223493873,0.0,108943.77441686505,-8102.772223493873,8004.859864780417,0.0,0.0,0.0
6041,89,110097.5452,53404.042595548,37269.8034415555,53404.042595548,1221.308,37269.8034415555,169.95,14811.960088274036,0.0,74.364,0.0,0.0,0.0,1851.4997499999936,0.0,1294.6173246224753,107581.01933831508,1294.6173246224753,19423.69916289649,6.320000000000068,6.320000000000068,6.320000000000068
6042,90,108992.6642,58811.953458035,16054.571552866502,58811.953458035,1221.308,16054.571552866502,593.212,14811.960088274036,28.5,74.364,0.0,0.0,0.0,3702.999499999974,0.0,13693.795600822534,93166.49765323872,13693.795600822534,34126.139189098496,16.2426,16.2426,16.2426
6043,91,107381.3792,60173.01864763201,835.805493407,60173.01864763201,1221.308,835.805493407,593.212,14811.960088274036,50.0,74.364,0.0,0.0,0.0,5554.499249999984,0.0,24067.211720686966,67832.59057883138,24067.211720686966,46372.555058960985,16.24260000000023,16.24260000000023,16.24260000000023
6044,92,106189.142,62482.777492486006,0.0,62482.777492486,1221.308,0.0,593.212,14811.960088274036,50.0,74.364,0.0,0.0,0.0,7405.999,0.0,19549.52141923996,47254.14697963144,19549.52141923996,43706.36450751401,16.24259999999999,16.24259999999999,16.24259999999999
6045,93,102413.2893,61228.79550901001,0.0,61228.79550901001,1221.308,0.0,593.212,14811.960088274036,50.0,74.364,0.0,0.0,0.0,5554.499249999991,0.0,18879.150452715967,27381.35702940411,18879.150452715967,41184.493790989996,16.242600000000195,16.242600000000195,16.242600000000195
6046,94,95350.69159,57980.93339838099,0.0,57980.93339838099,1221.308,0.0,593.212,14811.960088274036,28.5,74.364,0.0,0.0,0.0,3702.999499999987,0.0,16937.414603344958,9552.49955219889,16937.414603344958,37369.75819161901,16.242600000000085,16.242600000000085,16.242600000000085
6047,95,87658.91511,63076.29765073399,0.0,63076.29765073399,1221.308,0.0,169.95,14811.960088274036,0.0,74.364,0.0,0.0,0.0,1851.4997499999918,0.0,6453.535620991987,2759.3041616810087,6453.535620991987,24582.61745926601,6.32,6.32,6.32
6048,96,81390.45724,62661.486198129,0.0,62661.486198129,1221.308,0.0,0.0,14811.960088274036,0.0,74.364,0.0,0.0,0.0,0.0,0.0,2621.3389535969604,0.0,2621.3389535969604,18728.971041871002,0.11679999999971358,0.11679999999971358,0.11679999999971358
6049,1,77697.29243,61623.319550131,0.0,61623.319550131,1221.308,0.0,593.212,14811.960088274036,0.0,74.364,0.0,0.0,0.0,7405.999,8032.870208406495,0.0,7631.226697986171,-8032.870208406495,16073.972879869005,9.730499999996457,9.730499999996457,9.730499999996457
6050,2,75524.0448,58119.169904887,0.0,58119.169904887,1221.308,0.0,593.212,14811.960088274036,0.0,74.364,0.0,0.0,0.0,7405.998999999869,6701.968193160942,0.0,13998.096481489298,-6701.968193160942,17404.874895113004,9.730499999999498,9.730499999999498,9.730499999999498
6051,3,74518.52615,59891.800297361,0.0,59891.800297361,1221.308,0.0,593.212,14811.960088274036,0.0,74.364,0.0,0.0,0.0,7405.999,9480.11723563504,0.0,23004.207855342585,-9480.11723563504,14626.725852639007,9.730499999999882,9.730499999999882,9.730499999999882
6052,4,74948.54404,59011.339997364004,0.0,59011.339997364004,1221.308,0.0,0.0,14811.960088274036,0.0,74.364,0.0,0.0,0.0,5554.49924999999,5724.927295638035,0.0,28442.888786198717,-5724.927295638035,15937.204042635989,3.218399999994725,3.218399999994725,3.218399999994725
6053,5,77707.28783,54409.577047415,0.0,54409.577047415,1221.308,0.0,593.212,14811.960088274036,7247.501999999971,74.364,0.0,0.0,0.0,7405.999,8056.634305689032,0.0,36096.691376603296,-8056.634305689032,23297.710782585003,16.24260031646825,16.24260031646825,16.24260031646825
6054,6,83046.05059,56820.78529315,592.3290000000001,56820.78529315,1221.308,592.3290000000001,593.212,14811.960088274036,7269.001999999971,74.364,0.0,0.0,0.0,7405.999,5742.908791424042,0.0,41552.454728456134,-5742.908791424042,25632.936296849995,16.242599999999047,16.242599999999047,16.242599999999047
6055,7,88181.47907,50673.121792029,11993.5112820205,50673.121792029,1221.308,11993.5112820205,593.212,14811.960088274036,15256.564590000035,74.364,0.0,0.0,0.0,5554.499250000039,11997.061932323624,0.0,52949.66356416358,-11997.061932323624,25514.8459959505,17.188679999999774,17.188679999999774,17.188679999999774
6056,8,92415.87294,41676.700792709,36272.21601171,41676.700792709,1221.308,36272.21601171,163.998,14811.960088274036,0.0,74.364,0.0,0.0,0.0,3702.999500000026,5507.673452693061,0.0,58181.953344221976,-5507.673452693061,14466.956135581,5.49072000000048,5.49072000000048,5.49072000000048
6057,9,96882.16948,38940.173851766,51356.395061349496,38940.173851766,1221.308,51356.395061349496,0.0,14811.960088276004,0.0,74.364,0.0,0.0,0.0,1851.4997499978372,11373.531271389606,0.0,68986.8080520421,-11373.531271389606,6585.600566884503,0.0,0.0,0.0
6058,10,101587.1694,38076.76704241199,59695.360510107,38076.76704241199,1221.308,59695.360510107,0.0,14811.960088274036,0.0,74.364,0.0,0.0,0.0,0.0,12292.590240793075,0.0,80664.76878079552,-12292.590240793075,3815.0418474810067,0.0,0.0,0.0
6059,11,105665.826,39703.74800786,62901.647844737,39703.74800786,1221.308,62901.647844737,0.0,14811.960088274036,0.0,74.364,0.0,0.0,0.0,0.0,13047.201940871062,0.0,93059.61062462303,-13047.201940871062,3060.4301474029926,0.0,0.0,0.0
6060,12,109324.4168,34947.238292213,63095.7363981255,34947.23829221518,1221.308,63095.7363981255,0.0,14811.960088274036,0.0,74.364,0.0,0.0,0.0,0.0,4826.189978615004,0.0,97644.4911043073,-4826.189978615004,11281.442109659321,0.0,0.0,0.0
6061,13,111185.4054,34750.00279355,62396.341306563496,34750.00279355,1221.308,62396.341306563496,0.0,14811.960088274036,0.0,74.364,0.0,0.0,0.0,0.0,2068.570788387544,0.0,99609.63335327547,-2068.570788387544,14039.06129988651,0.0,0.0,0.0
6062,14,112724.0116,43581.778051458,61920.24732716801,43581.778051458,1221.308,61920.24732716801,0.0,14811.960088274036,0.0,74.364,0.0,0.0,0.0,1851.499749999999,10737.145616900045,0.0,109809.9216893305,-10737.145616900045,7221.986221373983,0.0,0.0,0.0
6063,15,113539.2029,44207.80159037199,56681.738901124,44207.80159037199,1221.308,56681.738901124,11.235,14811.960088274036,0.0,74.364,0.0,0.0,0.0,3702.999499999987,7172.204179770023,0.0,116623.51566011203,-7172.204179770023,12649.66240850401,4.544640000000022,4.544640000000022,4.544640000000022
6064,16,114461.3593,44312.255455935,52040.01838825999,44312.255455935,1221.308,52040.01838825999,593.212,14811.960088274036,13289.426409999998,74.364,0.0,0.0,0.0,5554.4992499999735,17435.684292471204,0.0,133187.41573795967,-17435.684292471204,18109.085455804998,16.242599999999236,16.242599999999236,16.242599999999236
6065,17,117649.642,42102.689910883004,38577.060018768,42102.689910883004,1221.308,38577.060018768,593.212,14811.960088274036,22670.14857,74.364,0.0,0.0,0.0,7405.999,9807.099587927158,0.0,142504.16034649053,-9807.099587927158,36969.89207034899,18.134760000000938,18.134760000000938,18.134760000000938
6066,18,115762.3401,45994.15204787399,18047.877232944003,45994.15204787399,1221.308,18047.877232944003,593.212,14811.960088274036,24452.49,74.364,36.16,0.0,0.0,7405.999,0.0,3124.8177309076036,139214.87852448254,3124.8177309076036,51720.310819182,30.76371999999997,30.76371999999997,30.76371999999997
6067,19,113636.5141,39484.442047918994,1350.7464961515002,39484.442047918994,1221.308,1350.7464961515002,593.212,14811.960088274036,25028.690000000002,74.364,469.1080000000719,257.0,0.0,7405.999,0.0,22939.68446765538,115067.84224274004,22939.68446765538,72801.32555592949,35.458000000000666,35.458000000000666,35.458000000000666
6068,20,112331.7263,32880.41444888,0.0,32880.41444888,1221.308,0.0,593.212,14811.960088274036,25028.690000000002,74.364,701.2,257.0,0.0,7405.999,0.0,29357.578762845947,84165.12775553377,29357.578762845947,79451.31185112,35.458000000000894,35.458000000000894,35.458000000000894
6069,21,107856.088,36206.455310786,0.0,36206.455310786,1221.308,0.0,593.212,14811.960088274036,25028.690000000002,74.364,701.2,257.0,0.0,7405.999,0.0,21555.899600939963,61474.707122965396,21555.899600939963,71649.632689214,35.45800000000041,35.45800000000041,35.45800000000041
6070,22,99780.43002,41518.500947379,0.0,41518.500947379,1221.308,0.0,593.212,14811.960088274036,25028.690000000002,74.364,469.10800000000927,257.0,0.0,7405.999,0.0,8400.287984346922,52632.29871838969,8400.287984346922,58261.929072621,35.458000000000126,35.458000000000126,35.458000000000126
6071,23,91268.90071,40359.858005592,0.0,40359.858005592,1221.308,0.0,593.212,14811.960088274036,24452.49,74.364,36.160000000000004,0.0,0.0,7405.999,0.0,2313.549616133995,50196.98333298549,2313.549616133995,50909.042704408,30.76371999999997,30.76371999999997,30.76371999999997
6072,24,84574.55646,39629.30605380901,0.0,39629.30605380901,1221.308,0.0,593.212,14811.960088274036,20838.407317916946,74.364,0.0,0.0,0.0,7405.999,0.0,0.0,50196.98333298549,0.0,44945.250406191,17.188679999991813,17.188679999991813,17.188679999991813
6073,25,79376.43016,36792.395739196,0.0,36792.395739196,1221.308,0.0,593.212,14811.960088274036,21319.988999998313,74.364,0.0,0.0,0.0,7405.999,2842.7976674700476,0.0,52897.641117082036,-2842.7976674700476,42584.034420804004,17.18867999999991,17.18867999999991,17.18867999999991
6074,26,76920.52945,38012.300990854,0.0,38012.300990854,1221.308,0.0,593.212,14811.960088274036,21319.989,74.364,0.0,0.0,0.0,7405.999,6518.603629128041,0.0,59090.31456475367,-6518.603629128041,38908.228459146005,17.1886799999999,17.1886799999999,17.1886799999999
6075,27,75737.54284,40300.6800576,0.0,40300.6800576,1221.308,0.0,593.212,14811.960088274036,21319.989,74.364,0.0,0.0,0.0,7405.999,9989.96930587405,0.0,68580.78540533403,-9989.96930587405,35436.86278239999,17.188679999999916,17.188679999999916,17.188679999999916
6076,28,76013.81985,38848.067708463,0.0,38848.067708463,1221.308,0.0,593.212,14811.960088274036,21319.988999999972,74.364,0.0,0.0,0.0,7405.999,8261.07994673703,0.0,76428.8113547342,-8261.07994673703,37165.752141537,17.18867999999327,17.18867999999327,17.18867999999327
6077,29,78933.33952,38501.419609864,0.0,38501.419609864,1221.308,0.0,593.212,14811.960088274036,21319.988999999972,74.364,0.0,0.0,0.0,7405.999,4994.91217813804,0.0,81173.97792396533,-4994.91217813804,40431.91991013599,17.18868000000017,17.18868000000017,17.18868000000017
6078,30,84160.53853,38975.889154074,406.1138,38975.889154074,1221.308,406.1138,593.212,14811.960088274036,20671.69248765193,74.364,0.0,0.0,0.0,7405.999,0.0,0.0,81173.97792396534,0.0,44778.535575926006,17.18867999999899,17.18867999999899,17.18867999999899
6079,31,88974.51989,34802.581248323004,10175.4663968695,34802.581248323004,1221.308,10175.4663968695,593.212,14811.960088274036,21319.989,74.364,0.0,0.0,0.0,7405.999,1430.3598434665332,0.0,82532.81977525855,-1430.3598434665332,43996.47224480749,17.8510800000001,17.8510800000001,17.8510800000001
6080,32,92393.89056,25768.715107843003,33024.9476496525,25768.715107843003,1221.308,33024.9476496525,593.212,14811.960088274036,13310.926409999962,74.364,0.0,0.0,0.0,7405.999,3817.541695769504,0.0,86159.48438623958,-3817.541695769504,33600.227802504494,16.526279999999552,16.526279999999552,16.526279999999552
6081,33,95742.91491,15402.725110413,49011.184587354,15402.725110413,1221.308,49011.184587354,593.212,14811.960088274036,19758.151533871387,74.364,0.0,0.0,0.0,7405.999,12535.989409912421,0.0,98068.67432565638,-12535.989409912421,31329.00521223301,17.188679999999906,17.188679999999906,17.188679999999906
6082,34,98818.8831,10913.401559462,58250.062207804505,10913.401559462,1221.308,58250.062207804505,593.212,14811.960088274036,21319.989,74.364,0.0,0.0,0.0,7405.999,15771.412755540518,0.0,113051.51644341987,-15771.412755540518,29655.4193327335,17.188679999999916,17.188679999999916,17.188679999999916
6083,35,101559.8865,9793.233003854999,62018.397559448495,9793.233003854999,1221.308,62018.397559448495,593.212,14811.960088274036,13310.92640999997,74.364,0.0,0.0,0.0,7405.999,7669.513561577505,0.0,120337.5543269185,-7669.513561577505,29748.2559366965,17.18867999999989,17.18867999999989,17.18867999999989
6084,36,103762.5743,11492.095299419001,62726.63804018401,11492.095299419001,1221.308,62726.63804018401,593.212,14811.960088274036,7269.002,74.364,0.0,0.0,0.0,7405.999,1832.0041278770432,0.0,122077.95824840169,-1832.0041278770432,29543.840960396985,16.242600000000134,16.242600000000134,16.242600000000134
6085,37,105375.6032,11458.342950991,62128.722856933,11458.342950991,1221.308,62128.722856933,593.212,14811.960088274036,15278.064589999998,74.364,0.0,0.0,0.0,7405.999,7596.370286198029,0.0,129294.5100202883,-7596.370286198029,31788.537392075996,17.188679999999906,17.188679999999906,17.188679999999906
6086,38,106492.0272,16234.641552146,60095.446673271996,16234.641552146,1221.308,60095.446673271996,593.212,14811.960088267677,21319.988999993642,74.364,0.0,0.0,0.0,7405.999,15264.893113685688,0.0,143796.1584782929,-15264.893113685688,30161.938974582,17.188680000000048,17.188680000000048,17.188680000000048
6087,39,106996.4515,14720.011705486999,54647.64871300099,14720.011705486999,1221.308,54647.64871300099,593.212,14811.960088274036,21319.988999997968,74.364,0.0,0.0,0.0,7405.999,7798.041006762036,0.0,151204.29743471794,-7798.041006762036,37628.791081512,17.188679999999927,17.188679999999927,17.188679999999927
6088,40,107363.8356,20030.312240313997,50888.559106476496,20030.312240313997,1221.308,50888.559106476496,593.212,14811.960088274036,21319.989,74.364,0.0,0.0,0.0,7405.999,8981.867835063113,0.0,159737.07187803215,-8981.867835063113,36444.96425320951,17.1886799999999,17.1886799999999,17.1886799999999
6089,41,107216.3221,20091.274444837,40359.900581065005,20091.274444837,1221.308,40359.900581065005,593.212,14811.960088274036,22914.730429999996,74.364,20.339999999999996,0.0,0.0,7405.999,276.766444176017,0.0,160000.0,-276.766444176017,46765.14707409801,17.18867999999992,17.18867999999992,17.18867999999992
6090,42,106040.485,21908.161894712997,20110.2171391435,21908.161894735793,1221.308,20110.2171391435,593.212,14811.960088274036,25028.690000000002,74.364,469.10800000000006,257.0,0.0,7405.999,0.0,14160.464877871073,145094.24749697783,14160.464877871073,64022.10596612071,35.458000000000474,35.458000000000474,35.458000000000474
6091,43,105068.2463,24770.255107089,1433.9238840115001,24770.255107089,1221.308,1433.9238840115001,593.212,14811.960088274036,25028.690000000002,74.364,701.2,257.0,0.0,7405.999,0.0,28770.33422062549,114809.68515947732,28770.33422062549,78864.0673088995,35.45800000000107,35.45800000000107,35.45800000000107
6092,44,104730.3182,30311.666942625998,0.0,30311.666942625998,1221.308,0.0,593.212,14811.960088274036,25028.690000000002,74.364,701.2,257.0,0.0,7405.999,0.0,24324.918169099976,89204.50813937206,24324.918169099976,74418.651257374,35.458000000001086,35.458000000001086,35.458000000001086
6093,45,101600.0273,40911.196702595,0.0,40911.196702595,1221.308,0.0,593.212,14811.960088274036,25028.690000000002,74.364,701.2,257.0,0.0,7405.999,0.0,10595.097509133491,78051.77391923155,10595.097509133491,60688.830597405,35.45800000000015,35.45800000000015,35.45800000000015
6094,46,94291.9622,39213.910953723,0.0,39213.910953723,1221.308,0.0,593.212,14811.960088274036,25028.690000000002,74.364,469.10800000000006,257.0,0.0,7405.999,0.0,5216.410158002954,72560.8158581758,5216.410158002954,55078.05124627699,35.45800000000014,35.45800000000014,35.45800000000014
6095,47,86641.927,38303.35820454,0.0,38303.35820454,1221.308,0.0,593.212,14811.960088274036,24264.890000000003,74.364,20.33999999999981,0.0,0.0,7405.999,53.50429281402842,0.0,72611.64493634911,-53.50429281402842,48338.56879545999,18.513480000000172,18.513480000000172,18.513480000000172
6096,48,80091.40455,39991.713450434,0.0,39991.713450434,1221.308,0.0,593.212,14811.960088274036,22338.53042999997,74.364,0.0,0.0,0.0,7405.999,6345.682418708026,0.0,78640.04323412174,-6345.682418708026,40099.69109956601,17.188679999999913,17.188679999999913,17.188679999999913
6097,49,76225.6715,39129.15780071,0.0,39129.15780071,1221.308,0.0,593.212,14811.960088274036,21319.989,74.364,0.0,0.0,0.0,7405.999,8330.318388984044,0.0,86553.84570365658,-8330.318388984044,37096.51369928999,17.18867999997584,17.18867999997584,17.18867999997584
6098,50,73904.79496,39080.571593794,0.0,39080.571593794,1221.308,0.0,593.212,14811.960088274036,21319.989,74.364,0.0,0.0,0.0,7405.999,10602.608722068031,0.0,96626.32398962122,-10602.608722068031,34824.223366206,17.18867999999592,17.18867999999592,17.18867999999592
6099,51,72973.21207,36226.159600290004,0.0,36226.159600290004,1221.308,0.0,593.212,14811.960088274036,21319.989,74.364,0.0,0.0,0.0,7405.999,8679.779618564044,0.0,104872.11462725706,-8679.779618564044,36747.05246970999,17.188679999999913,17.188679999999913,17.188679999999913
6100,52,73508.81498,33888.044807763006,0.0,33888.044807763006,1221.308,0.0,593.212,14811.960088274036,21319.989,74.364,0.0,0.0,0.0,7405.999,5806.061916037041,0.0,110387.87344749224,-5806.061916037041,39620.77017223699,17.18867999999991,17.18867999999991,17.18867999999991
6101,53,76461.26218,32317.327153560997,0.0,32317.327153560997,1221.308,0.0,593.212,14811.960088274036,22338.530430000003,74.364,0.0,0.0,0.0,7405.999,2301.4384918350406,0.0,112574.24001473554,-2301.4384918350406,44143.93502643901,17.18867999999994,17.18867999999994,17.18867999999994
6102,54,81129.33971,28853.075304301005,0.2669,28853.075304301005,1221.308,0.2669,593.212,14811.960088274036,24452.49,74.364,36.16,257.0,0.0,7405.999,0.0,3423.5044174249742,108970.5511542882,3423.5044174249742,52275.99750569899,33.44188000000017,33.44188000000017,33.44188000000017
6103,55,87253.91744,21595.297091203,12308.969351163,21595.297091203,1221.308,12308.969351163,593.212,14811.960088274036,24452.49,74.364,448.768,257.0,0.0,7405.999,0.0,4084.549909360002,104671.02493390926,4084.549909360002,53349.650997634,34.78555999999917,34.78555999999917,34.78555999999917
6104,56,90842.79162,20267.33894315,36461.184766786,20267.33894315,1221.308,36461.184766786,593.212,14811.960088274036,14329.467839999881,74.364,0.0,0.0,0.0,7405.999,4322.043018209909,0.0,108776.96580120867,-4322.043018209909,34114.26791006401,16.24259999999982,16.24259999999982,16.24259999999982
6105,57,93842.77952,15327.12585819,54094.587342915,15327.12585819,1221.308,54094.587342915,593.212,14811.960088274036,7269.002,74.364,0.0,0.0,0.0,7405.999,6954.778769369046,0.0,115384.00563210927,-6954.778769369046,24421.06631889499,16.242599999999804,16.242599999999804,16.242599999999804
6106,58,96520.57815,11660.083702476999,62872.82573562951,11660.083702476999,1221.308,62872.82573562951,593.212,14811.960088274036,21.5,74.364,0.0,0.0,0.0,7405.999,2140.6743763827035,0.0,117417.64628967283,-2140.6743763827035,21987.668711893493,9.73049999999511,9.73049999999511,9.73049999999511
6107,59,99491.33142,11502.679249664,66934.9113815795,11502.679249664,1221.308,66934.9113815795,593.212,14811.960088274036,0.0,74.364,0.0,0.0,0.0,7405.998999997919,3053.10229951753,0.0,120318.09347421449,-3053.10229951753,21053.740788756506,9.730499999999893,9.730499999999893,9.730499999999893
6108,60,102154.0353,14501.83879932,68325.528007153,14501.83879932,1221.308,68325.528007153,593.212,14811.960088274036,0.0,74.364,0.0,0.0,0.0,7405.9989999918,4780.1745947411255,0.0,124859.25933921855,-4780.1745947411255,19326.668493527002,9.730499999997011,9.730499999997011,9.730499999997011
6109,61,104452.3415,16741.814301909,68648.02814480849,16741.814301909,1221.308,68648.02814480849,593.212,14811.960088274036,0.0,74.364,0.0,0.0,0.0,7405.999,5044.3440349936145,0.0,129651.38617246249,-5044.3440349936145,19062.499053282518,9.73049999999986,9.73049999999986,9.73049999999986
6110,62,107153.1994,17138.282757568002,69095.103374763,17138.282757568002,1221.308,69095.103374763,593.212,14811.960088274036,21.5,74.364,0.0,0.0,0.0,7405.9989999999725,3208.5298206050065,0.0,132699.48950203726,-3208.5298206050065,20919.813267669,9.73049999999963,9.73049999999963,9.73049999999963
6111,63,109415.8086,18179.845899364,65528.384852244,18179.845899364,1221.308,65528.384852244,593.212,14811.960088274036,15278.064589999998,74.364,0.0,0.0,0.0,7405.999,13677.32982988202,0.0,145692.9528404252,-13677.32982988202,25707.577848392008,17.1886799999999,17.1886799999999,17.1886799999999
6112,64,110693.0492,16456.700595964,59339.370223961,16456.700595964,1221.308,59339.370223961,593.212,14811.960088274036,22338.530430000003,74.364,0.0,0.0,0.0,7405.999,11548.395138201082,0.0,156663.92822171614,-11548.395138201082,34896.978380075,17.188679999999888,17.188679999999888,17.188679999999888
6113,65,111069.8036,16206.458356226,46114.312291188995,16206.458356226,1221.308,46114.312291188995,593.212,14811.960088274036,24452.49,74.364,36.16,0.0,0.0,7405.999,0.0,153.53986431058001,156502.30731191553,153.53986431058001,48749.03295258501,30.763720000000035,30.763720000000035,30.763720000000035
6114,66,109697.4165,16323.061490024,24880.103549985,16323.061490024,1221.308,24880.103549985,593.212,14811.960088274036,25028.690000000002,74.364,469.10800000000165,257.0,0.0,7405.999,0.0,18632.610371716975,136889.03323642397,18632.610371716975,68494.251459991,35.45800000000017,35.45800000000017,35.45800000000017
6115,67,108159.8345,16660.012953998,638.3993450935001,16660.012953998,1221.308,638.3993450935001,593.212,14811.960088274036,25028.690000000002,74.364,1468.8891126344563,257.0,0.0,7405.999,0.0,40000.0,94783.77007852924,40000.0,90861.4222009085,35.45800000000233,35.45800000000233,35.45800000000233
6116,68,107402.8642,21094.039447465002,0.0,21094.039447465002,1221.308,0.0,593.212,14811.960088274036,25028.690000000002,74.364,701.2,257.0,0.0,7405.999,0.0,36215.091664260966,56662.62095825455,36215.091664260966,86308.824752535,35.45800000000003,35.45800000000003,35.45800000000003
6117,69,103553.4181,30931.485509208,0.0,30931.485509208,1221.308,0.0,593.212,14811.960088274036,25028.690000000002,74.364,701.2,257.0,0.0,7405.999,0.0,22528.199502517946,32948.726745077765,22528.199502517946,72621.932590792,35.458000000000865,35.458000000000865,35.458000000000865
6118,70,95999.64224,33870.137903904004,0.0,33870.137903904004,1221.308,0.0,593.212,14811.960088274036,25028.690000000002,74.364,701.2,257.0,0.0,7405.999,0.0,12035.771247821953,20279.493852633605,12035.771247821953,62129.504336096,35.4580000000005,35.4580000000005,35.4580000000005
6119,71,87980.65268,34409.643008308,0.0,34409.643008308,1221.308,0.0,593.212,14811.960088274036,24452.49,74.364,268.25199999999734,257.0,0.0,7405.999,0.0,4486.42458341797,15556.941659562059,4486.42458341797,53571.009671692,33.4418799999999,33.4418799999999,33.4418799999999
6120,72,81149.02658,34577.076349376,0.0,34577.076349376,1221.308,0.0,593.212,14811.960088274036,22338.53043,74.364,0.0,0.0,0.0,7405.999,0.0,126.57671234998509,15423.703014983126,126.57671234998509,46571.950230624,17.586280000000084,17.586280000000084,17.586280000000084
6121,73,76897.35418,35073.176291054,0.0,35073.176291054,1221.308,0.0,593.212,14811.960088274036,21319.989,74.364,0.0,0.0,0.0,7405.999,3602.6541993284463,0.0,18846.22450434515,-3602.6541993284463,41824.177888946,17.188679999999216,17.188679999999216,17.188679999999216
6122,74,74220.80711,31791.836650912,0.0,31791.836650912,1221.308,0.0,593.212,14811.960088274036,22338.530430000003,74.364,0.0,0.0,0.0,7405.999,4016.403059186043,0.0,22661.807410571862,-4016.403059186043,42428.970459088,17.18867999999866,17.18867999999866,17.18867999999866
6123,75,72803.46819,24235.374258224998,0.0,24235.374258224998,1221.308,0.0,593.212,14811.960088274036,23714.118010021866,74.364,0.0,0.0,0.0,7405.999,0.0,747.1328334790728,21875.351796383366,747.1328334790728,48568.093931775,25.514080000000014,25.514080000000014,25.514080000000014
6124,76,73094.57114,24139.773797533002,0.0,24139.773797533002,1221.308,0.0,593.212,14811.960088274036,23688.690000000002,74.364,0.0,0.0,0.0,7405.999,0.0,1159.2642541929567,20655.07363407499,1159.2642541929567,48954.797342467,25.514079999999534,25.514079999999534,25.514079999999534
6125,77,75688.76579,29545.877858553,0.0,29545.877858553,1221.308,0.0,593.212,14811.960088274036,23688.690000000002,74.364,0.0,0.0,0.0,7405.999,1652.6451568270336,0.0,22225.086533060672,-1652.6451568270336,46142.887931447,17.851079999999875,17.851079999999875,17.851079999999875
6126,78,80279.18716,34745.297198686,7.740099999999999,34745.297198686,1221.308,7.740099999999999,593.212,14811.960088274036,23688.690000000002,74.364,0.0,0.0,0.0,7405.999,2269.383226960028,0.0,24381.000598672694,-2269.383226960028,45526.149861314,17.851079999999882,17.851079999999882,17.851079999999882
6127,79,85964.98092,35147.130010091,10535.731533732,35147.130010091,1221.308,10535.731533732,593.212,14811.960088274036,22670.148569999248,74.364,0.0,0.0,0.0,7405.999,6494.872282098159,0.0,30551.12926666614,-6494.872282098159,40282.119376177,22.374539999777575,22.374539999777575,22.374539999777575
6128,80,89882.41334,26073.861352424,45464.242633864,26073.861352424,1221.308,45464.242633864,593.2119999973258,14811.960088274036,6070.424409999265,74.364,0.0,0.0,0.0,7405.999,11832.958144561231,0.0,41792.43950400055,-11832.958144561231,18344.309353712,12.002820000242444,12.002820000242444,12.002820000242444
6129,81,93107.35979,14982.242706079998,66494.845097331,14982.242706079998,1221.308,66494.845097331,0.0,14811.960088260435,0.0,74.364,0.0,0.0,0.0,5554.499250000001,10031.859351681824,0.0,51322.70588809867,-10031.859351681824,11630.27198658901,0.0,0.0,0.0
6130,82,96761.7688,8953.376955101001,66397.6758312765,8953.376955101001,1221.308,66397.6758312765,593.212,14811.960088274036,15256.56459,74.364,0.0,0.0,0.0,7405.999,17952.691664653776,0.0,68377.76296952057,-17952.691664653776,21410.7160136225,17.188679999999884,17.188679999999884,17.188679999999884
6131,83,100574.932,8847.855206329,70292.795958941,8847.855206329,1221.308,70292.795958941,593.212,14811.960088274036,21319.989,74.364,0.0,0.0,0.0,7405.999,23992.551253546182,0.0,91170.68666039032,-23992.551253546182,21434.28083473,17.188679999999678,17.188679999999678,17.188679999999678
6132,84,104047.7739,7198.183545453001,71511.65164684699,7198.183545453001,1221.308,71511.65164684699,593.212,14811.960088274036,21319.989,74.364,0.0,0.0,0.0,7405.999,20088.893380572357,0.0,110255.13537193851,-20088.893380572357,25337.9387077,17.188679999995294,17.188679999995294,17.188679999995294
6133,85,107274.9251,10201.408599817001,71384.9730510925,10201.408599817001,1221.308,71384.9730510925,593.212,14811.960088274036,21319.988999983194,74.364,0.0,0.0,0.0,7405.999,19738.28863916872,0.0,129006.5095791498,-19738.28863916872,25688.543449090488,17.1886799999999,17.1886799999999,17.1886799999999
6134,86,110671.2496,10870.800899279999,69936.59350977551,10870.800899279999,1221.308,69936.59350977551,593.212,14811.960088274036,21319.989,74.364,0.0,0.0,0.0,7405.999,15562.976897334971,0.0,143791.33763161863,-15562.976897334971,29863.85519094448,17.18867999999989,17.18867999999989,17.18867999999989
6135,87,113476.8385,11033.997899623002,68987.918802001,11033.997899623002,1221.308,68987.918802001,593.212,14811.960088274036,21319.988999998164,74.364,0.0,0.0,0.0,7405.999,11971.910289897996,0.0,155164.65240702213,-11971.910289897996,33454.92179837599,17.188679999999902,17.188679999999902,17.188679999999902
6136,88,115521.696,11123.949652568002,62445.672400712996,11123.949652568002,1221.308,62445.672400712996,593.212,14811.960088274036,22914.730430000003,74.364,20.339999999999883,0.0,0.0,7405.999,5089.839571555198,0.0,160000.0,-5089.839571555198,41952.073946719,17.188679999999746,17.188679999999746,17.188679999999746
6137,89,115981.1971,12693.222740636,48663.7846337065,12693.222740636,1221.308,48663.7846337065,593.212,14811.960088274036,25028.690000000002,74.364,469.1080000000013,257.0,0.0,7405.999,0.0,4762.548637383294,154986.79090801772,4762.548637383294,54624.1897256575,35.458,35.458,35.458
6138,90,114338.5078,13082.769649709,26488.771667309502,13082.769649709,1221.308,26488.771667309502,593.212,14811.960088274036,25028.690000000002,74.364,13474.687960000008,257.0,0.0,7405.998999999997,0.0,11899.745434706729,142460.7430820115,11899.745434706729,74766.9664829815,35.458000000000126,35.458000000000126,35.458000000000126
6139,91,112528.2853,11609.289646537,176.096046065,11609.289646537,1221.308,176.096046065,593.212,14811.960088274036,25028.690000000002,74.364,41218.571480000006,784.2180000000001,0.0,7405.999,0.0,9604.57703912396,132350.6619881968,9604.57703912396,100742.89960739801,45.4743999999999,45.4743999999999,45.4743999999999
6140,92,111303.3795,16374.957406169,0.0,16374.957406169,1221.308,0.0,593.212,14811.960088274036,25028.690000000002,74.364,13474.687959999943,257.0,0.0,7405.999,0.0,32061.201045556478,98602.02930866365,32061.201045556478,94928.422093831,35.45800000000001,35.45800000000001,35.45800000000001
6141,93,106655.7399,20900.229092115,0.0,20900.229092115,1221.308,0.0,593.212,14811.960088274036,25028.690000000002,74.364,701.2,257.0,0.0,7405.999,0.0,35661.77771961137,61063.31591959906,35661.77771961137,85755.510807885,35.45799999999988,35.45799999999988,35.45799999999988
6142,94,98724.69558,20014.603401479,0.0,20014.603401479,1221.308,0.0,593.212,14811.960088274036,25028.690000000002,74.364,701.2,257.0,0.0,7405.999,0.0,28616.359090246617,30940.832666707887,28616.359090246617,78710.09217852101,35.45800000000005,35.45800000000005,35.45800000000005
6143,95,89958.272,19752.673244604,0.0,19752.673244604,1221.308,0.0,593.212,14811.960088274036,25028.690000000002,74.364,2856.745119810347,257.0,0.0,7405.999,0.0,17956.320547311596,12039.442616906212,17956.320547311596,70205.598755396,35.45800000000005,35.45800000000005,35.45800000000005
6144,96,82590.80968,21059.606105665,0.0,21059.606105665,1221.308,0.0,593.212,14811.960088274036,25028.690000000002,74.364,701.2,257.0,0.0,7405.999,0.0,11437.470486060914,0.0,11437.470486060914,61531.203574335006,35.45800000000001,35.45800000000001,35.45800000000001
6145,1,77556.47594,19702.347498742005,0.0,19702.347498742005,1221.308,0.0,593.212,14811.960088274036,25028.690000000002,74.364,8461.59535298395,257.0,0.0,7405.999,0.0,0.0,0.0,0.0,57854.128441258,35.458,35.458,35.458
6146,2,74406.62498,18012.607158075996,0.0,18012.607158075996,1221.308,0.0,593.212,14811.960088274034,25028.690000000002,74.364,7001.484733649933,257.0,0.0,7405.999,0.0,0.0,0.0,0.0,56394.017821924,35.458,35.458,35.458
6147,3,73094.12982,17492.760355983002,0.0,17492.760355983002,1221.308,0.0,593.212,14811.960088274036,25028.690000000002,74.364,6208.836375742942,257.0,0.0,7405.999,0.0,0.0,0.0,0.0,55601.369464017,35.458,35.458,35.458
6148,4,73264.56624,15704.463952134001,0.0,15704.463952134001,1221.308,0.0,593.212,14811.960088274036,25028.690000000002,74.364,8167.569199591944,257.0,0.0,7405.999,0.0,0.0,0.0,0.0,57560.102287866,35.457999999999906,35.457999999999906,35.457999999999906
6149,5,75869.22519,15583.719250307,0.0,15583.719250307,1221.308,0.0,593.212,14811.960088274036,25028.690000000002,74.364,10892.972851418948,257.0,0.0,7405.998999999997,0.0,0.0,0.0,0.0,60285.505939693,35.458000000000155,35.458000000000155,35.458000000000155
6150,6,80065.21002,17923.471354432,519.2429,17923.471354432,1221.308,519.2429,593.212,14811.960088274036,25028.690000000002,74.364,12229.962677293934,257.0,0.0,7405.999,0.0,0.0,0.0,0.0,61622.495765568005,35.458,35.458,35.458
6151,7,85069.1725,21635.312954651003,19023.8570440015,21635.312954651003,1221.308,19023.8570440015,593.212,14811.960088274036,24264.890000000003,74.364,20.339999999999932,0.0,0.0,7405.999,3982.0705869265303,0.0,3782.967057580204,-3982.0705869265303,44410.002501347495,18.51347966880001,18.51347966880001,18.51347966880001
6152,8,88550.92857,16498.366396155998,42708.808951247,16498.366396155998,1221.308,42708.808951247,593.212,14811.960088274036,22338.530429999893,74.364,0.0,0.0,0.0,7405.999,17101.62029567693,0.0,20029.50633847329,-17101.62029567693,29343.753222597006,17.18868033119999,17.18868033119999,17.18868033119999
6153,9,92333.71356,8043.953350951999,59400.858058134,8043.953350951999,1221.308,59400.858058134,593.212,14811.960088274036,21319.989,74.364,0.0,0.0,0.0,7405.998999999999,20537.929937360033,0.0,39540.53977896532,-20537.929937360033,24888.902150914008,17.18867936253624,17.18867936253624,17.18867936253624
6154,10,96443.12851,5564.374009018,67874.6476834525,5564.374009018,1221.308,67874.6476834525,593.212,14811.960088274036,21319.988999999972,74.364,0.0,0.0,0.0,7405.999,22422.72527074449,0.0,60842.12878617259,-22422.72527074449,23004.106817529508,17.18868,17.18868,17.18868
6155,11,100346.5895,6405.3998049130005,72097.27251334899,6405.3998049130005,1221.308,72097.27251334899,593.212,14811.960088274036,22670.148569999994,74.364,0.0,0.0,0.0,7405.999,24933.07447653603,0.0,84528.54953888181,-24933.07447653603,21843.917181738012,17.851080000000003,17.851080000000003,17.851080000000003
6156,12,104028.3224,7983.198454093,72714.18329589951,7983.198454093,1221.308,72714.18329589951,593.212,14811.960088274036,23688.69,74.364,0.0,0.0,0.0,7405.999,24464.592438266536,0.0,107769.91235523504,-24464.592438266536,23330.9406500075,17.85107999999999,17.85107999999999,17.85107999999999
6157,13,107658.9618,7201.059658052,72705.9553595765,7201.059658052,1221.308,72705.9553595765,593.212,14811.960088274036,23688.689999999988,74.364,0.0,0.0,0.0,7405.999,20043.586305902525,0.0,126811.31934584244,-20043.586305902525,27751.946782371495,17.85108,17.85108,17.85108
6158,14,111299.5761,7699.885743367,72208.80129911151,7699.885743367,1221.308,72208.80129911151,593.212,14811.960088274036,23688.68999998488,74.364,0.0,0.0,0.0,7405.999,16404.644030737414,0.0,142395.73117504298,-16404.644030737414,31390.88905752149,17.85108,17.85108,17.85108
6159,15,114136.4713,9507.016508625999,70100.57486077401,9507.016508625999,1221.308,70100.57486077401,593.212,14811.960088274036,23688.69,74.364,0.0,0.0,0.0,7405.999,13266.653157674024,0.0,154999.0516748333,-13266.653157674024,34528.8799306,17.85108,17.85108,17.85108
6160,16,115917.6005,8830.187990509,63328.129812824496,8830.187990509,1221.308,63328.129812824496,593.212,14811.960088274036,24264.890000000003,74.364,20.339999999999883,0.0,0.0,7405.999,4632.790391607519,0.0,159400.20254686044,-4632.790391607519,43759.2826966665,17.851080000000007,17.851080000000007,17.851080000000007
6161,17,116044.4837,9609.701244237,49176.488804553504,9609.701244237,1221.308,49176.488804553504,593.212,14811.960088274036,25028.690000000002,74.364,469.1079999999999,257.0,0.0,7405.999,0.0,7396.652562935421,151614.25248061263,7396.652562935421,57258.29365120949,35.458000000000006,35.458000000000006,35.458000000000006
6162,18,113653.4692,11654.332099602,26067.525551473504,11654.332099602,1221.308,26067.525551473504,593.212,14811.960088274036,25028.690000000002,74.364,701.2,257.0,0.0,7405.999,0.0,25837.878460650434,124416.48567992797,25837.878460650434,75931.6115489245,35.458,35.458,35.458
6163,19,110699.552,13900.719107653002,44.396847828,13900.719107653002,1221.308,44.396847828,593.212,14811.960088274036,25028.690000000002,74.364,7361.902956244171,257.0,0.0,7405.999,0.0,40000.0,82311.22252203323,40000.0,96754.436044519,35.458,35.458,35.458
6164,20,108778.0576,22911.381541400002,0.0,22911.381541400002,1221.308,0.0,593.212,14811.960088274036,25028.690000000002,74.364,701.2,257.0,0.0,7405.999,0.0,35772.942970325945,44655.493079585125,35772.942970325945,85866.6760586,35.45800000000024,35.45800000000024,35.45800000000024
6165,21,104523.5456,32621.727451358995,0.0,32621.727451358995,1221.308,0.0,593.212,14811.960088274036,25028.690000000002,74.364,701.2,257.0,0.0,7405.999,0.0,21808.085060366953,21699.614068672545,21808.085060366953,71901.818148641,35.4579999999999,35.4579999999999,35.4579999999999
6166,22,97815.19172,31923.760443436004,0.0,31923.760443436004,1221.308,0.0,593.212,14811.960088274036,25028.690000000002,74.364,701.2,257.0,0.0,7405.999,0.0,15797.698188289934,5070.458080998931,15797.698188289934,65891.43127656399,35.458,35.458,35.458
6167,23,90149.62942,26651.49305853,0.0,26651.49305853,1221.308,0.0,593.212,14811.960088274036,25028.690000000002,74.364,9288.66809624696,257.0,0.0,7405.999,0.0,4816.935176948984,0.0,4816.935176948984,63498.136361469995,35.458,35.458,35.458
6168,24,83212.03307,29580.763699391,0.0,29580.763699391,1221.308,0.0,593.212,14811.960088274036,25028.690000000002,74.364,4238.736282334949,257.0,0.0,7405.999,0.0,0.0,0.0,0.0,53631.26937060901,35.458,35.458,35.458
6169,25,78030.36135,38529.481559192995,0.0,38529.481559192995,1221.308,0.0,593.212,14811.960088274036,22914.730429999967,74.364,20.340000000000003,0.0,0.0,7405.999,7541.033727467021,0.0,7163.98204109367,-7541.033727467021,39500.87979080701,17.188680000000176,17.188680000000176,17.188680000000176
6170,26,74692.88175,40876.90350126499,0.0,40876.90350126499,1221.308,0.0,593.212,14811.960088274036,15278.06459,74.364,0.0,0.0,0.0,7405.999,5568.929429539065,0.0,12454.464999155774,-5568.929429539065,33815.97824873501,17.188679999999827,17.188679999999827,17.188679999999827
6171,27,72391.96733,41609.989142809,0.0,41609.989142809,1221.308,0.0,593.212,14811.960088274036,7269.001999999971,74.364,0.0,0.0,0.0,7405.999,593.8669010830399,0.0,13018.638555184662,-593.8669010830399,30781.978187191,16.2426,16.2426,16.2426
6172,28,71293.06551,42616.989458535005,0.0,42616.989458535005,1221.308,0.0,593.212,14811.960088274036,7269.0019999985525,74.364,0.0,0.0,0.0,7405.999,2699.7690368076096,0.0,15583.419140151891,-2699.7690368076096,28676.076051464996,16.2426,16.2426,16.2426
6173,29,71624.62512,36170.004250262005,0.0,36170.004250262005,1221.308,0.0,593.212,14811.960088274036,15278.064590000018,74.364,0.0,0.0,0.0,7405.999,3930.286808536066,0.0,19317.191608261153,-3930.286808536066,35454.62086973799,17.18868,17.18868,17.18868
6174,30,72222.00306,29480.735042229004,605.3648999999999,29480.735042229004,1221.308,605.3648999999999,593.212,14811.960088274036,21319.989,74.364,0.0,0.0,0.0,7405.999,3290.9289705030424,0.0,22443.574130239045,-3290.9289705030424,42135.903117771,17.188680000073806,17.188680000073806,17.188680000073806
6175,31,74482.33124,29500.406309344005,18727.831310265,29500.406309344005,1221.308,18727.831310265,593.212,14811.960088274036,15256.564590000027,74.364,0.0,0.0,0.0,7405.998999999994,13109.314057883075,0.0,34897.422485227966,-13109.314057883075,26254.093620390995,17.188680000000097,17.188680000000097,17.188680000000097
6176,32,77993.74694,24642.543759479,42714.523494558496,24642.543759479,1221.308,42714.523494558496,0.0,14811.960088274036,0.0,74.364,0.0,0.0,0.0,5554.499249999993,11025.451652311516,0.0,45371.601554923895,-11025.451652311516,10636.679685962503,2.2723200000270096,2.2723200000270096,2.2723200000270096
6177,33,83719.98997,13893.571547538999,59287.72797191949,13893.571547538999,1221.308,59287.72797191949,593.212,14811.960088274036,0.0,74.364,0.0,0.0,0.0,7405.998999999977,13568.152637732519,0.0,58261.34656076979,-13568.152637732519,10538.6904505415,9.730499999999484,9.730499999999484,9.730499999999484
6178,34,88997.68561,8082.4484502430005,68455.29491140999,8082.4484502430005,1221.308,68455.29491140999,593.212,14811.960088274036,0.0,74.364,0.0,0.0,0.0,7405.998999999983,11646.90083992703,0.0,69325.90235870046,-11646.90083992703,12459.942248347012,9.730500000000514,9.730500000000514,9.730500000000514
6179,35,93439.43856,9358.693408168,72194.89436811348,9358.693408168,1221.308,72194.89436811348,593.212,14811.960088274036,0.0,74.364,0.0,0.0,0.0,7405.999,12220.992304555548,0.0,80935.84504802823,-12220.992304555548,11885.850783718517,9.730500000012775,9.730500000012775,9.730500000012775
6180,36,97682.58598,11913.714904443,73355.309145557,11913.714904443,1221.308,73355.309145557,593.212,14811.960088274036,0.0,74.364,0.0,0.0,0.0,7405.999,11693.281158274025,0.0,92044.46214838856,-11693.281158274025,12413.56193000001,9.730499999946804,9.730499999946804,9.730499999946804
6181,37,101422.243,15287.945651085,73285.8063390335,15287.945651085,1221.308,73285.8063390335,593.212,14811.960088274036,0.0,74.364,0.0,0.0,0.0,7405.998999999999,11258.352078392534,0.0,102739.89662286146,-11258.352078392534,12848.491009881502,9.730500000000163,9.730500000000163,9.730500000000163
6182,38,104813.5976,18086.324305412,72252.91084960752,18086.324305412,1221.308,72252.91084960752,0.0,14811.960088274036,0.0,74.364,0.0,0.0,0.0,5554.499249999999,7187.76889329603,0.0,109568.27707149269,-7187.76889329603,14474.362444980477,3.2183999999994612,3.2183999999994612,3.2183999999994612
6183,39,107688.9822,16445.697746298,70759.80670116901,16445.697746298,1221.308,70759.80670116901,593.212,14811.960088274036,7247.501999999986,74.364,0.0,0.0,0.0,7405.999,10870.867335741033,0.0,119895.60104044667,-10870.867335741033,20483.477752532985,16.24259999999986,16.24259999999986,16.24259999999986
6184,40,109958.8215,16945.211959422002,63697.4647947825,16945.211959422002,1221.308,63697.4647947825,593.212,14811.960088274036,13310.926409999985,74.364,0.0,0.0,0.0,7405.999,8101.624752478527,0.0,127592.14455530126,-8101.624752478527,29316.144745795507,16.24260000000008,16.24260000000008,16.24260000000008
6185,41,110311.3314,16251.568195980999,49324.834585223,16251.568195980999,1221.308,49324.834585223,593.212,14811.960088274036,23246.348569999987,74.364,20.340000000000003,0.0,0.0,7405.999,2638.6030394780337,0.0,130098.81744280539,-2638.6030394780337,44734.928618795995,18.134759999999773,18.134759999999773,18.134759999999773
6186,42,108536.7031,20171.141151368,25969.861305397,20171.141151368,1221.308,25969.861305397,593.212,14811.960088274036,25028.690000000002,74.364,469.10800000000006,257.0,0.0,7405.999,0.0,12534.059554961033,116905.07054284641,12534.059554961033,62395.700643235,35.45800000000055,35.45800000000055,35.45800000000055
6187,43,106146.2728,23829.126243364,66.94545827850001,23829.126243364,1221.308,66.94545827850001,593.212,14811.960088274036,25028.690000000002,74.364,701.2,257.0,0.0,7405.999,0.0,32156.468010083434,83056.15684802175,32156.468010083434,82250.2010983575,35.4580000000547,35.4580000000547,35.4580000000547
6188,44,104219.2645,27381.148407665,0.0,27381.148407665,1221.308,0.0,593.212,14811.960088274036,25028.690000000002,74.364,701.2,257.0,0.0,7405.999,0.0,26744.383004060965,54904.1747384839,26744.383004060965,76838.116092335,35.45800000000093,35.45800000000093,35.45800000000093
6189,45,99865.39534,32894.589301509004,0.0,32894.589301509004,1221.308,0.0,593.212,14811.960088274036,25028.690000000002,74.364,701.2,257.0,0.0,7405.999,0.0,16877.0729502169,37138.83479088715,16877.0729502169,66970.80603849099,35.45800000000046,35.45800000000046,35.45800000000046
6190,46,94039.55423,39033.544807133,0.0,39033.544807133,1221.308,0.0,593.212,14811.960088274036,24452.49,74.364,268.25199999999967,257.0,0.0,7405.999,0.0,5921.424334592935,30905.756543947216,5921.424334592935,55006.00942286699,33.44187999999985,33.44187999999985,33.44187999999985
6191,47,87045.21893,41846.723160864996,0.0,41846.723160864996,1221.308,0.0,593.212,14811.960088274036,22338.53043,74.364,0.0,0.0,0.0,7405.999,1246.8777491380797,0.0,32090.29040562839,-1246.8777491380797,45198.49576913501,17.18868,17.18868,17.18868
6192,48,80982.81821,41261.660058876994,0.0,41261.660058876994,1221.308,0.0,593.212,14811.960088274036,21319.98899999998,74.364,0.0,0.0,0.0,7405.999,5705.673937151036,0.0,37510.68064592187,-5705.673937151036,39721.158151123,17.188680000000247,17.188680000000247,17.188680000000247
6193,49,76278.12124,41282.82330641101,0.0,41282.82330641101,1221.308,0.0,593.212,14811.960088274036,21319.988999999965,74.364,0.0,0.0,0.0,7405.999,10431.534154685029,0.0,47420.63809287264,-10431.534154685029,34995.29793358898,17.18867999999979,17.18867999999979,17.18867999999979
6194,50,73238.07816,41597.944302346,0.0,41597.944302346,1221.308,0.0,593.212,14811.960088274036,21319.988999999987,74.364,0.0,0.0,0.0,7405.999,13786.698230620026,0.0,60518.00141196167,-13786.698230620026,31640.133857654007,17.18868,17.18868,17.18868
6195,51,71557.82367,38419.384890582005,0.0,38419.384890582005,1221.308,0.0,593.212,14811.960088274036,13966.242405504785,74.364,0.0,0.0,0.0,7405.999,4934.646714360846,0.0,65205.91579060447,-4934.646714360846,33138.43877941799,17.18867999999979,17.18867999999979,17.18867999999979
6196,52,70259.34779,33778.116957189,0.0,33778.116957189,1221.308,0.0,593.212,14811.960088274036,21319.988999999965,74.364,0.0,0.0,0.0,7405.999,8945.601255463012,0.0,73704.23698329434,-8945.601255463012,36481.230832811,17.188679999999295,17.188679999999295,17.188679999999295
6197,53,70015.44658,27361.037760287996,0.0,27361.037760287996,1221.308,0.0,593.212,14811.960088274036,22338.530429999984,74.364,0.0,0.0,0.0,7405.999,3790.9646985620366,0.0,77305.65344692828,-3790.9646985620366,42654.40881971201,17.18868000000009,17.18868000000009,17.18868000000009
6198,54,70312.35579,25201.354350372,708.4713999999999,25201.354350372,1221.308,708.4713999999999,593.212,14811.960088274036,23688.690000000002,74.364,0.0,0.0,0.0,7405.999,3393.0030486460373,0.0,80529.00634314201,-3393.0030486460373,44402.530039628,22.6794000000004,22.6794000000004,22.6794000000004
6199,55,71712.89043,21882.900552271,18677.684489879503,21882.900552271,1221.308,18677.684489879503,593.212,14811.960088274036,14307.967839999998,74.364,0.0,0.0,0.0,5554.499250000001,5411.005790424547,0.0,85669.46184404533,-5411.005790424547,31152.305387849497,16.242599999999854,16.242599999999854,16.242599999999854
6200,56,74960.41369,18916.574909192,43291.103864599005,18916.574909192,1221.308,43291.103864599005,0.0,14811.960088274036,0.0,74.364,0.0,0.0,0.0,3702.999500000014,7057.89667206505,0.0,92374.46368250714,-7057.89667206505,12752.734916208996,0.0,0.0,0.0
6201,57,80084.05548,12493.431507457,60186.93309812851,12493.431507457,1221.308,60186.93309812851,0.0,14811.960088274036,0.0,74.364,0.0,0.0,0.0,1851.4997500000122,10555.440963858215,0.0,102402.13259817244,-10555.440963858215,7403.690874414482,0.0,0.0,0.0
6202,58,84777.76409,9986.689348846001,68508.6237089455,9986.689348846001,1221.308,68508.6237089455,0.0,14811.960088273401,0.0,74.364,0.0,0.0,0.0,0.0,9825.18105606489,0.0,111736.05460143408,-9825.18105606489,6282.451032208497,0.0,0.0,0.0
6203,59,89800.97469,10861.877407631,71716.489352658,10861.877407630998,1221.308,71716.489352658,0.0,14811.960088274036,0.0,74.364,0.0,0.0,0.0,0.0,8885.024158564986,0.0,120176.82755207081,-8885.024158564986,7222.607929711012,0.0,0.0,0.0
6204,60,93822.4559,12157.944000566,73280.800709665,12157.944000565982,1221.308,73280.800709665,0.0,14811.960088274036,0.0,74.364,0.0,0.0,0.0,0.0,7723.9208985050245,0.0,127514.55240565058,-7723.9208985050245,8383.71118976902,0.0,0.0,0.0
6205,61,97398.99136,13780.29539246,73407.40035838999,13780.29539246,1221.308,73407.40035838999,0.0,14811.960088274036,0.0,74.364,0.0,0.0,0.0,0.0,5896.33647912403,0.0,133116.07206081835,-5896.33647912403,10211.29560915001,0.0,0.0,0.0
6206,62,100644.288,15939.598296233999,72587.0840283485,15939.598296233999,1221.308,72587.0840283485,0.0,14811.960088274036,0.0,74.364,0.0,0.0,0.0,1851.4997499999608,5841.526162856537,0.0,138665.52191553207,-5841.526162856537,12117.605675417493,0.0,0.0,0.0
6207,63,103836.0309,19544.408540481,69946.192759188,19544.408540481,1221.308,69946.192759188,11.234999999969991,14811.960088274036,0.0,74.364,0.0,0.0,0.0,3702.9994999999753,5476.436987942984,0.0,143868.1370540779,-5476.436987942984,14345.429600331001,3.5350000000000517,3.5350000000000517,3.5350000000000517
6208,64,106159.2597,19797.407898466,62432.202310187,19797.407898466,1221.308,62432.202310187,593.212,14811.960088274036,13289.426409999962,74.364,0.0,0.0,0.0,5554.499249999988,11615.120256926999,0.0,154902.50129815855,-11615.120256926999,23929.649491346994,16.24259999999986,16.24259999999986,16.24259999999986
6209,65,107010.2988,17631.045253632998,47371.5099952945,17631.045253632998,1221.308,47371.5099952945,593.212,14811.960088274036,23246.348570000006,74.364,20.33999999999999,0.0,0.0,7405.999,5365.788107201539,0.0,160000.0,-5365.788107201539,42007.743551072504,19.144399999951112,19.144399999951112,19.144399999951112
6210,66,106123.6058,19340.477198130004,23737.833063211,19340.477198130004,1221.308,23737.833063211,593.212,14811.960088274036,25028.690000000002,74.364,469.10799999999955,257.0,0.0,7405.999,0.0,13183.654450384955,146122.4689995948,13183.654450384955,63045.295538659004,35.45800000000061,35.45800000000061,35.45800000000061
6211,67,104578.8732,20417.445190937,26.0371930755,20417.445190937,1221.308,26.0371930755,593.212,14811.960088274036,25028.690000000002,74.364,701.2,257.0,0.0,7405.999,0.0,34041.657727713464,110289.1450756859,34041.657727713464,84135.3908159875,35.45800000000078,35.45800000000078,35.45800000000078
6212,68,103324.0482,29085.248854074,0.0,29085.248854074,1221.308,0.0,593.212,14811.960088274036,25028.690000000002,74.364,701.2,257.0,0.0,7405.999,0.0,24145.06625765199,84873.28585710486,24145.06625765199,74238.799345926,35.458000000001036,35.458000000001036,35.458000000001036
6213,69,99137.5124,36953.554158661,0.0,36953.554158661,1221.308,0.0,593.212,14811.960088274036,25028.690000000002,74.364,701.2,257.0,0.0,7405.999,0.0,12090.225153065003,72146.73306440485,12090.225153065003,62183.95824133901,35.45800000005443,35.45800000005443,35.45800000005443
6214,70,92131.0095,36168.958956865,0.0,36168.958956865,1221.308,0.0,593.212,14811.960088274036,25028.690000000002,74.364,469.10800000000006,257.0,0.0,7405.999,0.0,6100.409454860972,65725.24942770909,6100.409454860972,55962.050543135,35.4580000000002,35.4580000000002,35.4580000000002
6215,71,84321.18282,40038.670057667,0.0,40038.670057667,1221.308,0.0,593.212,14811.960088274036,22695.80189910887,74.364,20.33999999999981,0.0,0.0,7405.999,2540.4722250499053,0.0,68138.69804150649,-2540.4722250499053,44282.512762333005,18.134759999999602,18.134759999999602,18.134759999999602
6216,72,78278.4104,45619.405247581,0.0,45619.405247581,1221.308,0.0,593.212,14811.960088274036,12760.37973910884,74.364,0.0,0.0,0.0,7405.999,4208.2176749639075,0.0,72136.50483272222,-4208.2176749639075,32659.00515241899,16.242599999999825,16.242599999999825,16.242599999999825
6217,73,74614.48246,46327.923358085995,0.0,46327.923358085995,1221.308,0.0,593.212,14811.960088274036,7269.001999998201,74.364,0.0,0.0,0.0,7405.999,3089.2859863582553,0.0,75071.32651976256,-3089.2859863582553,28286.559101914005,16.2426,16.2426,16.2426
6218,74,72108.93384,43635.204458333996,0.0,43635.204458333996,1221.308,0.0,593.212,14811.960088274036,7269.001999999986,74.364,0.0,0.0,0.0,7405.999,2902.115706608023,0.0,77828.33644104018,-2902.115706608023,28473.729381666002,16.2426,16.2426,16.2426
6219,75,70845.08622,45418.101500774,0.0,45418.101500774,1221.308,0.0,593.212,14811.960088274036,7269.002,74.364,0.0,0.0,0.0,7405.999,5948.8603690497985,0.0,83479.75379163749,-5948.8603690497985,25426.984719226,16.242600000000053,16.242600000000053,16.242600000000053
6220,76,71073.44641,44722.269201348,0.0,44722.269201348,1221.308,0.0,593.212,14811.960088274036,7269.002,74.364,0.0,0.0,0.0,7405.999,5024.6678796220285,0.0,88253.18827727842,-5024.6678796220285,26351.177208652007,16.242599999999864,16.242599999999864,16.242599999999864
6221,77,74207.22201,39999.915701795,0.0,39999.915701795,1221.308,0.0,593.212,14811.960088274036,12327.357319919887,74.364,0.0,0.0,0.0,7405.999,2226.89409998893,0.0,90368.7376722679,-2226.89409998893,34207.306308205,17.18868000000003,17.18868000000003,17.18868000000003
6222,78,79149.55183,37046.463107777,573.8356,37046.463107777,1221.308,573.8356,593.212,14811.960088274036,20336.41990991988,74.364,0.0,0.0,0.0,7405.999,2914.0098759709344,0.0,93137.04705444029,-2914.0098759709344,41529.253122222995,17.18868,17.18868,17.18868
6223,79,84577.52944,36853.503408706,17671.323549415498,36853.503408706,1221.308,17671.323549415498,593.212,14811.960088274036,15256.564590000013,74.364,0.0,0.0,0.0,7405.999,9310.705196395564,0.0,101982.21699102117,-9310.705196395564,30052.702481878503,17.18868,17.18868,17.18868
6224,80,88493.56643,33167.758141699,42545.8885683005,33167.758141699,1221.308,42545.8885683005,0.0,14811.960088274036,0.0,74.364,0.0,0.0,0.0,5554.499250000001,8882.21161827353,0.0,110420.31802838102,-8882.21161827353,12779.919720000507,2.272319999919265,2.272319999919265,2.272319999919265
6225,81,92490.56789,19998.924999366005,59404.4816128025,19998.924999366005,1221.308,59404.4816128025,0.0,14811.960088274036,0.0,74.364,0.0,0.0,0.0,5554.499249999998,8574.970060442498,0.0,118566.5395858014,-8574.970060442498,13087.161277831503,3.2184000001288906,3.2184000001288906,3.2184000001288906
6226,82,96482.90001,9810.46454298,67861.71795210501,9810.46454298,1221.308,67861.71795210501,593.212,14811.960088274036,7247.502,74.364,0.0,0.0,0.0,7405.999,12543.62757335904,0.0,130482.98578049248,-12543.62757335904,18810.717514914984,16.24259999987106,16.24259999987106,16.24259999987106
6227,83,99913.19973,7247.860650049,71286.3824447975,7247.860650049,1221.308,71286.3824447975,593.212,14811.960088274036,21.5,74.364,0.0,0.0,0.0,7405.999,2749.386453120539,0.0,133094.902910957,-2749.386453120539,21378.95663515349,9.7305,9.7305,9.7305
6228,84,102434.1363,6548.372394547,72553.99216422149,6548.372394547,1221.308,72553.99216422149,593.212,14811.960088274036,7269.001999999986,74.364,0.0,0.0,0.0,7405.999,8044.073347042537,0.0,140736.7725906474,-8044.073347042537,23331.77174123151,16.242599999999854,16.242599999999854,16.242599999999854
6229,85,105519.9846,8700.394607763,73095.090534962,8700.394607763,1221.308,73095.090534962,593.212,14811.960088274036,7269.002,74.364,0.0,0.0,0.0,7405.999,7651.345630999037,0.0,148005.55094009647,-7651.345630999037,23724.499457275,16.242600000000067,16.242600000000067,16.242600000000067
6230,86,108340.6363,12162.944892651001,74280.7126534245,12162.944892651001,1221.308,74280.7126534245,593.212,14811.960088274036,21.5,74.364,0.0,0.0,0.0,7405.999,2231.364334349524,0.0,150125.3470577285,-2231.364334349524,21896.978753924486,9.730499999999807,9.730499999999807,9.730499999999807
6231,87,110407.3551,14141.71574744,70224.28458768802,14141.71574744,1221.308,70224.28458768802,593.212,14811.960088274036,7269.002,74.364,0.0,0.0,0.0,7405.999,5334.490323402031,0.0,155193.11286496042,-5334.490323402031,26041.354764871983,16.242600000050448,16.242600000050448,16.242600000050448
6232,88,111959.6577,15898.795201515999,63192.272704418494,15898.795201515999,1221.308,63192.272704418494,593.212,14811.960088274036,13821.627900567937,74.364,0.0,0.0,0.0,7405.999,5059.881194778517,0.0,160000.0,-5059.881194778517,32868.589794065505,16.24259999999987,16.24259999999987,16.24259999999987
6233,89,112127.9402,16393.608151278,47850.098899879995,16393.608151278,1221.308,47850.098899879995,593.212,14811.960088274036,23757.050060567944,74.364,20.33999999999993,0.0,0.0,7405.999,0.0,0.0,160000.0,0.0,47884.233148841995,19.459560000000128,19.459560000000128,19.459560000000128
6234,90,110367.5102,14448.661500969001,24071.1823119115,14448.661500969001,1221.308,24071.1823119115,593.212,14811.960088274036,25028.690000000002,74.364,469.10800000000006,257.0,0.0,7405.999,0.0,21986.0252988455,136856.8154748995,21986.0252988455,71847.6663871195,35.45800000000004,35.45800000000004,35.45800000000004
6235,91,108384.3875,17512.122509658002,15.0981218,17512.122509658002,1221.308,15.0981218,593.212,14811.960088274036,25028.690000000002,74.364,2061.8445186412164,257.0,0.0,7405.999,0.0,39402.78926162672,95380.19519950294,39402.78926162672,90857.166868542,35.458,35.458,35.458
6236,92,107080.8637,19428.929848611002,0.0,19428.929848611002,1221.308,0.0,593.212,14811.960088274036,25028.690000000002,74.364,701.2,257.0,0.0,7405.999,0.0,37558.20076311499,55845.24702780295,37558.20076311499,87651.933851389,35.458,35.458,35.458
6237,93,102298.0618,27915.709691338998,0.0,27915.709691338998,1221.308,0.0,593.212,14811.960088274036,25028.690000000002,74.364,701.2,257.0,0.0,7405.999,0.0,24288.61902038692,30278.279637921973,24288.61902038692,74382.352108661,35.458000000000006,35.458000000000006,35.458000000000006
6238,94,94687.33082,28905.986253188,0.0,28905.986253188,1221.308,0.0,593.212,14811.960088274036,25028.690000000002,74.364,701.2,257.0,0.0,7405.999,0.0,15687.611478537965,13765.004397355693,15687.611478537965,65781.34456681201,35.458,35.458,35.458
6239,95,86464.13404,26089.969995256997,0.0,26089.969995256997,1221.308,0.0,593.212,14811.960088274036,25028.690000000002,74.364,701.2,257.0,0.0,7405.999,0.0,10280.430956468952,2943.498127388375,10280.430956468952,60374.16404474301,35.458000000000006,35.458000000000006,35.458000000000006
6240,96,79754.03447,26863.978160707,0.0,26863.978160707,1221.308,0.0,593.212,14811.960088274036,25028.690000000002,74.364,701.2,257.0,0.0,7405.999,0.0,2796.3232210189562,0.0,2796.3232210189562,52890.056309292995,35.458,35.458,35.458
6241,1,75422.77163,30974.655606889,0.0,30974.655606889,1221.308,0.0,593.212,14811.960088274036,23688.690000000002,74.364,0.0,0.0,0.0,7405.999,3347.4170651630434,0.0,3180.046211904891,-3347.4170651630434,44448.116023111004,18.513479999999998,18.513479999999998,18.513479999999998
6242,2,73266.965,34623.998501208,0.0,34623.998501208,1221.308,0.0,593.212,14811.960088274036,22338.530429999988,74.364,0.0,0.0,0.0,7405.999,7802.407019482041,0.0,10592.332880412829,-7802.407019482041,38642.966498792,17.18868,17.18868,17.18868
6243,3,71958.95377,34939.267644855,0.0,34939.267644855,1221.308,0.0,593.212,14811.960088274036,21319.988999999972,74.364,0.0,0.0,0.0,7405.999,8407.14596312904,0.0,18579.121545385417,-8407.14596312904,37019.686125144995,17.18868,17.18868,17.18868
6244,4,71992.18819,33811.523996623,0.0,33811.523996623,1221.308,0.0,593.212,14811.960088274036,22338.530430000003,74.364,0.0,0.0,0.0,7405.999,8264.709324897025,0.0,26430.59540403759,-8264.709324897025,38180.664193377,17.18868,17.18868,17.18868
6245,5,74878.60014,28504.445895374,0.0,28504.445895374,1221.308,0.0,593.212,14811.960088274036,23688.690000000002,74.364,0.0,0.0,0.0,7405.999,1421.3788436480704,0.0,27780.905305503256,-1421.3788436480704,46374.154244626,18.513479999999998,18.513479999999998,18.513479999999998
6246,6,79530.38085,29392.744297773,388.6309,29392.744297773,1221.308,388.6309,593.212,14811.960088274036,24452.49,74.364,36.160000000000004,0.0,0.0,7405.999,0.0,1153.5125639529556,26566.68155397383,1153.5125639529556,49749.00565222701,30.76372,30.76372,30.76372
6247,7,84661.45374,27965.183842831,17152.708308606998,27965.183842831,1221.308,17152.708308606998,593.212,14811.960088274036,22670.14857,74.364,0.0,0.0,0.0,7405.999,7233.430069712023,0.0,33438.440120200255,-7233.430069712023,39543.561588562,18.134760000000004,18.134760000000004,18.134760000000004
6248,8,88305.46001,23161.151250832,42351.056892944995,23161.151250832,1221.308,42351.056892944995,593.212,14811.960088274036,13310.92641,74.364,0.0,0.0,0.0,7405.999,14624.517632051047,0.0,47331.73187064875,-14624.517632051047,22793.251866223,16.2426,16.2426,16.2426
6249,9,91718.32,12455.652942565,59531.4437016455,12455.652942565,1221.308,59531.4437016455,593.212,14811.960088274036,21.500000000000004,74.364,0.0,0.0,0.0,7405.998999999985,4397.119732484509,0.0,51508.99561650903,-4397.119732484509,19731.2233557895,9.7305,9.7305,9.7305
6250,10,95369.74875,9443.303392906,68727.47142712951,9443.303392906,1221.308,68727.47142712951,593.212,14811.960088274036,15256.564589999998,74.364,0.0,0.0,0.0,7405.999,22164.433748309537,0.0,72565.20767740309,-22164.433748309537,17198.973929964486,17.18868,17.18868,17.18868
6251,11,98814.93763,12079.731345864,72605.8479359005,12079.731345864,1221.308,72605.8479359005,0.0,14811.960088274036,0.0,74.364,0.0,0.0,0.0,5554.49925,7532.772990038519,0.0,79721.34201793968,-7532.772990038519,14129.358348235502,2.272319999999997,2.272319999999997,2.272319999999997
6252,12,102041.73,13553.519350199,73548.875037904,13553.519350199,1221.308,73548.875037904,593.212,14811.960088274036,0.0,74.364,0.0,0.0,0.0,7405.999,9167.507476377048,0.0,88430.47412049788,-9167.507476377048,14939.335611896997,9.7305,9.7305,9.7305
6253,13,104880.1318,17967.260246398,73799.87136647299,17967.260246398,1221.308,73799.87136647299,593.212,14811.960088274036,0.0,74.364,0.0,0.0,0.0,7405.999,10993.842901145024,0.0,98874.62487658564,-10993.842901145024,13113.000187129015,9.7305,9.7305,9.7305
6254,14,107988.5949,17645.344489019,75141.24853065351,17645.344489019,1221.308,75141.24853065351,0.0,14811.960088274036,0.0,74.364,0.0,0.0,0.0,5554.49925,6460.129457946533,0.0,105011.74786163485,-6460.129457946533,15202.001880327487,2.272319999999997,2.272319999999997,2.272319999999997
6255,15,110569.5348,18340.155789925,71188.13764747,18340.155789925,1221.308,71188.13764747,593.212,14811.960088274036,15256.564589999998,74.364,0.0,0.0,0.0,7405.999,18322.166315669045,0.0,122417.80586152044,-18322.166315669045,21041.241362604997,17.18868,17.18868,17.18868
6256,16,112144.2705,16727.649093973,63733.561417618,16727.649093973,1221.308,63733.561417618,593.212,14811.960088274036,22164.46029030707,74.364,0.0,0.0,0.0,7405.999,14588.243390172109,0.0,136276.63708218397,-14588.243390172109,31683.059988408997,17.18868,17.18868,17.18868
6257,17,112229.4416,15910.593000054001,48370.196051745006,15910.593000054001,1221.308,48370.196051745006,593.212,14811.960088274036,24090.819860307067,74.364,20.339999999999996,0.0,0.0,7405.999,269.35040038011743,0.0,136532.51996254508,-269.35040038011743,47948.652548201004,18.513479999999998,18.513479999999998,18.513479999999998
6258,18,110413.0489,15677.844792511001,23895.817595042,15677.844792511001,1221.308,23895.817595042,593.212,14811.960088274036,25028.690000000002,74.364,469.10800000000006,257.0,0.0,7405.999,0.0,20977.745424173,114450.6826739419,20977.745424173,70839.386512447,35.458,35.458,35.458
6259,19,108363.1184,21006.755608240997,9.75485,21006.755608240997,1221.308,9.75485,593.212,14811.960088274036,25028.690000000002,74.364,701.2,257.0,0.0,7405.999,0.0,37252.874853484944,75237.13019658934,37252.874853484944,87346.60794175901,35.458,35.458,35.458
6260,20,107236.259,24778.208953658002,0.0,24778.208953658002,1221.308,0.0,593.212,14811.960088274036,25028.690000000002,74.364,701.2,257.0,0.0,7405.999,0.0,32364.316958067997,41169.42813546513,32364.316958067997,82458.050046342,35.458,35.458,35.458
6261,21,102352.2504,29082.95430604,0.0,29082.95430604,1221.308,0.0,593.212,14811.960088274036,25028.690000000002,74.364,701.2,257.0,0.0,7405.999,0.0,23175.56300568598,16774.098655795682,23175.56300568598,73269.29609396,35.458,35.458,35.458
6262,22,94495.08818,31732.372898325,0.0,31732.372898325,1221.308,0.0,593.212,14811.960088274036,25028.690000000002,74.364,701.2,257.0,0.0,7405.999,0.0,12668.98219340095,3438.327925899944,12668.98219340095,62762.715281675,35.458,35.458,35.458
6263,23,86059.80842,33708.811802121,0.0,33708.811802121,1221.308,0.0,593.212,14811.960088274036,24452.49,74.364,268.252,257.0,0.0,7405.999,0.0,3266.411529604947,0.0,3266.411529604947,52350.996617879,33.44188,33.44188,33.44188
6264,24,79565.63539,35739.883846302,0.0,35739.883846302,1221.308,0.0,593.212,14811.960088274036,22338.530429999988,74.364,0.0,0.0,0.0,7405.999,2619.6219745760404,0.0,2488.6408758472385,-2619.6219745760404,43825.751543697996,17.18868,17.18868,17.18868
6265,25,75356.44037,38571.813496108996,0.0,38571.813496108996,1221.308,0.0,593.212,14811.960088274036,21319.989,74.364,0.0,0.0,0.0,7405.999,8642.205214383053,0.0,10698.735829511139,-8642.205214383053,36784.626873891,17.18868,17.18868,17.18868
6266,26,72793.23285,40358.259860947,0.0,40358.259860947,1221.308,0.0,593.212,14811.960088274036,21319.988999999987,74.364,0.0,0.0,0.0,7405.999,12991.85909922104,0.0,23041.001973771126,-12991.85909922104,32434.972989053,17.18868,17.18868,17.18868
6267,27,71414.18924,39351.161108502,0.0,39351.161108502,1221.308,0.0,593.212,14811.960088274036,21319.988999999987,74.364,0.0,0.0,0.0,7405.999,13363.80395677603,0.0,35736.61573270836,-13363.80395677603,32063.02813149801,17.18868,17.18868,17.18868
6268,28,71585.11408,39396.762542661,0.0,39396.762542661,1221.308,0.0,593.212,14811.960088274036,21319.988999999987,74.364,0.0,0.0,0.0,7405.999,13238.480550935023,0.0,48313.17225609663,-13238.480550935023,32188.351537338996,17.18868,17.18868,17.18868
6269,29,74392.38049,36887.024442974005,0.0,36887.024442974005,1221.308,0.0,593.212,14811.960088274036,21319.988999999987,74.364,0.0,0.0,0.0,7405.999,7921.476041248039,0.0,55838.574495282264,-7921.476041248039,37505.35604702599,17.18868,17.18868,17.18868
6270,30,79164.25375,38842.179854395,600.248,38842.179854395,1221.308,600.248,593.212,14811.960088274036,21319.988999999972,74.364,0.0,0.0,0.0,7405.999,5705.006192669032,0.0,61258.33037831784,-5705.006192669032,39721.825895605005,17.18868,17.18868,17.18868
6271,31,84172.79425,41219.055004821,17392.082006091503,41219.055004821,1221.308,17392.082006091503,593.212,14811.960088274036,15256.564589999984,74.364,0.0,0.0,0.0,7405.999,13801.750439186522,0.0,74369.99329554503,-13801.750439186522,25561.657239087504,17.18868,17.18868,17.18868
6272,32,87701.30619,35240.679308590996,42380.3848872045,35240.679308590996,1221.308,42380.3848872045,0.0,14811.960088274036,0.0,74.364,0.0,0.0,0.0,5554.49925,11581.889344069528,0.0,85372.78817241109,-11581.889344069528,10080.241994204509,2.272319999999997,2.272319999999997,2.272319999999997
6273,33,91374.24289,20172.357002224002,59705.891934188,20172.357002224002,1221.308,59705.891934188,593.212,14811.960088274036,0.0,74.364,0.0,0.0,0.0,7405.999,12610.849134686046,0.0,97353.09485036283,-12610.849134686046,11495.99395358799,9.7305,9.7305,9.7305
6274,34,95216.37869,16327.195654463,68632.488657971,16327.195654463,1221.308,68632.488657971,593.212,14811.960088274036,0.0,74.364,0.0,0.0,0.0,7405.998999999985,13850.14871070804,0.0,110510.73612553546,-13850.14871070804,10256.694377566004,9.7305,9.7305,9.7305
6275,35,98852.80912,15007.185452155,72300.1559157935,15007.185452155,1221.308,72300.1559157935,593.212,14811.960088274036,0.0,74.364,0.0,0.0,0.0,7405.999,12561.375336222549,0.0,122444.04269494688,-12561.375336222549,11545.46775205151,9.7305,9.7305,9.7305
6276,36,102142.1368,13060.167193543999,73398.35468128849,13060.167193543999,1221.308,73398.35468128849,0.0,14811.960088274036,0.0,74.364,0.0,0.0,0.0,5554.49925,5978.516413106531,0.0,128123.63328739809,-5978.516413106531,15683.614925167509,3.218399999999999,3.218399999999999,3.218399999999999
6277,37,105238.7972,11350.669909901999,73598.58333524699,11350.669909901999,1221.308,73598.58333524699,593.212,14811.960088274036,7247.502,74.364,0.0,0.0,0.0,7405.999,11064.801133423041,0.0,138635.19436414997,-11064.801133423041,20289.543954851004,16.2426,16.2426,16.2426
6278,38,108638.8027,10692.880203965,74387.19383899,10692.880203965,1221.308,74387.19383899,593.212,14811.960088274036,7269.002,74.364,0.0,0.0,0.0,7405.999,7817.11643122905,0.0,146061.45497381757,-7817.11643122905,23558.728657044994,16.2426,16.2426,16.2426
6279,39,111308.9127,11544.605155246001,70321.47138993049,11544.605155246001,1221.308,70321.47138993049,593.212,14811.960088274036,15278.064589999969,74.364,0.0,0.0,0.0,7405.999,9942.071523450502,0.0,155506.42292109554,-9942.071523450502,29442.83615482351,17.18868,17.18868,17.18868
6280,40,112897.5893,14437.848553489002,62888.2976928325,14437.848553489002,1221.308,62888.2976928325,593.212,14811.960088274036,14329.467840000001,74.364,0.0,0.0,0.0,7405.999,2864.8678745955553,0.0,158228.04740196132,-2864.8678745955553,35571.4430536785,16.2426,16.2426,16.2426
6281,41,112692.1263,13556.022139932998,47032.500656922,13556.022139932998,1221.308,47032.500656922,593.212,14811.960088274036,24452.49,74.364,448.7680000000001,257.0,0.0,7405.999,0.0,2838.5024148709686,155240.15012314977,2838.5024148709686,52103.603503145,34.785560000000004,34.785560000000004,34.785560000000004
6282,42,110580.0956,16151.781456843,22895.442039178997,16151.781456843,1221.308,22895.442039178997,593.212,14811.960088274036,25028.690000000002,74.364,701.2,257.0,0.0,7405.999,0.0,21439.139015703986,132672.63536977716,21439.139015703986,71532.872103978,35.458,35.458,35.458
6283,43,108305.173,26592.652709832,5.5742,26592.652709832,1221.308,5.5742,593.212,14811.960088274036,25028.690000000002,74.364,701.2,257.0,0.0,7405.999,0.0,31613.213001893964,99395.56905199404,31613.213001893964,81706.946090168,35.458,35.458,35.458
6284,44,107188.1901,31475.017205029002,0.0,31475.017205029002,1221.308,0.0,593.212,14811.960088274036,25028.690000000002,74.364,701.2,257.0,0.0,7405.999,0.0,25619.43980669696,72427.73767652355,25619.43980669696,75713.17289497101,35.458,35.458,35.458
6285,45,102272.4265,32542.642553015005,0.0,32542.642553015005,1221.308,0.0,593.212,14811.960088274036,25028.690000000002,74.364,701.2,257.0,0.0,7405.999,0.0,19636.05085871098,51758.21045682779,19636.05085871098,69729.783946985,35.458,35.458,35.458
6286,46,94334.48829,30373.444259368,0.0,30373.444259368,1221.308,0.0,593.212,14811.960088274036,25028.690000000002,74.364,701.2,257.0,0.0,7405.999,0.0,13867.310942357972,37161.041043819394,13867.310942357972,63961.044030631994,35.458,35.458,35.458
6287,47,86011.16626,31279.903706832003,0.0,31279.903706832003,1221.308,0.0,593.212,14811.960088274036,25028.690000000002,74.364,469.10800000000006,257.0,0.0,7405.999,0.0,4869.621464893962,32035.123712352066,4869.621464893962,54731.262553167995,35.458,35.458,35.458
6288,48,79475.0624,31040.315147243,0.0,31040.315147243,1221.308,0.0,593.212,14811.960088274036,24264.890000000003,74.364,20.339999999999996,0.0,0.0,7405.999,0.0,42.67416448297587,31990.203539212092,42.67416448297587,48434.74725275699,25.514080000000003,25.514080000000003,25.514080000000003
6289,49,75040.23289,31215.976005384997,0.0,31215.976005384997,1221.308,0.0,593.212,14811.960088274036,22338.530430000003,74.364,0.0,0.0,0.0,7405.999,2621.116633659041,0.0,34480.26434118818,-2621.116633659041,43824.256884615,17.18868,17.18868,17.18868
6290,50,72418.16511,31091.990202987996,0.0,31091.990202987996,1221.308,0.0,593.212,14811.960088274036,21319.989,74.364,0.0,0.0,0.0,7405.999,4100.657181262033,0.0,38375.88866338711,-4100.657181262033,41326.174907012006,17.18868,17.18868,17.18868
6291,51,70975.32373,30981.206995914,0.0,30981.206995914,1221.308,0.0,593.212,14811.960088274036,21319.989,74.364,0.0,0.0,0.0,7405.999,5432.715354188038,0.0,43536.96824986574,-5432.715354188038,39994.116734086005,17.18868,17.18868,17.18868
6292,52,71081.74553,32353.928710276003,0.0,32353.928710276003,1221.308,0.0,593.212,14811.960088274036,21980.406076932475,74.364,0.0,0.0,0.0,7405.999,7359.432345482523,0.0,50528.42897807414,-7359.432345482523,38727.816819724,17.18868,17.18868,17.18868
6293,53,73976.15419,27498.264253945,0.0,27498.264253945,1221.308,0.0,593.212,14811.960088274036,23330.565646932475,74.364,0.0,0.0,0.0,7405.999,959.5187991515154,0.0,51439.97183726808,-959.5187991515154,46477.889936055,18.513479999999998,18.513479999999998,18.513479999999998
6294,54,78994.63865,30385.984858296,752.2740000000001,30385.984858296,1221.308,752.2740000000001,593.212,14811.960088274036,23688.690000000002,74.364,0.0,0.0,0.0,7405.999,0.0,60.8467034299552,51375.922675762864,60.8467034299552,47856.379791704,25.514080000000003,25.514080000000003,25.514080000000003
6295,55,83828.60718,35255.890395040005,13218.654530675503,35255.890395040005,1221.308,13218.654530675503,593.212,14811.960088274036,22670.14857,74.364,0.0,0.0,0.0,7405.999,11422.929403989527,0.0,62227.70560955291,-11422.929403989527,35354.062254284494,18.134760000000004,18.134760000000004,18.134760000000004
6296,56,87382.36703,27242.834195220003,40235.77270492601,27242.834195220003,1221.308,40235.77270492601,593.212,14811.960088274036,13310.926409999985,74.364,0.0,0.0,0.0,7405.999,17514.009368420026,0.0,78866.01450955194,-17514.009368420026,19903.76012985399,16.2426,16.2426,16.2426
6297,57,91253.82174,10324.328541855,58326.883796766,10324.328541855,1221.308,58326.883796766,593.212,14811.960088274036,21319.989,74.364,0.0,0.0,0.0,7405.999,22824.222686895046,0.0,100549.02606210223,-22824.222686895046,22602.609401379006,17.18868,17.18868,17.18868
6298,58,94923.0686,4474.618657252,67540.1027186145,4474.618657252,1221.308,67540.1027186145,593.212,14811.960088274036,15278.064589999984,74.364,0.0,0.0,0.0,7405.999,16476.560454140523,0.0,116201.75849353573,-16476.560454140523,22908.34722413351,17.18868,17.18868,17.18868
6299,59,98987.17342,7051.390053474,71173.277146407,7051.390053474,1221.308,71173.277146407,593.212,14811.960088274036,21.500000000000004,74.364,0.0,0.0,0.0,7405.998999999985,3365.8368681550005,0.0,119399.30351828298,-3365.8368681550005,20762.506220119016,9.7305,9.7305,9.7305
6300,60,102640.0226,9236.858454694,72891.04980417901,9236.858454694,1221.308,72891.04980417901,593.212,14811.960088274036,0.0,74.364,0.0,0.0,0.0,7405.999,3594.728747147043,0.0,122814.29582807267,-3594.728747147043,20512.114341126988,9.7305,9.7305,9.7305
6301,61,106297.9441,14947.288651428,72945.530094924,14947.288651428,1221.308,72945.530094924,593.212,14811.960088274036,0.0,74.364,0.0,0.0,0.0,7405.999,5701.717734626029,0.0,128230.9276759674,-5701.717734626029,18405.125353647993,9.7305,9.7305,9.7305
6302,62,109800.5089,15804.530391645003,73672.05389521299,15804.530391645003,1221.308,73672.05389521299,593.212,14811.960088274036,21.500000000000004,74.364,0.0,0.0,0.0,7405.998999999985,3804.418475132034,0.0,131845.12522734283,-3804.418475132034,20323.924613142008,9.7305,9.7305,9.7305
6303,63,112375.8746,17147.708259822,68380.837604652,17147.708259822,1221.308,68380.837604652,593.212,14811.960088274036,15278.064589999998,74.364,0.0,0.0,0.0,7405.999,12537.578942748056,0.0,143755.82522295348,-12537.578942748056,26847.328735525996,17.18868,17.18868,17.18868
6304,64,113757.5605,18866.950802441002,59781.799185586504,18866.950802441002,1221.308,59781.799185586504,593.212,14811.960088274036,22338.530429999988,74.364,0.0,0.0,0.0,7405.999,11336.563006301507,0.0,154525.56007893992,-11336.563006301507,35108.8105119725,17.18868,17.18868,17.18868
6305,65,113342.1638,16650.781608201,44584.08169901051,16650.781608201,1221.308,44584.08169901051,593.212,14811.960088274036,24452.49,74.364,36.160000000000004,0.0,0.0,7405.999,0.0,3511.807404514458,150828.9207057668,3511.807404514458,52107.30049278849,30.76372,30.76372,30.76372
6306,66,111289.2121,13495.088606417,20530.676147630496,13495.088606417,1221.308,20530.676147630496,593.212,14811.960088274036,25028.690000000002,74.364,469.10800000000006,257.0,0.0,7405.999,0.0,27401.806257678443,121984.91411873685,27401.806257678443,77263.4473459525,35.458,35.458,35.458
6307,67,109052.1024,19709.809648347,0.0,19709.809648347,1221.308,0.0,593.212,14811.960088274036,25028.690000000002,74.364,701.2,257.0,0.0,7405.999,0.0,39248.55966337898,80670.64078886424,39248.55966337898,89342.292751653,35.458,35.458,35.458
6308,68,107995.2612,28501.942106438,0.0,28501.942106438,1221.308,0.0,593.212,14811.960088274036,25028.690000000002,74.364,701.2,257.0,0.0,7405.999,0.0,29399.586005287973,49723.70815171901,29399.586005287973,79493.319093562,35.458,35.458,35.458
6309,69,103294.0296,26998.088559752,0.0,26998.088559752,1221.308,0.0,593.212,14811.960088274036,25028.690000000002,74.364,701.2,257.0,0.0,7405.999,0.0,26202.207951973964,22142.436623325368,26202.207951973964,76295.941040248,35.458,35.458,35.458
6310,70,95527.42722,30762.687908405,0.0,30762.687908405,1221.308,0.0,593.212,14811.960088274036,25028.690000000002,74.364,701.2,257.0,0.0,7405.999,0.0,14671.00622332096,6699.2721777243605,14671.00622332096,64764.739311594996,35.458,35.458,35.458
6311,71,87099.27755,31624.029245248,0.0,31624.029245248,1221.308,0.0,593.212,14811.960088274036,25028.690000000002,74.364,469.10800000000006,257.0,0.0,7405.999,0.0,5613.607216477967,790.2119498528159,5613.607216477967,55475.248304752,35.458,35.458,35.458
6312,72,80295.84674,32702.699756102,0.0,32702.699756102,1221.308,0.0,593.212,14811.960088274036,23465.96389562396,74.364,20.339999999999996,0.0,0.0,7405.999,0.0,0.0,790.2119498528159,0.0,47593.146983898,18.513479999999998,18.513479999999998,18.513479999999998
6313,73,75731.45428,34374.395203377004,0.0,34374.395203377004,1221.308,0.0,593.212,14811.960088274036,21539.60432562396,74.364,0.0,0.0,0.0,7405.999,4289.388337274981,0.0,4865.130870264047,-4289.388337274981,41357.059076623,17.18868,17.18868,17.18868
6314,74,73174.07259,36248.750610066,0.0,36248.750610066,1221.308,0.0,593.212,14811.960088274036,21319.988999999987,74.364,0.0,0.0,0.0,7405.999,8501.510108340039,0.0,12941.565473187084,-8501.510108340039,36925.32197993399,17.18868,17.18868,17.18868
6315,75,72063.99172,40587.961702181005,0.0,40587.961702181005,1221.308,0.0,593.212,14811.960088274036,21319.988999999972,74.364,0.0,0.0,0.0,7405.999,13950.80207045502,0.0,26194.827440119352,-13950.80207045502,31476.030017819,17.18868,17.18868,17.18868
6316,76,72223.07069,44836.489844018,0.0,44836.489844018,1221.308,0.0,593.212,14811.960088274036,21319.988999999972,74.364,0.0,0.0,0.0,7405.999,18040.251242292055,0.0,43333.066120296804,-18040.251242292055,27386.580845981996,17.18868,17.18868,17.18868
6317,77,74838.14313,40546.139107416,0.0,40546.139107416,1221.308,0.0,593.212,14811.960088274036,14329.467840000001,74.364,0.0,0.0,0.0,7405.999,4144.3069056900285,0.0,47270.15768070233,-4144.3069056900285,34292.004022584,16.2426,16.2426,16.2426
6318,78,79315.95945,14183.920550182998,544.8892999999999,14183.920550182998,1221.308,544.8892999999999,593.212,14811.960088274036,24452.49,74.364,448.7680000000001,257.0,0.0,7405.999,0.0,15322.048511542975,31141.685563288673,15322.048511542975,64587.14959981699,35.458,35.458,35.458
6319,79,84452.72678,40773.27955863801,14027.699113646502,40773.27955863801,1221.308,14027.699113646502,593.212,14811.960088274036,14329.467839999972,74.364,0.0,0.0,0.0,7405.999,8784.562820558542,0.0,39487.020242819286,-8784.562820558542,29651.748107715488,16.2426,16.2426,16.2426
6320,80,87856.66265,10110.950749968999,39593.1468107815,10110.950749968999,1221.308,39593.1468107815,593.212,14811.960088274036,15278.064589999998,74.364,0.0,0.0,0.0,7405.999,1232.3425890245335,0.0,40657.745702392596,-1232.3425890245335,38152.5650892495,17.18868,17.18868,17.18868
6321,81,91615.65394,12605.786692085,56902.311867913006,12605.786692085,1221.308,56902.311867913006,593.212,14811.960088274036,21.500000000000004,74.364,0.0,0.0,0.0,7405.999,2020.7877082720534,0.0,42577.49402525105,-2020.7877082720534,22107.555380002006,9.7305,9.7305,9.7305
6322,82,95519.49105,8245.86240909,65400.642394767994,8245.86240909,1221.308,65400.642394767994,593.212,14811.960088274036,0.0,74.364,0.0,0.0,0.0,7405.999,2233.8568421320474,0.0,44699.6580252765,-2233.8568421320474,21872.986246142005,9.7305,9.7305,9.7305
6323,83,99733.17329,9330.193585945,70047.745989672,9330.193585945,1221.308,70047.745989672,593.212,14811.960088274036,0.0,74.364,0.0,0.0,0.0,7405.998999999985,3751.609373891008,0.0,48263.686930472955,-3751.609373891008,20355.23371438301,9.7305,9.7305,9.7305
6324,84,103486.7927,10291.925656172,70743.2947370945,10291.925656172,1221.308,70743.2947370945,593.212,14811.960088274036,21.500000000000004,74.364,0.0,0.0,0.0,7405.999,1676.7707815405265,0.0,49856.61917293646,-1676.7707815405265,22451.572306733506,9.7305,9.7305,9.7305
6325,85,107081.0846,10714.719398898,70418.9700544915,10714.719398898,1221.308,70418.9700544915,593.212,14811.960088274036,15278.064589999998,74.364,0.0,0.0,0.0,7405.999,13437.512531663502,0.0,62622.256078016784,-13437.512531663502,25947.395146610506,17.18868,17.18868,17.18868
6326,86,110517.5087,12320.490790759999,64443.219303181,12320.490790759999,1221.308,64443.219303181,593.212,14811.960088274036,21319.989,74.364,0.0,0.0,0.0,7405.999,11673.033482215034,0.0,73711.63788612107,-11673.033482215034,33753.798606059005,17.18868,17.18868,17.18868
6327,87,112762.3084,15886.770090596001,59872.2120238205,15886.770090596001,1221.308,59872.2120238205,593.212,14811.960088274036,21319.988999999972,74.364,0.0,0.0,0.0,7405.999,8423.505802690537,0.0,81713.96839867708,-8423.505802690537,37003.326285583484,17.18868,17.18868,17.18868
6328,88,113402.2247,15947.609796992001,53092.2567968925,15947.609796992001,1221.308,53092.2567968925,593.212,14811.960088274036,22914.730430000003,74.364,20.339999999999996,0.0,0.0,7405.999,2679.5554121585287,0.0,84259.54604022768,-2679.5554121585287,44362.35810611551,17.18868,17.18868,17.18868
6329,89,112472.0263,17808.154648755,37181.5513759225,17808.154648755,1221.308,37181.5513759225,593.212,14811.960088274036,25028.690000000002,74.364,469.10800000000006,257.0,0.0,7405.999,0.0,7620.679187048472,76237.7784749135,7620.679187048472,57482.32027532249,35.458,35.458,35.458
6330,90,109551.445,26030.430038856997,15802.272540170998,26030.430038856997,1221.308,15802.272540170998,593.212,14811.960088274036,25028.690000000002,74.364,701.2,257.0,0.0,7405.999,0.0,17625.00933269797,57685.13707207353,17625.00933269797,67718.742420972,35.458,35.458,35.458
6331,91,107025.2393,34336.633893778,0.0,34336.633893778,1221.308,0.0,593.212,14811.960088274036,25028.690000000002,74.364,701.2,257.0,0.0,7405.999,0.0,22594.87231794797,33901.060947917766,22594.87231794797,72688.60540622199,35.458,35.458,35.458
6332,92,105380.4939,36045.807445381004,0.0,36045.807445381004,1221.308,0.0,593.212,14811.960088274036,25028.690000000002,74.364,701.2,257.0,0.0,7405.999,0.0,19240.95336634497,13647.425825449383,19240.95336634497,69334.68645461899,35.458,35.458,35.458
6333,93,100720.3419,39113.628895171,0.0,39113.628895171,1221.308,0.0,593.212,14811.960088274036,25028.690000000002,74.364,469.10800000000006,257.0,0.0,7405.999,0.0,11745.071916554965,1284.1922290757348,11745.071916554965,61606.713004829,35.458,35.458,35.458
6334,94,94357.16871,44541.693004104,0.0,44541.693004104,1221.308,0.0,593.212,14811.960088274036,24452.49,74.364,36.160000000000004,0.0,0.0,7405.999,0.0,1219.982617621948,0.0,1219.982617621948,49815.475705895995,30.76372,30.76372,30.76372
6335,95,87375.97312,45157.486198546,0.0,45157.486198546,1221.308,0.0,593.212,14811.960088274036,18111.64383317993,74.364,0.0,0.0,0.0,7405.999,0.0,0.0,0.0,0.0,42218.486921453994,17.18868,17.18868,17.18868
6336,96,80939.68269,45165.248891456,0.0,45165.248891456,1221.308,0.0,593.212,14811.960088274036,11667.590710269955,74.364,0.0,0.0,0.0,7405.999,0.0,0.0,0.0,0.0,35774.433798544,17.18868,17.18868,17.18868
6337,1,76183.8338,44445.72160271,0.0,44445.72160271,1221.308,0.0,593.212,14811.960088274036,21319.989,74.364,0.0,0.0,0.0,7405.999,13688.719890984074,0.0,13004.28389643487,-13688.719890984074,31738.112197289993,17.18867999999997,17.18867999999997,17.18867999999997
6338,2,73183.60994,42281.301553066005,0.0,42281.301553066005,1221.308,0.0,593.212,14811.960088274036,13909.837590082854,74.364,0.0,0.0,0.0,7405.999,7114.372291422921,0.0,19762.937573286647,-7114.372291422921,30902.30838693399,17.18868,17.18868,17.18868
6339,3,71213.9286,43415.759997654,0.0,43415.759997654,1221.308,0.0,593.212,14811.960088274036,7269.001999999986,74.364,0.0,0.0,0.0,7405.999,3577.676485928036,0.0,23161.730234918283,-3577.676485928036,27798.168602346,16.2426,16.2426,16.2426
6340,4,70281.05893,46211.39879231501,0.0,46211.39879231501,1221.308,0.0,593.212,14811.960088274036,7269.001999999986,74.364,0.0,0.0,0.0,7405.999,7306.184950589029,0.0,30102.60593797786,-7306.184950589029,24069.660137684987,16.2426,16.2426,16.2426
6341,5,70770.7075,42157.747846034,0.0,42157.747846034,1221.308,0.0,593.212,14811.960088274036,7269.002,74.364,0.0,0.0,0.0,7405.999,2762.8854343081694,0.0,32727.34710057062,-2762.8854343081694,28612.959653966005,16.242599999999918,16.242599999999918,16.242599999999918
6342,6,72205.79785,32541.245494282,372.2516,32541.245494282,1221.308,372.2516,593.212,14811.960088274036,15185.457667443952,74.364,0.0,0.0,0.0,7405.999,0.0,0.0,32727.34710057062,0.0,39292.300755717995,17.18868000000006,17.18868000000006,17.18868000000006
6343,7,74860.58626,27884.673744091,8716.640028982001,27884.673744091,1221.308,8716.640028982001,593.212,14811.960088274036,15278.06458999998,74.364,0.0,0.0,0.0,7405.999,1125.6351913470544,0.0,33796.70053235032,-1125.6351913470544,38259.272486926995,17.18867999999992,17.18867999999992,17.18867999999992
6344,8,78621.71919,22245.462909638,29638.650649544998,22245.462909638,1221.308,29638.650649544998,593.212,14811.960088274036,7269.002,74.364,0.0,0.0,0.0,7405.999,4638.239457457038,0.0,38203.028016934506,-4638.239457457038,26737.605630817005,16.242599999999783,16.242599999999783,16.242599999999783
6345,9,83709.3469,17997.678152919998,45786.565115459496,17997.678152919998,1221.308,45786.565115459496,593.212,14811.960088274036,21.5,74.364,0.0,0.0,0.0,7405.999,4203.2394566551,0.0,42196.10550075685,-4203.2394566551,19925.103631620514,9.730499999999857,9.730499999999857,9.730499999999857
6346,10,88449.73944,15171.626356427998,54723.643138260995,15171.626356427998,1221.308,54723.643138260995,593.212,14811.960088274036,0.0,74.364,0.0,0.0,0.0,7405.999,5552.37314296455,0.0,47470.859986573174,-5552.37314296455,18554.469945311015,9.730499999999909,9.730499999999909,9.730499999999909
6347,11,92433.05962,15865.264800500001,57173.0744056895,15865.264800500001,1221.308,57173.0744056895,593.212,14811.960088274036,0.0,74.364,0.0,0.0,0.0,7405.999,4712.1226744649775,0.0,51947.3765273149,-4712.1226744649775,19394.720413810508,9.73049999999987,9.73049999999987,9.73049999999987
6348,12,96063.88722,15717.558954086002,60895.7536124545,15717.558954086002,1221.308,60895.7536124545,593.212,14811.960088274036,21.5,74.364,0.0,0.0,0.0,7405.999,4677.76843481611,0.0,56391.256540390204,-4677.76843481611,19450.574653459495,9.730500000000102,9.730500000000102,9.730500000000102
6349,13,99233.71452,14985.627701432,60057.63943891101,14985.627701432,1221.308,60057.63943891101,593.212,14811.960088274036,7269.002,74.364,0.0,0.0,0.0,7405.999,7185.397708618624,0.0,63217.3843635779,-7185.397708618624,24190.447379656995,16.242599999999683,16.242599999999683,16.242599999999683
6350,14,102223.0546,18636.587941068003,56446.2057483875,18636.587941068003,1221.308,56446.2057483875,593.212,14811.960088274036,7269.002,74.364,0.0,0.0,0.0,7405.999,4235.584177731,0.0,67241.18933242235,-4235.584177731,27140.260910544494,16.242599999999825,16.242599999999825,16.242599999999825
6351,15,104696.2402,20952.485310115997,52266.704416613495,20952.485310115997,1221.308,52266.704416613495,593.212,14811.960088274036,15278.064590000042,74.364,0.0,0.0,0.0,7405.999,7907.857205003583,0.0,74753.65367717575,-7907.857205003583,31477.05047327051,17.18868,17.18868,17.18868
6352,16,106269.4478,25386.704108092003,44301.64943697849,25386.704108092003,1221.308,44301.64943697849,593.212,14811.960088274036,21319.988999999943,74.364,0.0,0.0,0.0,7405.999,8845.737833344541,0.0,83157.10461885306,-8845.737833344541,36581.0942549295,17.188680000000105,17.188680000000105,17.188680000000105
6353,17,105615.9542,28563.136254566005,29833.0372525825,28563.136254566005,1221.308,29833.0372525825,593.212,14811.960088274036,23092.59760457744,74.364,20.339999999999925,0.0,0.0,7405.999,0.0,0.0,83157.10461885307,0.0,47219.780692851484,17.85107999999984,17.85107999999984,17.85107999999984
6354,18,104000.8581,33887.892356415,8555.781144611,33887.892356415,1221.308,8555.781144611,593.212,14811.960088274036,25028.690000000002,74.364,469.1079999999995,257.0,0.0,7405.999,0.0,11695.543510700038,70846.00618653724,11695.543510700038,61557.184598973996,35.458000001168465,35.458000001168465,35.458000001168465
6355,19,102750.2772,39268.975891898,0.0,39268.975891898,1221.308,0.0,593.212,14811.960088274036,25028.690000000002,74.364,701.2,257.0,0.0,7405.999,0.0,13387.568219827917,56753.82911303418,13387.568219827917,63481.301308101996,35.45800000080641,35.45800000080641,35.45800000080641
6356,20,101876.8054,38952.791246083,0.0,38952.791246083,1221.308,0.0,593.212,14811.960088274036,25028.690000000002,74.364,701.2,257.0,0.0,7405.999,0.0,12830.281065642946,43248.270096567925,12830.281065642946,62924.014153917,35.458000000804994,35.458000000804994,35.458000000804994
6357,21,98022.77471,39495.739144308,0.0,39495.739144308,1221.308,0.0,593.212,14811.960088274036,25028.690000000002,74.364,469.1079999999995,257.0,0.0,7405.999,0.0,8665.394477417965,34126.80222560164,8665.394477417965,58527.035565692,35.45800000116874,35.45800000116874,35.45800000116874
6358,22,92356.54209,47204.236442192996,0.0,47204.236442192996,1221.308,0.0,593.212,14811.960088274036,22914.730430000003,74.364,20.339999999999957,0.0,0.0,7405.999,1889.6078704670215,0.0,35921.92970254531,-1889.6078704670215,45152.30564780701,17.18867999999987,17.18867999999987,17.18867999999987
6359,23,86098.99344,47384.33404696,0.0,47384.33404696,1221.308,0.0,593.212,14811.960088274036,21319.989,74.364,0.0,0.0,0.0,7405.999,6712.172695234187,0.0,42298.49376301778,-6712.172695234187,38714.659393040005,17.188679999999948,17.188679999999948,17.188679999999948
6360,24,80000.71947,40615.16245715701,0.0,40615.16245715701,1221.308,0.0,593.212,14811.960088274036,21319.988999999987,74.364,0.0,0.0,0.0,7405.999,6041.2750754310355,0.0,48037.70508467727,-6041.2750754310355,39385.55701284299,17.188680000000033,17.188680000000033,17.188680000000033
6361,25,75562.80891,44127.735850768,0.0,44127.735850768,1221.308,0.0,593.212,14811.960088274036,21319.988999999972,74.364,0.0,0.0,0.0,7405.999,13991.759029042023,0.0,61329.87616226719,-13991.759029042023,31435.07305923201,17.188680000000033,17.188680000000033,17.188680000000033
6362,26,72483.69259,41040.849943505,0.0,41040.849943505,1221.308,0.0,593.212,14811.960088274036,21319.988999999987,74.364,0.0,0.0,0.0,7405.999,13983.989441779024,0.0,74614.66613195726,-13983.989441779024,31442.842646495003,17.188679999999948,17.188679999999948,17.188679999999948
6363,27,70711.38847,38147.175055880994,0.0,38147.175055880994,1221.308,0.0,593.212,14811.960088274036,21319.988999999958,74.364,0.0,0.0,0.0,7405.999,12862.618674155035,0.0,86834.15387240457,-12862.618674155035,32564.21341411901,17.18867999999995,17.18867999999995,17.18867999999995
6364,28,69765.13705,33784.236457498,0.0,33784.236457498,1221.308,0.0,593.212,14811.960088274036,21319.989,74.364,0.0,0.0,0.0,7405.999,9445.931495772034,0.0,95807.788793388,-9445.931495772034,35980.900592502,17.188680000000026,17.188680000000026,17.188680000000026
6365,29,69672.58277,27572.923351288002,0.0,27572.923351288002,1221.308,0.0,593.212,14811.960088274036,21319.988999999987,74.364,0.0,0.0,0.0,7405.999,3327.172669562038,0.0,98968.60282947193,-3327.172669562038,42099.65941871199,17.188679999999923,17.188679999999923,17.188679999999923
6366,30,70410.95395,29025.538655817003,373.6913,29025.538655817003,1221.308,373.6913,593.212,14806.235753794925,21319.988999999972,74.364,0.0,0.0,0.0,7405.999,4409.383759611941,0.0,103157.51740110327,-4409.383759611941,41011.723994183,17.18868,17.18868,17.18868
6367,31,72199.66648,29763.363642376,6882.849850678999,29763.363642376,1221.308,6882.849850678999,593.212,14799.539497709191,15256.564590000005,74.364,0.0,0.0,0.0,7405.999,3797.534100764232,0.0,106765.17479682929,-3797.534100764232,35553.452986945,17.1886799999999,17.1886799999999,17.1886799999999
6368,32,75535.6861,28796.446950820995,31923.660538199998,28796.446950820995,1221.308,31923.660538199998,0.0,14790.399307602756,0.0,74.364,0.0,0.0,0.0,5554.499250000002,6824.991946623763,0.0,113248.91714612186,-6824.991946623763,14815.578610979013,0.0,0.0,0.0
6369,33,80514.78109,13523.078244789,45938.6580472425,13523.078244789,1221.308,45938.6580472425,593.212,14783.82915097033,7247.501999999986,74.364,0.0,0.0,0.0,7405.999,10273.169353001827,0.0,123008.4280314736,-10273.169353001827,21053.044797968512,16.242600000000074,16.242600000000074,16.242600000000074
6370,34,85610.17064,10184.155909217,58481.381398984995,10184.155909217,1221.308,58481.381398984995,0.0,14778.057588375907,0.0,74.364,0.0,0.0,0.0,5554.499250000002,4683.595506577988,0.0,127457.84376272268,-4683.595506577988,16944.63333179801,0.0,0.0,0.0
6371,35,89948.46658,6889.664943318001,60109.555358113495,6889.664943318001,1221.308,60109.555358113495,593.212,14768.138250309281,7247.502,74.364,0.0,0.0,0.0,7405.999,8361.276971740786,0.0,135401.05688587643,-8361.276971740786,22949.2462785685,16.242599999999904,16.242599999999904,16.242599999999904
6372,36,93568.47282,8109.515499337999,62778.329321034005,8109.515499337999,1221.308,62778.329321034005,593.212,14761.700035676857,0.0,74.364,0.0,0.0,0.0,7405.999,1375.9550360488574,0.0,136708.21417012284,-1375.9550360488574,22680.62799962799,9.7305,9.7305,9.7305
6373,37,97149.93011,10575.44515582,63996.175400527994,10575.44515582,1221.308,63996.175400527994,593.212,14753.219606131941,21.5,74.364,0.0,0.0,0.0,7405.999,1491.2930524799303,0.0,138124.94256997877,-1491.2930524799303,22578.309553652012,9.730500000000003,9.730500000000003,9.730500000000003
6374,38,100622.7965,12661.455905662,62712.67200046,12661.455905662,1221.308,62712.67200046,593.212,14746.656342372198,7269.002,74.364,0.0,0.0,0.0,7405.999,6061.872748495625,0.0,143883.72168104962,-6061.872748495625,25248.668593877992,16.242599999999825,16.242599999999825,16.242599999999825
6375,39,103516.8703,18401.231954016996,63036.4888671515,18401.231954016996,1221.308,63036.4888671515,593.212,14740.139255005573,21.5,74.364,0.0,0.0,0.0,7405.999,1977.3727761740736,0.0,145762.22581841497,-1977.3727761740736,22079.149478831496,9.730499999999799,9.730499999999799,9.730499999999799
6376,40,105592.9913,24322.312499712003,54716.03580819699,24322.312499712003,1221.308,54716.03580819699,593.212,14731.377210734665,13310.926410000004,74.364,0.0,0.0,0.0,7405.999,10782.543628645075,0.0,156005.6422656278,-10782.543628645075,26554.642992091,16.2426,16.2426,16.2426
6377,41,106408.3892,23533.971604366,39792.464947806,23533.971604366,1221.308,39792.464947806,593.212,14724.968166640723,23246.348570000002,74.364,20.340000000000014,0.0,0.0,7405.999,4204.587088812846,0.0,160000.0,-4204.587088812846,43081.952647828,18.134760000000004,18.134760000000004,18.134760000000004
6378,42,106126.0143,22332.592509188,1535.267561303,22332.592509188,1221.308,1535.267561303,593.212,14718.3605523425,25028.690000000002,74.364,469.1079999999995,257.0,0.0,7405.999,0.0,32490.11267716688,125799.88139245592,32490.11267716688,82258.15422950899,35.458000000000034,35.458000000000034,35.458000000000034
6379,43,105197.5237,19757.407154902,0.0,19757.407154902,1221.308,0.0,593.212,14709.141496775876,25028.690000000002,74.364,701.2,257.0,0.0,7405.999,0.0,35449.202048322106,88484.93186790633,35449.202048322106,85440.116545098,35.458,35.458,35.458
6380,44,104314.3312,21141.290549475998,0.0,21141.290549475998,1221.308,0.0,593.212,14703.15763164345,25028.690000000002,74.364,4502.186695874133,257.0,0.0,7405.999,0.0,29387.123323006395,57551.11784368913,29387.123323006395,83173.040650524,35.458,35.458,35.458
6381,45,99461.74492,25827.710943760998,0.0,25827.710943760998,1221.308,0.0,593.212,14696.756578837018,25028.690000000002,74.364,701.2,257.0,0.0,7405.999,0.0,23655.504397402216,32650.58689905522,23655.504397402216,73634.033976239,35.45799999999995,35.45799999999995,35.45799999999995
6382,46,92268.94251,11771.107896327,0.0,11771.107896327,1221.308,0.0,593.212,14687.094446542591,25028.690000000002,74.364,701.2,257.0,0.0,7405.999,0.0,30528.967167130355,514.8319862864264,30528.967167130355,80497.834613673,35.458,35.458,35.458
6383,47,84970.21898,27374.551899758,0.0,27374.551899758,1221.308,0.0,593.212,14681.393410333685,25028.690000000002,74.364,8333.700669908323,257.0,0.0,7405.999,0.0,0.0,514.8319862864647,0.0,57595.667080242005,35.458000000000006,35.458000000000006,35.458000000000006
6384,48,78761.28479,28547.614399588,0.0,28547.614399588,1221.308,0.0,593.212,14674.899003439741,25028.690000000002,74.364,469.10799999999995,257.0,0.0,7405.999,0.0,489.09038697214146,0.0,489.09038697214146,50213.67039041201,35.45800000000007,35.45800000000007,35.45800000000007
6385,49,74422.61374,31464.189459854002,0.0,31464.189459854002,1221.308,0.0,593.212,14665.533673145317,22914.73043,74.364,20.339999999999854,0.0,0.0,7405.999,3937.0628229993763,0.0,3740.2096818494074,-3937.0628229993763,42958.424280146,17.18867999999999,17.18867999999999,17.18867999999999
6386,50,72112.71013,31373.204450122,0.0,31373.204450122,1221.308,0.0,593.212,14658.986806112893,21319.988999999972,74.364,0.0,0.0,0.0,7405.999,4534.353126234886,0.0,8047.84515177255,-4534.353126234886,40739.505679878006,17.188679999999945,17.188679999999945,17.188679999999945
6387,51,70859.2322,33706.695896380006,0.0,33706.695896380006,1221.308,0.0,593.212,14650.29181576846,21319.989,74.364,0.0,0.0,0.0,7405.999,8112.627512148453,0.0,15754.841288313579,-8112.627512148453,37152.53630361999,17.188680000000033,17.188680000000033,17.188680000000033
6388,52,71119.74733,35389.475451253,0.0,35389.475451253,1221.308,0.0,593.212,14643.986600736034,21319.988999999987,74.364,0.0,0.0,0.0,7405.999,9528.586721989044,0.0,24806.99867420317,-9528.586721989044,35730.271878747,17.188679999999945,17.188679999999945,17.188679999999945
6389,53,74216.4764,38726.054405571,0.0,38726.054405571,1221.308,0.0,593.212,14637.378985041609,21319.988999999987,74.364,0.0,0.0,0.0,7405.999,9761.8289906126,0.0,34080.736215285135,-9761.8289906126,35490.421994429,17.188679999999934,17.188679999999934,17.188679999999934
6390,54,79954.29267,35096.325009665,142.67929999999998,35096.325009665,1221.308,142.67929999999998,593.212,14628.762873309186,21319.988999999987,74.364,0.0,0.0,0.0,7405.999,528.3465129741762,0.0,34582.6654026106,-528.3465129741762,44715.28836033499,17.18868000000004,17.18868000000004,17.18868000000004
6391,55,85457.79366,32226.576295907005,10899.181845187,32226.576295907005,1221.308,10899.181845187,593.212,14622.072124242562,22670.14857,74.364,0.0,0.0,0.0,7405.999,4255.068175336597,0.0,38624.980169180366,-4255.068175336597,42332.03551890599,18.13476000000022,18.13476000000022,18.13476000000022
6392,56,89024.70797,25517.049547409002,36812.8762505605,25517.049547409002,1221.308,36812.8762505605,593.212,14615.633909610135,13310.92641,74.364,0.0,0.0,0.0,7405.999,10526.661147579624,0.0,48625.30825938101,-10526.661147579624,26694.782172030507,16.24259999999989,16.24259999999989,16.24259999999989
6393,57,92712.85205,13068.063694559,54106.500340622515,13068.063694559,1221.308,54106.500340622515,593.212,14606.11288791191,7269.002,74.364,0.0,0.0,0.0,7405.999,5631.709873093407,0.0,53975.432638819744,-5631.709873093407,25538.288014818492,16.2426,16.2426,16.2426
6394,58,96272.14892,9085.366353939,63534.5341398455,9085.366353939,1221.308,63534.5341398455,593.212,14600.543175905479,7269.002,74.364,0.0,0.0,0.0,7405.999,7512.179749689969,0.0,61112.00340102521,-7512.179749689969,23652.248426215512,16.2426,16.2426,16.2426
6395,59,99440.96957,7848.3555515200005,67267.9974312555,7848.3555515200005,1221.308,67267.9974312555,593.212,14593.776326938856,7269.002,74.364,0.0,0.0,0.0,7405.999,6833.044739714363,0.0,67603.39590375386,-6833.044739714363,24324.616587224504,16.2426,16.2426,16.2426
6396,60,102022.5744,7395.148947773,69286.1333064465,7395.148947773,1221.308,69286.1333064465,593.212,14584.505066840627,7269.002,74.364,0.0,0.0,0.0,7405.999,5807.09792106169,0.0,73120.13892876246,-5807.09792106169,25341.29214578049,16.24259999999977,16.24259999999977,16.24259999999977
6397,61,104251.6942,9902.67948977,71062.5518651215,9902.67948977,1221.308,71062.5518651215,593.212,14578.591531708204,7269.002,74.364,0.0,0.0,0.0,7405.999,7856.013686601229,0.0,80583.35193103363,-7856.013686601229,23286.4628451085,16.242599999999833,16.242599999999833,16.242599999999833
6398,62,106793.0004,8515.693898392,71282.616284391,8515.693898392,1221.308,71282.616284391,593.212,14572.01817547578,15278.064590000025,74.364,0.0,0.0,0.0,7405.999,12150.275548258789,0.0,92126.11370187948,-12150.275548258789,26994.69021721701,17.188680000000048,17.188680000000048,17.188680000000048
6399,63,108587.6405,13767.822046326,67242.025557441,13767.822046326,1221.308,67242.025557441,593.212,14562.479028309153,18949.32925997053,74.364,0.0,0.0,0.0,7405.999,15228.898392046689,0.0,106593.56717432383,-15228.898392046689,27577.792896233004,17.188679999999895,17.188679999999895,17.188679999999895
6400,64,109425.7921,16432.619004689,58295.3426487205,16432.619004689,1221.308,58295.3426487205,593.212,14555.928585053212,14329.467840000005,74.364,0.0,0.0,0.0,7405.999,3482.4489784626985,0.0,109901.8937038634,-3482.4489784626985,34697.83044659051,16.2426,16.2426,16.2426
6401,65,109093.0613,16751.171743111005,42028.309645093505,16751.171743111005,1221.308,42028.309645093505,593.212,14550.056651308296,24452.49,74.364,36.160000000000004,0.0,0.0,7405.999,0.0,1979.9902604873573,107817.69342966618,1979.9902604873573,50313.579911795496,30.763720000000017,30.763720000000017,30.763720000000017
6402,66,107541.5165,23305.128989796,18778.055217970497,23305.128989796,1221.308,18778.055217970497,593.212,14540.70502927587,25028.690000000002,74.364,469.1079999999992,257.0,0.0,7405.999,0.0,15867.946262957606,91114.59210023712,15867.946262957606,65458.33229223349,35.45800000080607,35.45800000080607,35.45800000080607
6403,67,106148.1178,26654.730350481,0.0,26654.730350481,1221.308,0.0,593.212,14534.126331305448,25028.690000000002,74.364,701.2,257.0,0.0,7405.999,0.0,29677.488118213583,59875.13092317019,29677.488118213583,79493.38744951901,35.45800000116695,35.45800000116695,35.45800000116695
6404,68,105282.4236,32020.827194177004,0.0,32020.827194177004,1221.308,0.0,593.212,14525.567290511024,25028.690000000002,74.364,701.2,257.0,0.0,7405.999,0.0,23454.256115311226,35186.44027547416,23454.256115311226,73261.59640582299,35.4580000011656,35.4580000011656,35.4580000011656
6405,69,100143.6176,34214.097455119,0.0,34214.097455119,1221.308,0.0,593.212,14519.144255878597,25028.690000000002,74.364,701.2,257.0,0.0,7405.999,0.0,16128.602889002395,18208.963550208493,16128.602889002395,65929.520144881,35.458000001166845,35.458000001166845,35.458000001166845
6406,70,92929.04158,31217.783452729,0.0,31217.783452729,1221.308,0.0,593.212,14512.597388846172,25028.690000000002,74.364,701.2,257.0,0.0,7405.999,0.0,11916.887738424808,5664.871193971854,11916.887738424808,61711.25812727101,35.45800000075212,35.45800000075212,35.45800000075212
6407,71,84904.29709,30746.226095487003,0.0,30746.226095487003,1221.308,0.0,593.212,14503.81836023974,24452.49,74.364,268.2519999999977,257.0,0.0,7405.999,0.0,5381.627634273262,0.0,5381.627634273262,54158.07099451299,33.44188,33.44188,33.44188
6408,72,79010.00287,34839.357654768006,0.0,34839.357654768006,1221.308,0.0,593.212,14497.286673207314,20378.475542024684,74.364,0.0,0.0,0.0,7405.999,0.0,0.0,0.0,0.0,44170.64521523199,17.188680000000087,17.188680000000087,17.188680000000087
6409,73,74535.46358,38906.068607969995,0.0,38906.068607969995,1221.308,0.0,593.212,14491.036608174889,11843.475363855081,74.364,0.0,0.0,0.0,7405.999,0.0,0.0,0.0,0.0,35629.39497203,17.188680000000108,17.188680000000108,17.188680000000108
6410,74,72000.96901,39115.127558962,0.0,39115.127558962,1221.308,0.0,593.212,14481.316104442465,9109.642346595521,74.364,0.0,0.0,0.0,7405.999,0.0,0.0,0.0,0.0,32885.841451038,17.18867999999995,17.18867999999995,17.18867999999995
6411,75,70596.81708,37090.408859909,0.0,37090.408859909,1221.308,0.0,593.212,14475.621959710039,9735.903260380925,74.364,0.0,0.0,0.0,7405.999,0.0,0.0,0.0,0.0,33506.40822009099,17.188680000000033,17.188680000000033,17.188680000000033
6412,76,70822.34027,36416.873758994,0.0,36416.873758994,1221.308,0.0,593.212,14468.933983477615,10641.649527528378,74.364,0.0,0.0,0.0,7405.999,0.0,0.0,0.0,0.0,34405.466511006,17.188680000000026,17.188680000000026,17.188680000000026
6413,77,73517.69649,33148.183454966995,0.0,33148.183454966995,1221.308,0.0,593.212,14459.723470645189,16614.906564387806,74.364,0.0,0.0,0.0,7405.999,0.0,0.0,0.0,0.0,40369.51303503301,17.188680000000076,17.188680000000076,17.188680000000076
6414,78,78392.42527,35511.377903675995,200.2154,35511.377903675995,1221.308,200.2154,593.212,14453.951037438756,18931.997928885245,74.364,0.0,0.0,0.0,7405.999,0.0,0.0,0.0,0.0,42680.83196632401,18.134760000000004,18.134760000000004,18.134760000000004
6415,79,83810.45065,37971.81800135,13819.186276315,37971.81800135,1221.308,13819.186276315,593.212,14447.349913206332,8277.213459128649,74.364,0.0,0.0,0.0,7405.999,0.0,0.0,0.0,0.0,32019.446372334998,16.2426,16.2426,16.2426
6416,80,87054.09147,27524.123207713,40750.3613485245,27524.123207713,1221.308,40750.3613485245,593.212,14437.912928373908,28.5,74.364,0.0,0.0,0.0,5554.499250000003,3130.1892646114284,0.0,2973.6798013808566,-3130.1892646114284,18779.6069137625,12.948900000238336,12.948900000238336,12.948900000238336
6417,81,89815.0327,19759.318746947,58832.74463163101,19759.318746947,1221.308,58832.74463163101,0.0,14431.52717387997,0.0,74.364,0.0,0.0,0.0,3702.9995000000063,8207.229352457985,0.0,10770.547686215943,-8207.229352457985,11222.969321421988,0.0,0.0,0.0
6418,82,93068.65258,14142.198991541,68952.9491153825,14142.198991541,1221.308,68952.9491153825,593.212,14422.665911347058,0.0,74.364,0.0,0.0,0.0,5554.499250000016,11892.544688270575,0.0,22068.46514007299,-11892.544688270575,9973.504473076508,9.73050000000007,9.73050000000007,9.73050000000007
6419,83,96049.32771,11648.43615561,72794.3350006535,11648.43615561,1221.308,72794.3350006535,593.212,14416.305113180433,0.0,74.364,0.0,0.0,0.0,7405.999,12104.63155944398,0.0,33567.865121544775,-12104.63155944398,11606.55655373649,9.730500000000086,9.730500000000086,9.730500000000086
6420,84,98464.40187,8718.528010573,73712.1588835875,8718.528010573,1221.308,73712.1588835875,593.212,14409.809991574004,0.0,74.364,0.0,0.0,0.0,7405.999,7670.978015734506,0.0,40855.294236492555,-7670.978015734506,16033.714975839495,9.73049999999989,9.73049999999989,9.73049999999989
6421,85,100279.4681,10344.43454971,73513.8879992865,10344.43454971,1221.308,73513.8879992865,593.212,14401.061937841574,0.0,74.364,0.0,0.0,0.0,7405.999,7274.799386838078,0.0,47766.35365398873,-7274.799386838078,16421.1455510035,9.7305,9.7305,9.7305
6422,86,101785.7028,16209.994350819,72991.752706201,16209.994350819,1221.308,72991.752706201,593.212,14394.57815594335,0.0,74.364,0.0,0.0,0.0,7405.998999999995,11105.50541296336,0.0,58316.58379630392,-11105.50541296336,12583.95574297999,9.730499999999981,9.730499999999981,9.730499999999981
6423,87,103326.9875,18287.289197192,69766.117007981,18287.289197192,1221.308,69766.117007981,593.212,14387.929126576726,0.0,74.364,0.0,0.0,0.0,7405.999,8409.230831749726,0.0,66305.35308646617,-8409.230831749726,15273.581294827003,9.7305,9.7305,9.7305
6424,88,104082.5497,24411.68790246,60818.0636325905,24411.68790246,1221.308,60818.0636325905,593.212,14378.779183482784,0.0,74.364,0.0,0.0,0.0,7405.999,4820.864018533303,0.0,70885.17390407281,-4820.864018533303,18852.798164949512,9.730500000000049,9.730500000000049,9.730500000000049
6425,89,103879.7339,30491.992457059998,44368.848534167,30491.992457059998,1221.308,44368.848534167,593.212,14372.505077011874,339.4724522112683,74.364,0.0,0.0,0.0,7405.999,0.0,5012.032379549861,65609.3503466519,5012.032379549861,29018.892908773007,9.730499999999914,9.730499999999914,9.730499999999914
6426,90,102626.8073,34193.649860551996,19545.981091062004,34193.649860551996,1221.308,19545.981091062004,593.212,14366.170975113648,17522.396612211272,74.364,20.339999999999925,0.0,0.0,7405.999,0.0,7683.385761061058,57521.575861324476,7683.385761061058,48887.176348386,24.646860000000217,24.646860000000217,24.646860000000217
6427,91,102042.8323,35182.280755181004,0.0,35182.280755181004,1221.308,0.0,593.212,14356.55128848551,25028.690000000002,74.364,469.10800000000006,257.0,0.0,7405.999,0.0,17454.319256333478,39148.608223078714,17454.319256333478,66860.551544819,35.45800000118167,35.45800000118167,35.45800000118167
6428,92,101820.5201,39107.051592322,0.0,39107.051592322,1221.308,0.0,593.212,14350.944296340595,25028.690000000002,74.364,701.2,257.0,0.0,7405.999,0.0,13080.751211337398,25379.39642167093,13080.751211337398,62713.46850767799,35.45800000080696,35.45800000080696,35.45800000080696
6429,93,97401.24846,34069.071949515004,0.0,34069.071949515004,1221.308,0.0,593.212,14344.313391046166,25028.690000000002,74.364,701.2,257.0,0.0,7405.999,0.0,13706.09011943884,10951.933138051098,13706.09011943884,63332.176510485,35.45800000117196,35.45800000117196,35.45800000117196
6430,94,90249.59015,32512.887510462,0.0,32512.887510462,1221.308,0.0,593.212,14334.865938513742,25028.690000000002,74.364,469.1079999999998,257.0,0.0,7405.999,0.0,8352.155701024258,2160.1902948676657,8352.155701024258,57736.70263953801,35.45800000116369,35.45800000116369,35.45800000116369
6431,95,82995.44764,32831.347148256,0.0,32831.347148256,1221.308,0.0,593.212,14328.386711619805,24452.49,74.364,36.15999999999998,0.0,0.0,7405.999,0.0,2052.1807801243203,0.0,2052.1807801243203,50164.100491744,30.763720000000013,30.763720000000013,30.763720000000013
6432,96,76871.44821,37494.924289939,0.0,37494.924289939,1221.308,0.0,593.212,14322.568317010895,15759.072603050077,74.364,0.0,0.0,0.0,7405.999,0.0,0.0,0.0,0.0,39376.523920061,17.18868,17.18868,17.18868
6433,1,72829.72723,36538.776343099,0.0,36538.776343099,1221.308,0.0,593.212,14313.07057624246,23688.689999999988,74.364,0.0,0.0,0.0,7405.999,11005.69268934146,0.0,10455.408054874386,-11005.69268934146,36290.950886901,17.85108,17.85108,17.85108
6434,2,70848.5977,33722.69950858199,0.0,33722.69950858199,1221.308,0.0,593.212,14306.802648622528,23688.689999999973,74.364,0.0,0.0,0.0,7405.999,10164.477457204524,0.0,20111.661639218684,-10164.477457204524,37125.89819141801,17.85108,17.85108,17.85108
6435,3,70002.59648,30611.541452816004,0.0,30611.541452816004,1221.308,0.0,593.212,14298.134069477612,23688.689999999973,74.364,0.0,0.0,0.0,7405.999,7890.65204229361,0.0,27607.781079397613,-7890.65204229361,39391.05502718399,17.85108,17.85108,17.85108
6436,4,70624.99748,26953.399300104,0.0,26953.399300104,1221.308,0.0,593.212,14291.523511107187,23688.689999999973,74.364,0.0,0.0,0.0,7405.999,3603.4983312111713,0.0,31031.104494048224,-3603.4983312111713,43671.598179896006,17.85108,17.85108,17.85108
6437,5,73602.65519,25503.574840192,0.0,25503.574840192,1221.308,0.0,593.212,14285.001258212762,24264.890000000003,74.364,20.339999999999996,0.0,0.0,7405.999,0.0,233.966091595235,30784.824397632186,233.966091595235,48099.080349808006,25.514080000000003,25.514080000000003,25.514080000000003
6438,6,78773.22018,26348.003194553,0.2669,26348.003194553,1221.308,0.2669,593.212,14276.323534480336,25028.690000000002,74.364,469.10800000000006,257.0,0.0,7405.999,0.0,3098.9455509666636,27522.776449246223,3098.9455509666636,52424.950085447,35.458,35.458,35.458
6439,7,84279.30837,25430.801740991,13151.773169093,25430.801740991,1221.308,13151.773169093,593.212,14270.041609047912,24356.710814258717,74.364,36.160000000000004,0.0,0.0,7405.999,2261.061963390655,0.0,29670.785314467346,-2261.061963390655,45696.733459916,25.97166,25.97166,25.97166
6440,8,87101.23876,24274.758240576004,40513.209074933,24274.758240576004,1221.308,40513.209074933,593.212,14263.08677584148,6986.186654258718,74.364,0.0,0.0,0.0,7405.999,8230.884985609213,0.0,37490.1260507961,-8230.884985609213,22313.271444490987,9.7305,9.7305,9.7305
6441,9,89865.7558,11416.251590526,58264.9417735885,11416.251590526,1221.308,58264.9417735885,593.212,14253.936840021546,21319.989,74.364,0.0,0.0,0.0,7405.999,24684.246404136033,0.0,60940.16013472533,-24684.246404136033,20184.56243588549,17.18868,17.18868,17.18868
6442,10,92770.97126,5956.043395675999,68692.67449703199,5956.043395675999,1221.308,68692.67449703199,593.212,14247.938977076628,15256.564589999998,74.364,0.0,0.0,0.0,7405.999,20677.133199784625,0.0,80583.43667452072,-20677.133199784625,18122.253367292025,17.18868,17.18868,17.18868
6443,11,95292.00521,6336.376306855,72605.72834945802,6336.376306855,1221.308,72605.72834945802,0.0,14241.618582044202,0.0,74.364,0.0,0.0,0.0,5554.49925,4741.889278357194,0.0,85088.23148896005,-4741.889278357194,16349.90055368698,2.272319999999997,2.272319999999997,2.272319999999997
6444,12,97620.41977,9280.534245799,73343.599206373,9280.534245799,1221.308,73343.599206373,0.0,14232.126297750263,0.0,74.364,0.0,0.0,0.0,5554.49925,6086.011229922261,0.0,90869.9421573862,-6086.011229922261,14996.286317827995,2.272319999999997,2.272319999999997,2.272319999999997
6445,13,99388.28816,8624.560009076999,73009.173543045,8624.560009076999,1221.308,73009.173543045,593.212,14226.354914079353,15256.564589999998,74.364,0.0,0.0,0.0,7405.999,21023.24789620138,0.0,110842.02765877752,-21023.24789620138,17754.554607877988,17.18868,17.18868,17.18868
6446,14,101372.7132,7919.222603768,69398.744859588,7919.222603768,1221.308,69398.744859588,593.212,14219.808039772923,21319.989,74.364,0.0,0.0,0.0,7405.999,20779.934303128954,0.0,130582.96524675001,-20779.934303128954,24054.745736644007,17.18868,17.18868,17.18868
6447,15,103090.4099,8552.04264992,68504.76868324299,8552.04264992,1221.308,68504.76868324299,593.212,14210.4645259443,21319.988999999987,74.364,0.0,0.0,0.0,7405.999,18791.737959107297,0.0,148435.11630790195,-18791.737959107297,26033.598566837012,17.18868,17.18868,17.18868
6448,16,103726.5554,9936.785101004,59529.55625342751,9936.785101004,1221.308,59529.55625342751,593.212,14203.822396724363,22914.730430000003,74.364,20.339999999999996,0.0,0.0,7405.999,12173.561781155857,0.0,160000.0,-12173.561781155857,34260.214045568486,17.18868,17.18868,17.18868
6449,17,103549.2908,6748.509088675001,43184.317393694,6748.509088675001,1221.308,43184.317393694,593.212,14195.294926779448,25028.690000000002,74.364,4840.5963908515605,257.0,0.0,7405.999,0.0,0.0,160000.0,0.0,53616.464317631006,35.004419999999996,35.004419999999996,35.004419999999996
6450,18,102623.7858,8849.122704429,18310.8352397465,8849.122704429,1221.308,18310.8352397465,593.212,14188.814992447022,25028.690000000002,74.364,26403.126150851564,257.0,0.0,7405.999,0.0,291.3137125259382,159693.3539868148,291.3137125259382,75463.8278558245,35.91158,35.91158,35.91158
6451,19,101986.6633,10080.119359696999,0.0,10080.119359696999,1221.308,0.0,593.212,14182.297295953082,25028.690000000002,74.364,35407.99428,784.2180000000001,0.0,7405.999,0.0,7208.461364349949,152105.499919078,7208.461364349949,91906.543940303,39.05722,39.05722,39.05722
6452,20,102202.5575,19220.522593313995,0.0,19220.522593313995,1221.308,0.0,593.212,14173.212853282172,25028.690000000002,74.364,34030.009,257.0,0.0,7405.999,0.0,198.2400534038257,151896.8261786529,198.2400534038257,82982.03490668599,35.91158,35.91158,35.91158
6453,21,97659.32982,27401.868754877003,0.0,27401.868754877003,1221.308,0.0,593.212,14166.68115897574,25028.690000000002,74.364,12699.571240000001,257.0,0.0,7405.999,0.0,8810.635666147251,142622.47284586632,8810.635666147251,70257.461065123,35.458,35.458,35.458
6454,22,90509.72005,25361.520108924,0.0,25361.520108924,1221.308,0.0,593.212,14160.413231355806,25028.690000000002,74.364,701.2,257.0,0.0,7405.999,0.0,15706.013709720208,126089.82683563452,15706.013709720208,65148.199941076,35.458,35.458,35.458
6455,23,83407.54155,20893.980705219998,0.0,20893.980705219998,1221.308,0.0,593.212,14150.806250457583,25028.690000000002,74.364,701.2,257.0,0.0,7405.999,0.0,13080.981594322422,112320.37252582144,13080.981594322422,62513.56084478,35.458,35.458,35.458
6456,24,77317.14357,15928.963439492,0.0,15928.963439492,1221.308,0.0,593.212,14145.097095978464,25028.690000000002,74.364,701.2,257.0,0.0,7405.999,0.0,11961.310034529522,99729.51985789563,11961.310034529522,61388.180130508,35.458,35.458,35.458
6457,25,73269.41221,10208.167692887999,0.0,10208.167692887999,1221.308,0.0,593.212,14138.409119746042,25028.690000000002,74.364,701.2,257.0,0.0,7405.999,0.0,13641.062397365937,85370.50680803675,13641.062397365937,63061.244517112,35.458,35.458,35.458
6458,26,71228.22651,8791.531352712,0.0,8791.531352712,1221.308,0.0,593.212,14129.259176652098,25028.690000000002,74.364,5432.740215632538,257.0,0.0,7405.999,0.0,8294.122765003358,76639.85126592795,8294.122765003358,62436.69515728799,35.458,35.458,35.458
6459,27,70237.87579,8687.707400595,0.0,8687.707400595,1221.308,0.0,593.212,14123.214444545185,25028.690000000002,74.364,701.2,257.0,0.0,7405.999,0.0,12145.180944859834,63855.45027133866,12145.180944859834,61550.16838940501,35.458,35.458,35.458
6460,28,70674.35962,9413.970897215,0.0,9413.970897215,1221.308,0.0,593.212,14116.69735857476,25028.690000000002,74.364,701.2,257.0,0.0,7405.999,0.0,11861.918364210256,51369.22041427523,11861.918364210256,61260.38872278501,35.458,35.458,35.458
6461,29,73605.98166,10145.041595778,0.0,10145.041595778,1221.308,0.0,593.212,14107.344701554824,25028.690000000002,74.364,701.2,257.0,0.0,7405.999,0.0,14071.82236266718,36556.775821993986,14071.82236266718,63460.940064222006,35.458,35.458,35.458
6462,30,78756.68487,9864.201593791,0.0,9864.201593791,1221.308,0.0,593.212,14100.898370048391,25028.690000000002,74.364,701.2,257.0,0.0,7405.999,0.0,19509.811906160583,16020.131710246005,19509.811906160583,68892.483276209,35.458,35.458,35.458
6463,31,84167.11027,10766.843107707002,11990.9319954925,10766.843107707002,1221.308,11990.9319954925,593.212,14094.965694915481,25028.690000000002,74.364,469.10800000000006,257.0,0.0,7405.999,0.0,12264.68847188501,3109.9333187880993,12264.68847188501,61409.335166800505,35.458,35.458,35.458
6464,32,87269.15921,8293.305810967,38525.531640273,8293.305810967,1221.308,38525.531640273,593.212,14085.66113074506,24264.890000000003,74.364,20.339999999999996,0.0,0.0,7405.999,7215.452371985041,0.0,9964.613072173888,-7215.452371985041,40450.32175876,17.85108,17.85108,17.85108
6465,33,90159.61329,4886.309503134,56446.9606483175,4886.309503134,1221.308,56446.9606483175,593.212,14079.290556251119,23688.689999999988,74.364,0.0,0.0,0.0,7405.999,18236.52041770262,0.0,27289.307468991377,-18236.52041770262,28826.343138548487,17.85108,17.85108,17.85108
6466,34,93002.60671,3093.883593224,65345.022037056,3093.883593224,1221.308,65345.022037056,593.212,14070.4525760442,23688.690000000002,74.364,0.0,0.0,0.0,7405.999,22490.32449632422,0.0,48655.11574049939,-22490.32449632422,24563.70107971999,17.85108,17.85108,17.85108
6467,35,95996.80834,3326.0203999309997,68710.74600507799,3326.0203999309997,1221.308,68710.74600507799,593.212,14064.038112211778,23688.689999999988,74.364,0.0,0.0,0.0,7405.999,23087.569177220757,0.0,70588.30645885911,-23087.569177220757,23960.041934991008,17.85108,17.85108,17.85108
6468,36,98361.13405,6088.9389948240005,70635.1468969105,6088.9389948240005,1221.308,70635.1468969105,593.212,14057.480019857643,23688.689999999973,74.364,0.0,0.0,0.0,7405.999,25404.004861592133,0.0,94722.11107737164,-25404.004861592133,21637.04815826549,17.85108,17.85108,17.85108
6469,37,100766.6648,11178.875593013,69491.898212807,11178.875593013,1221.308,69491.898212807,593.212,14048.17366925121,23688.690000000002,74.364,0.0,0.0,0.0,7405.999,26935.855675071216,0.0,120311.1739686893,-26935.855675071216,20095.890994179994,17.85108,17.85108,17.85108
6470,38,103514.3398,10500.069557757999,67170.256388504,10500.069557757999,1221.308,67170.256388504,593.212,14042.091776714498,23688.690000000002,74.364,0.0,0.0,0.0,7405.999,21181.650922976503,0.0,140433.74234551698,-21181.650922976503,25844.013853737997,17.85108,17.85108,17.85108
6471,39,105692.5285,10679.177495041,63979.649812177006,10679.177495041,1221.308,63979.649812177006,593.212,14035.84713142056,23688.690000000002,74.364,0.0,0.0,0.0,7405.999,15985.718938638582,0.0,155620.17533722363,-15985.718938638582,31033.70119278199,17.85108,17.85108,17.85108
6472,40,106844.8511,9616.491143420999,54232.41372221599,9616.491143420999,1221.308,54232.41372221599,593.212,14026.174984653937,24264.890000000003,74.364,20.339999999999996,0.0,0.0,7405.999,4610.341750290934,0.0,160000.0,-4610.341750290934,42995.946234363015,17.85108,17.85108,17.85108
6473,41,106630.821,8548.128990401001,38510.651531101495,8548.128990401001,1221.308,38510.651531101495,593.212,14020.591743309018,25028.690000000002,74.364,469.10800000000006,257.0,0.0,7405.999,0.0,10501.767735188483,148945.50764717002,10501.767735188483,59572.040478497496,35.458,35.458,35.458
6474,42,105351.4474,7665.096999408001,14484.9561439365,7665.096999408001,1221.308,14484.9561439365,593.212,14013.984129010794,25028.690000000002,74.364,12699.571240000001,257.0,0.0,7405.999,0.0,21907.265887644695,125885.22776543876,21907.265887644695,83201.39425665549,35.458,35.458,35.458
6475,43,104302.5456,9341.355093701999,0.0,9341.355093701999,1221.308,0.0,593.212,14004.669787116854,25028.690000000002,74.364,38178.04548,784.2180000000001,0.0,7405.999,0.0,7670.684239181139,117810.82330314282,7670.684239181139,94961.190506298,41.041309999999996,41.041309999999996,41.041309999999996
6476,44,103546.0451,13243.089104088,0.0,13243.089104088,1221.308,0.0,593.212,13998.734167911747,25028.690000000002,74.364,34030.009,529.912,0.0,7405.999,0.0,7420.727828000281,109999.53085261621,7420.727828000281,90302.95599591201,38.32754,38.32754,38.32754
6477,45,98802.22164,13601.476248046003,0.0,13601.476248046003,1221.308,0.0,593.212,13992.23520461732,25028.690000000002,74.364,34030.009,529.912,0.0,7405.999,0.0,2325.016187336683,107552.14539226181,2325.016187336683,85200.745391954,38.32754,38.32754,38.32754
6478,46,92073.26946,16077.270443553998,0.0,16077.270443553998,1221.308,0.0,593.212,13982.812210323378,25028.690000000002,74.364,12699.571240000001,257.0,0.0,7405.999,0.0,14733.042566122616,92043.67953318538,14733.042566122616,75995.999016446,35.458,35.458,35.458
6479,47,84662.33808,14224.384240894,0.0,14224.384240894,1221.308,0.0,593.212,13976.197134390954,25028.690000000002,74.364,701.2,257.0,0.0,7405.999,0.0,21179.983704715036,69748.95984401165,21179.983704715036,70437.953839106,35.458,35.458,35.458
6480,48,78554.14022,16097.564843913999,0.0,16097.564843913999,1221.308,0.0,593.212,13967.199922308038,25028.690000000002,74.364,3927.726024962997,257.0,0.0,7405.999,0.0,9981.076428814946,59242.563603153816,9981.076428814946,62456.575376086,35.458,35.458,35.458
6481,49,74382.23276,15901.006089068998,0.0,15901.006089068998,1221.308,0.0,593.212,13960.871246026103,25028.690000000002,74.364,701.2,257.0,0.0,7405.999,0.0,9238.582424904902,49517.739997990764,9238.582424904902,58481.226670931,35.458,35.458,35.458
6482,50,72097.25041,19498.868450425005,0.0,19498.868450425005,1221.308,0.0,593.212,13954.44820411967,25028.690000000002,74.364,701.2,257.0,0.0,7405.999,0.0,3362.1607554553207,45978.62341330096,3362.1607554553207,52598.38195957499,35.458,35.458,35.458
6483,51,70740.56936,18192.639008535,0.0,18192.639008535,1221.308,0.0,593.212,13945.67097984876,25028.690000000002,74.364,701.2,257.0,0.0,7405.999,0.0,3320.486371616216,42483.37460107336,3320.486371616216,52547.930351464995,35.458,35.458,35.458
6484,52,70871.09094,15908.478499366,0.0,15908.478499366,1221.308,0.0,593.212,13939.27171347834,25028.690000000002,74.364,701.2,257.0,0.0,7405.999,0.0,5741.567727155658,36439.61909880424,5741.567727155658,54962.612440633995,35.458,35.458,35.458
6485,53,73706.02178,13799.118692957001,0.0,13799.118692957001,1221.308,0.0,593.212,13932.637669122396,25028.690000000002,74.364,701.2,257.0,0.0,7405.999,0.0,10692.492417920583,25184.363922045733,10692.492417920583,59906.90308704299,35.458,35.458,35.458
6486,54,78517.26406,18869.357795034,0.0,18869.357795034,1221.308,0.0,593.212,13923.41197628997,25028.690000000002,74.364,701.2,257.0,0.0,7405.999,0.0,10442.721288676008,14192.025723439412,10442.721288676008,59647.906264966005,35.458,35.458,35.458
6487,55,83712.50553,13645.846353101,7617.1548062865,13645.846353101,1221.308,7617.1548062865,593.212,13917.398933345057,25028.690000000002,74.364,469.10800000000006,257.0,0.0,7405.999,0.0,13482.424437267442,0.0,13482.424437267442,62449.504370612485,35.458,35.458,35.458
6488,56,86849.5157,9647.574511264,33964.063941983004,9647.574511264,1221.308,33964.063941983004,593.212,13911.029848051117,22914.730430000003,74.364,20.339999999999996,0.0,0.0,7405.999,2903.1060312980662,0.0,2757.950729733163,-2903.1060312980662,43237.877246753,17.18868,17.18868,17.18868
6489,57,89997.15487,3852.1323526180004,52124.577738661494,3852.1323526180004,1221.308,52124.577738661494,593.212,13901.45045351869,21319.989,74.364,0.0,0.0,0.0,7405.999,10495.877674798177,0.0,12729.034520791432,-10495.877674798177,34020.4447787205,17.18868,17.18868,17.18868
6490,58,93268.42221,2490.3521007120003,62836.834398245504,2490.3521007120003,1221.308,62836.834398245504,593.212,13895.702359447781,21319.989,74.364,0.0,0.0,0.0,7405.999,16569.33864840529,0.0,28469.906236776456,-16569.33864840529,27941.2357110425,17.18868,17.18868,17.18868
6491,59,96299.92241,3524.2086930900005,66270.13490971,3524.2086930900005,1221.308,66270.13490971,593.212,13889.254992953842,19664.094490637122,74.364,0.0,0.0,0.0,7405.999,16342.653676390973,0.0,43995.42722934788,-16342.653676390973,26505.5788072,17.18868,17.18868,17.18868
6492,60,98695.16465,5508.25244337,67241.7069603265,5508.25244337,1221.308,67241.7069603265,593.212,13879.968551459415,11655.031900637125,74.364,0.0,0.0,0.0,7405.999,8884.678205793025,0.0,52435.87152485125,-8884.678205793025,25945.205246303507,17.18868,17.18868,17.18868
6493,61,101027.9905,6986.902056608,67921.485744864,6986.902056608,1221.308,67921.485744864,593.212,13873.21688388899,19664.094490637122,74.364,0.0,0.0,0.0,7405.999,16712.591675998116,0.0,68312.83361704946,-16712.591675998116,26119.602698528004,17.18868,17.18868,17.18868
6494,62,103494.1823,8012.284106416,66833.859943088,8012.284106416,1221.308,66833.859943088,593.212,13867.594711744076,21319.988999999958,74.364,0.0,0.0,0.0,7405.999,15834.428461248046,0.0,83355.5406552351,-15834.428461248046,28648.038250496,17.18868,17.18868,17.18868
6495,63,105106.8336,10710.970951766001,62474.952053393,10710.970951766001,1221.308,62474.952053393,593.212,13858.030606853932,21319.989,74.364,0.0,0.0,0.0,7405.999,12551.99201201294,0.0,95279.9330666474,-12551.99201201294,31920.910594841007,17.18868,17.18868,17.18868
6496,64,105785.8616,13524.132442679,53523.065200651,13524.132442679,1221.308,53523.065200651,593.212,13851.734974555708,14329.467840000001,74.364,0.0,0.0,0.0,7405.999,0.0,1262.5781421143088,93950.90344336918,1262.5781421143088,38738.66395667001,16.2426,16.2426,16.2426
6497,65,105162.8156,14595.417192838,37551.880390295504,14595.417192838,1221.308,37551.880390295504,593.212,13843.105349550598,24452.49,74.364,448.7680000000001,257.0,0.0,7405.999,0.0,4719.271667315892,88983.24905672087,4719.271667315892,53015.5180168665,34.785560000000004,34.785560000000004,34.785560000000004
6498,66,102837.806,17272.177949463,14155.4670147235,17272.177949463,1221.308,14155.4670147235,593.212,13836.469833456658,25028.690000000002,74.364,701.2,257.0,0.0,7405.999,0.0,22291.91820235683,65518.07200160842,22291.91820235683,71410.1610358135,35.458,35.458,35.458
6499,67,100888.0632,21711.114605094,0.0,21711.114605094,1221.308,0.0,593.212,13830.023220658433,25028.690000000002,74.364,701.2,257.0,0.0,7405.999,0.0,30065.152374247555,33870.543186611,30065.152374247555,79176.948594906,35.458,35.458,35.458
6500,68,99881.09379,33503.721741862,0.0,33503.721741862,1221.308,0.0,593.212,13820.406657026006,25028.690000000002,74.364,701.2,257.0,0.0,7405.999,0.0,17275.192391111996,15686.130143335215,17275.192391111996,66377.372048138,35.458,35.458,35.458
6501,69,95523.72692,37431.730009551,0.0,37431.730009551,1221.308,0.0,593.212,13814.705612146892,25028.690000000002,74.364,701.2,257.0,0.0,7405.999,0.0,8995.51829830212,6217.16351354351,8995.51829830212,58091.996910449,35.458,35.458,35.458
6502,70,90331.16285,37005.37185114701,0.0,37005.37185114701,1221.308,0.0,593.212,13808.273425652951,25028.690000000002,74.364,469.10800000000006,257.0,0.0,7405.999,0.0,4467.836573200066,1514.1776470171253,4467.836573200066,53325.79099885299,35.458,35.458,35.458
6503,71,84216.98,35196.132358979,0.0,35196.132358979,1221.308,0.0,593.212,13798.845876354724,24452.49,74.364,36.160000000000004,0.0,0.0,7405.999,0.0,1438.4687646662692,0.0,1438.4687646662692,49020.847641021,30.76372,30.76372,30.76372
6504,72,78490.35237,32884.035093983,0.0,32884.035093983,1221.308,0.0,593.212,13792.973948487617,22518.46032752937,74.364,0.0,0.0,0.0,7405.999,0.0,0.0,0.0,0.0,45606.31727601699,17.85108,17.85108,17.85108
6505,73,74544.95935,33121.496209929,0.0,33121.496209929,1221.308,0.0,593.212,13786.501213055677,18342.07892701531,74.364,0.0,0.0,0.0,7405.999,0.0,0.0,0.0,0.0,41423.463140071006,17.18868,17.18868,17.18868
6506,74,72151.61436,35325.046542036,0.0,35325.046542036,1221.308,0.0,593.212,13776.772797423251,13754.912020540722,74.364,0.0,0.0,0.0,7405.999,0.0,0.0,0.0,0.0,36826.56781796401,17.18868,17.18868,17.18868
6507,75,70448.79591,37914.299599310005,0.0,37914.299599310005,1221.308,0.0,593.212,13771.105056616332,9468.508254073653,74.364,0.0,0.0,0.0,7405.999,0.0,0.0,0.0,0.0,32534.496310689996,17.18868,17.18868,17.18868
6508,76,69699.45426,34630.604402234996,0.0,34630.604402234996,1221.308,0.0,593.212,13764.389351222395,12009.577506542582,74.364,0.0,0.0,0.0,7405.999,0.0,0.0,0.0,0.0,35068.849857765,17.18868,17.18868,17.18868
6509,77,70271.24793,32365.234205778997,0.0,32365.234205778997,1221.308,0.0,593.212,13755.10807665197,14856.02264756902,74.364,0.0,0.0,0.0,7405.999,0.0,0.0,0.0,0.0,37906.013724221004,17.18868,17.18868,17.18868
6510,78,71450.30633,36696.601004021,0.0,36696.601004021,1221.308,0.0,593.212,13748.435280419544,11710.387045559453,74.364,0.0,0.0,0.0,7405.999,0.0,0.0,0.0,0.0,34753.705325979005,17.18868,17.18868,17.18868
6511,79,73838.58303,38360.847394977005,9670.906188257999,38360.847394977005,1221.308,9670.906188257999,593.212,13739.823779486635,4623.62241727833,74.364,0.0,0.0,0.0,5554.49925,0.0,0.0,0.0,0.0,25806.82944676499,16.2426,16.2426,16.2426
6512,80,76873.53597,33249.381704957,38111.580055579994,33249.381704957,1221.308,38111.580055579994,0.0,13733.579134192694,0.0,74.364,0.0,0.0,0.0,3702.9995,13219.676424729705,0.0,12558.692603493218,-13219.676424729705,5512.574209463004,0.0,0.0,0.0
6513,81,81554.57868,13793.532896499,56489.4682924155,13793.532896499,1221.308,56489.4682924155,163.998,13726.827466622268,0.0,74.364,0.0,0.0,0.0,1851.49975,5766.419725536753,0.0,18036.79134275313,-5766.419725536753,11271.577491085503,5.490719999999996,5.490719999999996,5.490719999999996
6514,82,85428.43975,9639.381359587998,66292.148958651,9639.381359587998,1221.308,66292.148958651,0.0,13718.262998815353,0.0,74.364,0.0,0.0,0.0,0.0,5517.025567054347,0.0,23277.96563145476,-5517.025567054347,9496.909431761014,0.0,0.0,0.0
6515,83,88920.71522,10505.255590653,71143.902891896,10505.255590653,1221.308,71143.902891896,0.0,13711.627482721411,0.0,74.364,0.0,0.0,0.0,0.0,7735.742745270411,0.0,30626.92123946165,-7735.742745270411,7271.556737450999,0.0,0.0,0.0
6516,84,91986.34786,11624.000155763,71475.34591528599,11624.000155763,1221.308,71475.34591528599,0.0,13705.322267688987,0.0,74.364,0.0,0.0,0.0,0.0,6113.992478737976,0.0,36435.21409426273,-6113.992478737976,8887.001788951005,0.0,0.0,0.0
6517,85,94446.47405,15751.034859329,71637.75583169,15751.034859329,1221.308,71637.75583169,0.0,13695.791230122362,0.0,74.364,0.0,0.0,0.0,0.0,7933.779871141341,0.0,43972.30497184701,-7933.779871141341,7057.683358981012,0.0,0.0,0.0
6518,86,96834.86138,22221.252789724003,70509.976322091,22221.252789724003,1221.308,70509.976322091,0.0,13689.915728824137,0.0,74.364,0.0,0.0,0.0,0.0,10881.955460639128,0.0,54310.162659454174,-10881.955460639128,4103.632268185,0.0,0.0,0.0
6519,87,99344.60673,28647.836557474995,67419.277184677,28647.836557474995,1221.308,67419.277184677,0.0,13683.360752191711,0.0,74.364,0.0,0.0,0.0,1851.49975,13553.039514343724,0.0,67185.55019808072,-13553.039514343724,3277.4929878480034,0.0,0.0,0.0
6520,88,100903.0814,25706.601144401,58010.8765382065,25706.601144401,1221.308,58010.8765382065,0.0,13674.064280159286,0.0,74.364,0.0,0.0,0.0,3702.9995,1487.132062766787,0.0,68598.32565770917,-1487.132062766787,17185.603717392485,0.0,0.0,0.0
6521,89,101067.919,26148.234191972,40489.949394135,26148.234191972,1221.308,40489.949394135,593.212,13668.113473680172,7088.965840000001,74.364,0.0,0.0,0.0,5554.49925,0.0,6229.27285021282,62041.19634169567,6229.27285021282,34429.73541389299,16.2426,16.2426,16.2426
6522,90,100007.1996,36044.917598988,15019.1333437375,36044.917598988,1221.308,15019.1333437375,593.212,13661.799971520428,24452.49,74.364,36.160000000000004,0.0,0.0,7405.999,0.0,1497.815685754059,60464.54825142824,1497.815685754059,48943.148657274505,30.76372,30.76372,30.76372
6523,91,98644.47376,40798.267143717996,0.0,40798.267143717996,1221.308,0.0,593.212,13652.206696091804,25028.690000000002,74.364,469.10800000000006,257.0,0.0,7405.999,0.0,9144.318920190213,50838.94938807012,9144.318920190213,57846.206616282,35.458,35.458,35.458
6524,92,97754.222,42107.611010657005,0.0,42107.611010657005,1221.308,0.0,593.212,13645.909590659383,25028.690000000002,74.364,701.2,257.0,0.0,7405.999,0.0,6718.928398683596,43766.393178929495,6718.928398683596,55646.61098934299,35.458,35.458,35.458
6525,93,93676.17068,41128.266549154,0.0,41128.266549154,1221.308,0.0,593.212,13639.801285526955,24452.49,74.364,448.7680000000001,257.0,0.0,7405.999,0.0,4454.961845319054,39076.95965754102,4454.961845319054,52547.90413084599,34.785560000000004,34.785560000000004,34.785560000000004
6526,94,88498.21594,41122.54380815,0.0,41122.54380815,1221.308,0.0,593.212,13630.645922694528,11153.493038037152,74.364,0.0,0.0,0.0,7405.999,0.0,13296.650171118277,25080.48579320599,13296.650171118277,47375.67213184999,16.2426,16.2426,16.2426
6527,95,82709.25758,39349.418850023,0.0,39349.418850023,1221.308,0.0,593.212,13624.340707662102,7269.002,74.364,0.0,0.0,0.0,7405.999,0.0,13171.61302231488,11215.62998024296,13171.61302231488,43359.838729977004,17.18868,17.18868,17.18868
6528,96,77303.08,36469.028091952,0.0,36469.028091952,1221.308,0.0,593.212,13615.318426817194,7269.002,74.364,0.0,0.0,0.0,7405.999,0.0,10654.848481230812,0.0,10654.848481230812,40834.051908048,17.18868,17.18868,17.18868
6529,1,73204.36821,38077.053955211006,0.0,38077.053955211006,1221.308,0.0,593.212,13608.934161523248,21319.988999999707,74.364,0.0,0.0,0.0,7405.999,9096.491906734238,0.0,8641.667311397527,-9096.491906734238,35127.314254788995,17.18867999999996,17.18867999999996,17.18867999999996
6530,2,70520.07806,36761.30065203601,0.0,36761.30065203601,1221.308,0.0,593.212,13602.238075690824,21319.989,74.364,0.0,0.0,0.0,7405.999,10458.332667725806,0.0,18577.083345736726,-10458.332667725806,33758.77740796399,17.188679999999863,17.188679999999863,17.188679999999863
6531,3,68715.52139,41828.04644171,0.0,41828.04644171,1221.3080000030077,0.0,593.2119999962122,13593.0356724584,15278.064589996251,74.364,0.0,0.0,0.0,7405.999,11278.508314166376,0.0,29291.666244198117,-11278.508314166376,26887.474948289993,17.188680000000108,17.188680000000108,17.188680000000108
6532,4,68087.27556,41340.084154379,0.0,41340.084154379,1221.308,0.0,593.212,13587.263246525974,7269.002,74.364,0.0,0.0,0.0,7405.999,3403.956840904979,0.0,32525.425243057845,-3403.956840904979,26747.191405620993,16.242599999999953,16.242599999999953,16.242599999999953
6533,5,68273.36431,39933.944747654,0.0,39933.944747654,1221.308,0.0,593.212,13580.401051493547,9181.035972567777,74.364,0.0,0.0,0.0,7405.999,3716.9004617153223,0.0,36056.480681687404,-3716.9004617153223,28339.419562346004,16.526279999999996,16.526279999999996,16.526279999999996
6534,6,69329.29421,40358.078157177995,81.46050000000001,40358.078157177995,1221.308,81.46050000000001,593.212,13570.948879387115,17190.098562567775,74.364,0.0,0.0,0.0,7405.999,11166.174889132903,0.0,46664.34682636366,-11166.174889132903,28889.755552821996,17.851079999999996,17.851079999999996,17.851079999999996
6535,7,71016.40044,35077.32749407,11955.422209592,35077.32749407,1221.308,11955.422209592,593.212,13565.23806545469,15256.56459,74.364,0.0,0.0,0.0,5554.499250000001,12281.535169118706,0.0,58331.80523702643,-12281.535169118706,23983.650736338,17.188679999999927,17.188679999999927,17.188679999999927
6536,8,74053.44314,27707.818551935,40060.7235599885,27707.818551935,1221.30800000208,40060.7235599885,0.0,13558.622340160266,0.0,74.364,0.0,0.0,0.0,3702.999500000014,12272.392812086398,0.0,69990.57840850852,-12272.392812086398,6284.9010280765,0.0,0.0,0.0
6537,9,78533.54327,15402.610696303003,58241.6141133165,15402.610696303003,1221.308,58241.6141133165,11.235,13549.38810598749,0.0,74.364,0.0,0.0,0.0,1851.499750000025,11818.476395609752,0.0,81218.13098434098,-11818.476395609752,4889.318460380491,3.882240000000277,3.882240000000277,3.882240000000277
6538,10,83035.90745,13408.099358338999,68908.054910346,13408.099358338999,1221.308,68908.054910346,0.0,13543.247833344923,0.0,74.364,0.0,0.0,0.0,0.0,14119.166652029948,0.0,94631.33930376648,-14119.166652029948,719.7531813149981,0.0,0.0,0.0
6539,11,86797.01148,14356.99495446,72703.546207393,14356.99495446,1221.308,72703.546207393,0.0,13537.01837532171,0.0,74.364,0.0,0.0,0.0,0.0,15096.220057174698,0.0,108972.74835808853,-15096.220057174698,-263.5296818529896,0.0,0.0,0.0
6540,12,90767.9013,15951.68365766,73905.6115505035,15951.68365766,1221.308,73905.6115505035,0.0,13527.364352630335,0.0,74.364,0.0,0.0,0.0,0.0,13912.430260793855,0.0,122189.55710584288,-13912.430260793855,910.6060918364965,0.0,0.0,0.0
6541,13,94574.47175,19351.575958251,73966.9047959545,19351.575958251,1221.308,73966.9047959545,0.0,13520.965078983014,0.0,74.364,0.0,0.0,0.0,0.0,13560.646083188498,0.0,135072.17088487226,-13560.646083188498,1255.9909957945056,0.0,0.0,0.0
6542,14,98160.6145,16150.990654748002,70639.3038020395,16150.990654748002,1221.308,70639.3038020395,0.0,13512.505255057511,0.0,74.364,0.0,0.0,0.0,1851.4997500000209,5289.356961845053,0.0,140097.05999862764,-5289.356961845053,11370.320043212487,0.0,0.0,0.0
6543,15,101601.5174,19591.531405014004,69910.41716179051,19591.531405014004,1221.308,69910.41716179051,0.0,13505.864319221373,0.0,74.364,0.0,0.0,0.0,3702.999500000011,6404.966986025887,0.0,146181.7786353525,-6404.966986025887,12099.568833195488,0.0,0.0,0.0
6544,16,104048.1059,19027.499791383998,60152.037445029506,19027.499791383998,1221.308,60152.037445029506,593.212,13499.48317692686,14307.967839996028,74.364,0.0,0.0,0.0,5554.499250000001,10382.265603336375,0.0,156044.9309585283,-10382.265603336375,24868.568663586484,16.242599999999868,16.242599999999868,16.242599999999868
6545,17,105202.4459,19351.229608323,42943.780250787,19351.229608323,1221.308,42943.780250787,593.212,13490.553610860234,24264.890000000003,74.364,20.339999999999883,0.0,0.0,7405.999,4163.2305699679255,0.0,160000.0,-4163.2305699679255,42907.43604089,22.679400000001316,22.679400000001316,22.679400000001316
6546,18,104840.8153,18058.78679504,16489.5750096765,18058.78679504,1221.308,16489.5750096765,593.212,13484.23321582781,25028.690000000002,74.364,469.10800000000006,257.0,0.0,7405.999,0.0,21758.53927945571,137096.2744426782,21758.53927945571,70292.45349528351,35.45800000000022,35.45800000000022,35.45800000000022
6547,19,103751.6533,17514.339055214,0.0,17514.339055214,1221.308,0.0,593.212,13477.640774255577,25028.690000000002,74.364,701.2,257.0,0.0,7405.999,0.0,37477.90047053043,97645.85289475144,37477.90047053043,86237.314244786,35.45799999999996,35.45799999999996,35.45799999999996
6548,20,102293.7148,18176.748606865,0.0,18176.748606865,1221.308,0.0,593.212,13468.193321723153,25028.690000000002,74.364,701.2,257.0,0.0,7405.999,0.0,35366.99987141188,60417.43197747578,35366.99987141188,84116.966193135,35.45799999999893,35.45799999999893,35.45799999999893
6549,21,97074.66322,28179.935507861,0.0,28179.935507861,1221.308,0.0,593.212,13462.318733456528,25028.690000000002,74.364,701.2,257.0,0.0,7405.999,0.0,20150.635978682476,39206.236210441595,20150.635978682476,68894.727712139,35.45800000000121,35.45800000000121,35.45800000000121
6550,22,89847.5575,26854.978007302998,0.0,26854.978007302998,1221.308,0.0,593.212,13455.895698824103,25028.690000000002,74.364,701.2,257.0,0.0,7405.999,0.0,14254.910793874067,24201.06695373205,14254.910793874067,62992.579492697,35.45800000000008,35.45800000000008,35.45800000000008
6551,23,81331.71071,26495.259504994996,0.0,26495.259504994996,1221.308,0.0,593.212,13446.382786725875,25028.690000000002,74.364,469.10799999999466,257.0,0.0,7405.999,0.0,6340.387418279553,17526.97493449062,6340.387418279553,54836.451205005,35.45800000000007,35.45800000000007,35.45800000000007
6552,24,75916.80811,26846.578298656,0.0,26846.578298656,1221.308,0.0,593.212,13440.789790997253,24452.49,74.364,36.160000000000004,0.0,0.0,7405.999,0.0,1845.9070203467509,15583.91491307324,1845.9070203467509,49070.229811344,30.763719999999864,30.763719999999864,30.763719999999864
6553,25,71947.94533,26550.185155851002,0.0,26550.185155851002,1221.308,0.0,593.212,13434.116994764825,23532.48900861078,74.364,0.0,0.0,0.0,7405.999,863.72882922663,0.0,16404.45730083864,-863.72882922663,45397.760174149,18.51347999999978,18.51347999999978,18.51347999999978
6554,26,69548.01377,31410.544252649,0.0,31410.544252649,1221.308,0.0,593.212,13424.835712920392,22182.329438607852,74.364,0.0,0.0,0.0,7405.999,6764.578634180441,0.0,22830.807003310205,-6764.578634180441,38137.469517351004,17.188679999999813,17.188679999999813,17.188679999999813
6555,27,68374.02375,28696.988750659002,0.0,28696.988750659002,1221.308,0.0,593.212,13418.11073882597,21319.988999999412,74.364,0.0,0.0,0.0,7405.999,4355.947739486048,0.0,26968.957355822167,-4355.947739486048,39677.03499934099,17.188679999999934,17.188679999999934,17.188679999999934
6556,28,69317.04054,29357.539456471,0.0,29357.539456471,1221.308,0.0,593.212,13412.556214093544,22338.530429997412,74.364,0.0,0.0,0.0,7405.999,5086.468560563651,0.0,31801.102488358483,-5086.468560563651,39959.501083529,17.188679999999813,17.188679999999813,17.188679999999813
6557,29,71991.83958,25640.763943298,0.0,25640.763943298,1221.308,0.0,593.212,13403.33052126112,24264.890000000003,74.364,20.33999999999597,0.0,0.0,7405.999,632.3678845591188,0.0,32401.851978689647,-632.3678845591188,46351.075636702,18.513479999999884,18.513479999999884,18.513479999999884
6558,30,77679.46718,19723.412597345003,0.0,19723.412597345003,1221.308,0.0,593.212,13396.398984928697,25028.690000000002,74.364,469.1079999999701,257.0,0.0,7405.999,0.0,9509.974597726607,22391.352402135322,9509.974597726607,57956.05458265501,35.45800000000206,35.45800000000206,35.45800000000206
6559,31,83467.0212,18501.072442888,13326.092783244,18501.072442888,1221.308,13326.092783244,593.212,13387.93916239627,24452.49,74.364,448.7680000000001,257.0,0.0,7405.999,0.0,3798.7758114717253,18392.64102163914,3798.7758114717253,51639.855973868005,35.45800000000187,35.45800000000187,35.45800000000187
6560,32,86900.91672,27029.278999745,40795.18070843149,27029.278999745,1221.308,40795.18070843149,0.0,13380.951638489838,7081.96583999996,74.364,0.0,0.0,0.0,5554.499250000001,8236.631716666318,0.0,26217.441152472144,-8236.631716666318,19076.4570118235,0.24415999999866145,0.24415999999866145,0.24415999999866145
6561,33,90597.51185,23273.629096964996,58696.5447041825,23273.629096964996,1221.308,58696.5447041825,593.212,13374.701573457414,15256.56459000003,74.364,0.0,0.0,0.0,7405.999,29298.811114604952,0.0,54051.31171134685,-29298.811114604952,8627.338048852493,17.18867999999986,17.18867999999986,17.18867999999986
6562,34,94459.23501,17391.007255102,69099.47600130751,17391.007255102,1221.308,69099.47600130751,0.0,13365.177436037477,0.0,74.364,0.0,0.0,0.0,5554.499249999984,12246.59693244698,0.0,65685.57879717147,-12246.59693244698,7968.751753590492,0.0,0.0,0.0
6563,35,98599.59503,16518.788109835,72518.4096384325,16518.788109835,1221.308,72518.4096384325,593.212,13359.390865092562,15256.564590003552,74.364,0.0,0.0,0.0,7405.999,28348.441173363626,0.0,92616.59791187025,-28348.441173363626,9562.397281732498,17.188679999983098,17.188679999983098,17.188679999983098
6564,36,102890.1559,18591.886959218,74126.5365561345,18591.886959218,1221.308,74126.5365561345,0.0,13352.843998062135,0.0,74.364,0.0,0.0,0.0,5554.499249999988,10031.282863414972,0.0,102146.31663211448,-10031.282863414972,10171.732384647505,0.0,0.0,0.0
6565,37,107043.1429,18899.763956779,74511.65400939349,18899.763956779,1221.308,74511.65400939349,593.212,13343.515665627714,15256.56459,74.364,0.0,0.0,0.0,7405.999,24263.23832180021,0.0,125196.39303782258,-24263.23832180021,13631.724933827514,17.188679999999884,17.188679999999884,17.188679999999884
6566,38,111216.7948,16336.162456265003,71150.058706721,16336.162456265003,1221.308,71150.058706721,593.212,13337.533289695286,21319.989,74.364,0.0,0.0,0.0,7405.999,20221.831652683195,0.0,144407.13310786872,-20221.831652683195,23730.573637013993,17.1886799999999,17.1886799999999,17.1886799999999
6567,39,114316.9244,13298.609594578,70730.77663979949,13298.609594578,1221.308,70730.77663979949,593.212,13331.194457288853,21319.989,74.364,0.0,0.0,0.0,7405.999,13658.52829166634,0.0,157382.73498494673,-13658.52829166634,30287.53816562252,17.18868000000008,17.18868000000008,17.18868000000008
6568,40,116571.6169,12725.857440765001,61049.24394089851,12725.857440765001,1221.308,61049.24394089851,593.212,13321.577893656433,22914.730430000003,74.364,20.339999999999883,0.0,0.0,7405.999,2755.0158053199357,0.0,160000.0,-2755.0158053199357,42796.515518336484,17.18868000000012,17.18868000000012,17.18868000000012
6569,41,116836.0951,12056.595251537,43625.846319797,12056.595251537,1221.308,43625.846319797,593.212,13315.947440262005,25028.690000000002,74.364,469.10800000000006,257.0,0.0,7405.999,0.0,12788.025088404096,146538.92095957472,12788.025088404096,61153.65352866601,35.45800000000053,35.45800000000053,35.45800000000053
6570,42,115254.4583,12286.153893155999,16622.162609604,12286.153893155999,1221.308,16622.162609604,593.212,13309.195772691583,25028.690000000002,74.364,7698.6226901852015,257.0,0.0,7405.999,0.0,30757.750334363198,114162.34166024503,30757.750334363198,86346.14179724,35.4579999999991,35.4579999999991,35.4579999999991
6571,43,112877.2912,21516.25204029,0.0,21516.25204029,1221.308,0.0,593.212,13299.970078462957,25028.690000000002,74.364,3480.496081247019,257.0,0.0,7405.999,0.0,40000.0,72057.07850235404,40000.0,91361.03915971001,35.4579999999995,35.4579999999995,35.4579999999995
6572,44,110358.9408,34035.290390049995,0.0,34035.290390049995,1221.308,0.0,593.212,13293.475671569015,25028.690000000002,74.364,701.2,257.0,0.0,7405.999,0.0,27748.401738375916,42848.23456721204,27748.401738375916,76323.65040995,35.457999999999885,35.457999999999885,35.457999999999885
6573,45,103880.5802,37161.12028965099,0.0,37161.12028965099,1221.308,0.0,593.212,13284.808565558302,25028.690000000002,74.364,701.2,257.0,0.0,7405.999,0.0,18152.87834478553,23739.941572699652,18152.87834478553,66719.459910349,35.45799999999933,35.45799999999933,35.45799999999933
6574,46,95427.22301,31035.909550763998,0.0,31035.909550763998,1221.308,0.0,593.212,13278.409297791673,25028.690000000002,74.364,701.2,257.0,0.0,7405.999,0.0,15831.131161442921,7075.5929817071055,15831.131161442921,64391.313459236,35.4579999999997,35.4579999999997,35.4579999999997
6575,47,86696.77851,31653.562855819,0.0,31653.562855819,1221.308,0.0,593.212,13271.721321559247,25028.690000000002,74.364,469.10800000000006,257.0,0.0,7405.999,0.0,6721.81333262175,0.0,6721.81333262175,55043.215654181,35.457999999999984,35.457999999999984,35.457999999999984
6576,48,79737.40602,39732.463149186,0.0,39732.463149186,1221.308,0.0,593.2119999997572,13263.261499026825,17426.458371787197,74.364,20.339999999999883,0.0,0.0,7405.999,0.0,0.0,0.0,0.0,40004.942870814,18.134760000000128,18.134760000000128,18.134760000000128
6577,49,75281.08103,47220.702097137,0.0,47220.702097137,1221.308,0.0,593.212,13256.526655028598,5508.969277834389,74.364,0.0,0.0,0.0,7405.999,0.0,0.0,0.0,0.0,28060.378932863,16.242599999998554,16.242599999998554,16.242599999998554
6578,50,72306.66777,52753.88554605401,0.0,52753.88554605401,1221.308,0.0,593.212,13250.056608061974,28.499999999999996,74.364,0.0,0.0,0.0,7405.999,3020.657384115937,0.0,2869.624514908042,-3020.657384115937,19552.782223945993,16.242599999999918,16.242599999999918,16.242599999999918
6579,51,70733.34276,56521.795344885,0.0,56521.795344885,1221.308,0.0,0.0,13240.648793768032,0.0,74.364,0.0,0.0,0.0,5554.49924999999,5879.272628653034,0.0,8454.933512129579,-5879.272628653034,14211.547415114997,3.218400000000088,3.218400000000088,3.218400000000088
6580,52,70631.8952,54981.856144285994,0.0,54981.856144285994,1221.308,0.0,0.0,13234.885512423116,0.0,74.364,0.0,0.0,0.0,5554.499249999995,4435.017706709113,0.0,12668.200333504172,-4435.017706709113,15650.039055714005,3.218400000000111,3.218400000000111,3.218400000000111
6581,53,73600.04255,47660.059501267,0.0,47660.059501267,1221.308,0.0,593.212,13228.277896728694,28.499999999999996,74.364,0.0,0.0,0.0,7405.998999999995,0.0,3388.3221520056104,9101.545436655226,3388.3221520056104,25939.983048732996,16.242600000000177,16.242600000000177,16.242600000000177
6582,54,78814.53196,46235.494400779,5.5108999999999995,46235.494400779,1221.308,5.5108999999999995,593.212,13219.040979970756,7269.002,74.364,0.0,0.0,0.0,7405.998999996699,0.0,2790.600679253538,6164.0710374454175,2790.600679253538,32573.52665922099,17.18868031746223,17.18868031746223,17.18868031746223
6583,55,84391.02997,44219.78439757301,12448.611149959,44219.78439757301,1221.308,12448.611149959,593.212,13213.027937025843,7247.502,74.364,0.0,0.0,0.0,5554.4992499997325,181.27876455757632,0.0,6336.285863775303,-181.27876455757632,27722.634422467996,17.188679999999792,17.188679999999792,17.188679999999792
6584,56,87113.97638,35902.749008435,40744.543513701996,35902.749008435,1221.308,40744.543513701996,0.0,13206.732303331415,0.0,74.364,0.0,0.0,0.0,3702.999500000021,7738.719945468456,0.0,13688.069811970563,-7738.719945468456,10466.683857862998,0.0,0.0,0.0
6585,57,90322.41031,24006.997240231998,58824.4090751115,24006.997240231998,1221.308,58824.4090751115,0.0,13197.115739698776,0.0,74.364,0.0,0.0,0.0,1851.4997500000209,8853.283495042295,0.0,22098.689132260875,-8853.283495042295,7491.003994656508,0.0,0.0,0.0
6586,58,94999.93301,14479.897096105002,69265.693704906,14479.897096105002,1221.308,69265.693704906,593.212,13190.792223067052,28.5,74.364,0.0,0.0,0.0,3702.9994999999726,7556.833514078036,0.0,29277.68097063462,-7556.833514078036,11254.34220898898,14.275140000004049,14.275140000004049,14.275140000004049
6587,59,99418.69528,14130.588010544,73311.7158402825,14130.588010544,1221.308,73311.7158402825,593.212,13184.555278422136,0.0,74.364,0.0,0.0,0.0,5554.499250000001,8651.547099248635,0.0,37496.65071491957,-8651.547099248635,11976.391429173498,9.730500317464632,9.730500317464632,9.730500317464632
6588,60,103017.5103,15617.965647414,74121.167287627,15617.965647414,1221.308,74121.167287627,593.212,13175.127727727711,0.0,74.364,0.0,0.0,0.0,7405.999,9191.633362768713,0.0,46228.70240954837,-9191.633362768713,13278.377364958986,9.730499999999783,9.730499999999783,9.730499999999783
6589,61,107391.2544,17258.937207638,74453.1472509825,17258.937207638,1221.308,74453.1472509825,593.212,13168.88308243377,0.0,74.364,0.0,0.0,0.0,7405.999,6784.596141051968,0.0,52674.0687435459,-6784.596141051968,15679.169941379514,9.73049999999813,9.73049999999813,9.73049999999813
6590,62,111718.8838,21707.695941028,74007.1081567535,21707.695941028,1221.308,74007.1081567535,593.211999997839,13159.92480702866,28.5,74.364,0.0,0.0,0.0,7405.999,6479.228104810156,0.0,58829.33544313221,-6479.228104810156,16004.0797022185,12.948900000000052,12.948900000000052,12.948900000000052
6591,63,114658.2133,30772.573391507,70504.19278591,30772.573391507,1221.308,70504.19278590482,0.0,13153.627701596233,0.0,74.364,0.0,0.0,0.0,5554.49924999999,6622.351829008003,0.0,65120.569680689805,-6622.351829008003,13381.447122588186,0.0,0.0,0.0
6592,64,116668.2518,37389.743994422,60152.51869681001,37389.743994422,1221.308,60152.51869681001,593.212,13147.020087298011,28.499999999999996,74.364,0.0,0.0,0.0,7405.999,3344.413978530012,0.0,68297.76296029332,-3344.413978530012,19125.989108767993,16.242599999999914,16.242599999999914,16.242599999999914
6593,65,116403.2085,38654.196852587,42623.9424023895,38654.196852587,1221.308,42623.9424023895,593.212,13137.720925404068,993.4598608413467,74.364,0.0,0.0,0.0,7405.999,0.0,11699.005458778047,55983.0203721059,11699.005458778047,35125.06924502349,16.242600000000092,16.242600000000092,16.242600000000092
6594,66,114698.748,51591.75336102399,14815.984143862499,51591.75336102399,1221.308,14815.984143862499,593.212,13131.770118924951,17204.42416,74.364,20.339999999999883,0.0,0.0,7405.999,0.0,8639.59321618857,46888.711723486354,8639.59321618857,48291.010495113514,18.13476000000004,18.13476000000004,18.13476000000004
6595,67,112407.6672,56900.54280268999,0.0,56900.54280268999,1221.308,0.0,593.212,13125.27115702673,25028.690000000002,74.364,469.10800000000006,257.0,0.0,7405.999,0.0,7332.172240285303,39170.63568108077,7332.172240285303,55507.124397310006,35.4580000000002,35.4580000000002,35.4580000000002
6596,68,110215.8251,50184.030397722,0.0,50184.030397722,1221.308,0.0,593.212,13115.910383132783,25028.690000000002,74.364,701.2,257.0,0.0,7405.999,0.0,11634.111319145222,26924.202713559484,11634.111319145222,60031.794702278,35.45800000000027,35.45800000000027,35.45800000000027
6597,69,103732.7559,47489.63459508,0.0,47489.63459508,1221.308,0.0,593.212,13110.184278161878,24452.49,74.364,448.76800000000173,257.0,0.0,7405.999,0.0,8679.796026756054,17787.575316971983,8679.796026756054,56243.12130492,34.78556000000005,34.78556000000005,34.78556000000005
6598,70,95563.96001,55172.86284816,0.0,55172.86284816,1221.308,0.0,593.212,13103.394139595253,7110.465839999965,74.364,0.0,0.0,0.0,7405.999,0.0,10882.354182245539,6332.465651451228,10882.354182245539,40391.09716183999,16.242600000000206,16.242600000000206,16.242600000000206
6599,71,86865.75998,58628.61534162799,0.0,58628.61534162799,1221.308,0.0,593.212,13094.198627839312,50.0,74.364,0.0,0.0,0.0,7405.999,0.0,5798.063010527928,229.24142983381535,5798.063010527928,28237.14463837201,16.242599999999936,16.242599999999936,16.242599999999936
6600,72,79687.6699,58849.627744248006,0.0,58849.627744248006,1221.308,0.0,593.212,13088.185584894394,28.499999999999996,74.364,0.0,0.0,0.0,7405.999,1573.5264291404856,0.0,1724.0915375209897,-1573.5264291404856,20838.042155751988,11.931999999999839,11.931999999999839,11.931999999999839
6601,73,75353.35245,57775.16035589199,0.0,57775.16035589199,1221.308,0.0,593.212,13081.865189861972,0.0,74.364,0.0,0.0,0.0,5554.49925,2947.056345753953,0.0,4523.795065987435,-2947.056345753953,17578.192094108017,7.528999999999797,7.528999999999797,7.528999999999797
6602,74,72696.10962,56704.44039167101,0.0,56704.44039167101,1221.308,0.0,593.212,13072.396374091548,28.499999999999996,74.364,0.0,0.0,0.0,5554.499249999201,4552.610395760085,0.0,8848.774941963833,-4552.610395760085,15991.669228328996,11.932000000000073,11.932000000000073,11.932000000000073
6603,75,71388.39411,58050.85100987699,0.0,58050.85100987699,1221.308,0.0,593.2119999985048,13065.949870935605,0.0,74.364,0.0,0.0,0.0,3702.9994999992164,5320.2902708138645,0.0,13903.050699237132,-5320.2902708138645,13337.543100123003,7.528999999999904,7.528999999999904,7.528999999999904
6604,76,71619.06045,58917.248201006,0.0,58917.248201006,1221.308,0.0,0.0,13057.414298664695,0.0,74.364,0.0,0.0,0.0,1851.4997499999508,3502.7737996707074,0.0,17230.685808924463,-3502.7737996707074,12701.812248994007,0.0,0.0,0.0
6605,77,74571.06281,53316.10985121499,0.0,53316.10985121499,1221.308,0.0,593.212,13050.726322432272,28.499999999999996,74.364,0.0,0.0,0.0,3702.9994999999617,0.0,2583.8431363542572,14510.850928550737,2583.8431363542572,21254.952958785012,16.24259999999986,16.24259999999986,16.24259999999986
6606,78,80331.91233,50469.903354357,54.1203,50469.903354357,1221.308,54.1203,593.212,13044.342057138329,50.0,74.364,0.0,0.0,0.0,5554.499249999976,0.0,9270.163368502559,4752.7842248638335,9270.163368502559,29807.88867564301,16.242599999999847,16.242599999999847,16.242599999999847
6607,79,85454.02059,50208.749445322,12074.289855161,50208.749445322,1221.308,12074.289855161,593.212,13035.452775893411,28.5,74.364,0.0,0.0,0.0,3702.9994999999876,0.0,4515.145013620867,0.0,4515.145013620867,23170.981289517003,16.242599999999833,16.242599999999833,16.242599999999833
6608,80,88651.64285,50841.130801697,39321.749286566,50841.13080169237,1221.308,39321.749286566,0.0,13029.061601660987,0.0,74.364,0.0,0.0,0.0,1851.499749999999,17687.470589919354,0.0,16803.097060423148,-17687.470589919354,-1511.2372382583708,0.0,0.0,0.0
6609,81,91307.10274,36530.71759378,54226.106658674,36530.71759378,1221.3080000019313,54226.106658674,0.0,13022.543905167047,0.0,74.364,0.0,0.0,0.0,0.0,13767.937417623321,0.0,29882.637607165307,-13767.937417623321,550.2784875460056,0.0,0.0,0.0
6610,82,94724.73995,31153.674789943,68285.40009934899,31153.674789943,1221.308,68285.4000993511,0.0,13013.154824072624,0.0,74.364,0.0,0.0,0.0,0.0,19023.16176336667,0.0,47954.64128236405,-19023.16176336667,-4714.334939294102,0.0,0.0,0.0
6611,83,97793.13068,33177.093504494995,71629.97022375649,33177.09350449705,1221.308,71629.97022375649,0.0,13007.204026263715,0.0,74.364,0.0,0.0,0.0,0.0,21316.80907451712,0.0,68205.60990315558,-21316.80907451712,-7013.933048253537,0.0,0.0,0.0
6612,84,100809.9179,35600.392291318,72881.58001876001,35600.392291318,1221.308,72881.58001876001,0.0,13000.883623957283,0.0,74.364,0.0,0.0,0.0,0.0,21968.610034035468,0.0,89075.78943548953,-21968.610034035468,-7672.05441007801,0.0,0.0,0.0
6613,85,104248.5077,36599.130504297,73016.08282876799,36599.130504297,1221.308,73016.08282876799,0.0,12991.35799733735,0.0,74.364,0.0,0.0,0.0,0.0,19653.73563040233,0.0,107746.83828437174,-19653.73563040233,-5366.705633064979,0.0,0.0,0.0
6614,86,107486.7864,36450.423398605,67197.0974058095,36450.423398605,1221.308,65789.02816682801,0.0,12985.445866130432,0.0,74.364,0.0,0.0,0.0,0.0,9033.783031563462,0.0,116328.93216435703,-9033.783031563462,5247.33483456698,0.0,0.0,0.0
6615,87,109826.5303,37592.017955016,67602.820404699,37592.017955016,1221.308,67602.82040470191,0.0,12978.655728960006,0.0,74.364,0.0,0.0,0.0,0.0,9642.635788678208,0.0,125489.43616360133,-9642.635788678208,4631.691940282079,0.0,0.0,0.0
6616,88,110718.12,43754.037804862,57412.7242464825,43754.03780486496,1221.308,57412.7242464825,0.0,12969.520965866066,0.0,74.364,0.0,0.0,0.0,1851.499749999999,6565.334767213848,0.0,131726.50419245448,-6565.334767213848,9551.357948652534,0.0,0.0,0.0
6617,89,109553.9483,46443.629203845005,40132.3473918805,46443.629203845005,1221.308,40132.3473918805,0.0,12962.80941007164,21.5,74.364,0.0,0.0,0.0,3702.9994999999853,0.0,4994.990794202895,126468.61914592511,4994.990794202895,22977.971704274496,0.9354799999999879,0.9354799999999879,0.9354799999999879
6618,90,107921.2458,47452.055054346994,12508.0804835775,47452.055054346994,1221.308,12508.0804835775,593.212,12957.022846400734,17392.024159999997,74.364,36.160000000000004,257.0,0.0,5554.49924999997,0.0,9875.520005674825,116073.3349294253,9875.520005674825,47961.11026207551,33.441880000000026,33.441880000000026,33.441880000000026
6619,91,105744.7757,43103.89179349301,0.0,43103.89179349301,1221.308,0.0,593.212,12947.803783560099,24452.49,74.364,448.76800000000185,257.0,0.0,7405.999000001442,0.0,15239.939122943619,100031.29374738272,15239.939122943619,62640.88390650699,34.785559999999876,34.785559999999876,34.785559999999876
6620,92,104328.8584,42566.736893616006,0.0,42566.736893616006,1221.308,0.0,593.212,12941.144985140165,7110.465839999951,74.364,0.0,0.0,0.0,7405.999,0.0,32415.627681242382,65909.5803987032,32415.627681242382,61762.12150638399,16.242599999999978,16.242599999999978,16.242599999999978
6621,93,99353.88172,45627.968443508995,0.0,45627.968443508995,1221.308,0.0,593.212,12932.556767929449,50.0,74.364,0.0,0.0,0.0,7405.999,0.0,31448.47350856293,32805.92407389646,31448.47350856293,53725.91327649101,16.242599999999907,16.242599999999907,16.242599999999907
6622,94,92029.20865,54165.901999202,0.0,54165.901999202,1221.308,0.0,593.212,12926.025080897023,50.0,74.364,0.0,0.0,0.0,7405.999,0.0,15592.398569900968,16392.872947682652,15592.398569900968,37863.306650798004,16.242600000000202,16.242600000000202,16.242600000000202
6623,95,84275.81109,51725.112209354,0.0,51725.112209354,1221.308,0.0,593.212,12919.537164068883,50.0,74.364,0.0,0.0,0.0,7405.999,0.0,10286.278716580215,5565.211140759445,10286.278716580215,32550.698880646,16.242599999999854,16.242599999999854,16.242599999999854
6624,96,77740.76967,50198.835907040004,0.0,50198.835907040004,1221.308,0.0,593.212,12910.100179236459,50.0,74.364,0.0,0.0,0.0,7405.999,0.0,5286.950583723524,0.0,5286.950583723524,27541.93376295999,16.242599999999946,16.242599999999946,16.242599999999946
6625,1,73849.01964,51777.476142896994,0.0,51777.476142896994,1221.308,0.0,593.212,12904.323198299751,21.5,74.364,0.0,0.0,0.0,7405.999,149.16270120013186,0.0,141.70456614012528,-149.16270120013186,22071.543497103004,9.73050000023283,9.73050000023283,9.73050000023283
6626,2,71871.83628,48046.84535585799,0.0,48046.84535585799,1221.308,0.0,593.212,12897.70156170581,1632.4063624361725,74.364,0.0,0.0,0.0,7405.999,0.0,0.0,141.70456614012528,0.0,23824.99092414201,16.24259999999885,16.24259999999885,16.24259999999885
6627,3,70974.76123,45433.604906008004,0.0,45433.604906008004,1221.308,0.0,593.212,12888.435465739185,3814.34681667256,74.364,0.0,0.0,0.0,7405.999,456.50895841976813,0.0,575.388076638905,-456.50895841976813,25541.156323992,16.242600000000465,16.242600000000465,16.242600000000465
6628,4,71134.63668,43165.684398906,0.0,43165.684398906,1221.308,0.0,593.212,12882.361674132268,7269.002,74.364,0.0,0.0,0.0,7405.999,1477.2943930401977,0.0,1978.8177500270929,-1477.2943930401977,27968.952281093996,16.242600000002263,16.242600000002263,16.242600000002263
6629,5,74135.98515,37920.152096658,0.0,37920.152096658,1221.308,0.0,593.212,12876.041279099843,14044.908774239164,74.364,0.0,0.0,0.0,7405.999,0.0,0.0,1978.8177500242632,0.0,36215.833053341994,16.2426,16.2426,16.2426
6630,6,79497.48706,30604.909752272997,105.6518,30604.909752272997,1221.308,105.6518,593.212,12866.5156452059,24452.49,74.364,36.15999999805536,257.0,0.0,7405.999,0.0,1879.8768625230502,0.0,1879.8768625230502,48786.925507727,33.441879999999934,33.441879999999934,33.441879999999934
6631,7,84813.07884,28409.882860580004,11621.972103569,28409.882860580004,1221.308,11621.972103569,593.212,12860.838359796991,23433.94857,74.364,448.7680000000001,257.0,0.0,7405.998999999999,1514.2140539460124,0.0,1438.5033512487119,-1514.2140539460124,44781.22387585099,35.458,35.458,35.458
6632,8,87318.7917,33703.001805654,38913.655571901,33703.001805654,1221.308,38913.655571901,0.0,12854.230736828562,6063.424409999996,74.364,0.0,0.0,0.0,5554.499249999999,11065.692074383578,0.0,11950.91082191311,-11065.692074383578,14702.134322445003,0.24416000023283457,0.24416000023283457,0.24416000023283457
6633,9,89466.39937,26426.024506378002,57282.012853313994,26426.024506378002,1221.308,57282.012853313994,0.0,12844.954871808626,0.0,74.364,0.0,0.0,0.0,3702.999499999998,12085.264361500618,0.0,23431.9119653387,-12085.264361500618,5758.362010308003,0.0,0.0,0.0
6634,10,91507.59491,20243.133748399003,67274.296204631,20243.133748399003,1221.308,67274.296204631,0.0,12838.6344767762,0.0,74.364,0.0,0.0,0.0,1851.4997499999972,11995.64126984127,0.0,34827.77117168142,-11995.64126984127,3990.164956969995,3.219839999767164,3.219839999767164,3.219839999767164
6635,11,93848.73355,18235.16489673,71723.90634853451,18235.16489673,1221.308,71723.90634853451,0.0,12829.637264693287,0.0,74.364,0.0,0.0,0.0,0.0,10235.646959957785,0.0,44551.635783641315,-10235.646959957785,3889.662304735495,0.0,0.0,0.0
6636,12,95608.38225,17419.275899054002,71941.51546476298,17419.275899054002,1221.308,71941.51546476298,0.0,12823.243110637344,0.0,74.364,0.0,0.0,0.0,0.0,7871.324224455084,0.0,52029.39379687364,-7871.324224455084,6247.59088618301,0.0,0.0,0.0
6637,13,97142.87864,18342.291492291,72299.98705351,18342.291492291,1221.308,72299.98705351,0.0,12816.719994404919,0.0,74.364,0.0,0.0,0.0,0.0,7611.791900205915,0.0,59260.59610206926,-7611.791900205915,6500.600094198991,0.0,0.0,0.0
6638,14,98880.89539,23024.429144864,64558.2971611145,23024.429144864,1221.308,64558.2971611145,0.0,12808.051422534008,0.0,74.364,0.0,0.0,0.0,0.0,2805.554338512491,0.0,61925.87272365613,-2805.554338512491,11298.169084021509,0.0,0.0,0.0
6639,15,100059.2475,24961.104098373,67584.023454941,24961.104098373,1221.308,67584.023454941,0.0,12801.417565893378,0.0,74.364,0.0,0.0,0.0,1851.4997499999472,8434.469369207029,0.0,69938.6186244028,-8434.469369207029,7514.119946685998,0.0,0.0,0.0
6640,16,100488.3903,29909.161208502002,57343.45925358301,29909.161208502002,1221.308,57343.45925358301,0.0,12794.971071407646,0.0,74.364,0.0,0.0,0.0,3702.999499999962,4557.872733493372,0.0,74268.59772122151,-4557.872733493372,13235.769837914988,0.0,0.0,0.0
6641,17,100137.2347,31945.171843279997,40732.53895203351,31945.171843279997,1221.308,40732.53895203351,593.212,12785.257828501213,7088.965839999996,74.364,0.0,0.0,0.0,5554.499249999981,0.0,141.91698619940738,74119.21141995897,141.91698619940738,27459.523904686495,15.570159999799783,15.570159999799783,15.570159999799783
6642,18,99537.57883,32472.010596807002,14387.431684404499,32472.010596807002,1221.308,14387.431684404499,593.212,12779.612374030306,24452.49,74.364,448.76800000000173,257.0,0.0,7405.999,0.0,5445.383174732677,68387.22913076667,5445.383174732677,52678.136548788505,35.458000000466285,35.458000000466285,35.458000000466285
6643,19,99725.03727,33231.193148822,0.0,33231.193148822,1221.308,0.0,593.212,12772.884278336363,25028.690000000002,74.364,701.2,257.0,0.0,7405.999,0.0,18439.186842841642,48977.55876988075,18439.186842841642,66493.844121178,35.458,35.458,35.458
6644,20,99801.35427,35504.276461102,0.0,35504.276461102,1221.308,0.0,593.212,12763.697055103938,25028.690000000002,74.364,701.2,257.0,0.0,7405.999,0.0,16251.607753794031,31870.603239571246,16251.607753794031,64297.07780889799,35.458,35.458,35.458
6645,21,95620.72745,36692.48545547,0.0,36692.48545547,1221.308,0.0,593.212,12757.660722559021,25028.690000000002,74.364,701.2,257.0,0.0,7405.999,0.0,10888.808271970973,20408.699795391272,10888.808271970973,58928.241994530006,35.458,35.458,35.458
6646,22,89191.99377,37257.992251061,0.0,37257.992251061,1221.308,0.0,593.212,12751.259677026597,24452.49,74.364,268.2519999999999,257.0,0.0,7405.999,0.0,4910.116841912396,15240.155751272961,4910.116841912396,51934.001518939,33.44188000000017,33.44188000000017,33.44188000000017
6647,23,82011.63722,39644.036896009,0.0,39644.036896009,1221.308,0.0,593.212,12741.735538210463,16296.606019999981,74.364,0.0,0.0,0.0,7405.999,0.0,4034.375765780537,10993.444418872397,4034.375765780537,42367.600323991006,17.188680000000783,17.188680000000783,17.188680000000783
6648,24,76133.25921,41299.23438993,0.0,41299.23438993,1221.308,0.0,593.212,12735.27402670403,7269.002,74.364,0.0,0.0,0.0,7405.999,0.0,5534.865793365974,5167.269899539793,5534.865793365974,34834.02482007,17.18868000000031,17.18868000000031,17.18868000000031
6649,25,72718.4147,44087.42265904299,0.0,44087.42265904299,1221.308,0.0,593.212,12726.793604433122,6609.315436523834,74.364,0.0,0.0,0.0,7405.999,0.0,0.0,5167.269899539793,0.0,28630.992040957004,16.242600000000873,16.242600000000873,16.242600000000873
6650,26,70625.21684,42439.865454741994,0.0,42439.865454741994,1221.308,0.0,593.212,12720.149978739182,6170.318406518793,74.364,0.0,0.0,0.0,7405.999,0.0,0.0,5167.269899539792,0.0,28185.351385258,16.242600000000362,16.242600000000362,16.242600000000362
6651,27,69606.78804,38015.411296417,0.0,38015.411296417,1221.308,0.0,593.212,12713.713253306756,7269.002,74.364,0.0,0.0,0.0,7405.999,0.0,2313.778490277447,2731.7135939845853,2313.778490277447,31591.376743583,17.188680000000225,17.188680000000225,17.188680000000225
6652,28,70009.96489,34883.841457506,0.0,34883.841457506,1221.308,0.0,593.212,12704.93602176184,13126.30441073215,74.364,0.0,0.0,0.0,7405.999,0.0,0.0,2731.7135939867658,0.0,35126.123432494,17.188680000000325,17.188680000000325,17.188680000000325
6653,29,73269.94184,35475.425994481,0.0,35475.425994481,1221.308,0.0,593.212,12698.542164941908,15801.090680577086,74.364,0.0,0.0,0.0,7405.999,0.0,0.0,2731.7135939867658,0.0,37794.515845519,17.18868,17.18868,17.18868
6654,30,79104.27321,32419.117859324,0.0,32419.117859324,1221.308,0.0,593.212,12691.934543369674,23688.68999981782,74.364,0.0,0.0,0.0,7405.999,0.0,1009.6478075231707,1668.9264281729022,1009.6478075231707,46685.155350675996,25.51407999976721,25.51407999976721,25.51407999976721
6655,31,84787.38185,30971.620206344996,9081.964406124,30971.620206344996,1221.308,9081.964406124,593.212,12682.559198603049,23688.69000000145,74.364,0.0,0.0,0.0,7405.998999988631,932.33496106355,0.0,2554.644641183275,-932.33496106355,44733.797237531006,22.679400000003227,22.679400000003227,22.679400000003227
6656,32,87732.46967,25420.177406585997,32865.945260935,25420.177406585997,1221.308,32865.945260935,593.212,12676.57522243214,9326.388530058248,74.364,0.0,0.0,0.0,5554.49924998863,0.0,0.0,2554.644641183275,0.0,29446.347002479015,16.2426,16.2426,16.2426
6657,33,89606.43504,28266.565141258,51502.917247417005,28266.565141258,1221.308,51502.917247417005,0.0,12670.330577138198,0.0,74.364,0.0,0.0,0.0,3702.9994999886285,7832.049425794859,0.0,9995.091595688391,-7832.049425794859,9836.952651324988,0.0,0.0,0.0
6658,34,91439.21443,26626.07225617,62498.92570516899,26626.07225617,1221.308,62498.92570516899,0.0,12660.676554443775,0.0,74.364,0.0,0.0,0.0,1851.4997499886267,13493.631835771059,0.0,22814.0418396709,-13493.631835771059,2314.2164686610195,0.0,0.0,0.0
6659,35,92972.22595,22716.761207504,66870.3864107845,22716.761207504,1221.308,66870.3864107845,0.0,12654.967401360856,0.0,74.364,0.0,0.0,0.0,0.0,10565.561069661973,0.0,32851.32485584977,-10565.561069661973,3385.0783317114983,0.0,0.0,0.0
6660,36,94316.35524,18149.146900349,65748.445800623,18149.146900349,1221.308,65748.445800623,0.0,12648.378932940923,0.0,74.364,0.0,0.0,0.0,0.0,3525.2883939310486,0.0,36200.34883008427,-3525.2883939310486,10418.762539028,0.0,0.0,0.0
6661,37,95430.5969,23385.118907947,66448.898863319,23385.118907947,1221.308,66448.898863319,0.0,12639.168412834493,0.0,74.364,0.0,0.0,0.0,0.0,8338.261284100483,0.0,44121.69704997973,-8338.261284100483,5596.579128733996,0.0,0.0,0.0
6662,38,96099.124,28061.671098367002,59926.74139092399,28061.671098367002,1221.308,59926.74139092399,0.0,12633.235737701583,0.0,74.364,0.0,0.0,0.0,0.0,5818.196226992587,0.0,49648.98346562269,-5818.196226992587,8110.711510708999,0.0,0.0,0.0
6663,39,96800.95205,35355.875090728005,55742.262898284505,35355.875090728005,1221.308,55742.262898284505,0.0,12626.771111869642,0.0,74.364,0.0,0.0,0.0,1851.4997499999681,10071.128800882092,0.0,59216.55582646067,-10071.128800882092,5702.814060987497,0.0,0.0,0.0
6664,40,96670.03635,39792.210795909006,45357.360302466,39792.210795909006,1221.308,45357.360302466,0.0,12617.310837437217,0.0,74.364,0.0,0.0,0.0,3702.9995000000035,6095.517085809731,0.0,65007.29705797953,-6095.517085809731,11520.465251624992,0.0,0.0,0.0
6665,41,95668.95964,30964.966648898,29642.157354073497,30964.966648898,1221.308,29642.157354073497,593.212,12610.81187414279,14307.967839999954,74.364,0.0,0.0,0.0,5554.4992500000035,0.0,699.6726728857561,64270.79950757347,699.6726728857561,35061.835637028504,16.242599999035747,16.242599999035747,16.242599999035747
6666,42,94630.01611,36082.081356268,5080.3181393635,36082.081356268,1221.308,5080.3181393635,593.212,12602.22750449788,24452.49,74.364,448.76799999993057,257.0,0.0,7405.999,0.0,6412.248109870692,57521.06465507801,6412.248109870692,53467.6166143685,34.78556000119707,34.78556000119707,34.78556000119707
6667,43,94483.4811,20356.179307649,0.0,20356.179307649,1221.308,0.0,593.212,12595.646122543743,25028.690000000002,74.364,701.2,257.0,0.0,7405.999,0.0,26249.88266980726,29889.60921317563,26249.88266980726,74127.301792351,35.458,35.458,35.458
6668,44,94611.83933,32356.150198465,0.0,32356.150198465,1221.308,0.0,593.212,12588.931649837308,25028.690000000002,74.364,701.2,257.0,0.0,7405.999,0.0,14384.984481697706,14747.520285072784,14384.984481697706,62255.68913153501,35.458,35.458,35.458
6669,45,91056.81612,34036.466960754,0.0,34036.466960754,1221.308,0.0,593.212,12580.093678300602,25028.690000000002,74.364,469.1079096559112,257.0,0.0,7405.999,0.0,9390.574571289482,4862.704946873328,9390.574571289482,57020.349159246005,35.458,35.458,35.458
6670,46,86400.68569,35854.330842701,0.0,35854.330842701,1221.308,0.0,593.212,12573.69981420666,24452.49,74.364,36.16011609392747,0.00011451941298901147,0.0,7405.999,0.0,4189.121802478981,453.10304952703154,4189.121802478981,50546.354847299,30.763721303595982,30.763721303595982,30.763721303595982
6671,47,80815.52056,38179.30154227899,0.0,38179.30154227899,1221.308,0.0,593.212,12567.152947174234,20343.73517349333,74.364,0.0,0.0,0.0,7405.999,0.0,430.4478970534186,0.0,430.4478970534186,42636.219017721014,17.188680000001014,17.188680000001014,17.188680000001014
6672,48,75587.25926,39892.928846043,0.0,39892.928846043,1221.308,0.0,593.212,12557.89542200761,13841.551991949358,74.364,0.0,0.0,0.0,7405.999,0.0,0.0,0.0,0.0,35694.330413957,17.188680000001636,17.188680000001636,17.188680000001636
6673,49,71810.88413,38747.467444883,0.0,38747.467444883,1221.308,0.0,593.212,12551.889279209385,11216.644405907586,74.364,0.0,0.0,0.0,7405.999,0.0,0.0,0.0,0.0,33063.41668511701,17.188680000004343,17.188680000004343,17.188680000004343
6674,50,69326.89495,36545.722206362,0.0,36545.722206362,1221.308,0.0,593.212,12545.592166502953,10940.697577135019,74.364,0.0,0.0,0.0,7405.999,0.0,0.0,0.0,0.0,32781.172743638,17.188680000000225,17.188680000000225,17.188680000000225
6675,51,68191.32092,36295.12546008301,0.0,36295.12546008301,1221.308,0.0,593.212,12535.871661374327,10065.44079854265,74.364,0.0,0.0,0.0,7405.999,0.0,0.0,0.0,0.0,31896.19545991699,17.188680000000282,17.188680000000282,17.188680000000282
6676,52,68003.4926,35868.660257475996,0.0,35868.660257475996,1221.308,0.0,593.212,12530.125056503417,10309.824286020546,74.364,0.0,0.0,0.0,7405.999,0.0,0.0,0.0,0.0,32134.832342524,17.18868000000022,17.18868000000022,17.18868000000022
6677,53,68899.66971,36644.457610857,0.0,36644.457610857,1221.308,0.0,593.212,12523.630649609477,10436.698449533513,74.364,0.0,0.0,0.0,7405.999,0.0,0.0,0.0,0.0,32255.212099143,17.18868000000028,17.18868000000028,17.18868000000028
6678,54,71012.95009,36380.02650914701,0.0,36380.02650914701,1221.308,0.0,593.212,12514.310887977052,12823.729692875939,74.364,0.0,0.0,0.0,7405.998999999987,0.0,0.0,0.0,0.0,34632.92358085299,17.18868,17.18868,17.18868
6679,55,74048.37883,33003.703440268,6200.083460784999,33003.703440268,1221.308,6200.083460784999,593.212,12507.779200944628,16606.72416000003,74.364,0.0,0.0,0.0,5554.499249999988,1713.2946820007587,0.0,1627.6299479007207,-1713.2946820007587,34844.591928947004,21.733319999999996,21.733319999999996,21.733319999999996
6680,56,77007.99641,32862.910248898996,34012.348655304995,32862.910248898996,1221.308,34012.348655304995,0.0,12499.141288812201,0.0,74.364,0.0,0.0,0.0,3702.999499999987,7365.075283019287,0.0,8624.451466769042,-7365.075283019287,10132.737505796016,0.0,0.0,0.0
6681,57,79974.36537,30674.919644832997,53968.653707098,30674.919644832997,1221.308,53968.653707098,0.0,12492.718246905772,0.0,74.364,0.0,0.0,0.0,1851.499749999999,20309.097978836762,0.0,27918.094546663968,-20309.097978836762,-4669.207981930995,0.0,0.0,0.0
6682,58,82737.53506,24454.419151386,65927.233512632,24454.419151386,1221.3079999999995,65927.233512632,0.0,12486.171379873347,0.0,74.364,0.0,0.0,0.0,0.0,21425.96098389139,0.0,48272.757481360786,-21425.96098389139,-7644.117604018,0.0,0.0,0.0
6683,59,84399.8774,22360.271259448004,68746.55054944601,22360.271259448004,1221.308,68746.55054945062,0.0,12477.479518402437,0.0,74.364,0.0,0.0,0.0,0.0,20480.095927301307,0.0,67728.84861229704,-20480.095927301307,-6706.944408898627,0.0,0.0,0.0
6684,60,85578.22656,19031.200655288,70815.07229221851,19031.200655288,1221.308,70815.07229221851,0.0,12470.907711908496,0.0,74.364,0.0,0.0,0.0,0.0,18034.62609941988,0.0,84861.7434067459,-18034.62609941988,-4268.046387506518,0.0,0.0,0.0
6685,61,86241.90214,20844.743307552,71006.59694050899,20844.743307528,1221.308,71006.59694050899,0.0,12464.50666637607,0.0,74.364,0.0,0.0,0.0,0.0,19369.616774441263,0.0,103262.8793424651,-19369.616774441263,-5609.4381080369785,0.0,0.0,0.0
6686,62,86480.63883,18869.534505149,61217.91114227999,18869.534505149,1221.308,61217.91114227999,0.0,12454.890102743646,0.0,74.364,0.0,0.0,0.0,0.0,7357.368920172652,0.0,110252.37981662911,-7357.368920172652,6393.193182571005,0.0,0.0,0.0
6687,63,87027.78037,22473.551951234003,64655.24584892551,22473.551951234003,1221.308,64655.24584892551,0.0,12449.274822075215,0.0,74.364,0.0,0.0,0.0,1851.499749999959,15697.464002234785,0.0,125164.97061875217,-15697.464002234785,-101.01743015951797,0.0,0.0,0.0
6688,64,87603.48397,25546.895194079,52165.979736085996,25546.895194079,1221.308,52165.979736085996,0.0,12442.507974504784,0.0,74.364,0.0,0.0,0.0,3702.9994999999753,7550.570434751455,0.0,132338.01253176606,-7550.570434751455,9890.609039835006,0.0,0.0,0.0
6689,65,87607.326,27573.644060118,32689.438658827497,27573.644060118,1221.308,32689.438658827497,593.212,12433.282281672364,7088.965839999965,74.364,0.0,0.0,0.0,5554.499249999986,0.0,378.6119093821808,131939.4736797848,378.6119093821808,27344.243281054503,15.570159999999523,15.570159999999523,15.570159999999523
6690,66,87952.97455,27402.842899294,9396.943599209,27402.842899294,1221.308,9396.943599209,593.212,12427.525035739938,24452.49,74.364,448.7680000000014,257.0,0.0,7405.999,0.0,4272.52201575701,127442.08208425112,4272.52201575701,51153.188051496996,35.45800000000054,35.45800000000054,35.45800000000054
6691,67,88892.81467,31347.739598562,0.0,31347.739598562,1221.308,0.0,593.212,12421.002782845513,25028.690000000002,74.364,701.2,257.0,0.0,7405.999,0.0,9842.299288592494,117081.76704362743,9842.299288592494,57545.07507143801,35.458,35.458,35.458
6692,68,89507.2385,34181.21340934499,0.0,34181.21340934499,1221.308,0.0,593.212,12411.471746675086,25028.690000000002,74.364,701.2,257.0,0.0,7405.999,0.0,7632.7803439799145,109047.26141838543,7632.7803439799145,55326.02509065501,35.458,35.458,35.458
6693,69,86634.54375,33505.029456963995,0.0,33505.029456963995,1221.308,0.0,593.212,12405.048712042662,24452.49000014144,74.364,268.25199999999893,257.0,0.0,7405.999,0.0,6451.840580851891,102255.8502806466,6451.840580851891,53129.514293036,33.44188000062977,33.44188000062977,33.44188000062977
6694,70,82413.46719,36285.998491349994,0.0,36285.998491349994,1221.308,0.0,593.212,12399.205947440032,14329.467840141431,74.364,0.0,0.0,0.0,7405.999,0.0,10103.911911068524,91620.15353215342,10103.911911068524,46127.46869865,17.188679999998886,17.188679999998886,17.188679999998886
6695,71,77447.35096,35277.089294775,0.0,35277.089294775,1221.308,0.0,593.212,12389.562606041807,7269.002,74.364,0.0,0.0,0.0,7405.999,0.0,13216.814059183187,77707.71768038164,13216.814059183187,42170.26166522499,17.188680000001206,17.188680000001206,17.188680000001206
6696,72,72762.82861,37404.375488747,0.0,37404.375488747,1221.308,0.0,593.212,12383.107739075183,7269.002,74.364,0.0,0.0,0.0,7405.999,0.0,6411.460382175581,70958.81201493366,6411.460382175581,35358.453121253,17.188680000000353,17.188680000000353,17.188680000000353
6697,73,69958.24338,36331.851203536,0.0,36331.851203536,1221.308,0.0,593.212,12374.359685342757,7269.002,74.364,0.0,0.0,0.0,7405.999,0.0,4688.147491121252,66023.91991901655,4688.147491121252,33626.392176463996,17.188680000148036,17.188680000148036,17.188680000148036
6698,74,67837.54404,36135.77720525,0.0,36135.77720525,1221.308,0.0,593.212,12367.936650710333,50.0,74.364,0.0,0.0,0.0,7405.999,0.0,9988.947184041714,55509.23867265685,9988.947184041714,31701.766834749993,16.242600000001815,16.242600000001815,16.242600000001815
6699,75,66815.10037,36305.753706049996,0.0,36305.753706049996,1221.308,0.0,593.212,12361.329036412108,50.0,74.364,0.0,0.0,0.0,7405.999,0.0,8803.13462753881,46242.78116998442,8803.13462753881,30509.346663950004,16.24260000000053,16.24260000000053,16.24260000000053
6700,76,66447.40764,36147.777056813,0.0,36147.777056813,1221.308,0.0,593.212,12352.751864271475,50.0,74.364,0.0,0.0,0.0,7405.999,0.0,8601.995718916554,37188.04883428279,8601.995718916554,30299.630583187005,16.242600000000415,16.242600000000415,16.242600000000415
6701,77,67378.03849,34776.31199749,0.0,34776.31199749,1221.308,0.0,593.212,12346.12610843905,50.0,74.364,0.0,0.0,0.0,7405.999,0.0,10910.717384070951,25703.083166839682,10910.717384070951,32601.72649251001,16.242600000000014,16.242600000000014,16.242600000000014
6702,78,68762.52062,36832.673546252,0.0,36832.673546252,1221.308,0.0,593.212,12339.744966140825,7269.002,74.364,0.0,0.0,0.0,5554.499249999997,0.0,4877.71685760718,20568.644369358437,4877.71685760718,31929.847073747995,17.188680000000232,17.188680000000232,17.188680000000232
6703,79,70707.63892,36783.383092092,7506.330303257,36783.383092092,1221.308,7506.330303257,593.212,12330.1516921084,28.5,74.364,0.0,0.0,0.0,3702.999499999996,0.0,8467.390332542589,11655.60191405045,8467.390332542589,26417.925524650997,16.242600000000063,16.242600000000063,16.242600000000063
6704,80,73577.75058,37821.78989984601,37430.9307547135,37821.78989984601,1221.308,37430.9307547135,0.0,12324.518294641774,0.0,74.364,0.0,0.0,0.0,1851.4997499999972,17146.660119201282,0.0,27944.92902729167,-17146.660119201282,-1674.9700745595037,0.0,0.0,0.0
6705,81,77020.94491,26393.117559608,57334.371728008504,26393.117559608,1221.308,57334.371728008504,0.0,12317.844197909348,0.0,74.364,0.0,0.0,0.0,0.0,20320.06057552585,0.0,47248.98657404126,-20320.06057552585,-6706.5443776164975,0.0,0.0,0.0
6706,82,79965.40309,13219.812346129,69235.31231467999,13219.812346129,1221.308,69235.31231468433,0.0,12308.439936814926,0.0,74.364,0.0,0.0,0.0,0.0,16093.833507628537,0.0,62538.128406288364,-16093.833507628537,-2489.7215708133153,0.0,0.0,0.0
6707,83,81904.4339,9170.770701493999,73864.4699995125,9170.770701493999,1221.308,73864.4699995125,0.0,12302.682683608491,0.0,74.364,0.0,0.0,0.0,0.0,14729.161484619104,0.0,76530.83181667651,-14729.161484619104,-1130.806801006489,0.0,0.0,0.0
6708,84,83454.7308,8186.964906558,75360.51126304099,8186.964906558,1221.308,75360.5112630447,0.0,12296.142308038065,0.0,74.364,0.0,0.0,0.0,0.0,13684.559677640991,0.0,89531.16351043545,-13684.559677640991,-92.74536960269324,0.0,0.0,0.0
6709,85,84617.17689,9400.818499756999,75377.729344215,9400.818499756999,1221.308,75377.729344215,0.0,12286.690143205644,0.0,74.364,0.0,0.0,0.0,0.0,13743.733097177635,0.0,102587.7099527542,-13743.733097177635,-161.37095397200028,0.0,0.0,0.0
6710,86,85819.8929,11013.939796618,62445.1910325375,11013.939796618,1221.308,62445.1910325375,11.235,12280.347469111219,0.0,74.364,0.0,0.0,0.0,1851.4997500000031,3077.992148266721,0.0,105511.80249360758,-3077.992148266721,12360.76207084451,4.544639999961786,4.544639999961786,4.544639999961786
6711,87,87155.52894,9470.290748352,70067.914131103,9470.290748352,1221.308,70067.914131103,0.0,12271.708067778793,0.0,74.364,0.0,0.0,0.0,3702.9995000000195,9653.055507234987,0.0,114682.20522548082,-9653.055507234987,7617.324060545012,0.0,0.0,0.0
6712,88,88425.99612,9358.127153323,57057.069291349,9358.127153323,1221.308,57057.069291349,593.212,12265.082329408366,28.5,74.364,0.0,0.0,0.0,5554.499250000029,0.0,2273.8340959195957,112288.69565082861,2273.8340959195957,22010.799675327995,16.2426,16.2426,16.2426
6713,89,89198.71667,9374.079008089,39011.7876034475,9374.079008089,1221.308,39011.7876034475,593.212,12258.622289639934,17204.42416000799,74.364,20.339999999999982,0.0,0.0,7405.999,0.0,2034.5806088155653,110147.03185207538,2034.5806088155653,40812.8500584635,18.134760000000004,18.134760000000004,18.134760000000004
6714,90,90201.54497,13686.685708801999,9865.508467247,13686.685708801999,1221.308,9865.508467247,593.212,12249.897525507511,25028.690000000002,74.364,469.1079999999999,257.0,0.0,7405.999,0.0,19349.772268443503,89778.8505168717,19349.772268443503,66649.350793951,35.458,35.458,35.458
6715,91,91554.13379,19073.223559807,0.0,19073.223559807,1221.308,0.0,593.212,12243.496479975085,25028.690000000002,74.364,701.2,257.0,0.0,7405.999,0.0,24955.640750217928,63509.75499032651,24955.640750217928,72480.91023019301,35.458,35.458,35.458
6716,92,91752.46895,24570.515396162,0.0,24570.515396162,1221.308,0.0,593.212,12236.72152140846,25028.690000000002,74.364,701.2,257.0,0.0,7405.999,0.0,19663.459032429564,42811.377061453284,19663.459032429564,67181.95355383799,35.458,35.458,35.458
6717,93,88016.67436,29925.123105545998,0.0,29925.123105545998,1221.308,0.0,593.212,12227.51083104872,25028.690000000002,74.364,469.1079999513713,257.0,0.0,7405.999,0.0,10814.359423453912,31427.84082623864,10814.359423453912,58091.55125445401,35.458,35.458,35.458
6718,94,82355.70914,36347.076703843,0.0,36347.076703843,1221.308,0.0,593.212,12221.512975377811,17204.424159960934,74.364,20.339999999999993,0.0,0.0,7405.999,0.0,7267.472300818243,23777.86998327207,7267.472300818243,46008.63243615701,18.134759999966587,18.134759999966587,18.134759999966587
6719,95,76331.45411,40399.922954239,0.0,40399.922954239,1221.308,0.0,593.212,12215.239620745384,2091.0685044389065,74.364,0.0,0.0,0.0,7405.999,0.0,12330.34003057671,10798.564687928167,12330.34003057671,35931.531155761004,16.242600000033416,16.242600000033416,16.242600000033416
6720,96,71246.55859,39437.330560564,0.0,39437.330560564,1221.308,0.0,593.212,12205.708575904753,50.0,74.364,0.0,0.0,0.0,7405.999,0.0,10258.636453531759,0.0,10258.636453531759,31809.228029436003,16.24260000000109,16.24260000000109,16.24260000000109
6721,1,68700.98999,41255.596308787004,0.0,41255.596308787004,1221.308,0.0,593.212,12199.928905106528,7269.001999999986,74.364,0.0,0.0,0.0,7405.999,1318.420223893518,0.0,1252.499212698842,-1318.420223893518,27445.393681212998,16.2426,16.2426,16.2426
6722,2,67280.77447,42864.033941064,0.0,42864.033941064,1221.308,0.0,593.212,12193.105787274104,7269.001999999971,74.364,0.0,0.0,0.0,7405.999,4340.250258338104,0.0,5375.73695812004,-4340.250258338104,24416.740528936003,16.2426,16.2426,16.2426
6723,3,66929.71249,42094.445241812995,0.0,42094.445241812995,1221.308,0.0,593.212,12183.762273445478,7269.002,74.364,0.0,0.0,0.0,7405.999,3912.380025258471,0.0,9092.497982115587,-3912.380025258471,24835.26724818701,16.2426,16.2426,16.2426
6724,4,68001.97956,41032.267805189,0.0,41032.267805189,1221.308,0.0,593.212,12177.120136951538,7269.002,74.364,0.0,0.0,0.0,7405.999,1771.29338214053,0.0,10775.22669514909,-1771.29338214053,26969.711754811004,16.2426,16.2426,16.2426
6725,5,70931.49118,38092.921795465,0.0,38092.921795465,1221.308,0.0,593.212,12171.441072380629,11372.245312154346,74.364,0.0,0.0,0.0,7405.999,0.0,0.0,10775.22669514909,0.0,32838.569384534996,17.18868,17.18868,17.18868
6726,6,76856.83805,36940.99384923,0.8007,36940.99384923,1221.308,0.8007,593.212,12171.441072380629,18448.71942838936,74.364,0.0,0.0,0.0,7405.999,0.0,0.0,10775.22669514909,0.0,39915.04350077001,17.18868,17.18868,17.18868
6727,7,82383.98519,35952.335141619,7451.799790553,35952.335141619,1221.308,7451.799790553,593.212,12171.441072380629,24452.49,74.364,36.160000000000004,257.0,0.0,7405.999,7232.123814552622,0.0,17645.74431897408,-7232.123814552622,38979.85025782801,33.44188,33.44188,33.44188
6728,8,85405.70953,33106.475093987,37068.0077071265,33106.475093987,1221.308,37068.0077071265,163.998,12171.441072380629,7081.965840000001,74.364,0.0,0.0,0.0,5554.49925,11036.349433494157,0.0,28130.27628079353,-11036.349433494157,15231.226728886497,5.480119999999999,5.480119999999999,5.480119999999999
6729,9,87655.3013,28427.339196921,57070.37729856499,28427.339196921,1221.308,57070.37729856499,0.0,12171.441072380629,0.0,74.364,0.0,0.0,0.0,3702.9995,15012.527767866624,0.0,42392.177660266825,-15012.527767866624,2157.5848045140156,0.0,0.0,0.0
6730,10,89754.86827,18566.15265593,68794.895898239,18566.15265593,1221.308,68794.895898239,0.0,12171.441072380629,0.0,74.364,0.0,0.0,0.0,1851.49975,12924.79310654963,0.0,54670.731111488974,-12924.79310654963,2393.8197158310068,0.0,0.0,0.0
6731,11,91386.78049,10262.10685573,73119.94495353801,10262.10685573,1221.308,73119.94495353801,0.0,12171.441072380629,0.0,74.364,0.0,0.0,0.0,0.0,5462.38439164863,0.0,59859.99628355517,-5462.38439164863,8004.728680731991,0.0,0.0,0.0
6732,12,93004.11364,12914.368154606,74415.23060819649,12914.368154606,1221.308,74415.23060819649,0.0,12171.441072380629,0.0,74.364,0.0,0.0,0.0,0.0,7792.598195183114,0.0,67262.96456897912,-7792.598195183114,5674.514877197507,0.0,0.0,0.0
6733,13,94132.09841,15637.800907351,74207.197450269,15637.800907351,1221.308,74207.197450269,0.0,12171.441072380629,0.0,74.364,0.0,0.0,0.0,0.0,9180.013020000624,0.0,75983.97693797972,-9180.013020000624,4287.100052380003,0.0,0.0,0.0
6734,14,95317.37459,22870.512002338,73112.3927533165,22870.512002338,1221.308,73112.3927533165,0.0,12171.441072380629,0.0,74.364,0.0,0.0,0.0,0.0,14132.643238035129,0.0,89409.9880141131,-14132.643238035129,-665.5301656544907,0.0,0.0,0.0
6735,15,96169.65556,22276.880490206,69065.874877298,22276.880490206,1221.308,69065.874877298,0.0,12171.441072380629,0.0,74.364,0.0,0.0,0.0,1851.49975,10491.712629884634,0.0,99377.1150125035,-10491.712629884634,4826.900192496003,0.0,0.0,0.0
6736,16,96471.61686,23598.114647626,57617.771109219495,23598.114647626,1221.308,57617.771109219495,0.0,12171.441072380629,0.0,74.364,0.0,0.0,0.0,3702.9995,1914.3814692261356,0.0,101195.77740826833,-1914.3814692261356,15255.731103154496,0.0,0.0,0.0
6737,17,96446.24352,29254.687340009,38125.716479634495,29254.687340009,1221.308,38125.716479634495,593.212,12171.441072380629,14307.967840000001,74.364,0.0,0.0,0.0,5554.49925,4856.9524620241355,0.0,105809.88224719126,-4856.9524620241355,29065.83970035651,16.2426,16.2426,16.2426
6738,18,96579.04323,31859.039302815,8470.088244334,31859.039302815,1221.308,8470.088244334,593.212,12171.441072380629,24452.49,74.364,448.7680000000001,257.0,0.0,7405.999,0.0,9625.33361047039,95677.95213090663,9625.33361047039,56249.915682850995,34.785560000000004,34.785560000000004,34.785560000000004
6739,19,97396.60646,39762.329643799,0.0,39762.329643799,1221.308,0.0,593.212,12171.441072380629,25028.690000000002,74.364,701.2,257.0,0.0,7405.999,0.0,10181.062743820365,84961.04397951678,10181.062743820365,57634.276816200996,35.458,35.458,35.458
6740,20,97279.40942,45761.127141239,0.0,45761.127141239,1221.308,0.0,593.212,12171.441072380629,25028.690000000002,74.364,288.592,257.0,0.0,7405.999,0.0,4477.676206380374,80247.70060437954,4477.676206380374,51518.282278761,33.44188,33.44188,33.44188
6741,21,92635.57036,41463.876495399,0.0,41463.876495399,1221.308,0.0,593.212,12171.441072380629,24452.49,74.364,36.160000000000004,257.0,0.0,7405.999,0.0,4959.719792220383,75026.94292835808,4959.719792220383,51171.693864600995,33.44188,33.44188,33.44188
6742,22,85984.78307,44241.322141334,0.0,44241.322141334,1221.308,0.0,593.212,12171.441072380629,20532.09137029096,74.364,0.0,0.0,0.0,7405.999,254.95451400559614,0.0,75269.14971666339,-254.95451400559614,41743.460928666005,17.58628000000001,17.58628000000001,17.58628000000001
6743,23,79297.4976,47181.812344046004,0.0,47181.812344046004,1221.308,0.0,593.212,12171.441072380629,11504.487350290961,74.364,0.0,0.0,0.0,7405.999,855.1261667176027,0.0,76081.51957504511,-855.1261667176027,32115.685255954,16.791079999999994,16.791079999999994,16.791079999999994
6744,24,73788.52786,47386.495756644996,0.0,47386.495756644996,1221.308,0.0,593.212,12171.441072380629,7269.001999999986,74.364,0.0,0.0,0.0,7405.999,2333.29396902564,0.0,78298.14884561946,-2333.29396902564,26402.032103355006,16.2426,16.2426,16.2426
6745,25,70618.03885,46597.568010162,0.0,46597.568010162,1221.308,0.0,593.212,12171.441072380629,7269.001999999986,74.364,0.0,0.0,0.0,7405.999,4714.8552325426335,0.0,82777.26131653496,-4714.8552325426335,24020.470839837995,16.2426,16.2426,16.2426
6746,26,68743.77421,48866.149655406996,0.0,48866.149655406996,1221.308,0.0,593.212,12171.441072380629,21.500000000000004,74.364,0.0,0.0,0.0,7405.999,1610.1995177876215,0.0,84306.9508584332,-1610.1995177876215,19877.624554593007,9.7305,9.7305,9.7305
6747,27,67903.06291,47231.767740426,0.0,47231.767740426,1221.308,0.0,593.212,12171.441072380629,21.500000000000004,74.364,0.0,0.0,0.0,7405.998999999971,816.5289028066363,0.0,85082.65331609952,-816.5289028066363,20671.29516957399,9.7305,9.7305,9.7305
6748,28,68779.75004,45505.633250046,0.0,45505.633250046,1221.308,0.0,593.212,12171.441072380629,7269.002,74.364,0.0,0.0,0.0,7405.999,5461.209282426627,0.0,90270.80213440482,-5461.209282426627,23274.116789954,16.2426,16.2426,16.2426
6749,29,72645.74894,39719.85564260899,0.0,39719.85564260899,1221.308,0.0,593.212,12171.441072380629,11527.127549412366,74.364,0.0,0.0,0.0,7405.999,67.55832440197901,0.0,90334.9825425867,-67.55832440197901,32925.89329739101,16.526280000000003,16.526280000000003,16.526280000000003
6750,30,77875.12597,36872.611758207,0.0,36872.611758207,1221.308,0.0,593.212,12171.441072380629,19536.190139412363,74.364,0.0,0.0,0.0,7405.999,0.0,0.0,90334.9825425867,0.0,41002.51421179299,17.85108,17.85108,17.85108
6751,31,83557.36837,36607.177296493996,7886.8635816099995,36607.177296493996,1221.308,7886.8635816099995,593.212,12171.441072380629,19155.343169515363,74.364,36.160000000000004,257.0,0.0,5554.49925,0.0,0.0,90334.9825425867,0.0,39063.327491896,33.44188,33.44188,33.44188
6752,32,86241.89022,35166.825951308,37144.737451076,35166.825951308,1221.308,37144.737451076,0.0,12171.441072380629,1784.819009515365,74.364,0.0,0.0,0.0,3702.9995,5024.604764279995,0.0,95108.3570686527,-5024.604764279995,13930.326817616005,0.9354800000000054,0.9354800000000054,0.9354800000000054
6753,33,87997.95737,29513.397550140002,56628.804698772496,29513.397550140002,1221.308,56628.804698772496,0.0,12171.441072380629,0.0,74.364,0.0,0.0,0.0,1851.49975,13462.857701293102,0.0,107898.07188488114,-13462.857701293102,1855.75512108751,0.0,0.0,0.0
6754,34,89914.76073,20529.006305842,68003.73485546,20529.006305842,1221.308,68003.73485546,0.0,12171.441072380629,0.0,74.364,0.0,0.0,0.0,0.0,12085.09350368262,0.0,119378.91071337962,-12085.09350368262,1382.019568697986,0.0,0.0,0.0
6755,35,91743.60097,15270.419202478,73118.5877962465,15270.419202478,1221.308,73118.5877962465,0.0,12171.441072380629,0.0,74.364,0.0,0.0,0.0,0.0,10112.519101105132,0.0,128985.80385942949,-10112.519101105132,3354.5939712754916,0.0,0.0,0.0
6756,36,93058.70137,15599.125041881001,72559.1203741135,15599.125041881001,1221.308,72559.1203741135,0.0,12171.441072380629,0.0,74.364,0.0,0.0,0.0,1851.49975,10418.156868375128,0.0,138883.05288438586,-10418.156868375128,4900.455954005505,0.0,0.0,0.0
6757,37,93721.59884,12876.745153716001,69407.07521337351,12876.745153716001,1221.308,69407.07521337351,348.123,12171.441072380629,0.0,74.364,0.0,0.0,0.0,3702.9995,6080.4570994701,0.0,144659.48712888247,-6080.4570994701,11437.778472910504,6.32,6.32,6.32
6758,38,94550.76151,13203.085109480999,58508.0644621035,13203.085109480999,1221.308,58508.0644621035,593.212,12171.441072380629,7247.502,74.364,0.0,0.0,0.0,5554.49925,4022.714383965155,0.0,148481.06579364935,-4022.714383965155,22839.611938415503,16.359399999999997,16.359399999999997,16.359399999999997
6759,39,95038.59422,13202.57430916,62219.1292664015,13202.57430916,1221.308,62219.1292664015,593.212,12171.441072380629,7269.001999999986,74.364,0.0,0.0,0.0,7405.999,9118.435427942106,0.0,157143.57945019435,-9118.435427942106,19616.8906444385,16.2426,16.2426,16.2426
6760,40,95024.74295,11862.430254791,49776.739256308,11862.430254791,1221.308,49776.739256308,593.212,12171.441072380629,14905.667840000002,74.364,20.339999999999996,0.0,0.0,7405.999,3006.7584734796296,0.0,160000.0,-3006.7584734796296,33385.573438900996,16.2426,16.2426,16.2426
6761,41,94705.46587,9831.856159073002,30125.5655991075,9831.856159073002,1221.308,30125.5655991075,593.212,12171.441072380629,25028.690000000002,74.364,469.10800000000006,257.0,0.0,7405.999,0.0,7526.922039438899,152076.92416901168,7526.922039438899,54748.0441118195,35.458,35.458,35.458
6762,42,94909.88067,10573.979094307,3725.2211601629997,10573.979094307,1221.308,3725.2211601629997,593.212,12171.441072380629,25028.690000000002,74.364,701.2,257.0,0.0,7405.999,0.0,33157.466343149325,117174.32801832817,33157.466343149325,80610.68041553,35.458,35.458,35.458
6763,43,96457.11811,13802.529349701,0.0,13802.529349701,1221.308,0.0,593.212,12171.441072380629,25028.690000000002,74.364,701.2,257.0,0.0,7405.999,0.0,35201.37468791833,80120.24939946677,35201.37468791833,82654.588760299,35.458,35.458,35.458
6764,44,96484.37569,14449.797747727001,0.0,14449.797747727001,1221.308,0.0,593.212,12171.441072380629,25028.690000000002,74.364,701.2,257.0,0.0,7405.999,0.0,34581.36386989236,43718.8137469485,34581.36386989236,82034.577942273,35.458,35.458,35.458
6765,45,92399.54863,16219.03545691,0.0,16219.03545691,1221.308,0.0,593.212,12171.441072380629,25028.690000000002,74.364,701.2,257.0,0.0,7405.999,0.0,28727.29910070935,13479.551535675502,28727.29910070935,76180.51317309,35.458,35.458,35.458
6766,46,85995.5714,23729.893157987,0.0,23729.893157987,1221.308,0.0,593.212,12171.441072380629,25028.690000000002,74.364,3300.896229931531,257.0,0.0,7405.999,0.0,12212.767939700834,624.0063359904146,12212.767939700834,62265.678242013004,35.458,35.458,35.458
6767,47,79515.17505,28301.035659307003,0.0,28301.035659307003,1221.308,0.0,593.212,12171.441072380629,25028.690000000002,74.364,4462.12531831236,257.0,0.0,7405.999,0.0,0.0,624.0063359904146,0.0,51214.139390693,35.458,35.458,35.458
6768,48,74194.49946,28109.989452356,0.0,28109.989452356,1221.308,0.0,593.212,12171.441072380629,25028.690000000002,74.364,288.592,257.0,0.0,7405.999,956.0960647366245,0.0,1532.2975974902079,-956.0960647366245,46084.51000764401,33.42304,33.42304,33.42304
6769,49,71083.49132,27517.480858741,0.0,27517.480858741,1221.308,0.0,593.212,12171.441072380629,24264.88999999999,74.364,20.339999999999996,0.0,0.0,7405.999,2185.5436111216236,0.0,3608.56402805575,-2185.5436111216236,43566.010461259,17.85108,17.85108,17.85108
6770,50,69059.61012,29542.393444629004,0.0,29542.393444629004,1221.308,0.0,593.212,12171.441072380629,23688.689999999988,74.364,0.0,0.0,0.0,7405.999,5637.797397009615,0.0,8964.471555214885,-5637.797397009615,39517.21667537099,17.85108,17.85108,17.85108
6771,51,68210.37194,30106.757796087997,0.0,30106.757796087997,1221.308,0.0,593.212,12171.441072380629,23688.68999999996,74.364,0.0,0.0,0.0,7405.999,7051.3999284686415,0.0,15663.301487260094,-7051.3999284686415,38103.614143912,17.85108,17.85108,17.85108
6772,52,69043.50783,30230.833956115,0.0,30230.833956115,1221.308,0.0,593.212,12171.441072380629,24264.889999999974,74.364,20.339999999999996,0.0,0.0,7405.999,6938.880198495624,0.0,22255.237675830936,-6938.880198495624,38812.673873885,17.85108,17.85108,17.85108
6773,53,72523.08043,24580.927450623,0.0,24580.927450623,1221.308,0.0,593.212,12171.441072380629,25028.690000000002,74.364,1190.1389069963457,257.0,0.0,7405.999,0.0,0.0,22255.237675830936,0.0,47942.152979377,35.458,35.458,35.458
6774,54,78143.17942,9546.95575558,0.5338,9546.95575558,1221.308,0.5338,593.212,12171.441072380629,25028.690000000002,74.364,701.2,257.0,0.0,7405.999,0.0,21142.47579203939,0.0,21142.47579203939,68595.68986442,35.458,35.458,35.458
6775,55,83968.01592,32991.177410747005,4214.5472883175,32991.177410747005,1221.308,4214.5472883175,593.212,12171.441072380629,24452.49,74.364,586.4771485548413,257.0,0.0,7405.999,0.0,0.0,0.0,0.0,46762.2912209355,35.458,35.458,35.458
6776,56,86734.06411,31684.950110399,32477.702053850004,31684.950110399,1221.308,32477.702053850004,0.0,12171.441072380629,7081.965840000001,74.364,0.0,0.0,0.0,5554.49925,3532.16621662964,0.0,3355.557905798158,-3532.16621662964,22571.411945751,3.4639999999999986,3.4639999999999986,3.4639999999999986
6777,57,88067.15443,27333.415859019,52158.4563110375,27333.415859019,1221.308,52158.4563110375,0.0,12171.441072380629,0.0,74.364,0.0,0.0,0.0,3702.9995,8594.830312437152,0.0,11520.646702613452,-8594.830312437152,8575.282259943488,0.0,0.0,0.0
6778,58,89358.95658,19985.784090229,64264.77269091049,19985.784090229,1221.308,64264.77269091049,0.0,12171.441072380629,0.0,74.364,0.0,0.0,0.0,1851.49975,10210.213023520133,0.0,21220.34907495758,-10210.213023520133,5108.399798860504,0.0,0.0,0.0
6779,59,90682.49396,16834.856352881998,67365.144683996,16834.856352881998,1221.308,67365.144683996,593.212,12171.441072380629,0.0,74.364,0.0,0.0,0.0,3702.9995,11280.831649258613,0.0,31937.13914175326,-11280.831649258613,6482.492923122016,9.7305,9.7305,9.7305
6780,60,91947.80649,16332.206299577,68275.4372913905,16332.206299577,1221.308,68275.4372913905,593.212,12171.441072380629,0.0,74.364,0.0,0.0,0.0,5554.49925,12274.661423348138,0.0,43598.067493933995,-12274.661423348138,7340.162899032512,9.7305,9.7305,9.7305
6781,61,92605.92487,17431.131601516,68930.2343653475,17431.131601516,1221.308,68930.2343653475,0.0,12171.441072380629,0.0,74.364,0.0,0.0,0.0,5554.49925,12777.053419244126,0.0,55736.26824221591,-12777.053419244126,6244.558903136509,0.0,0.0,0.0
6782,62,93327.07197,21801.751641383,40130.4308998215,21801.751641383,1221.308,40130.4308998215,593.212,12171.441072380629,16606.724159999998,74.364,0.0,0.0,0.0,7405.999,6678.158803585113,0.0,62080.519105621766,-6678.158803585113,31394.889428795505,22.679399999999998,22.679399999999998,22.679399999999998
6783,63,93667.29331,24831.622699755004,62066.46408941,24831.622699755004,1221.308,62066.46408941,0.0,12171.441072380629,0.0,74.364,0.0,0.0,0.0,5554.49925,12252.40580154564,0.0,73720.30461709012,-12252.40580154564,6769.206520834996,0.0,0.0,0.0
6784,64,93423.50063,25449.80239825,49843.838101540496,25449.80239825,1221.308,49843.838101540496,593.212,12171.441072380629,7247.502,74.364,0.0,0.0,0.0,7405.999,10583.965942171137,0.0,83775.0722621527,-10583.965942171137,18129.860130209498,16.2426,16.2426,16.2426
6785,65,92971.4049,28235.127846518,32087.005228757003,28235.127846518,1221.308,32087.005228757003,593.212,12171.441072380629,14905.667840000002,74.364,20.339999999999996,0.0,0.0,7405.999,3743.060087655646,0.0,87330.97934542556,-3743.060087655646,32649.27182472499,16.2426,16.2426,16.2426
6786,66,93342.66745,26370.174151435003,6517.689947854,26370.174151435003,1221.308,6517.689947854,593.212,12171.441072380629,25028.690000000002,74.364,469.10800000000006,257.0,0.0,7405.999,0.0,13233.681278330374,73400.78852613043,13233.681278330374,60454.803350710994,35.458,35.458,35.458
6787,67,95220.87622,31911.772508172005,0.0,31911.772508172005,1221.308,0.0,593.212,12171.441072380629,25028.690000000002,74.364,701.2,257.0,0.0,7405.999,0.0,15855.889639447383,56710.37837934372,15855.889639447383,63309.103711828,35.458,35.458,35.458
6788,68,95188.60826,33321.884851759,0.0,33321.884851759,1221.308,0.0,593.212,12171.441072380629,25028.690000000002,74.364,701.2,257.0,0.0,7405.999,0.0,14413.509335860375,41538.26328896437,14413.509335860375,61866.72340824099,35.458,35.458,35.458
6789,69,91374.48862,30892.428903240005,0.0,30892.428903240005,1221.308,0.0,593.212,12171.441072380629,25028.690000000002,74.364,701.2,257.0,0.0,7405.999,0.0,13028.845644379382,27823.68892645976,13028.845644379382,60482.05971676,35.458,35.458,35.458
6790,70,85356.409,34705.221602033,0.0,34705.221602033,1221.308,0.0,593.212,12171.441072380629,24452.49,74.364,268.252,257.0,0.0,7405.999,0.0,4207.121325586375,23395.140162684627,4207.121325586375,50651.187397967,33.44188,33.44188,33.44188
6791,71,79021.69107,37280.482546071,0.0,37280.482546071,1221.308,0.0,593.212,12171.441072380629,22338.530429999988,74.364,0.0,0.0,0.0,7405.999,2063.645978451631,0.0,25355.603842213677,-2063.645978451631,41741.208523929,17.18868,17.18868,17.18868
6792,72,73831.92238,39384.636054430004,0.0,39384.636054430004,1221.308,0.0,593.212,12171.441072380629,21319.988999999987,74.364,0.0,0.0,0.0,7405.999,8339.02674681063,0.0,33277.679251683774,-8339.02674681063,34447.28632557,17.18868,17.18868,17.18868
6793,73,70704.59042,39626.555110167,0.0,39626.555110167,1221.308,0.0,593.212,12171.441072380629,21319.988999999972,74.364,0.0,0.0,0.0,7405.999,11708.277762547625,0.0,44400.54312610402,-11708.277762547625,31078.035309832994,17.18868,17.18868,17.18868
6794,74,68780.19443,36453.162196322,0.0,36453.162196322,1221.308,0.0,593.212,12171.441072380629,21319.989,74.364,0.0,0.0,0.0,7405.999,10459.280838702634,0.0,54336.859922871525,-10459.280838702634,32327.032233678,17.18868,17.18868,17.18868
6795,75,68054.01178,30728.372809807996,0.0,30728.372809807996,1221.308,0.0,593.212,12171.441072380629,21319.989,74.364,0.0,0.0,0.0,7405.999,5460.674102188639,0.0,59524.500319950734,-5460.674102188639,37325.638970192005,17.18868,17.18868,17.18868
6796,76,68904.31549,25677.497842955,0.0,25677.497842955,1221.308,0.0,593.212,12171.441072380629,22338.530429999988,74.364,0.0,0.0,0.0,7405.999,578.0368553356479,0.0,60073.635332519596,-578.0368553356479,43226.817647045,17.18868,17.18868,17.18868
6797,77,72286.00367,21662.856143175995,0.0,21662.856143175995,1221.308,0.0,593.212,12171.441072380629,24452.49,74.364,268.252,257.0,0.0,7405.999,0.0,4179.08145444338,55674.6022225792,4179.08145444338,50623.14752682401,33.44188,33.44188,33.44188
6798,78,78105.97693,21501.615451977,0.0,21501.615451977,1221.308,0.0,593.212,12171.441072380629,25028.690000000002,74.364,701.2,257.0,0.0,7405.999,0.0,9151.147405642374,46041.81547979775,9151.147405642374,56604.361478023005,35.458,35.458,35.458
6799,79,83141.48906,21180.890246842002,2919.7953245195,21180.890246842002,1221.308,2919.7953245195,593.212,12171.441072380629,25028.690000000002,74.364,469.10800000000006,257.0,0.0,7405.999,0.0,11819.68141625788,33600.04556794735,11819.68141625788,59040.80348863851,35.458,35.458,35.458
6800,80,85592.55448,22826.152260326002,26714.904971066997,22826.152260326002,1221.308,26714.904971066997,593.212,12171.441072380629,23246.348570000002,74.364,20.339999999999996,0.0,0.0,7405.999,8681.515393773612,0.0,41847.48519203228,-8681.515393773612,36051.497248607004,18.134760000000004,18.134760000000004,18.134760000000004
6801,81,87147.4687,17756.245451642,44691.4564925205,17756.245451642,1221.308,44691.4564925205,593.212,12171.441072380629,13310.92641,74.364,0.0,0.0,0.0,7405.999,10077.483726543149,0.0,51421.094732248275,-10077.483726543149,24699.766755837503,16.2426,16.2426,16.2426
6802,82,88514.56312,14268.267792227,54146.207085371,14268.267792227,1221.308,54146.207085371,593.212,12171.441072380629,7269.002,74.364,0.0,0.0,0.0,7405.999,8635.237829978621,0.0,59624.57067072797,-8635.237829978621,20100.08824240201,16.2426,16.2426,16.2426
6803,83,89559.77724,15179.176059154997,58173.067504484,15179.176059154997,1221.308,58173.067504484,593.212,12171.441072380629,21.500000000000004,74.364,0.0,0.0,0.0,7405.999,5280.290396019639,0.0,64640.846546946625,-5280.290396019639,16207.533676360996,9.7305,9.7305,9.7305
6804,84,89878.21749,16020.824902184002,55581.1907964275,16020.824902184002,1221.308,55581.1907964275,593.212,12171.441072380629,0.0,74.364,0.0,0.0,0.0,7405.999,3190.122280992124,0.0,67671.46271388914,-3190.122280992124,18276.201791388492,9.7305,9.7305,9.7305
6805,85,89872.86697,18732.406895068998,56566.957112030505,18732.406895068998,1221.308,56566.957112030505,593.212,12171.441072380629,28.499999999999996,74.364,0.0,0.0,0.0,7405.999,6921.321109480112,0.0,74246.71776789524,-6921.321109480112,14573.5029629005,12.948899999999998,12.948899999999998,12.948899999999998
6806,86,89780.90618,22201.829893839,57704.378893014,22201.829893839,1221.308,57704.378893014,0.0,12171.441072380629,0.0,74.364,0.0,0.0,0.0,5554.49925,9146.91492923362,0.0,82936.28695066719,-9146.91492923362,9874.697393146998,0.0,0.0,0.0
6807,87,89511.22461,22784.820589087005,50969.903886561995,22784.820589087005,1221.308,50969.903886561995,593.212,12171.441072380629,7247.502,74.364,0.0,0.0,0.0,7405.999,12957.325938029642,0.0,95245.74659179535,-12957.325938029642,15756.500134351008,16.2426,16.2426,16.2426
6808,88,88816.89181,23818.109239826004,41674.483098029,23818.109239826004,1221.308,41674.483098029,593.212,12171.441072380629,12398.349654391292,74.364,0.0,0.0,0.0,7405.999,10540.374254626915,0.0,105259.10213369092,-10540.374254626915,23324.299472144994,16.2426,16.2426,16.2426
6809,89,88420.0119,23351.785196679,26609.1543115185,23351.785196679,1221.308,26609.1543115185,593.212,12171.441072380629,22333.771814391293,74.364,20.339999999999996,0.0,0.0,7405.999,5361.363494969435,0.0,110352.39745391188,-5361.363494969435,38459.07239180249,18.134760000000004,18.134760000000004,18.134760000000004
6810,90,89719.67162,23869.050454874,3806.404097612,23869.050454874,1221.308,3806.404097612,593.212,12171.441072380629,25028.690000000002,74.364,469.10800000000006,257.0,0.0,7405.999,0.0,14823.094995133359,94749.13956429782,14823.094995133359,62044.21706751399,35.458,35.458,35.458
6811,91,92042.00134,20320.429845553,0.0,20320.429845553,1221.308,0.0,593.212,12171.441072380629,25028.690000000002,74.364,701.2,257.0,0.0,7405.999,0.0,24268.357422066387,69203.50017264899,24268.357422066387,71721.57149444701,35.458,35.458,35.458
6812,92,92213.92088,19525.073150123,0.0,19525.073150123,1221.308,0.0,593.212,12171.441072380629,25028.690000000002,74.364,701.2,257.0,0.0,7405.999,0.0,25235.63365749638,42639.67527002122,25235.63365749638,72688.847729877,35.458,35.458,35.458
6813,93,89049.28144,19898.097696449,0.0,19898.097696449,1221.308,0.0,593.212,12171.441072380629,25028.690000000002,74.364,701.2,257.0,0.0,7405.999,0.0,21697.969671170387,19799.70719510502,21697.969671170387,69151.18374355101,35.458,35.458,35.458
6814,94,83267.03861,21869.177560825,0.0,21869.177560825,1221.308,0.0,593.212,12171.441072380629,25028.690000000002,74.364,701.2,257.0,0.0,7405.999,0.0,13944.646976794376,5121.131430058309,13944.646976794376,61397.861049175,35.458,35.458,35.458
6815,95,77276.11687,25966.975939064,0.0,25966.975939064,1221.308,0.0,593.212,12171.441072380629,24452.49,74.364,268.252,257.0,0.0,7405.999,0.0,4865.074858555394,0.0,4865.074858555394,51309.140930936,33.44188,33.44188,33.44188
6816,96,72543.3029,29177.636750740006,0.0,29177.636750740006,1221.308,0.0,593.212,12171.441072380629,21899.342076879348,74.364,0.0,0.0,0.0,7405.999,0.0,0.0,0.0,0.0,43365.66614925999,17.18868,17.18868,17.18868
6817,1,69728.55219,32361.008508805004,0.0,32361.008508805004,1221.308,0.0,593.212,12171.441072380629,18608.52086474234,74.364,0.0,0.0,0.0,7405.999,2707.301255927984,0.0,2571.936193131585,-2707.301255927984,37367.543681195,17.18868,17.18868,17.18868
6818,2,68234.14558,32493.695004081,0.0,32493.695004081,1221.308,0.0,593.212,12171.441072380629,14274.126503538339,74.364,0.0,0.0,0.0,7405.999,0.0,0.0,2571.936193131585,0.0,35740.45057591899,17.18868,17.18868,17.18868
6819,3,67598.65306,34027.201290446,0.0,34027.201290446,1221.308,0.0,593.212,12171.441072380629,12105.127697173355,74.364,0.0,0.0,0.0,7405.999,0.0,0.0,2571.936193131585,0.0,33571.451769554,17.18868,17.18868,17.18868
6820,4,68350.12346,36793.126951518,0.0,36793.126951518,1221.308,0.0,593.212,12171.441072380629,10090.672436101357,74.364,0.0,0.0,0.0,7405.999,0.0,0.0,2571.936193131585,0.0,31556.996508482,17.18868,17.18868,17.18868
6821,5,71304.56201,32388.728056091997,0.0,32388.728056091997,1221.308,0.0,593.212,12171.441072380629,17449.50988152736,74.364,0.0,0.0,0.0,7405.999,0.0,0.0,2571.936193131585,0.0,38915.833953908,17.18868,17.18868,17.18868
6822,6,76294.01024,36351.240440183006,0.0,36351.240440183006,1221.308,0.0,593.212,12171.441072380629,18476.445727436345,74.364,0.0,0.0,0.0,7405.999,0.0,0.0,2571.936193131585,0.0,39942.769799817,17.18868,17.18868,17.18868
6823,7,81255.63643,37878.427154807,3252.3301478395006,37878.427154807,1221.308,3252.3301478395006,593.212,12171.441072380629,17773.555421497877,74.364,36.160000000000004,257.0,0.0,5554.49925,0.0,2443.339383475006,0.0,2443.339383475006,40124.879127353495,33.44188,33.44188,33.44188
6824,8,84120.48145,40063.607048994,26483.7305671275,40063.607048994,1221.308,26483.7305671275,0.0,12171.441072380629,403.0312614978784,74.364,0.0,0.0,0.0,3702.9995,0.0,0.0,0.0,0.0,17573.143833878505,0.9354800000000054,0.9354800000000054,0.9354800000000054
6825,9,85670.70903,36759.596697753004,44027.5418567565,36759.596697753004,1221.308,44027.5418567565,0.0,11973.97673978063,0.0,74.364,0.0,0.0,0.0,1851.49975,10237.578014290115,0.0,9725.699113575609,-10237.578014290115,4883.570475490495,0.0,0.0,0.0
6826,10,87240.23967,40088.47869649399,55360.541642578006,34386.053948942994,875.8420000000001,40172.43743227637,0.0,11731.542288780629,0.0,74.364,0.0,0.0,0.0,0.0,0.0,0.0,9725.699113575609,0.0,12681.748288780633,0.0,0.0,0.0
6827,11,88132.53934,46196.883192361005,60532.206244586494,46196.883192361005,1158.7310000000002,60532.206244586494,0.0,11489.107837780628,0.0,74.364,0.0,0.0,0.0,0.0,31318.75293472813,0.0,39478.51440156733,-31318.75293472813,-18596.550096947496,0.0,0.0,0.0
6828,12,88464.8791,48623.269408167005,61291.9196831095,48623.269408167005,1221.308,47808.84826779456,0.0,8796.77956778063,0.0,74.364,0.0,0.0,0.0,0.0,18059.6901437422,0.0,56635.22003812242,-18059.6901437422,-7967.238575961557,0.0,0.0,0.0
6829,13,87979.16907,51091.628659937,61093.264623859,42475.81712762686,936.686,37739.718169592496,0.0,6752.583772780627,0.0,74.364,0.0,0.0,0.0,0.0,0.0,0.0,56635.22003812242,0.0,7763.633772780646,0.0,0.0,0.0
6830,14,87770.61991,46028.955794214,56383.0004046045,45893.398844214,666.3000000000001,56383.0004046045,0.0,9164.52783378063,0.0,0.0,0.0,0.0,0.0,0.0,24336.607172599142,0.0,79754.9968520916,-24336.607172599142,-14505.77933881851,0.0,0.0,0.0
6831,15,87490.61994,46540.97720494302,56365.06254685299,46540.97720494302,1202.183,55364.76049685299,0.0,11456.50444178063,0.0,74.364,0.0,0.0,0.0,0.0,27148.169203576617,0.0,105545.75759548938,-27148.169203576617,-14415.117761796006,0.0,0.0,0.0
6832,16,86925.88268,54810.797308952,44495.813448383495,54810.797308952,1168.4080000000004,29824.278595426,0.0,11528.654959380628,0.0,74.364,0.0,0.0,0.0,0.0,10480.620183758623,0.0,115502.34677006007,-10480.620183758623,2290.8067756219934,0.0,0.0,0.0
6833,17,86679.33692,55624.167539873,28644.564879276,55624.167539873,1221.308,28644.564879276,0.0,12171.441072380629,0.0,74.364,0.0,0.0,0.0,0.0,11056.508571529648,0.0,126006.02991301323,-11056.508571529648,2410.604500851001,0.0,0.0,0.0
6834,18,87711.20496,63798.089191059,3186.5133574225006,63798.089191059,1221.308,3186.5133574225006,593.212,12171.441072380629,28.499999999999996,74.364,0.0,0.0,0.0,1851.49975,0.0,4786.277589137883,120967.84297707862,4786.277589137883,20726.602411518503,12.948899999999998,12.948899999999998,12.948899999999998
6835,19,89352.20614,57023.06955050601,0.0,57023.06955050601,1221.308,0.0,593.212,12171.441072380629,50.0,74.364,0.0,0.0,0.0,3702.9995,0.0,14515.812017113358,105688.0408538014,14515.812017113358,32329.136589493988,16.2426,16.2426,16.2426
6836,20,89059.8396,56832.064500851,0.0,56832.064500851,1221.308,0.0,593.212,12171.441072380629,50.0,74.364,0.0,0.0,0.0,3702.9995,0.0,14414.450526768374,90514.93503615048,14414.450526768374,32227.77509914901,16.2426,16.2426,16.2426
6837,21,85945.70204,62486.119793053986,0.0,62486.119793053986,1221.308,0.0,593.212,12171.441072380629,28.499999999999996,74.364,0.0,0.0,0.0,1851.49975,0.0,7519.257424565382,82599.9272208185,7519.257424565382,23459.582246946018,12.948899999999998,12.948899999999998,12.948899999999998
6838,22,81373.86733,65438.634856125,0.0,65438.634856125,1221.308,0.0,0.0,12171.441072380629,0.0,74.364,0.0,0.0,0.0,0.0,0.0,2468.1194014943644,80001.90679819285,2468.1194014943644,15935.232473874996,0.0,0.0,0.0
6839,23,76578.80375,61273.278993433,0.0,61273.278993433,1221.308,0.0,593.212,12171.441072380629,0.0,74.364,0.0,0.0,0.0,0.0,0.0,1245.1996841863725,78691.17028852299,1245.1996841863725,15305.524756567007,9.7305,9.7305,9.7305
6840,24,72128.42631,62608.506955075,0.0,62608.506955075,1150.3560000000002,0.0,0.0,12171.441072380629,0.0,74.364,0.0,0.0,0.0,0.0,3876.241717455623,0.0,82373.59992010583,-3876.241717455623,9519.919354924998,0.0,0.0,0.0
6841,25,68576.64772,61786.183347724,0.0,61786.183347724,1221.308,0.0,0.0,12171.441072380629,0.0,74.364,0.0,0.0,0.0,0.0,6676.648700104637,0.0,88716.41618520523,-6676.648700104637,6790.464372275994,0.0,0.0,0.0
6842,26,66172.18137,61030.468496338006,0.0,61030.468496338006,1221.308,0.0,0.0,12054.320436380629,0.0,74.364,0.0,0.0,0.0,0.0,8208.27956271862,0.0,96514.28176978792,-8208.27956271862,5141.712873662,0.0,0.0,0.0
6843,27,65168.97328,59911.585392104,0.0,55307.078692096,851.7560000000001,0.0,0.0,8935.774587903992,0.0,74.364,0.0,0.0,0.0,0.0,0.0,0.0,96514.28176978792,0.0,9861.894587903997,0.0,0.0,0.0
6844,28,64967.37692,58555.334906325,0.0,53043.03400761937,941.5920000000001,0.0,0.0,10908.386912380629,0.0,74.364,0.0,0.0,0.0,0.0,0.0,0.0,96514.28176978792,0.0,11924.342912380635,0.0,0.0,0.0
6845,29,66125.65661,58507.476142675,0.0,58507.476142675,781.508,0.0,0.0,12171.441072380629,0.0,74.364,0.0,0.0,0.0,0.0,5409.132605055616,0.0,101652.95774459076,-5409.132605055616,7618.180467325008,0.0,0.0,0.0
6846,30,68289.23579,50933.44219118901,0.0,50933.44219118901,1221.308,0.0,593.212,12171.441072380629,0.0,74.364,0.0,0.0,0.0,0.0,0.0,3295.4685264303657,98184.043506243,3295.4685264303657,17355.793598810997,9.7305,9.7305,9.7305
6847,31,71109.33874,51752.80374632401,5924.649359552501,51717.5763080669,1221.308,5924.649359552501,0.0,12171.441072380629,0.0,74.364,0.0,0.0,0.0,0.0,0.0,0.0,98184.043506243,0.0,13467.113072380607,0.0,0.0,0.0
6848,32,73958.05965,49897.06585238001,34071.61414736351,49897.06585238001,1099.9720000000002,34071.61414736351,0.0,11567.698491380628,0.0,74.364,0.0,0.0,0.0,0.0,22752.65484112414,0.0,119799.06560531093,-22752.65484112414,-10010.62034974352,0.0,0.0,0.0
6849,33,77011.75519,43592.395043822005,52769.34851171101,43592.395043822005,1090.295,21344.088308597376,0.0,10910.612837580631,0.0,74.364,0.0,0.0,0.0,0.0,0.0,0.0,119799.06560531093,0.0,12075.271837580614,0.0,0.0,0.0
6850,34,79432.09889,39260.446543768005,65726.174826868,23705.738649979998,976.9730000000001,47224.360159538795,0.0,7525.027080481201,0.0,0.0,0.0,0.0,0.0,0.0,0.0,0.0,119799.06560531093,0.0,8502.0000804812,0.0,0.0,0.0
6851,35,80691.36926,33516.779452506,70497.99921307749,33441.336151776006,997.5390000000001,36052.05301174281,0.0,10126.077096481202,0.0,74.364,0.0,0.0,0.0,0.0,0.0,0.0,119799.06560531093,0.0,11197.980096481188,0.0,0.0,0.0
6852,36,81007.15003,38474.768502806,70884.0734429665,21926.871102806,507.81399999999996,48916.255362312804,0.0,9581.8455648812,0.0,74.364,0.0,0.0,0.0,0.0,0.0,0.0,119799.06560531093,0.0,10164.023564881201,0.0,0.0,0.0
6853,37,80808.97553,37732.79944707401,72043.0227084265,37732.79944707401,1119.662,71929.56899512598,0.0,9952.5810878,0.0,74.364,0.0,0.0,0.0,0.0,40000.0,0.0,157799.06560531093,-40000.0,-28853.392912199997,0.0,0.0,0.0
6854,38,80854.25018,36173.437604496,57702.146786233,24429.373154496003,675.885,46216.79217570402,0.0,9457.8358498,0.0,74.364,0.0,0.0,0.0,0.0,0.0,0.0,157799.06560531093,0.0,10208.084849799983,0.0,0.0,0.0
6855,39,81155.97314,33257.393554867,64591.77012524301,29042.375,648.2908339263445,41035.164982693,0.0,10430.142323380627,0.0,0.0,0.0,0.0,0.0,0.0,0.0,0.0,157799.06560531093,0.0,11078.433157307001,0.0,0.0,0.0
6856,40,81664.79854,35468.79320548599,53545.3343843845,26083.400100619998,578.0820000000001,44383.48735099936,0.0,8693.96533838063,0.0,74.364,0.0,0.0,0.0,1851.49975,0.0,0.0,157799.06560531093,0.0,11197.911088380642,0.0,0.0,0.0
6857,41,82485.96406,32803.46529292499,34807.6592417355,32803.46529292499,1221.308,34807.6592417355,0.0,12171.441072380629,21.500000000000004,74.364,0.0,0.0,0.0,3702.9995,2316.773047041132,0.0,160000.0,-2316.773047041132,14874.839525339507,0.0,0.0,0.0
6858,42,84192.7323,34771.433696309,6091.2802320480005,34771.433696309,1221.308,6091.2802320480005,593.212,12171.441072380629,17392.024159999997,74.364,36.160000000000004,257.0,0.0,5554.49925,0.0,6030.009889262367,153652.62116919752,6030.009889262367,43330.018371643004,33.44188,33.44188,33.44188
6859,43,86055.16309,41678.187358379,0.0,41678.187358379,1221.308,0.0,593.212,12171.441072380629,7269.002,74.364,0.0,0.0,0.0,7405.999,0.0,15641.649659240396,137187.72679104973,15641.649659240396,44376.975731621,17.18868,17.18868,17.18868
6860,44,86275.12406,49097.102005841996,0.0,49097.102005841996,1221.308,0.0,593.212,12171.441072380629,50.0,74.364,0.0,0.0,0.0,7405.999,0.0,15661.69798177735,120701.72891549463,15661.69798177735,37178.022054158006,16.2426,16.2426,16.2426
6861,45,83441.77732,47265.13940054001,0.0,47265.13940054001,1221.308,0.0,593.212,12171.441072380629,50.0,74.364,0.0,0.0,0.0,7405.999,0.0,14660.313847079367,105269.8196027795,14660.313847079367,36176.63791945999,16.2426,16.2426,16.2426
6862,46,79381.03203,47820.869249605,0.0,47820.869249605,1221.308,0.0,593.212,12171.441072380629,50.0,74.364,0.0,0.0,0.0,7405.999,0.0,10043.838708014351,94697.35780486967,10043.838708014351,31560.162780395003,16.2426,16.2426,16.2426
6863,47,74667.70658,43951.42089615501,0.0,43951.42089615501,1221.308,0.0,593.212,12171.441072380629,50.0,74.364,0.0,0.0,0.0,7405.999,0.0,9199.961611464365,85013.18768753875,9199.961611464365,30716.285683844988,16.2426,16.2426,16.2426
6864,48,70516.53682,39054.41864742,0.0,39054.41864742,1221.308,0.0,593.212,12171.441072380629,50.0,74.364,0.0,0.0,0.0,7405.999,0.0,9945.79410019936,74543.93073996049,9945.79410019936,31462.11817257999,16.2426,16.2426,16.2426
6865,49,67669.23337,33230.586848911,0.0,33230.586848911,1221.308,0.0,593.212,12171.441072380629,50.0,74.364,0.0,0.0,0.0,7405.999,0.0,12922.322448708368,60941.48605710958,12922.322448708368,34438.646521089,16.2426,16.2426,16.2426
6866,50,65646.00725,35542.922142064,0.0,35542.922142064,1221.308,0.0,593.212,12171.441072380629,50.0,74.364,0.0,0.0,0.0,7405.999,0.0,8586.761035555362,51902.7902302092,8586.761035555362,30103.085107935993,16.2426,16.2426,16.2426
6867,51,64411.17355,34178.034345263,0.0,34178.034345263,1221.308,0.0,593.212,12171.441072380629,3554.7120174561123,74.364,0.0,0.0,0.0,7405.999,0.0,5212.10311490026,46416.36589873524,5212.10311490026,30233.139204737003,16.2426,16.2426,16.2426
6868,52,63869.78355,28512.585705145,0.0,28512.585705145,1221.308,0.0,593.212,12171.441072380629,50.0,74.364,0.0,0.0,0.0,7405.999,0.0,13840.873772474362,31847.025085604335,13840.873772474362,35357.197844855,16.2426,16.2426,16.2426
6869,53,64884.37811,26987.024307422005,0.0,26987.024307422005,1221.308,0.0,593.212,12171.441072380629,7269.002,74.364,0.0,0.0,0.0,7405.999,0.0,9162.027730197377,22202.785369607096,9162.027730197377,37897.35380257799,17.18868,17.18868,17.18868
6870,54,66245.70549,29175.882959598,0.0,29175.882959598,1221.308,0.0,593.212,12171.441072380629,7269.002,74.364,0.0,0.0,0.0,5554.49925,0.0,10185.996208021352,11480.684098005673,10185.996208021352,37069.822530401994,17.18868,17.18868,17.18868
6871,55,68049.79652,32934.531206384,6416.79084813,32934.531206384,1221.308,6416.79084813,593.212,12171.441072380629,28.499999999999996,74.364,0.0,0.0,0.0,3702.9995,0.0,10906.64989310539,0.0,10906.64989310539,28698.474465486,16.2426,16.2426,16.2426
6872,56,70790.63453,29985.004098205005,36685.17016129199,29535.464098269003,684.5070000000001,36685.17016129199,0.0,11305.933672380628,0.0,74.364,0.0,0.0,0.0,1851.49975,9346.30415194163,0.0,8878.988944344548,-9346.30415194163,4570.000270438999,0.0,0.0,0.0
6873,57,73443.39175,24738.300499361,56051.94419595549,24738.300499361,1136.7940000000003,56051.94419595549,0.0,12055.556472380627,0.0,74.364,0.0,0.0,0.0,0.0,20613.567417697133,0.0,28461.877991156827,-20613.567417697133,-7346.852945316496,0.0,0.0,0.0
6874,58,76293.55923,21721.197944522002,67846.9725247125,21306.817694522,535.073,65578.5992747125,0.0,11213.096512380629,0.0,74.364,0.0,0.0,0.0,0.0,22414.391251615132,0.0,49755.5496801912,-22414.391251615132,-10591.857739234503,0.0,0.0,0.0
6875,59,78562.32146,25045.843158178,72572.68621735949,25045.843158178,683.056,72572.68621735949,0.0,12054.320436380629,0.0,74.364,0.0,0.0,0.0,0.0,31867.94835191812,0.0,80030.10061451342,-31867.94835191812,-19056.20791553748,0.0,0.0,0.0
6876,60,80202.76898,26611.721344809004,74041.7878546315,26611.721344809004,1188.098,74041.7878546315,0.0,12026.796889380628,0.0,74.364,0.0,0.0,0.0,0.0,33739.999108821154,0.0,112083.09976789351,-33739.999108821154,-20450.740219440515,0.0,0.0,0.0
6877,61,81586.51591,29543.903803054,74144.11823552451,29543.903803054,1189.694,46744.232638739726,0.0,9595.68655138063,0.0,74.364,0.0,0.0,0.0,0.0,5561.365083174376,0.0,117366.39659690917,-5561.365083174376,5298.37946820628,0.0,0.0,0.0
6878,62,83015.58813,26000.474846282,57798.906207933,26000.474846282,1221.308,57798.906207933,0.0,12119.79814038063,0.0,74.364,0.0,0.0,0.0,0.0,14199.263064595616,0.0,130855.696508275,-14199.263064595616,-783.7929242149985,0.0,0.0,0.0
6879,63,84792.71321,23743.582599767004,68256.93439798601,23743.582599767004,1168.4080000000004,68256.93439798601,0.0,12171.441072380629,0.0,74.364,0.0,0.0,0.0,1851.49975,22473.51661013365,0.0,152205.53728790197,-22473.51661013365,-7207.803787753015,0.0,0.0,0.0
6880,64,86178.95448,21312.723454243,55900.816045058506,21312.723454243,1221.308,55900.816045058506,0.0,12171.441072380629,0.0,74.364,0.0,0.0,0.0,3702.9995,8204.69759168215,0.0,160000.0,-8204.69759168215,8965.414980698493,0.0,0.0,0.0
6881,65,87887.76896,19091.860794535998,36166.375119530996,19091.860794535998,1221.308,36166.375119530996,593.212,12171.441072380629,7088.965840000001,74.364,0.0,0.0,0.0,5554.49925,0.0,5925.742883552378,153762.37591205013,5925.742883552378,32629.533045933007,15.570160000000008,15.570160000000008,15.570160000000008
6882,66,89914.12362,16696.33480129,6581.750202829499,16696.33480129,1221.308,6581.750202829499,593.212,12171.441072380629,24452.49,74.364,448.7680000000001,257.0,0.0,7405.999,0.0,20011.45654349987,132697.68481362922,20011.45654349987,66636.0386158805,35.458,35.458,35.458
6883,67,91450.57039,18434.416250798,0.0,18434.416250798,1221.308,0.0,593.212,12171.441072380629,25028.690000000002,74.364,701.2,257.0,0.0,7405.999,0.0,25562.940066821368,105789.3268485541,25562.940066821368,73016.154139202,35.458,35.458,35.458
6884,68,90884.61323,26134.258347288,0.0,26134.258347288,1221.308,0.0,593.212,12171.441072380629,25028.690000000002,74.364,701.2,257.0,0.0,7405.999,0.0,17297.140810331373,87581.81020610002,17297.140810331373,64750.354882712,35.458,35.458,35.458
6885,69,86855.26431,33974.644752438995,0.0,33974.644752438995,1221.308,0.0,593.212,12171.441072380629,24452.49,74.364,448.7680000000001,257.0,0.0,7405.999,0.0,6256.037485180374,80996.50759012069,6256.037485180374,52880.619557561,34.785560000000004,34.785560000000004,34.785560000000004
6886,70,81323.63895,42016.60794689201,0.0,42016.60794689201,1221.308,0.0,593.212,12171.441072380629,7110.465840000001,74.364,0.0,0.0,0.0,7405.999,0.0,10730.241090727362,69701.51696830241,10730.241090727362,39307.031003107986,16.2426,16.2426,16.2426
6887,71,75372.38269,40988.525445435,0.0,40988.525445435,1221.308,0.0,593.212,12171.441072380629,50.0,74.364,0.0,0.0,0.0,7405.999,0.0,12867.533172184369,56156.74520810835,12867.533172184369,34383.857244565,16.2426,16.2426,16.2426
6888,72,70635.98474,37029.748703672,0.0,37029.748703672,1221.308,0.0,593.212,12171.441072380629,50.0,74.364,0.0,0.0,0.0,7405.999,0.0,12089.911963947372,43430.52208816374,12089.911963947372,33606.236036328,16.2426,16.2426,16.2426
6889,73,68146.29186,41382.983509618,0.0,41382.983509618,1221.308,0.0,593.212,12171.441072380629,50.0,74.364,0.0,0.0,0.0,7405.999,0.0,5246.98427800137,37907.38074289914,5246.98427800137,26763.308350381994,16.2426,16.2426,16.2426
6890,74,66488.60525,42834.251050229,0.0,42834.251050229,1221.308,0.0,593.212,12171.441072380629,50.0,74.364,0.0,0.0,0.0,7405.999,0.0,2138.030127390363,35656.82271406718,2138.030127390363,23654.35419977099,16.2426,16.2426,16.2426
6891,75,65874.57795,42478.568590437004,0.0,42478.568590437004,1221.308,0.0,593.212,12171.441072380629,50.0,74.364,0.0,0.0,0.0,7405.999,0.0,1879.685287182384,33678.20662229625,1879.685287182384,23396.009359563002,16.2426,16.2426,16.2426
6892,76,66699.56163,44855.42344203801,0.0,44855.42344203801,1221.308,0.0,593.212,12171.441072380629,50.0,74.364,0.0,0.0,0.0,7405.999,0.0,327.81411558135824,33333.139132210614,327.81411558135824,21844.138187961988,16.2426,16.2426,16.2426
6893,77,70111.09304,41430.82124627099,0.0,41430.82124627099,1221.308,0.0,593.212,12171.441072380629,50.0,74.364,0.0,0.0,0.0,7405.999,0.0,7163.947721348384,25792.14153079126,7163.947721348384,28680.271793729014,16.2426,16.2426,16.2426
6894,78,75535.21482,38087.089054393,0.0,38087.089054393,1221.308,0.0,593.212,12171.441072380629,50.0,74.364,0.0,0.0,0.0,6502.099404613389,0.0,16835.70128861297,8070.350700672344,16835.70128861297,37448.125765606994,16.2426,16.2426,16.2426
6895,79,80948.19309,37327.544253884,7100.628675934499,37327.544253884,1221.308,7100.628675934499,593.212,12171.441072380629,16606.724159999998,74.364,0.0,0.0,0.0,4650.599654613389,0.0,1202.3712731874766,6804.696728896053,1202.3712731874766,36520.0201601815,22.679399999999998,22.679399999999998,22.679399999999998
6896,80,83729.60655,40173.954099352995,34722.645153452504,40173.954099352995,1221.308,34722.645153452504,0.0,12171.441072380629,0.0,74.364,0.0,0.0,0.0,2799.0999046133893,7433.205679799525,0.0,13866.2421247056,-7433.205679799525,8833.007297194497,0.0,0.0,0.0
6897,81,86118.01529,37213.21804432,53060.7638037915,37213.21804432,1221.308,53060.7638037915,0.0,12171.441072380629,0.0,74.364,0.0,0.0,0.0,947.6001546133893,18570.679785105513,0.0,31508.38792055584,-18570.679785105513,-4155.966558111504,0.0,0.0,0.0
6898,82,88442.16012,31432.649352001998,64790.011764718496,31432.649352001998,1221.308,64790.011764718496,0.0,12171.441072380629,0.0,74.364,0.0,0.0,0.0,0.0,21247.614069101135,0.0,51693.62128620192,-21247.614069101135,-7780.500996720497,0.0,0.0,0.0
6899,83,90744.2875,30292.411500339,70164.993204934,30292.411500339,1221.308,70164.993204934,0.0,12171.441072380629,0.0,74.364,0.0,0.0,0.0,0.0,23180.23027765362,0.0,73714.84004997286,-23180.23027765362,-9713.117205272996,0.0,0.0,0.0
6900,84,92818.24073,27168.759047909,70865.8151490955,27168.759047909,1221.308,70865.8151490955,0.0,12171.441072380629,0.0,74.364,0.0,0.0,0.0,0.0,18683.446539385128,0.0,91464.11426238873,-18683.446539385128,-5216.333467004501,0.0,0.0,0.0
6901,85,94518.85768,27856.893499114998,71906.845792858,27856.893499114998,1221.308,71906.845792858,0.0,12171.441072380629,0.0,74.364,0.0,0.0,0.0,0.0,18711.994684353638,0.0,109240.50921252469,-18711.994684353638,-5244.881611973004,0.0,0.0,0.0
6902,86,96429.45443,23852.657240937002,56109.729806232506,23852.657240937002,1221.308,56109.729806232506,593.212,12171.441072380629,28.499999999999996,74.364,0.0,0.0,0.0,1851.49975,0.0,526.7425604498612,108686.04335941958,526.7425604498612,16467.067382830493,16.2426,16.2426,16.2426
6903,87,97668.89413,21496.210207435,64896.917168356995,21496.210207435,1221.308,64896.917168356995,0.0,12171.441072380629,0.0,74.364,0.0,0.0,0.0,3702.9995,5894.345818172646,0.0,114285.67188668359,-5894.345818172646,11275.766754208009,0.0,0.0,0.0
6904,88,98608.28213,21299.051100254,50646.56380651751,21299.051100254,1221.308,50646.56380651751,593.212,12171.441072380629,28.499999999999996,74.364,0.0,0.0,0.0,5554.49925,0.0,7019.342900847868,106896.8898857911,7019.342900847868,26662.6672232285,16.2426,16.2426,16.2426
6905,89,98929.66236,25369.740249247003,29446.8362974445,25369.740249247003,1221.308,29446.8362974445,593.212,12171.441072380629,7110.465840000001,74.364,0.0,0.0,0.0,7405.999,0.0,15536.29590092786,90542.89420060387,15536.29590092786,44113.0858133085,15.570160000000008,15.570160000000008,15.570160000000008
6906,90,99314.73314,26820.679598841998,5429.9576961135,26820.679598841998,1221.308,5429.9576961135,593.212,12171.441072380629,24452.49,74.364,448.7680000000001,257.0,0.0,7405.999,0.0,20439.513772663857,69027.61654516823,20439.513772663857,67064.0958450445,35.458,35.458,35.458
6907,91,99605.2374,39690.269693358,0.0,39690.269693358,1221.308,0.0,593.212,12171.441072380629,24452.49,74.364,448.7680000000001,257.0,0.0,7405.999,0.0,13290.38563426138,55037.73693015625,13290.38563426138,59914.967706642,34.785560000000004,34.785560000000004,34.785560000000004
6908,92,98100.43705,45388.233146802,0.0,45388.233146802,1221.308,0.0,593.212,12171.441072380629,7110.465840000001,74.364,0.0,0.0,0.0,7405.999,0.0,24135.41399081733,29632.0379924538,24135.41399081733,52712.203903197995,16.2426,16.2426,16.2426
6909,93,92915.06077,52902.252749891006,0.0,52902.252749891006,1221.308,0.0,593.212,12171.441072380629,50.0,74.364,0.0,0.0,0.0,5554.49925,0.0,20347.98369772837,8213.107784318672,20347.98369772837,40012.80802010899,16.2426,16.2426,16.2426
6910,94,86312.93909,60930.218299659,0.0,60930.218299659,1221.308,0.0,593.212,12171.441072380629,28.499999999999996,74.364,0.0,0.0,0.0,3702.9995,0.0,7590.8962179603695,222.6907127814403,7590.8962179603695,25382.720790341,16.2426,16.2426,16.2426
6911,95,79252.25335,63373.96135047701,0.0,63373.96135047701,1221.308,0.0,348.123,12171.441072380629,0.0,74.364,0.0,0.0,0.0,1851.49975,0.0,211.5561771423683,0.0,211.5561771423683,15878.29199952299,6.436799999999998,6.436799999999998,6.436799999999998
6912,96,73483.41412,65758.405455048,0.0,60016.301047619374,1221.308,0.0,0.0,12171.441072380629,0.0,74.364,0.0,0.0,0.0,0.0,0.0,0.0,0.0,0.0,13467.113072380627,0.0,0.0,0.0
6913,1,70508.06099,64350.586145661,0.0,64350.58614566188,1221.308,0.0,0.0,12171.441072380629,0.0,74.364,0.0,0.0,0.0,0.0,7309.638228042859,0.0,6944.156316640716,-7309.638228042859,6157.474844338118,0.0,0.0,0.0
6914,2,68048.95635,63505.77509359,0.0,63505.77509359,1221.3079999999904,0.0,0.0,12171.441072380629,0.0,74.364,0.0,0.0,0.0,0.0,8923.931815970636,0.0,15421.89154181282,-8923.931815970636,4543.181256409996,0.0,0.0,0.0
6915,3,67287.70285,60313.68429931299,0.0,60313.68429931299,1221.308,0.0,0.0,12171.441072380629,0.0,74.364,0.0,0.0,0.0,0.0,6493.094521693625,0.0,21590.33133742176,-6493.094521693625,6974.018550687011,0.0,0.0,0.0
6916,4,68051.43711,63222.386000957,0.0,63222.386000957,1221.308,0.0,0.0,12171.441072380629,0.0,74.364,0.0,0.0,0.0,0.0,8638.061963337648,0.0,29796.490202592526,-8638.061963337648,4829.051109043001,0.0,0.0,0.0
6917,5,71223.77158,62587.639695141996,0.0,62587.639695141996,1221.308,0.0,0.0,12171.441072380629,0.0,74.364,0.0,0.0,0.0,0.0,4830.981187522622,0.0,34385.92233073902,-4830.981187522622,8636.131884858005,0.0,0.0,0.0
6918,6,77221.36397,57577.90709884601,0.0,57577.90709884601,1221.308,0.0,593.212,12171.441072380629,28.499999999999996,74.364,0.0,0.0,0.0,1851.4997499999968,0.0,3703.132048773391,30487.88859518808,3703.132048773391,19643.456871153998,16.24259999999995,16.24259999999995,16.24259999999995
6919,7,81980.15314,54110.68055213601,6359.0559585065,54110.68055213601,1221.308,6359.0559585065,593.212,12171.441072380629,28.499999999999996,74.364,0.0,0.0,0.0,1851.4997499999931,0.0,5570.091806976889,24624.6340615282,5570.091806976889,21510.41662935749,16.242599999999886,16.242599999999886,16.242599999999886
6920,8,84523.67859,52797.687259933,34517.554362109506,52797.687259933,1221.308,34517.554362109506,0.0,12171.441072380629,0.0,74.364,0.0,0.0,0.0,0.0,16258.676104423143,0.0,40070.37636073018,-16258.676104423143,-2791.5630320425116,0.0,0.0,0.0
6921,9,86241.16023,50440.553157783,54154.645443415495,50440.553157783,1221.308,54154.645443415495,0.0,12171.441072380629,0.0,74.364,0.0,0.0,0.0,0.0,31821.15144357922,0.0,70300.47023213044,-31821.15144357922,-18354.038371198498,0.0,0.0,0.0
6922,10,88441.51731,47324.520603559,65787.693551464,45021.07785355901,115.477,34975.50025006036,0.0,8329.462206380624,0.0,0.0,0.0,0.0,0.0,0.0,0.0,0.0,70300.47023213044,0.0,8444.93920638063,0.0,0.0,0.0
6923,11,90824.97103,49733.385709678994,70579.2953325945,27987.043079214884,110.155,57017.10208360449,0.0,5710.670867180623,0.0,0.0,0.0,0.0,0.0,0.0,0.0,0.0,70300.47023213044,0.0,5820.825867180625,0.0,0.0,0.0
6924,12,92730.08281,55030.585355491,71858.47186029199,17390.538399999998,1098.3760000000002,64937.34140481938,0.0,9229.463005180625,0.0,74.364,0.0,0.0,0.0,0.0,0.0,0.0,70300.47023213044,0.0,10402.203005180621,0.0,0.0,0.0
6925,13,94583.77791,55362.263249589,72251.81734885,55346.567949589,539.962,69385.70460503038,0.0,9311.543355380623,0.0,0.0,0.0,0.0,0.0,0.0,40000.0,0.0,108300.47023213044,-40000.0,-30148.49464461937,0.0,0.0,0.0
6926,14,96295.5412,55890.650144434,54752.49690140599,47977.928444434,1221.308,49071.42978377704,0.0,12171.441072380629,0.0,74.364,0.0,0.0,0.0,0.0,14220.930100591642,0.0,121810.3538276925,-14220.930100591642,-753.8170282110368,0.0,0.0,0.0
6927,15,97872.00791,54145.592643157004,65759.81315393999,47443.902798912,359.81199999999995,41247.08480470735,0.0,8746.844306380619,0.0,74.364,0.0,0.0,0.0,0.0,0.0,0.0,121810.3538276925,0.0,9181.020306380648,0.0,0.0,0.0
6928,16,98705.52714,59125.375306072,53036.834455111995,40749.470406071996,610.3860000000001,45138.909193547355,0.0,12132.397540380629,0.0,74.364,0.0,0.0,0.0,0.0,0.0,0.0,121810.3538276925,0.0,12817.147540380654,0.0,0.0,0.0
6929,17,99002.41881,55418.925605751,33079.5615277845,55418.925605751,1221.308,33079.56152778449,0.0,12171.441072380629,0.0,74.364,0.0,0.0,0.0,0.0,2963.181395916152,0.0,124625.37615381285,-2963.181395916152,10503.931676464512,0.0,0.0,0.0
6930,18,99121.25201,57159.47615290901,3657.1096863444996,57159.47615290901,1221.308,3657.1096863444996,593.212,12171.441072380629,28.5,74.364,0.0,0.0,0.0,1851.4997500000209,0.0,22364.341348365822,101083.96420816462,22364.341348365822,38304.66617074649,16.167300000000527,16.167300000000527,16.167300000000527
6931,19,99094.46532,56296.176540574,0.0,56296.176540574,1221.308,0.0,593.212,12171.441072380629,50.0,74.364,0.0,0.0,0.0,3702.9995000000126,0.0,24984.964207045356,74784.00188495897,24984.964207045356,42798.288779426,16.242599999999957,16.242599999999957,16.242599999999957
6932,20,97958.04367,59526.500896167,0.0,59526.500896167,1221.308,0.0,593.212,12171.441072380629,28.5,74.364,0.0,0.0,0.0,1851.4997500000031,0.0,22491.217951452345,51109.0356202723,22491.217951452345,38431.542773832996,16.24259999999995,16.24259999999995,16.24259999999995
6933,21,93715.1888,69007.26934507501,0.0,69007.26934507501,1221.308,0.0,0.0,12171.441072380629,0.0,74.364,0.0,0.0,0.0,0.0,0.0,11240.806382544382,39276.60784917295,11240.806382544382,24707.919454924995,0.0,0.0,0.0
6934,22,87047.18011,63543.898239231,0.0,63543.898239231,1221.308,0.0,593.212,12171.441072380629,28.499999999999996,74.364,0.0,0.0,0.0,1851.49975,0.0,7562.957048388369,31315.60042981677,7562.957048388369,23503.281870769002,16.24259999999998,16.24259999999998,16.24259999999998
6935,23,80210.85748,65461.51525279199,0.0,65461.51525279199,1221.308,0.0,0.0,12171.441072380629,0.0,74.364,0.0,0.0,0.0,0.0,0.0,1282.2291548273824,29965.885529998475,1282.2291548273824,14749.342227208013,3.2183999999975628,3.2183999999975628,3.2183999999975628
6936,24,74778.17963,64586.103695851,0.0,64586.10369585203,1221.308,0.0,0.0,12171.441072380629,0.0,74.364,0.0,0.0,0.0,0.0,3275.037138233015,0.0,33077.17081131984,-3275.037138233015,10192.075934147972,0.0,0.0,0.0
6937,25,71018.77714,65951.63000296999,0.0,57583.593835619366,1221.308,0.0,0.0,12139.511304380629,0.0,74.364,0.0,0.0,0.0,0.0,0.0,0.0,33077.17081131983,0.0,13435.18330438064,0.0,0.0,0.0
6938,26,68870.10466,58447.888904164996,0.0,58447.888904164996,1221.308,0.0,0.0,12171.441072380629,0.0,74.364,0.0,0.0,0.0,0.0,3044.897316545642,0.0,35969.82326203819,-3044.897316545642,10422.215755835,0.0,0.0,0.0
6939,27,67862.56732,53978.062093668006,0.0,53978.062093668006,1221.308,0.0,0.0,12171.441072380629,0.0,74.364,0.0,0.0,0.0,0.0,0.0,417.392153951223,35530.46309998428,417.392153951223,13884.505226331996,3.218400000000452,3.218400000000452,3.218400000000452
6940,28,68506.81137,47044.61430773499,0.0,47044.61430773499,1221.308,0.0,593.212,12171.441072380629,28.5,74.364,0.0,0.0,0.0,1851.4997499999936,0.0,5521.8722398843765,29717.966005369144,5521.8722398843765,21462.197062265004,16.24260000000001,16.24260000000001,16.24260000000001
6941,29,72149.86638,52087.111757128,0.0,52087.111757128,1221.308,0.0,0.0,12171.441072380629,0.0,74.364,0.0,0.0,0.0,0.0,0.0,6595.641550491384,22775.185425904532,6595.641550491384,20062.75462287201,3.218399999999953,3.218399999999953,3.218399999999953
6942,30,78307.86202,51338.76364657599,0.0,51338.76364657599,1221.308,0.0,593.212,12171.441072380629,28.5,74.364,0.0,0.0,0.0,1851.499749999999,0.0,11028.773551043356,11165.95010901679,11028.773551043356,26969.098373424007,16.24260000000001,16.24260000000001,16.24260000000001
6943,31,83923.70904,51110.865449431,6264.866164622,51110.865449431,1221.308,6264.866164622,593.212,12171.441072380629,28.499999999999996,74.364,0.0,0.0,0.0,1851.499749999999,0.0,10607.652603566374,0.0,10607.652603566374,26547.977425947,16.24260000000001,16.24260000000001,16.24260000000001
6944,32,86289.42516,50262.314610213,35046.2796577985,38272.388593821335,954.2400000000001,35046.2796577985,0.0,11942.152908380629,0.0,74.364,0.0,0.0,0.0,0.0,0.0,0.0,0.0,0.0,12970.756908380165,0.0,0.0,0.0
6945,33,87592.40763,52958.377147737,55254.425895388995,46921.204741830355,368.714,28260.767851788998,0.0,12041.72103638063,0.0,0.0,0.0,0.0,0.0,0.0,0.0,0.0,0.0,0.0,12410.435036380648,0.0,0.0,0.0
6946,34,89556.68677,41986.93230507801,67781.86425701401,41986.93230507801,1221.308,67781.86425701401,0.0,12171.441072382107,0.0,74.364,0.0,0.0,0.0,0.0,33679.22286447447,0.0,31995.261721250743,-33679.22286447447,-20212.109792092015,0.0,0.0,0.0
6947,35,91267.90825,38784.226151154,72927.62774816199,38784.226151154,1221.308,72927.62774816199,0.0,12171.441072380629,0.0,74.364,0.0,0.0,0.0,0.0,33911.05872169671,0.0,64210.76750686261,-33911.05872169671,-20443.945649315996,0.0,0.0,0.0
6948,36,92889.33942,40231.804853823,74444.31145294101,40231.804853823,1221.308,74444.31145294101,0.0,12171.441072380629,0.0,74.364,0.0,0.0,0.0,0.0,35253.88995914471,0.0,97701.9629680501,-35253.88995914471,-21786.776886764004,0.0,0.0,0.0
6949,37,94594.01009,41354.05589649,74539.39600404,41354.05589649,1221.308,74539.39600404151,0.0,12171.441072380629,0.0,74.364,0.0,0.0,0.0,0.0,34766.554882912475,0.0,130730.19010681694,-34766.554882912475,-21299.441810531513,0.0,0.0,0.0
6950,38,96514.7372,36743.817155651996,56548.5612514325,33235.03834371116,1221.308,53926.125301432505,0.0,11739.998025380626,0.0,74.364,0.0,0.0,0.0,0.0,3682.096470524312,0.0,134228.18175381504,-3682.096470524312,9353.573554856339,0.0,0.0,0.0
6951,39,98222.20466,35951.935892578,67523.154543291,35951.935892578,1221.308,67523.154543291,0.0,12171.441072380629,0.0,74.364,0.0,0.0,0.0,1851.4997499999972,20571.498598249655,0.0,153771.1054221522,-20571.498598249655,-5252.8857758690065,0.0,0.0,0.0
6952,40,99176.51917,34004.37134261201,54558.766389584,34004.37134261201,1221.308,54558.766389584,0.0,12171.441072380629,0.0,74.364,0.0,0.0,0.0,3702.999499999979,6556.731134576621,0.0,160000.0,-6556.731134576621,10613.38143780399,0.0,0.0,0.0
6953,41,99537.30135,29670.445506179,34198.7061913345,29670.445506179,1221.308,34198.7061913345,593.212,12171.441072380629,14884.167839999973,74.364,20.339999999999883,0.0,0.0,5554.499250000001,0.0,1148.81749010589,158790.71843146748,1148.81749010589,35668.149652486485,17.18868000000021,17.18868000000021,17.18868000000021
6954,42,100230.0734,25839.223600442005,4655.301855983,25839.223600442005,1221.308,4655.301855983,593.212,12171.441072380629,25028.690000000002,74.364,469.1080002379628,257.0,0.0,7405.999,0.0,22514.425870956362,135091.3227778292,22514.425870956362,69735.547943575,35.4580000011628,35.4580000011628,35.4580000011628
6955,43,100730.836,25039.820206556004,0.0,25039.820206556004,1221.308,0.0,593.212,12171.441072380629,25028.690000000002,74.364,701.2,257.0,0.0,7405.999,0.0,28237.801721063115,105367.32096618382,28237.801721063115,75691.01579344399,35.45800000000004,35.45800000000004,35.45800000000004
6956,44,99415.00412,22136.212692416,0.0,22136.212692416,1221.308,0.0,593.212,12171.441072380629,25028.690000000002,74.364,701.2,257.0,0.0,7405.999,0.0,29825.577355201855,73971.97638176082,29825.577355201855,77278.791427584,35.45800000116289,35.45800000116289,35.45800000116289
6957,45,94658.30279,20196.035904275002,0.0,20196.035904275002,1221.308,0.0,593.212,12171.441072380629,25028.690000000002,74.364,701.2,257.0,0.0,7405.999,0.0,27009.052813344366,45541.39447297728,27009.052813344366,74462.266885725,35.4580000000001,35.4580000000001,35.4580000000001
6958,46,88212.7678,25057.230595936002,0.0,25057.230595936002,1221.308,0.0,593.212,12171.441072380629,25028.690000000002,74.364,701.2,257.0,0.0,7405.999,0.0,15702.323131683386,29012.633281731603,15702.323131683386,63155.537204064,35.458000000804006,35.458000000804006,35.458000000804006
6959,47,81319.48537,28017.365355461996,0.0,28017.365355461996,1221.308,0.0,593.212,12171.441072380629,25028.690000000002,74.364,469.10800000000006,257.0,0.0,7405.999,0.0,6080.997942157382,22611.58281630278,6080.997942157382,53302.120014538,35.458000000000084,35.458000000000084,35.458000000000084
6960,48,75769.95418,25697.484306487,0.0,25697.484306487,1221.308,0.0,593.212,12171.441072380629,24452.49,74.364,36.160000000000004,0.0,0.0,7405.999,0.0,4117.495801132367,18277.376709847656,4117.495801132367,50072.469873513,30.763720000000085,30.763720000000085,30.763720000000085
6961,49,71993.13851,25874.914804579996,0.0,25874.914804579996,1221.308,0.0,593.212,12171.441072380629,23688.690000000002,74.364,0.0,0.0,0.0,7405.999,0.0,963.2096330394015,17263.471832964075,963.2096330394015,46118.22370542001,20.264439999999674,20.264439999999674,20.264439999999674
6962,50,69721.62329,28375.934050402,0.0,28375.934050402,1221.308,0.0,593.212,12171.441072380629,19879.36516721587,74.364,0.0,0.0,0.0,7405.999,0.0,0.0,17263.471832962656,0.0,41345.689239598,17.188679999999664,17.188679999999664,17.188679999999664
6963,51,69243.41178,26870.898548758996,0.0,26870.898548758996,1221.308,0.0,593.212,12171.441072380629,13226.850157663926,74.364,0.0,0.0,0.0,7405.999,0.0,7679.339001196437,9179.957094861144,7679.339001196437,42372.513231241,17.18868000000039,17.18868000000039,17.18868000000039
6964,52,70516.31082,30366.064339909997,0.0,30366.064339909997,1221.308,0.0,593.212,12171.441072380629,18683.922407709353,74.364,0.0,0.0,0.0,7405.999,0.0,0.0,9179.957094861134,0.0,40150.246480090005,17.188679999999927,17.188679999999927,17.188679999999927
6965,53,73872.10643,29900.696546374,0.0,29900.696546374,1221.308,0.0,593.212,12171.441072380629,22338.53043,74.364,0.0,0.0,0.0,7405.999,0.0,166.55538124537816,9004.635640918632,166.55538124537816,43971.409883625995,17.586280000232943,17.586280000232943,17.586280000232943
6966,54,79994.20651,31056.201589878,0.0,31056.201589878,1221.308,0.0,593.212,12171.441072380629,24452.49,74.364,36.160000000000004,257.0,0.0,7405.999,0.0,2726.0308477413746,6135.129485401396,2726.0308477413746,48938.004920122,33.44187999976706,33.44187999976706,33.44187999976706
6967,55,85984.12519,29773.771191075997,5961.7576998685,29773.771191075997,1221.308,5961.7576998685,593.212,12171.441072380629,24452.49,74.364,448.768,257.0,0.0,7405.999,0.0,3624.0142266748944,2320.3776678488757,3624.0142266748944,50248.59629905551,35.45800000116381,35.45800000116381,35.45800000116381
6968,56,88764.37783,29057.689148081,35751.80439579,29057.689148081,1221.308,35751.80439579,0.0,12171.441072380629,7081.965839999969,74.364,0.0,0.0,0.0,5554.49924999999,2148.6938762515983,0.0,4361.636850287894,-2148.6938762515983,23954.884286128996,3.4639999970641586,3.4639999970641586,3.4639999970641586
6969,57,89921.05971,24394.170305977,55311.1775930315,24394.170305977,1221.308,55311.17759303359,0.0,12171.441072380629,0.0,74.364,0.0,0.0,0.0,3702.999499999979,6954.400761391549,0.0,10968.317573609866,-6954.400761391549,10215.711810989407,0.0,0.0,0.0
6970,58,91243.73274,23447.783508491,67276.3994869895,23447.783508491,1221.308,67276.3994869895,0.0,12171.441072380629,0.0,74.364,0.0,0.0,0.0,1851.4997499999681,14799.063077861108,0.0,25027.427497577915,-14799.063077861108,519.5497445195069,0.0,0.0,0.0
6971,59,92256.04865,22978.571449482002,72425.385301723,22978.571449482002,1221.308,72425.385301723,0.0,12171.441072380623,0.0,74.364,0.0,0.0,0.0,0.0,16615.021173585665,0.0,40811.6976124843,-16615.021173585665,-3147.908101205001,0.0,0.0,0.0
6972,60,93147.40027,24573.901553919,73773.2285525685,24573.901553919,1221.308,73773.2285525685,0.0,12171.441072380629,0.0,74.364,0.0,0.0,0.0,0.0,18666.842908870196,0.0,58545.198375910986,-18666.842908870196,-5199.729836487502,0.0,0.0,0.0
6973,61,94097.91695,25980.018605598,73722.66445348799,25980.018605598,1221.308,73722.66445348799,0.0,12171.441072380629,0.0,74.364,0.0,0.0,0.0,0.0,19071.879181466626,0.0,76663.48359830429,-19071.879181466626,-5604.766109085991,0.0,0.0,0.0
6974,62,95519.79473,26265.661541657,72467.85554363599,26265.661541657,1221.308,72467.85554363599,0.0,12171.441072380583,0.0,74.364,0.0,0.0,0.0,1851.4997499999988,18532.33517767363,0.0,94269.20201709424,-18532.33517767363,-3213.7223552929936,0.0,0.0,0.0
6975,63,96231.53164,24899.704391959,67219.81661119498,24899.704391959,1221.308,67219.81661119498,0.0,12171.441072380629,0.0,74.364,0.0,0.0,0.0,3702.9995000000185,13058.101935534647,0.0,106674.39885585214,-13058.101935534647,4112.010636846011,0.0,0.0,0.0
6976,64,96484.96037,22925.318102490997,54041.417720159,22925.318102490997,1221.308,54041.417720159,593.212,12171.441072380629,7081.965839999984,74.364,0.0,0.0,0.0,5554.499250000001,7178.565615030613,0.0,113494.03619013121,-7178.565615030613,19518.22454735,8.158280481671017,8.158280481671017,8.158280481671017
6977,65,96674.30048,23489.026400065,33518.1185298185,23489.026400065,1221.308,33518.1185298185,593.212,12171.441072380629,24452.489999999983,74.364,36.160000000000004,0.0,0.0,7405.998999999996,6287.81852226411,0.0,119467.46378628211,-6287.81852226411,39667.15555011651,30.76372000000005,30.76372000000005,30.76372000000005
6978,66,97064.57855,21471.075252221,3869.3622097729994,21471.075252221,1221.308,3869.3622097729994,593.212,12171.441072380629,25028.690000000002,74.364,469.1080000000013,257.0,0.0,7405.999,0.0,24503.01901562366,93674.81219088878,24503.01901562366,71724.14108800601,35.45800000000017,35.45800000000017,35.45800000000017
6979,67,97923.75655,18831.485101471997,0.0,18831.485101471997,1221.308,0.0,593.212,12171.441072380629,25028.690000000002,74.364,701.2,257.0,0.0,7405.999,0.0,31639.05737614806,60370.54126862767,31639.05737614806,79092.27144852802,35.45800000000004,35.45800000000004,35.45800000000004
6980,68,96803.73834,22316.494757327,0.0,22316.494757327,1221.308,0.0,593.212,12171.441072380629,25028.690000000002,74.364,701.2,257.0,0.0,7405.999,0.0,27034.02951029324,31913.668099897954,27034.02951029324,74487.24358267299,35.45800000000011,35.45800000000011,35.45800000000011
6981,69,92493.22432,28350.285854159003,0.0,28350.285854159003,1221.308,0.0,593.212,12171.441072380629,25028.690000000002,74.364,469.10800000000006,257.0,0.0,7405.999,0.0,16921.816393461333,14101.229790991289,16921.816393461333,64142.93846584099,35.458000000803715,35.458000000803715,35.458000000803715
6982,70,86786.21305,37178.954692893,0.0,37178.954692893,1221.308,0.0,593.212,12171.441072380629,24452.49,74.364,36.16,0.0,0.0,7405.999,0.0,3652.2842847263832,10256.720017595097,3652.2842847263832,49607.258357107006,30.76372000000014,30.76372000000014,30.76372000000014
6983,71,80348.83593,44296.3981525,0.0,44296.3981525,1221.308,0.0,593.212,12171.441072380629,14586.113705119351,74.364,0.0,0.0,0.0,7405.999,0.0,0.0,10256.720017595097,0.0,36052.4377775,17.18867999999979,17.18867999999979,17.18867999999979
6984,72,74894.23568,43746.101007735,0.0,43746.101007735,1221.308,0.0,593.212,12171.441072380629,7269.002,74.364,0.0,0.0,0.0,7405.999,0.0,2412.8085998843726,7716.92149140102,2412.8085998843726,31148.134672264998,17.188680000000005,17.188680000000005,17.188680000000005
6985,73,71562.42272,46811.74951079101,0.0,46811.74951079101,1221.308,0.0,593.212,12171.441072380629,3284.3491368283435,74.364,0.0,0.0,0.0,7405.999,0.0,0.0,7716.92149140102,0.0,24750.673209208995,16.242600000000234,16.242600000000234,16.242600000000234
6986,74,69354.30145,49282.858503846,0.0,49282.858503846,1221.308,0.0,593.212,12171.441072380629,21.5,74.364,0.0,0.0,0.0,7405.999000000143,1416.3811262284294,0.0,9062.483561318028,-1416.3811262284294,20071.442946154,9.730500000000001,9.730500000000001,9.730500000000001
6987,75,68442.62153,49779.166448696,0.0,49779.166448696,1221.308,0.0,593.212,12171.441072380629,0.0,74.364,0.0,0.0,0.0,7405.999,2802.8689910766348,0.0,11725.20910284083,-2802.8689910766348,18663.455081304004,9.730500000000239,9.730500000000239,9.730500000000239
6988,76,69037.11802,52469.901744769,0.0,52469.901744769,1221.308,0.0,0.0,12171.441072380629,0.0,74.364,0.0,0.0,0.0,5554.499250000001,2454.396047149802,0.0,14056.885347633142,-2454.396047149802,16567.216275230996,3.2184000000001234,3.2184000000001234,3.2184000000001234
6989,77,71931.12608,49352.798803114,0.0,49352.798803114,1221.308,0.0,593.212,12171.441072380629,1112.003204505213,74.364,0.0,0.0,0.0,7405.999,0.0,0.0,14056.885347633142,0.0,22578.327276886004,16.242599999999808,16.242599999999808,16.242599999999808
6990,78,77497.51449,44066.20129811399,0.0,44066.20129811399,1221.308,0.0,593.212,12171.441072380629,7269.002,74.364,0.0,0.0,0.0,5554.49925000001,0.0,6547.486869506618,7164.793906047229,6547.486869506618,33431.31319188601,17.18868000000027,17.18868000000027,17.18868000000027
6991,79,82684.75168,44577.069007775994,6290.3018890985,44577.069007775994,1221.308,6290.3018890985,593.212,12171.441072380629,7247.502,74.364,0.0,0.0,0.0,3702.9995000000104,0.0,6806.554210744842,0.0,6806.554210744842,31817.380783125507,17.18868000000013,17.18868000000013,17.18868000000013
6992,80,85487.19014,50118.50300257,35004.683254185504,39053.22222943568,769.176,35004.683254185504,0.0,8734.244906378812,0.0,74.364,0.0,0.0,0.0,1851.4997500000031,0.0,0.0,0.0,0.0,11429.284656378819,0.0,0.0,0.0
6993,81,87103.28519,47288.09779594601,54886.79192760949,47288.09779594601,1221.308,54886.79192761074,0.0,12171.441072380629,0.0,74.364,0.0,0.0,0.0,0.0,28538.71760593761,0.0,27111.781725640732,-28538.71760593761,-15071.604533556754,0.0,0.0,0.0
6994,82,89326.82766,43048.93480785601,66918.9799518205,27137.84738344937,869.583,49073.592204169996,0.0,12171.441072380629,0.0,74.364,0.0,0.0,0.0,0.0,0.0,0.0,27111.781725640732,0.0,13115.388072380629,0.0,0.0,0.0
6995,83,91079.76689,35292.221792935,72041.7740004815,20285.445516806896,1221.308,57401.5723008125,0.0,12171.441072380629,0.0,0.0,0.0,0.0,0.0,0.0,0.0,0.0,27111.781725640732,0.0,13392.749072380604,0.0,0.0,0.0
6996,84,92049.22332,31147.037808836998,73312.6816585005,31147.037808836998,1221.308,73312.6816585005,0.0,12171.441072380629,0.0,74.364,0.0,0.0,0.0,0.0,25877.609219718186,0.0,51695.51048437302,-25877.609219718186,-12410.496147337493,0.0,0.0,0.0
6997,85,93192.7361,28207.199246717,73658.0177486925,28207.199246717,1221.308,73658.01774869394,0.0,12171.441072380629,0.0,74.364,0.0,0.0,0.0,0.0,22139.59396779185,0.0,72728.12475377526,-22139.59396779185,-8672.48089541094,0.0,0.0,0.0
6998,86,94235.55876,28020.789499941,73697.839302545,28020.789499941,1221.308,73697.83930254498,0.0,12171.441072382391,0.0,74.364,0.0,0.0,0.0,0.0,20950.18311486868,0.0,92630.7987129005,-20950.18311486868,-7483.070042485982,0.0,0.0,0.0
6999,87,94749.28347,31937.018451740005,66679.5370077775,31937.018451740005,1221.308,59976.96388763964,0.0,12171.441072380629,0.0,74.364,0.0,0.0,0.0,0.0,10631.811941760265,0.0,102731.02005757275,-10631.811941760265,2835.301130620348,0.0,0.0,0.0
7000,88,94750.55226,41423.51284013501,54181.13274896349,41423.51284013501,1221.308,54181.13274896522,0.0,12171.441072380629,0.0,74.364,0.0,0.0,0.0,0.0,14321.206401481111,0.0,116336.16613897981,-14321.206401481111,-854.0933291002293,0.0,0.0,0.0
7001,89,94326.78948,40744.701354112,33581.141196812,40744.701354112,1221.308,33581.141196812,169.95,12171.441072380629,0.0,74.364,0.0,0.0,0.0,1851.499750000009,0.0,4512.384106695499,111586.28813193193,4512.384106695499,20000.946929076003,6.320000000000038,6.320000000000038,6.320000000000038
7002,90,93961.88959,42064.353848885,3686.1306141909995,42064.353848885,1221.308,3686.1306141909995,593.212,12171.441072380583,28.5,74.364,0.0,0.0,0.0,3702.9995000000185,0.0,30419.580554543405,79565.67702188624,30419.580554543405,48211.405126924,16.24260000000043,16.24260000000043,16.24260000000043
7003,91,93808.25087,45850.827655503,0.0,45850.827655503,1221.308,0.0,593.212,12171.441072380629,50.0,74.364,0.0,0.0,0.0,5554.499250000028,0.0,28292.59889211634,49783.99397755324,28292.59889211634,47957.423214497,16.24260000000044,16.24260000000044,16.24260000000044
7004,92,92281.26816,53928.278409747996,0.0,53928.278409747996,1221.308,0.0,593.212,12171.441072380629,50.0,74.364,0.0,0.0,0.0,3702.999500000028,0.0,20539.665177871408,28163.293790320182,20539.665177871408,38352.98975025201,16.24260000000003,16.24260000000003,16.24260000000003
7005,93,88524.53711,57753.896496599,0.0,57753.896496599,1221.308,0.0,593.212,12171.441072380629,28.499999999999996,74.364,0.0,0.0,0.0,1851.499749999999,0.0,14830.315791020377,12552.435062930308,14830.315791020377,30770.640613401003,12.94890000000031,12.94890000000031,12.94890000000031
7006,94,83718.30813,62448.637694255005,0.0,62448.637694255005,1221.308,0.0,0.0,12171.441072380618,0.0,74.364,0.0,0.0,0.0,0.0,0.0,7802.557363364402,4339.216785704622,7802.557363364402,21269.670435745,0.0,0.0,0.0
7007,95,78972.98466,60790.4036412,0.0,60790.4036412,1221.308,0.0,593.212,12171.441072380629,0.0,74.364,0.0,0.0,0.0,0.0,0.0,4122.2559464193855,0.0,4122.2559464193855,18182.581018800003,9.730499999999966,9.730499999999966,9.730499999999966
7008,96,73823.73106,62289.327604197,0.0,62148.762951619385,610.922,0.0,0.0,11064.046108380628,0.0,0.0,0.0,0.0,0.0,0.0,0.0,0.0,0.0,0.0,11674.96810838062,0.0,0.0,0.0
7009,1,70446.58919,66189.99439389,0.0,60503.7562698,1221.308,0.0,0.0,8647.160920199998,0.0,74.364,0.0,0.0,0.0,0.0,0.0,0.0,0.0,0.0,9942.832920200002,0.0,0.0,0.0
7010,2,68199.2708,66378.773295938,0.0,66378.773295938,57.254999999999995,0.0,0.0,8653.8918882,0.0,0.0,0.0,0.0,0.0,0.0,6890.649384138007,0.0,6546.116914931106,-6890.649384138007,1820.4975040620047,0.0,0.0,0.0
7011,3,67033.76649,73422.33565803201,0.0,73380.39575803201,0.0,0.0,0.0,8653.8918882,0.0,0.0,0.0,0.0,0.0,0.0,15000.521156232016,0.0,20796.61201335152,-15000.521156232016,-6346.629268032018,0.0,0.0,0.0
7012,4,67176.556,71240.12053906599,0.0,71240.12053906599,0.0,0.0,0.0,7671.427735831925,0.0,0.0,0.0,0.0,0.0,0.0,11734.99227489794,0.0,31944.854674504564,-11734.99227489794,-4063.564539065992,0.0,0.0,0.0
7013,5,68171.41989,66060.65549686599,0.0,63279.682196866,0.0,0.0,0.0,5038.545310831924,0.0,0.0,0.0,0.0,0.0,0.0,146.80761769792207,0.0,32084.321911317587,-146.80761769792207,4891.737693134004,0.0,0.0,0.0
7014,6,70662.24071,66797.335448205,0.0,66797.335448205,0.0,0.0,0.0,3864.9052617950074,0.0,0.0,0.0,0.0,0.0,0.0,0.0,0.0,32084.321911317587,0.0,3864.905261794993,0.0,0.0,0.0
7015,7,73871.16312,63865.435953495995,4397.7389445175,63865.435953495995,1221.308,4397.7389445175,0.0,4312.3162219864935,0.0,74.364,0.0,0.0,0.0,0.0,0.0,0.0,32084.321911317587,0.0,5607.988221986502,0.0,0.0,0.0
7016,8,77147.38402,52763.334951478,33463.7186416035,39249.64769429707,0.0,30851.0874416035,0.0,7046.6488840994225,0.0,0.0,0.0,0.0,0.0,0.0,0.0,0.0,32084.321911317587,0.0,7046.648884099428,0.0,0.0,0.0
7017,9,80186.54834,35908.899158432,51670.322898373,30809.957507457002,0.0,38607.86327424356,0.0,10768.727558299428,0.0,0.0,0.0,0.0,0.0,0.0,0.0,0.0,32084.321911317587,0.0,10768.727558299433,0.0,0.0,0.0
7018,10,82289.20267,41764.34589459199,65307.4973595335,30194.990549140002,954.2400000000001,44842.950253991,0.0,12024.886574780629,0.0,0.0,0.0,0.0,0.0,0.0,5727.864707911641,0.0,37525.79338383365,-5727.864707911641,7251.2618668689975,0.0,0.0,0.0
7019,11,83658.1928,31009.047350489003,70603.057202944,31002.202350533,689.07,48228.81059844649,0.0,12168.01039238063,0.0,74.364,0.0,0.0,0.0,0.0,8504.264541360159,0.0,45604.844698125795,-8504.264541360159,4427.179851020512,0.0,0.0,0.0
7020,12,84301.56315,36444.795891156005,72527.9200887415,34610.251025887854,0.0,40196.9442537315,0.0,9494.367870380625,0.0,0.0,0.0,0.0,0.0,0.0,0.0,0.0,45604.844698125795,0.0,9494.36787038065,0.0,0.0,0.0
7021,13,84432.02007,43290.73358886901,72393.4380527315,43290.73358886901,418.922,36614.4660477725,0.0,12150.410563580628,0.0,74.364,0.0,0.0,0.0,0.0,8116.876130222159,0.0,53315.877021836845,-8116.876130222159,4526.8204333584945,0.0,0.0,0.0
7022,14,84299.47058,51883.984254011004,72251.54860225649,51883.984254011004,418.922,59962.03836240836,0.0,12034.525963580627,0.0,0.0,0.0,0.0,0.0,0.0,40000.0,0.0,91315.87702183684,-40000.0,-27546.552036419373,0.0,0.0,0.0
7023,15,84784.475,55540.213307317,65095.829800816995,55540.21330811065,345.311,56746.83998830236,0.0,12152.110704380628,0.0,0.0,0.0,0.0,0.0,0.0,40000.0,0.0,129315.87702183684,-40000.0,-27502.578296413005,0.0,0.0,0.0
7024,16,85091.54829,50719.114447227,51843.579839511505,50719.114447227,730.6260000000001,51843.579839511505,0.0,12171.441072380629,0.0,74.364,0.0,0.0,0.0,1851.4997499999936,32299.076819119116,0.0,160000.0,-32299.076819119116,-17471.1459967385,0.0,0.0,0.0
7025,17,85563.94715,38948.021901757005,30717.724677113994,38948.021901757005,1221.308,29424.31267586236,0.0,12171.441072380629,21.5,74.364,0.0,0.0,0.0,3702.9994999999954,0.0,0.0,160000.0,0.0,17191.612572380644,0.0,0.0,0.0
7026,18,87187.54065,40029.447854262005,1050.118440532,40029.447854262005,1221.308,1050.118440532,593.212,12171.441072380629,17392.02416,74.364,448.7679999999999,257.0,0.0,5554.499249999997,0.0,8395.357872825336,151162.78118649963,8395.357872825336,46107.97435520599,35.323439999999884,35.323439999999884,35.323439999999884
7027,19,89166.29527,40195.340999762004,0.0,40195.340999762004,1221.308,0.0,593.212,12171.441072380629,50.0,74.364,0.0,0.0,0.0,7405.999,0.0,27454.63019785735,122263.17045191294,27454.63019785735,48970.954270238,16.242600000000067,16.242600000000067,16.242600000000067
7028,20,88475.72854,41995.107005646,0.0,41995.107005646,1221.308,0.0,593.212,12171.441072380629,7269.002,74.364,0.0,0.0,0.0,7405.999,0.0,17745.295461973346,103583.91207088837,17745.295461973346,46480.621534353995,17.188680000000435,17.188680000000435,17.188680000000435
7029,21,85436.10106,39951.632300613,0.0,39951.632300613,1221.308,0.0,593.212,12171.441072380629,50.0,74.364,0.0,0.0,0.0,7405.999,0.0,23968.14468700635,78354.2860845659,23968.14468700635,45484.468759387004,16.2426,16.2426,16.2426
7030,22,81315.21242,37698.852845962,0.0,37698.852845962,1221.308,0.0,593.212,12171.441072380629,50.0,74.364,0.0,0.0,0.0,7405.999,0.0,22100.035501657345,55091.090819663434,22100.035501657345,43616.359574038,16.242599999999996,16.242599999999996,16.242599999999996
7031,23,76734.54202,38428.249796476,0.0,38428.249796476,1221.308,0.0,593.212,12171.441072380629,50.0,74.364,0.0,0.0,0.0,7405.999,0.0,16789.968151143345,37417.44013424939,16789.968151143345,38306.292223524,16.242600000006334,16.242600000006334,16.242600000006334
7032,24,72937.29745,40662.614190519,0.0,40662.614190519,1221.308,0.0,593.212,12171.441072380629,50.0,74.364,0.0,0.0,0.0,7405.999,0.0,10758.359187100357,26092.85151624901,10758.359187100357,32274.683259480997,16.242600000000017,16.242600000000017,16.242600000000017
7033,25,69840.27823,45596.976895499,0.0,45596.976895499,1221.308,0.0,593.212,12171.441072380629,50.0,74.364,0.0,0.0,0.0,7405.999,0.0,2726.9772621203583,23222.349135069686,2726.9772621203583,24243.301334500997,16.24259999999373,16.24259999999373,16.24259999999373
7034,26,67943.81749,46617.422655985996,0.0,46617.422655985996,1221.308,0.0,593.212,12171.441072380629,21.5,74.364,0.0,0.0,0.0,7405.998999999985,161.42923836663437,0.0,23375.706911517987,-161.42923836663437,21326.394834014005,9.73049999994915,9.73049999994915,9.73049999994915
7035,27,66698.88096,47436.828851264996,0.0,47436.828851264996,1221.308,0.0,593.212,12171.441072380629,21.5,74.364,0.0,0.0,0.0,7405.998999999986,2225.7719636456477,0.0,25490.190276981353,-2225.7719636456477,19262.052108735,9.7305000001017,9.7305000001017,9.7305000001017
7036,28,66562.25009,44844.044902678,0.0,44844.044902678,1221.308,0.0,593.212,12171.441072380629,50.0,74.364,0.0,0.0,0.0,7405.999,0.0,201.88111494138124,25277.683840200953,201.88111494138124,21718.205187322004,16.2426,16.2426,16.2426
7037,29,67300.72,37440.41114138,0.0,37440.41114138,1221.308,0.0,593.212,12171.441072380629,50.0,74.364,0.0,0.0,0.0,7405.999,0.0,8343.984786239353,16494.541959949005,8343.984786239353,29860.308858620003,16.24260000000006,16.24260000000006,16.24260000000006
7038,30,69030.3014,40268.191242843,0.0,40268.191242843,1221.308,0.0,593.212,12171.441072380629,50.0,74.364,0.0,0.0,0.0,5554.499249999998,0.0,9097.285834776361,6918.451607552835,9097.285834776361,28762.110157156996,16.242600000000067,16.242600000000067,16.242600000000067
7039,31,71565.15172,40582.467791377,3006.139654216,40582.467791377,1221.308,3006.139654216,593.212,12171.441072380629,3640.690674851171,74.364,0.0,0.0,0.0,3702.9994999999963,0.0,6572.529027175194,0.0,6572.529027175194,27976.544274406995,16.2426,16.2426,16.2426
7040,32,74610.21772,38991.037655067,31357.6836982845,38991.037655067,0.0,31357.6836982845,0.0,12171.441072380629,0.0,0.0,0.0,0.0,0.0,1851.4997499999945,9761.444455732137,0.0,9273.372232945529,-9761.444455732137,4261.496366648502,0.0,0.0,0.0
7041,33,77921.16725,34719.30520996,51776.7315558215,34719.30520996,0.0,51776.7315558215,0.0,12055.556472380627,0.0,0.0,0.0,0.0,0.0,0.0,20630.42598816215,0.0,28872.276921699573,-20630.42598816215,-8574.869515781502,0.0,0.0,0.0
7042,34,80303.7994,29514.212747114998,64821.0377089255,29514.212747114998,497.07,64821.0377089255,0.0,12171.441072380629,0.0,0.0,0.0,0.0,0.0,0.0,26699.96212842115,0.0,54237.24094369967,-26699.96212842115,-14031.451056040496,0.0,0.0,0.0
7043,35,81844.66986,26942.612859851,71088.71609636849,26942.612859851,737.562,71088.71609636849,0.0,12171.441072380629,0.0,0.0,0.0,0.0,0.0,0.0,29095.66216860016,0.0,81878.12000386982,-29095.66216860016,-16186.65909621949,0.0,0.0,0.0
7044,36,82164.74766,30829.122646574,71802.1253079205,30829.122646574,0.0,71802.1253079205,0.0,12169.740931580629,0.0,0.0,0.0,0.0,0.0,0.0,32636.24122607515,0.0,112882.54916864121,-32636.24122607515,-20466.500294494515,0.0,0.0,0.0
7045,37,82321.19854,30415.400840782,71825.388718399,21199.88647217286,0.0,48983.500904246495,0.0,12137.811163580629,0.0,0.0,0.0,0.0,0.0,0.0,0.0,0.0,112882.54916864121,0.0,12137.811163580642,0.0,0.0,0.0
7046,38,82026.79423,30799.663496858,70476.46673533549,30799.663496858,0.0,70476.46673533549,0.0,12150.410563580628,0.0,0.0,0.0,0.0,0.0,0.0,31399.74656577415,0.0,142712.30840612666,-31399.74656577415,-19249.336002193493,0.0,0.0,0.0
7047,39,82404.2555,30816.693708580002,64530.4615098345,30505.376708452,36.822,46568.757058863266,0.0,12152.110704380628,0.0,0.0,0.0,0.0,0.0,0.0,6858.8109716959,0.0,149228.17882923776,-6858.8109716959,5330.121732684733,0.0,0.0,0.0
7048,40,83080.641,29125.697244294,51270.7620604435,29125.697244294,0.0,51270.7620604435,0.0,12171.441072380629,0.0,0.0,0.0,0.0,0.0,1851.4997499999936,11338.759127118157,0.0,160000.0,-11338.759127118157,2684.1816952625013,0.0,0.0,0.0
7049,41,84406.7408,30117.499358159,29742.322529634,30117.499358159,1221.3079999999914,29742.322529634,0.0,12171.441072380629,6063.42440999997,74.364,0.0,0.0,0.0,3702.9994999999954,0.0,1313.3819298263788,158617.4927054459,1313.3819298263788,24546.918912207006,0.2441599999357713,0.2441599999357713,0.2441599999357713
7050,42,87132.00027,35288.072252928,873.4111604605,35288.072252928,1221.308,873.4111604605,593.212,12171.441072380629,23433.94857,74.364,448.7680000011226,257.0,0.0,5554.499249999997,0.0,7215.9759642287345,151021.72853257356,7215.9759642287345,50970.5168566115,35.458000000010166,35.458000000010166,35.458000000010166
7051,43,90121.37888,31997.395043534998,0.0,31997.395043534998,1221.308,0.0,593.212,12171.441072380629,25028.690000000002,74.364,701.2,257.0,0.0,7405.999,0.0,10670.769764082695,139789.33930722336,10670.769764082695,58123.983836465006,35.458,35.458,35.458
7052,44,89859.90554,29836.049245183003,0.0,29836.049245183003,1221.308,0.0,593.212,12171.441072380629,25028.690000000002,74.364,701.2,257.0,0.0,7405.999,0.0,12570.642222426453,126557.08433624814,12570.642222426453,60023.856294817,35.45800000005423,35.45800000005423,35.45800000005423
7053,45,86301.23136,29260.541999563997,0.0,29260.541999563997,1221.308,0.0,593.212,12171.441072380629,25028.690000000002,74.364,701.2,257.0,0.0,7405.999,0.0,9587.475287821235,116465.00508591,9587.475287821235,57040.68936043601,35.45800000080477,35.45800000080477,35.45800000080477
7054,46,81067.49612,26906.142309246,0.0,26906.142309246,1221.308,0.0,593.212,12171.441072380629,25028.69000007527,74.364,469.1079999500032,257.0,0.0,7405.999,0.0,6940.231738301362,109159.4979929612,6940.231738301362,54161.35381075399,35.45799999913068,35.45799999913068,35.45799999913068
7055,47,75816.67549,27840.844143529,0.0,27840.844143529,1221.308,0.0,593.212,12171.441072380629,24452.49,74.364,36.16000000105589,0.0,0.0,7405.999,0.0,2020.8572740424063,107032.27980975866,2020.8572740424063,47975.83134647099,30.763720001185376,30.763720001185376,30.763720001185376
7056,48,71385.50346,28248.091154511996,0.0,28248.091154511996,1221.308,0.0,593.212,12171.441072380629,16112.83928563833,74.364,0.0,0.0,0.0,7405.999,0.0,5558.248947467856,101181.49144400303,5558.248947467856,43137.41230548801,17.188680000000005,17.188680000000005,17.188680000000005
7057,49,69029.71813,25925.361752362,0.0,25925.361752362,1221.308,0.0,593.212,12171.441072380629,21319.989,74.364,0.0,0.0,0.0,7405.999,0.0,318.0433052573535,100846.70901741633,318.0433052573535,43104.35637763799,17.851080000000003,17.851080000000003,17.851080000000003
7058,50,67632.75091,25973.706394497996,0.0,25973.706394497996,1221.308,0.0,593.212,12171.441072380629,13310.926409999993,74.364,0.0,0.0,0.0,7405.999,0.0,6881.794033121367,93602.71529834121,6881.794033121367,41659.044515502006,17.188680000000005,17.188680000000005,17.188680000000005
7059,51,67270.16907,26907.403296245997,0.0,26907.403296245997,1221.308,0.0,593.212,12171.441072380629,7269.002,74.364,0.0,0.0,0.0,7405.999,0.0,11627.439701373367,81363.30508636925,11627.439701373367,40362.76577375401,17.188680000000005,17.188680000000005,17.188680000000005
7060,52,68571.14591,27677.374108273,0.0,27677.374108273,1221.308,0.0,593.212,12171.441072380629,7269.002,74.364,0.0,0.0,0.0,7405.999,0.0,12158.44572934637,68564.9411607415,12158.44572934637,40893.77180172701,17.188680000000005,17.188680000000005,17.188680000000005
7061,53,72356.22321,34120.288810061,0.0,34120.288810061,1221.308,0.0,593.212,12171.441072380629,14329.467839999972,74.364,0.0,0.0,0.0,7405.999,0.0,2440.14248755839,65996.37012120635,2440.14248755839,38235.934399939,17.188680000000005,17.188680000000005,17.188680000000005
7062,54,78924.43639,30025.894191934,0.0,30025.894191934,1221.308,0.0,593.212,12171.441072380629,24452.49,74.364,36.16,257.0,0.0,7405.999,0.0,2686.5681256853477,63168.40367311651,2686.5681256853477,48898.542198066,33.44188,33.44188,33.44188
7063,55,84854.34381,29957.708403415003,2598.3525,29957.708403415003,1221.308,2598.3525,593.212,12171.441072380629,24452.489999999994,74.364,448.76800000000003,257.0,0.0,7405.998999999999,0.0,5673.700834204351,57196.08700553299,5673.700834204351,52298.282906585,34.785560000116824,34.785560000116824,34.785560000116824
7064,56,87856.76994,27817.561349006002,26871.24071448,27817.561349006002,1221.308,26871.24071448,593.212,12171.441072380629,11701.643804133313,74.364,0.0,0.0,0.0,7405.999000000003,0.0,0.0,57196.08700553299,0.0,33167.96787651399,16.2426,16.2426,16.2426
7065,57,89065.8826,23786.481854773996,46314.663280210494,23786.481854773996,1221.308,46314.663280210494,593.212,12171.441072380629,28.5,74.364,0.0,0.0,0.0,5554.499250000001,678.5868573651685,0.0,57840.7445200299,-678.5868573651685,18964.737465015503,16.242599999883584,16.242599999883584,16.242599999883584
7066,58,90775.56129,24402.575841127,58817.999848221,24402.575841127,1221.308,58817.999848221,0.0,12171.441072378755,0.0,74.364,0.0,0.0,0.0,3702.9995000000017,9615.126971716376,0.0,66975.11514316045,-9615.126971716376,7554.985600651991,0.0,0.0,0.0
7067,59,91860.34288,18858.285108163,64727.9164965905,18858.285108163,1221.308,64727.9164965905,348.123,12171.441072380629,0.0,74.364,0.0,0.0,0.0,1851.4997500000018,7392.594547134166,0.0,73998.0799629379,-7392.594547134166,8274.14127524649,6.436800000197837,6.436800000197837,6.436800000197837
7068,60,92212.38203,23177.607195914003,65746.09174974199,23177.607195914003,1221.308,65746.09174974199,0.0,12171.441072380629,0.0,74.364,0.0,0.0,0.0,0.0,10178.42998803665,0.0,83667.58845157272,-10178.42998803665,3288.6830843439966,0.0,0.0,0.0
7069,61,92336.0342,28260.234093129,65146.8075035625,28260.234093129,1221.308,65146.8075035625,0.0,12171.441072380629,0.0,74.364,0.0,0.0,0.0,0.0,14538.120469072132,0.0,97478.80289719124,-14538.120469072132,-1071.0073966915006,0.0,0.0,0.0
7070,62,92655.40543,27083.908139697003,65049.897108515004,27083.908139697003,1221.308,65049.897108515004,0.0,12171.441072380629,0.0,74.364,0.0,0.0,0.0,0.0,12945.512890592676,0.0,109777.04014325429,-12945.512890592676,521.6001817879951,0.0,0.0,0.0
7071,63,92519.35862,27634.882704557007,57768.479691856,27634.882704557007,1221.308,57768.479691062355,0.0,12171.441072380629,0.0,74.364,0.0,0.0,0.0,1851.4997500000018,8202.616598793637,0.0,117569.52591210823,-8202.616598793637,7115.996224380637,0.0,0.0,0.0
7072,64,92499.53538,36376.264151789,45296.997487453504,36376.264151789,1221.308,45296.997487453504,0.0,12171.441072380629,0.0,74.364,0.0,0.0,0.0,3702.9995000000017,6343.838831623171,0.0,123596.17280215025,-6343.838831623171,10826.273740757497,0.0,0.0,0.0
7073,65,93226.76584,39064.478900267,25580.598252462,39064.478900267,1221.308,25580.598252462,593.212,12171.441072380629,7088.965839999966,74.364,0.0,0.0,0.0,5554.499250000001,0.0,1877.8985248905497,121619.43751279177,1877.8985248905497,28581.68868727099,15.57015999882475,15.57015999882475,15.57015999882475
7074,66,94963.02056,36232.154394336,209.0325,36232.154394336,1221.308,209.0325,593.212,12171.441072380629,24452.49,74.364,448.768000544594,257.0,0.0,7405.999000000001,0.0,11897.251592650979,109096.01478368549,11897.251592650979,58521.833665664,35.45800000117526,35.45800000117526,35.45800000117526
7075,67,96680.21608,36560.747343628,0.0,36560.747343628,1221.308,0.0,593.212,12171.441072380629,25028.689999999675,74.364,701.2,257.0,0.0,7405.999,0.0,12666.254663578271,95763.11513781363,12666.254663578271,60119.468736372,35.45800000003237,35.45800000003237,35.45800000003237
7076,68,95299.2315,32374.710195065,0.0,32374.710195065,1221.308,0.0,593.212,12171.441072380629,25028.690000000002,74.364,701.2,257.0,0.0,7405.999,0.0,15471.30723246462,79477.52857732456,15471.30723246462,62924.521304935,35.45800000118507,35.45800000118507,35.45800000118507
7077,69,91592.29014,32220.049094718004,0.0,32220.049094718004,1221.308,0.0,593.212,12171.441072380629,25028.690000000002,74.364,701.2,257.0,0.0,7405.999,0.0,11919.026973011878,66931.18439520679,11919.026973011878,59372.24104528199,35.457999997297044,35.457999997297044,35.457999997297044
7078,70,85804.45782,30081.472210114003,0.0,30081.472210114003,1221.308,0.0,593.212,12171.441072380629,25028.690000000002,74.364,469.1079999999999,257.0,0.0,7405.999,0.0,8501.863538289,57981.85435490258,8501.863538289,55722.98560988599,35.458,35.458,35.458
7079,71,79445.81434,33265.964447773,0.0,33265.964447773,1221.308,0.0,593.212,12171.441072380629,24264.890000000003,74.364,20.339999999953175,0.0,0.0,7405.999,0.0,428.2958198512109,57531.01664979604,428.2958198512109,46179.849892226994,25.514079999395776,25.514079999395776,25.514079999395776
7080,72,73869.23735,31998.033100536002,0.0,31998.033100536002,1221.308,0.0,593.212,12171.441072380629,14329.467839999721,74.364,0.0,0.0,0.0,7405.999,0.0,6075.412337087756,51135.84576865103,6075.412337087756,41871.20424946399,17.188680000000005,17.188680000000005,17.188680000000005
7081,73,71124.1289,30306.025847024997,0.0,30306.025847024997,1221.308,0.0,593.212,12171.441072380629,7269.002,74.364,0.0,0.0,0.0,7405.999,0.0,12082.776980594359,38417.133157499076,12082.776980594359,40818.103052975,17.188680000000005,17.188680000000005,17.188680000000005
7082,74,69578.30687,34545.804993768,0.0,34545.804993768,1221.308,0.0,593.212,12171.441072380629,7269.002,74.364,0.0,0.0,0.0,7405.999,0.0,6297.175803851357,31788.52704818186,6297.175803851357,35032.501876232,17.188680000000005,17.188680000000005,17.188680000000005
7083,75,68943.96762,37965.082039692,0.0,37965.082039692,1221.308,0.0,593.212,12171.441072380629,7269.002,74.364,0.0,0.0,0.0,7405.999,0.0,2243.5595079273553,29426.885460889906,2243.5595079273553,30978.885580307993,17.188680000000005,17.188680000000005,17.188680000000005
7084,76,69771.68957,37222.675454649,0.0,37222.675454649,1221.308,0.0,593.212,12171.441072380629,7269.002,74.364,0.0,0.0,0.0,7405.999,0.0,3813.6880429703706,25412.476994605306,3813.6880429703706,32549.014115351005,17.188680000000005,17.188680000000005,17.188680000000005
7085,77,73458.93836,35761.830048953,0.0,35761.830048953,1221.308,0.0,593.212,12171.441072380629,7269.002,74.364,0.0,0.0,0.0,7405.999,0.0,8961.782238666356,15979.022006535459,8961.782238666356,37697.108311047,17.188680000000005,17.188680000000005,17.188680000000005
7086,78,79725.81682,39544.925193648,0.0,39544.925193648,1221.308,0.0,593.212,12171.441072380629,7269.002,74.364,0.0,0.0,0.0,7405.999000000004,0.0,11445.56555397133,3931.0582655130065,11445.56555397133,40180.89162635199,17.18868,17.18868,17.18868
7087,79,85720.02954,41401.456306634005,3284.059398748,41401.456306634005,1221.308,3284.059398748,593.212,12171.441072380629,17392.02416,74.364,36.16,257.0,0.0,5554.499250000003,0.0,3734.5053522373564,0.0,3734.5053522373564,41034.513834617996,33.44188,33.44188,33.44188
7088,80,88097.08075,41738.35579684599,31415.326640808504,41738.35579684599,1221.308,31415.326640808504,0.0,12171.441072380629,21.5,74.364,0.0,0.0,0.0,3702.9995000000013,2248.2142600351485,0.0,2135.803547033391,-2248.2142600351485,14943.398312345496,0.0,0.0,0.0
7089,81,88721.29698,41248.784058176,50595.7734990915,41248.784058176,62.577,50595.7734990915,0.0,12171.441072380629,0.0,0.0,0.0,0.0,0.0,1851.4997499999995,17208.778399648145,0.0,18484.14302669913,-17208.778399648145,-3123.2605772675015,0.0,0.0,0.0
7090,82,89290.63947,41190.996898158,62851.2559082555,41185.68649815801,211.125,62851.2559082555,0.0,12171.441072380629,0.0,0.0,0.0,0.0,0.0,0.0,27128.869008794187,0.0,44256.56858505361,-27128.869008794187,-14746.302936413515,0.0,0.0,0.0
7091,83,90023.24924,41394.740999381,68099.6088509135,41394.740999381,0.0,68099.6088509135,0.0,12171.441072380629,0.0,0.0,0.0,0.0,0.0,0.0,31642.541682675146,0.0,74316.983183595,-31642.541682675146,-19471.100610294496,0.0,0.0,0.0
7092,84,90285.41287,38005.136197304,69517.3123347145,38003.808597304,458.91299999999995,69517.3123347145,0.0,12171.441072380629,0.0,0.0,0.0,0.0,0.0,0.0,29866.062134399137,0.0,102689.74221127418,-29866.062134399137,-17235.7080620185,0.0,0.0,0.0
7093,85,90333.48143,35408.764643212,68196.311664469,35407.437043212005,433.672,60676.36611149112,0.0,12023.626704380627,0.0,74.364,0.0,0.0,0.0,0.0,18281.984429083746,0.0,120057.62741890374,-18281.984429083746,-5750.321724703128,0.0,0.0,0.0
7094,86,90354.9514,34635.841058917,66340.76690555851,34633.185858917,805.6790000000001,66340.76690555851,0.0,12171.441072380629,0.0,74.364,0.0,0.0,0.0,0.0,23670.48543685614,0.0,142544.58858391707,-23670.48543685614,-10619.001364475509,0.0,0.0,0.0
7095,87,89871.27795,33591.622955969,59324.740018615,33586.976355968996,0.0,59324.740018615,0.0,12171.441072380629,0.0,0.0,0.0,0.0,0.0,0.0,15211.87949696466,0.0,156995.8741060335,-15211.87949696466,-3040.43842458399,0.0,0.0,0.0
7096,88,89715.16426,32593.724010613,46260.737210129,32593.724010613,0.0,46260.737210129,0.0,12171.441072380629,0.0,0.0,0.0,0.0,0.0,1851.49975,3162.23778312262,0.0,160000.0,-3162.23778312262,10860.703039257998,0.0,0.0,0.0
7097,89,90445.8114,30353.828045339,26066.98535415,30353.828045339,1221.308,26066.98535415,0.0,12171.441072380629,21.5,74.364,0.0,0.0,0.0,3702.9995,0.0,16833.385428130372,142280.64691775752,16833.385428130372,34024.998000511,0.9354800000000019,0.9354800000000019,0.9354800000000019
7098,90,92586.18388,35633.240241345,33.244037375,35633.240241345,1221.308,33.244037375,593.212,12171.441072380629,17392.02416,74.364,36.160000000000004,257.0,0.0,5554.49925,0.0,19619.69111889934,121628.34047619048,19619.69111889934,56919.699601279994,33.441879999999884,33.441879999999884,33.441879999999884
7099,91,95471.84193,40649.586691869,0.0,40649.586691869,1221.308,0.0,593.212,12171.441072380629,24452.489999999998,74.364,36.16,257.0,0.0,7405.999,0.0,8610.281165750348,112564.88661812627,8610.281165750348,54822.255238130994,33.44188,33.44188,33.44188
7100,92,94738.88308,39526.620195621996,0.0,39526.620195621996,1221.308,0.0,593.212,12171.441072380629,7110.465839999993,74.364,0.0,0.0,0.0,7405.999,0.0,26635.472971997373,84527.54664760272,26635.472971997373,55212.262884378004,16.24260000000001,16.24260000000001,16.24260000000001
7101,93,90984.87525,42669.614896513005,0.0,42669.614896513005,1221.308,0.0,593.212,12171.441072380629,50.0,74.364,0.0,0.0,0.0,7405.999,0.0,26798.936281106362,56318.14003591181,26798.936281106362,48315.26035348699,16.242600000001037,16.242600000001037,16.242600000001037
7102,94,85366.294,40310.27374711601,0.0,40310.27374711601,1221.308,0.0,593.212,12171.441072380629,50.0,74.364,0.0,0.0,0.0,7405.999,0.0,23539.696180503335,31539.51247748725,23539.696180503335,45056.02025288399,16.24260000000035,16.24260000000035,16.24260000000035
7103,95,78859.1678,39603.915095581004,0.0,39603.915095581004,1221.308,0.0,593.212,12171.441072380629,50.0,74.364,0.0,0.0,0.0,7405.999,0.0,17738.92863203834,12866.956022710052,17738.92863203834,39255.25270441899,16.242600000003478,16.242600000003478,16.242600000003478
7104,96,73894.92627,40134.623889942995,0.0,40134.623889942995,1221.308,0.0,593.212,12171.441072380629,70.37008610180783,74.364,0.0,0.0,0.0,7405.999,0.0,12223.60822157455,0.0,12223.60822157455,33760.302380057,16.24259999999824,16.24259999999824,16.24259999999824
7105,1,70736.00168,39976.99454054299,0.0,39976.99454054299,1221.308,0.0,593.212,12171.441072380629,9292.683067076337,74.364,0.0,0.0,0.0,7405.999,0.0,0.0,0.0,0.0,30759.00713945701,17.188679999999948,17.188679999999948,17.188679999999948
7106,2,69191.40358,38761.508558011,0.0,38761.508558011,1221.308,0.0,593.212,12171.441072380629,13310.926409999916,74.364,0.0,0.0,0.0,7405.999,4347.355460391571,0.0,4129.987687371956,-4347.355460391571,30429.895021988996,17.188680000000048,17.188680000000048,17.188680000000048
7107,3,68983.22059,34523.814347085994,0.0,34523.814347085994,1221.308,0.0,593.212,12171.441072380629,20480.770910042564,74.364,0.0,0.0,0.0,7405.999,7487.688739509218,0.0,11243.291989905834,-7487.688739509218,34459.406242914,17.18867999999999,17.18867999999999,17.18867999999999
7108,4,69956.9122,35865.31680024801,0.0,35865.31680024801,1221.308,0.0,593.212,12171.441072380629,12625.271327371353,74.364,0.0,0.0,0.0,7405.999,0.0,0.0,11243.29198990583,0.0,34091.595399752,17.188680000000083,17.188680000000083,17.188680000000083
7109,5,73276.63145,35450.591743087,0.0,35450.591743087,1221.308,0.0,593.212,12171.441072380629,16359.715634532264,74.364,0.0,0.0,0.0,7405.999,0.0,0.0,11243.291989905712,0.0,37826.039706913,17.188679999999337,17.188679999999337,17.188679999999337
7110,6,79298.77746,35792.292097852,0.0,35792.292097852,1221.3079999999786,0.0,593.2119999999785,12178.607563851341,22338.530430000003,74.364,0.0,0.0,0.0,7405.999,305.5356317033117,0.0,11533.550840023858,-305.5356317033117,43506.485362148,17.18868000000002,17.18868000000002,17.18868000000002
7111,7,85330.74914,30331.628543335,2788.8364,30331.628543335,1221.308,2788.8364,593.212,12188.35355909562,24452.49,74.364,448.7679999999996,257.0,0.0,7405.999,0.0,5568.789637569367,5671.667011003471,5568.789637569367,52210.284196665,35.45800000000071,35.45800000000071,35.45800000000071
7112,8,87806.08153,28042.929459544997,31314.577005816,28042.929459544997,1221.308,31314.577005816,593.212,12198.94671583167,14307.967839999994,74.364,0.0,0.0,0.0,5554.4992500000235,5501.722741192687,0.0,10898.303615136523,-5501.722741192687,28448.575064638997,16.242599999999953,16.242599999999953,16.242599999999953
7113,9,88334.82648,26564.772889935,51152.05876604049,26564.772889935,1221.308,51152.05876603339,0.0,12205.943813514412,0.0,74.364,0.0,0.0,0.0,3702.9995000000135,6586.620489482841,0.0,17155.593080145223,-6586.620489482841,10617.994824031608,0.0,0.0,0.0
7114,10,89046.55655,25167.487703491,61828.660839163,25167.487703494506,1221.308,61828.660839163,0.0,12215.906242939851,0.0,74.364,0.0,0.0,0.0,1851.49975000001,13312.669985599376,0.0,29802.62956646463,-13312.669985599376,2050.408007342485,0.0,0.0,0.0
7115,11,89502.8857,23594.071352726,73127.2265154065,23594.071352726,1221.307999999995,73127.2265154065,0.0,12226.024508082712,0.0,74.364,0.0,0.0,0.0,0.0,20740.108676216383,0.0,49505.73280887019,-20740.108676216383,-7218.412168132505,0.0,0.0,0.0
7116,12,89654.91159,26517.783503805,77131.2155923355,26517.783503805,1221.308,77131.2155923355,0.0,12236.252593827452,0.0,74.364,0.0,0.0,0.0,0.0,27526.01209996824,0.0,75655.44430384002,-27526.01209996824,-13994.087506140495,0.0,0.0,0.0
7117,13,89554.0364,27776.158760255003,71327.127229284,27776.158760255003,1221.308,71327.12722928745,0.0,12243.4133755977,0.0,74.364,0.0,0.0,0.0,0.0,23088.334965140413,0.0,97589.36252072341,-23088.334965140413,-9549.24958954245,0.0,0.0,0.0
7118,14,89493.93477,21602.238740065,74137.62087746801,21602.238740065,1221.308,74137.62087747209,0.0,12253.53015880776,0.0,74.364,0.0,0.0,0.0,0.0,19795.127006345174,0.0,116394.73317675132,-19795.127006345174,-6245.924847537084,0.0,0.0,0.0
7119,15,89479.89637,20071.685502772,65613.96608417,20071.685502772,1221.308,65613.96608417,0.0,12263.72934901617,0.0,74.364,0.0,0.0,0.0,1851.4997499999681,11616.656315958495,0.0,127430.55667691189,-11616.656315958495,3794.244783058006,0.0,0.0,0.0
7120,16,89568.24728,21418.461190064,52546.0120003125,21418.461190064,1221.3079999999427,52546.0120003125,0.0,12270.698435261236,0.0,74.364,0.0,0.0,0.0,3702.999500000001,1665.5958456377084,0.0,129012.87273026771,-1665.5958456377084,15603.774089623497,0.0,0.0,0.0
7121,17,90591.33428,24018.91549625,31501.169811754,24018.91549625,1221.308,31501.169811754,593.212,12281.092874592998,16851.306020000033,74.364,20.339999999999883,0.0,0.0,5554.499250000001,1524.8731725970802,0.0,130461.50224423494,-1524.8731725970802,35071.24897199599,17.18868000000002,17.18868000000002,17.18868000000002
7122,18,92796.91954,29990.677050539,630.6536214949999,29990.677050539,1221.308,630.6536214949999,593.212,12291.376108941542,25028.690000000002,74.364,469.10800000000006,257.0,0.0,7405.999,0.0,14834.531759024467,114846.20565578813,14834.531759024467,62175.588867966,35.45799999999957,35.45799999999957,35.45799999999957
7123,19,95281.10003,26526.192048167002,0.0,26526.192048167002,1221.308,0.0,593.212,12300.678325712273,25028.690000000002,74.364,701.2,257.0,0.0,7405.999,0.0,21172.456656120732,92559.40917566104,21172.456656120732,68754.907981833,35.45800000000016,35.45800000000016,35.45800000000016
7124,20,94646.20205,35781.14748858399,0.0,35781.14748858399,1221.308,0.0,593.212,12308.55150570984,25028.690000000002,74.364,701.2,257.0,0.0,7405.999,0.0,11274.730055706039,80691.27227491785,11274.730055706039,58865.054561416015,35.45800000000007,35.45800000000007,35.45800000000007
7125,21,90809.13404,38246.714360156,0.0,38246.714360156,1221.308,0.0,593.212,12318.469081192581,25028.690000000002,74.364,469.10800000000006,257.0,0.0,7405.999,0.0,5194.269598651434,75223.62006581108,5194.269598651434,52562.419679844,35.4580000000001,35.4580000000001,35.4580000000001
7126,22,85407.08177,39679.92475259,0.0,39679.92475259,1221.308,0.0,593.212,12328.348836437322,24083.585180972612,74.364,20.340000000000014,0.0,0.0,7405.999,0.0,0.0,75223.620065811,0.0,45727.157017410005,18.513480000000484,18.513480000000484,18.513480000000484
7127,23,79140.61501,37267.454646733,0.0,37267.454646733,1221.308,0.0,593.212,12338.651945369089,22157.22561097261,74.364,0.0,0.0,0.0,7405.999,1917.6001930808688,0.0,77045.34024923782,-1917.6001930808688,41873.160363266994,17.188679999999366,17.188679999999366,17.188679999999366
7128,24,74079.10711,35557.20358909,0.0,35557.20358909,1221.308,0.0,593.212,12345.959544643623,17047.08574003679,74.364,0.0,0.0,0.0,7405.999,166.02476377041785,0.0,77203.06377481972,-166.02476377041785,38521.90352091,17.188680000000012,17.188680000000012,17.188680000000012
7129,25,71078.52317,38826.03425039,0.0,38826.03425039,1221.308,0.0,593.212,12355.793731226364,15278.064589999994,74.364,0.0,0.0,0.0,7405.999,4676.252401626716,0.0,81645.5035563651,-4676.252401626716,32252.488919609998,17.18867999999972,17.18867999999972,17.18867999999972
7130,26,69650.87014,42324.387309679994,0.0,42324.387309679994,1221.308,0.0,593.212,12366.27540842013,7269.001999999974,74.364,0.0,0.0,0.0,7405.999,1603.6775781001134,0.0,83168.99725556021,-1603.6775781001134,27326.482830320005,16.24260000000018,16.24260000000018,16.24260000000018
7131,27,69559.88505,41147.225357691,0.0,41147.225357691,1221.308,0.0,593.212,12373.349326168669,7269.001999999986,74.364,0.0,0.0,0.0,7405.999,524.574633859677,0.0,83667.34315772691,-524.574633859677,28412.659692308996,16.242599999999925,16.242599999999925,16.242599999999925
7132,28,70569.39613,36891.172198214,0.0,36891.172198214,1221.308,0.0,593.212,12382.871523477404,15278.064590003029,74.364,0.0,0.0,0.0,7405.999,3277.595181694471,0.0,86781.05858033999,-3277.595181694471,33678.22393178599,17.188679999999806,17.188679999999806,17.188679999999806
7133,29,74144.56178,36241.482346102,0.0,36241.482346102,1221.308,0.0,593.212,12393.641431871169,22338.530429999984,74.364,0.0,0.0,0.0,7405.999,6123.97542797315,0.0,92598.83523691448,-6123.97542797315,37903.079433898005,17.188679999999756,17.188679999999756,17.188679999999756
7134,30,79777.29466,30072.179349658007,0.0,30072.179349658007,1221.308,0.0,593.212,12403.59086775391,24452.49,74.364,36.160000000000004,257.0,0.0,7405.999,0.0,3260.9914425880706,89166.21266576916,3260.9914425880706,49705.11531034199,33.441880000000765,33.441880000000765,33.441880000000765
7135,31,85686.44254,27478.224006414,3305.9595679674994,27478.224006414,1221.308,3305.9595679674994,593.212,12410.518283402453,24452.49,74.364,448.76800000000003,257.0,0.0,7405.999,0.0,8038.599682216083,80704.52878975222,8038.599682216083,54902.25896561851,34.785560000000814,34.785560000000814,34.785560000000814
7136,32,88093.04599,25322.2870445,29889.437433076997,25322.2870445,1221.308,29889.437433076997,593.212,12421.1473648727,14329.467839999981,74.364,0.0,0.0,0.0,7405.999,3164.176692449706,0.0,83710.49664757944,-3164.176692449706,32881.321512423005,16.242600000000962,16.242600000000962,16.242600000000962
7137,33,88454.56799,17523.590958275,51138.9069014975,17523.590958275,1221.308,51138.9069014975,593.212,12431.058041604952,7247.502,74.364,0.0,0.0,0.0,5554.499250000002,7329.873161377458,0.0,90673.87615088803,-7329.873161377458,19792.07013022749,16.242600000000017,16.242600000000017,16.242600000000017
7138,34,88827.32886,10838.922040885001,64886.788347516995,10838.922040885001,1221.308,64886.788347516995,348.123,12437.963178191494,0.0,74.364,0.0,0.0,0.0,3702.9995000000145,4683.1392065935,0.0,95122.85839715185,-4683.1392065935,13101.61847159799,6.436799999999327,6.436799999999327,6.436799999999327
7139,35,88815.99716,9928.907202526,71909.0471530895,9928.907202526,1221.308,71909.0471530895,0.0,12448.465483189542,0.0,74.364,0.0,0.0,0.0,1851.4997500000245,8617.59442880506,0.0,103309.57310451666,-8617.59442880506,6978.042804384502,0.0,0.0,0.0
7140,36,88584.8839,9120.131253202002,72935.2960572545,9120.131253202002,1221.308,72935.2960572545,0.0,12458.147820133803,0.0,74.364,0.0,0.0,0.0,0.0,7224.363230588226,0.0,110172.71817357547,-7224.363230588226,6529.456589543508,0.0,0.0,0.0
7141,37,88361.78748,8669.388005669,73795.6678966555,8669.388005674171,1221.308,73795.6678966555,0.0,12468.303826167947,0.0,74.364,0.0,0.0,0.0,0.0,7867.244248498732,0.0,117646.60020964927,-7867.244248498732,5896.731577670318,0.0,0.0,0.0
7142,38,88457.36866,10102.887403096,73996.72320535699,10102.887403096,1221.3079999999995,73996.72320535699,0.0,12475.887097048791,0.0,74.364,0.0,0.0,0.0,1851.4997499999963,11265.300795501957,0.0,128348.63596537615,-11265.300795501957,4357.758051547004,0.0,0.0,0.0
7143,39,88385.77551,12874.125689818002,66094.495337633,12874.125689818002,1221.308,66094.495337633,11.235,12485.794572784842,0.0,74.364,0.0,0.0,0.0,3702.9994999999963,8078.546590227503,0.0,136023.25522609227,-8078.546590227503,9417.154482549013,4.544640000007858,4.544640000007858,4.544640000007858
7144,40,88618.08914,19099.104192851,52562.501243352,19099.104192851,1221.308,52562.501243352,593.212,12495.498959367585,13289.426409999958,74.364,0.0,0.0,0.0,5554.499249999998,16271.824915570547,0.0,151481.48889588428,-16271.824915570547,16956.483703797,16.242600000000017,16.242600000000017,16.242600000000017
7145,41,89820.89789,22824.278398805,30895.618856688496,22824.278398805,1221.308,30895.618856688496,593.212,12506.282858299832,23246.348570000002,74.364,20.339999999999883,0.0,0.0,7405.998999999998,8966.853793793332,0.0,160000.0,-8966.853793793332,36101.00063450649,18.134759999993,18.134759999993,18.134759999993
7146,42,92167.38299,22981.264459728,26.47745,22981.264459728,1221.308,26.47745,593.212,12513.013458170084,25028.690000000002,74.364,469.10800000000006,257.0,0.0,7405.999,0.0,21596.94662210192,137266.3719767228,21596.94662210192,69159.64108027199,35.458000000000496,35.458000000000496,35.458000000000496
7147,43,94944.95443,22623.565646584004,0.0,22623.565646584004,1221.308,0.0,593.2119999968459,12523.122422418623,25028.690000000002,74.364,701.2,257.0,0.0,7405.999,0.0,24516.49336099741,111459.5368598834,24516.49336099741,72321.388783416,35.45800000000021,35.45800000000021,35.45800000000021
7148,44,94223.20162,17256.013554808,0.0,17256.013554808,1221.308,0.0,593.212,12533.837031350877,25028.690000000002,74.364,701.2,257.0,0.0,7405.999,0.0,29151.57803384113,80773.66524531381,29151.57803384113,76967.18806519201,35.45800000000004,35.45800000000004,35.45800000000004
7149,45,90776.25788,15612.749399937999,0.0,15612.749399937999,1221.308,0.0,593.212,12540.425056160931,25028.690000000002,74.364,701.2,257.0,0.0,7405.999,0.0,27341.310423901086,51993.33848331267,27341.310423901086,75163.50848006201,35.458000000000055,35.458000000000055,35.458000000000055
7150,46,85932.89057,19928.190595804,0.0,19928.190595804,1221.308,0.0,593.212,12550.473273143674,25028.690000000002,74.364,701.2,257.0,0.0,7405.999,0.0,18172.453701052353,32864.43985062598,18172.453701052353,66004.699974196,35.45799999999949,35.45799999999949,35.45799999999949
7151,47,79787.13928,27944.709652016,0.0,27944.709652016,1221.308,0.0,593.212,12561.06963087592,24452.49,74.364,268.2519999999977,257.0,0.0,7405.999,0.0,5008.73499710808,27592.08722209116,5008.73499710808,51842.429627984005,33.44188039343355,33.44188039343355,33.44188039343355
7152,48,74718.51672,30901.839497624,0.0,30901.839497624,1221.308,0.0,593.212,12570.945537158663,22338.530430000003,74.364,0.0,0.0,0.0,7405.999,387.6817447826611,0.0,27960.384879634687,-387.6817447826611,43816.677222376,17.18868039343287,17.18868039343287,17.18868039343287
7153,49,72159.93974,31769.844698331002,0.0,31769.844698331002,1221.308,0.0,593.212,12577.776195394714,21319.988999999987,74.364,0.0,0.0,0.0,7405.999,2802.553153725714,0.0,30622.810375674533,-2802.553153725714,40390.095041669,17.188680000000097,17.188680000000097,17.188680000000097
7154,50,70682.85096,28208.101400578,0.0,28208.101400578,1221.308,0.0,593.212,12588.49934566496,21797.648162402147,74.364,0.0,0.0,0.0,7405.999,1206.2809486451367,0.0,31768.777276887413,-1206.2809486451367,42474.749559421994,17.851080000000003,17.851080000000003,17.851080000000003
7155,51,70288.01368,26735.484793673997,0.0,26735.484793673997,1221.308,0.0,593.212,12598.451180609703,23147.807732393685,74.364,0.0,0.0,0.0,7405.999,1488.6130266773957,0.0,33182.959652230944,-1488.6130266773957,43552.52888632601,17.85108000000004,17.85108000000004,17.85108000000004
7156,52,71168.77092,26358.433355655,0.0,26358.433355655,1221.308,0.0,593.212,12605.260038445753,23688.690000000002,74.364,0.0,0.0,0.0,7405.999,778.4954741007623,0.0,33922.530352626665,-778.4954741007623,44810.337564345,17.851080000000017,17.851080000000017,17.851080000000017
7157,53,74199.56878,27350.979399184,0.0,27350.979399184,1221.3079999999936,0.0,593.212,12615.902835452005,24452.49,74.364,36.159999999999954,0.0,0.0,7405.999,0.0,449.1535453639941,33449.737146980355,449.1535453639941,46848.589380816,30.763720000000106,30.763720000000106,30.763720000000106
7158,54,79574.7613,26276.458600930004,0.0,26276.458600930004,1221.308,0.0,593.212,12625.599302860745,25028.690000000002,74.364,469.10800000000006,257.0,0.0,7405.999,0.0,5623.022396209253,27530.766203602187,5623.022396209253,53298.302699069995,35.45800000000004,35.45800000000004,35.45800000000004
7159,55,85468.26769,24545.330255002,3076.2470912794997,24545.330255002,1221.308,3076.2470912794997,593.212,12635.670986970801,25028.690000000002,74.364,469.1080000000013,257.0,0.0,7405.999,0.0,10161.338356747676,16834.620564920424,10161.338356747676,57846.690343718496,35.45800000000015,35.45800000000015,35.45800000000015
7160,56,88174.435,26473.379742865,32542.230100308498,26473.379742865,1221.308,32542.230100308498,593.212,12642.537648079537,24264.890000000003,74.364,20.33999999999984,0.0,0.0,7405.999,17063.825491253057,0.0,33045.25478161083,-17063.825491253057,29158.8251568265,19.459560000001616,19.459560000001616,19.459560000001616
7161,57,89179.43263,22699.640593989,53513.2051509425,22699.640593989,1221.308,53513.2051509425,593.212,12653.081663985791,14307.96784000134,74.364,0.0,0.0,0.0,5554.499249999999,21437.845868923647,0.0,53411.20835708829,-21437.845868923647,12966.5868850685,16.24259999999944,16.24259999999944,16.24259999999944
7162,58,89401.66353,20275.127308083,67099.91714821849,20275.127308083,1221.308,67099.91714821849,0.0,12663.077413556042,0.0,74.364,0.0,0.0,0.0,3702.9994999999935,15635.129839863881,0.0,68264.58170495898,-15635.129839863881,2026.6190736985154,3.219839999999831,3.219839999999831,3.219839999999831
7163,59,89959.95176,17296.353754614,74097.391419542,17296.353754614,1221.308,74097.391419542,0.0,12669.825397605167,0.0,74.364,0.0,0.0,0.0,1851.4997499999827,17250.79056176151,0.0,84652.83273863241,-17250.79056176151,-1433.7934141559963,0.0,0.0,0.0
7164,60,90244.3376,15345.832102944,75848.0481313305,15345.832102944,1221.308,75848.0481313305,0.0,12680.588796636832,0.0,74.364,0.0,0.0,0.0,0.0,14925.803430911328,0.0,98832.34599799817,-14925.803430911328,-949.542634274505,0.0,0.0,0.0
7165,61,90013.40788,12295.794390113,76110.174309065,12295.794390113,1221.3079999999964,76110.174309065,0.0,12690.395531872884,0.0,74.364,0.0,0.0,0.0,1851.499750000009,14230.128101050883,0.0,112350.9676939965,-14230.128101050883,1607.4391808219953,0.0,0.0,0.0
7166,62,89723.7585,8915.519497773,76081.16989796348,8915.519497773,1221.308,76081.16989796348,11.235,12700.073429255624,0.0,74.364,0.0,0.0,0.0,3702.9995000000185,12982.91082499214,0.0,124684.73297773786,-12982.91082499214,4727.069104263515,4.544639999999758,4.544639999999758,4.544639999999758
7167,63,89440.2501,9106.320503015999,67510.62525576951,9106.320503015999,1221.308,67510.62525576951,593.212,12708.055970494072,13289.426409994212,74.364,0.0,0.0,0.0,5554.499250000028,20617.561289277128,0.0,144271.4162025518,-20617.561289277128,12823.30434121449,16.2425999999991,16.2425999999991,16.2425999999991
7168,64,89701.38197,8044.045093623001,53530.7926574235,8044.045093623001,1221.308,53530.7926574235,593.212,12717.916646270616,22670.148569996763,74.364,0.0,0.0,0.0,7405.999,16556.403997313886,0.0,160000.0,-16556.403997313886,28126.544218953495,18.13476000000064,18.13476000000064,18.13476000000064
7169,65,90467.44046,6605.772903244999,30924.0264947565,6605.772903244999,1221.308,30924.0264947565,593.212,12727.720181906665,24452.49,74.364,268.2519999999987,257.0,0.0,7405.999,0.0,5937.295880081082,153750.2148630613,5937.295880081082,52937.641061998496,31.858780000000976,31.858780000000976,31.858780000000976
7170,66,91591.82245,6790.430396565,92.63030603749999,6790.430396565,1221.308,92.63030603749999,593.212,12738.156408750923,25028.690000000002,74.364,23409.623039999955,784.2180000000001,0.0,7405.999,0.0,13453.191298648495,139588.9608644822,13453.191298648495,84708.7617473975,39.05722000000007,39.05722000000007,39.05722000000007
7171,67,93054.63509,7833.628306788998,0.0,7833.628306788998,1221.308,0.0,593.212,12745.407109721657,25028.690000000002,74.364,701.2,257.0,0.0,7405.999,0.0,37193.826673489995,100437.5643660697,37193.826673489995,85221.00678321099,35.458000000003,35.458000000003,35.458000000003
7172,68,91833.92149,4722.384300584,0.0,4722.384300584,1221.308,0.0,593.212,12754.813161431714,25028.690000000002,74.364,701.2,257.0,0.0,7405.999,0.0,39074.95102798428,59306.03696819151,39074.95102798428,87111.53718941599,35.4580000000016,35.4580000000016,35.4580000000016
7173,69,88670.74199,13461.130699128998,0.0,13461.130699128998,1221.308,0.0,593.212,12765.748040863962,25028.690000000002,74.364,18719.951264446387,257.0,0.0,7405.999,0.0,9143.338985560606,49681.46961496982,9143.338985560606,75209.61129087099,35.457999999999686,35.457999999999686,35.457999999999686
7174,70,84473.39541,15371.073744967001,0.0,15371.073744967001,1221.308,0.0,593.212,12772.773140446705,25028.690000000002,74.364,701.2,257.0,0.0,7405.999,0.0,21047.7755245863,27525.916431194768,21047.7755245863,69102.321665033,35.45800000000003,35.45800000000003,35.45800000000003
7175,71,79284.8865,17476.780305776,0.0,17476.780305776,1221.308,0.0,593.212,12782.350665282755,25028.690000000002,74.364,701.2,257.0,0.0,7405.999,0.0,13743.98252894124,13058.566400730308,13743.98252894124,61808.10619422399,35.45800000000041,35.45800000000041,35.45800000000041
7176,72,74708.89919,17582.750008946,0.0,17582.750008946,1221.308,0.0,593.212,12793.192935653005,25028.690000000002,74.364,701.2,257.0,0.0,7405.999,0.0,9051.183245404532,3531.005089778168,9051.183245404532,57126.149181053996,35.457999999994875,35.457999999994875,35.457999999994875
7177,73,71732.14202,20292.862045013,0.0,20292.862045013,1221.308,0.0,593.212,12803.052139697746,25028.690000000002,74.364,701.2,257.0,0.0,7405.999,0.0,3354.45483528926,0.0,3354.45483528926,51439.279974987,35.45800000000017,35.45800000000017,35.45800000000017
7178,74,69868.19532,22062.755891249,0.0,22062.755891249,1221.308,0.0,593.212,12809.913381067996,25028.690000000002,74.364,414.9530476829862,257.0,0.0,7405.999,0.0,0.0,0.0,0.0,47805.439428751,33.44187999999923,33.44187999999923,33.44187999999923
7179,75,68666.26292,24652.884052840003,0.0,24652.884052840003,1221.308,0.0,593.212,12820.683406378053,24264.88999999998,74.364,20.339999999999883,0.0,0.0,7405.999,2387.417539218054,0.0,2268.046662257151,-2387.417539218054,44013.37886715999,17.851079999999833,17.851079999999833,17.851079999999833
7180,76,68559.71138,24413.083851691998,0.0,24413.083851691998,1221.308,0.0,593.212,12830.173771352589,23688.689999999995,74.364,0.0,0.0,0.0,7405.999,1667.1192430445897,0.0,3851.809943149513,-1667.1192430445897,44146.627528307996,17.851080000000053,17.851080000000053,17.851080000000053
7181,77,69834.95377,26718.903255659,0.0,26718.903255659,1221.308,0.0,593.212,12837.340159058846,23688.689999996794,74.364,0.0,0.0,0.0,7405.999,2704.862644717862,0.0,6421.429455631482,-2704.862644717862,43116.050514341,17.85108000000025,17.85108000000025,17.85108000000025
7182,78,71747.29299,28466.517595869,0.0,28466.517595869,1221.308,0.0,593.212,12847.917487829096,23688.690000000002,74.364,0.0,0.0,0.0,7405.999,2550.7150936980984,0.0,8844.608794644675,-2550.7150936980984,43280.775394131,17.851080000000003,17.851080000000003,17.851080000000003
7183,79,75011.07031,25276.31149049,2929.27547125,25276.31149049,1221.308,2929.27547125,593.212,12857.656132477634,24452.49,74.364,448.76799999999906,257.0,0.0,7405.999,505.31378421763657,0.0,9324.656889651429,-505.31378421763657,46805.48334825999,35.45800000000002,35.45800000000002,35.45800000000002
7184,80,77417.3716,28731.454597488002,31815.7746527485,28731.454597488002,1221.308,31815.7746527485,0.0,12867.477870186369,7081.96584,74.364,0.0,0.0,0.0,5554.499250000022,9929.472610422892,0.0,18757.65586955318,-9929.472610422892,16870.142349763497,3.464000000002125,3.464000000002125,3.464000000002125
7185,81,80351.17983,19923.689008844,52832.767961236,19923.689008844,1221.308,52832.767961236,0.0,12875.470171680137,0.0,74.364,0.0,0.0,0.0,3702.9995000000126,10279.418811760173,0.0,28523.103740725343,-10279.418811760173,7594.722859919995,0.0,0.0,0.0
7186,82,82458.02261,18134.395251018,66251.41040358099,18134.395251024132,1221.308,66251.41040358099,0.0,12885.242137862875,0.0,74.364,0.0,0.0,0.0,1851.4997500000031,17960.19693246833,0.0,45585.29082657026,-17960.19693246833,-1927.783044605123,0.0,0.0,0.0
7187,83,83629.02211,16366.626656846,72987.20855163301,16366.626656846,1221.308,72987.20855163778,0.0,12894.96023131142,0.0,74.364,0.0,0.0,0.0,0.0,19915.445329795526,0.0,64504.963889876,-19915.445329795526,-5724.813098483777,0.0,0.0,0.0
7188,84,84149.07462,12900.980896867999,74584.20367547701,12900.980896867999,1221.308,74584.20367547701,0.0,12905.703030605182,0.0,74.364,0.0,0.0,0.0,0.0,17537.484982950184,0.0,81165.57462367868,-17537.484982950184,-3336.1099523450102,0.0,0.0,0.0
7189,85,83933.18098,12272.766893936,74475.914952085,12272.766893936,1221.308,74475.914952085,0.0,12912.419146979717,0.0,74.364,0.0,0.0,0.0,0.0,17023.592013000733,0.0,97337.98703602936,-17023.592013000733,-2815.5008660210005,0.0,0.0,0.0
7190,86,84102.9642,12553.926146606002,74020.308153604,12553.926146606002,1221.308,74020.308153604,0.0,12922.514404363426,0.0,74.364,0.0,0.0,0.0,1851.4997499999681,18540.956254573688,0.0,114951.89547787435,-18540.956254573688,-2471.270100209993,0.0,0.0,0.0
7191,87,84663.76071,10853.058702066002,65628.40810305599,10853.058702066002,1221.308,65628.40810305599,0.0,12933.349783256224,0.0,74.364,0.0,0.0,0.0,3702.999499999979,9749.727378378242,0.0,124214.13648733369,-9749.727378378242,8182.29390487801,0.0,0.0,0.0
7192,88,85593.35893,8446.600940642998,51446.13075368551,8446.600940642998,1221.308,51446.13075368551,593.212,12939.825580838964,16851.30601999999,74.364,20.339999999999883,0.0,0.0,5554.49924999999,11554.227615167436,0.0,135190.65272174275,-11554.227615167436,25700.627235671498,17.188679999999742,17.188679999999742,17.188679999999742
7193,89,87018.38949,7555.519900654,29120.7493500205,7555.519900654,1221.308,29120.7493500205,593.212,12949.9208309477,25028.690000000002,74.364,1280.59321674526,257.0,0.0,7405.999,0.0,1531.0331916325426,133579.03883581376,1531.0331916325426,50342.12023932549,35.458000000000105,35.458000000000105,35.458000000000105
7194,90,88765.42251,9525.586054509,6.9007062574999996,9525.586054509,1221.308,6.9007062574999996,593.212,12960.544916445266,25028.690000000002,74.364,701.2,257.0,0.0,7405.999,0.0,30990.617832788223,100957.33585393142,30990.617832788223,79232.93574923351,35.4579999999828,35.4579999999828,35.4579999999828
7195,91,90064.55409,12131.134041237,0.0,12131.134041237,1221.308,0.0,593.2119999999935,12970.363923028006,25028.690000000002,74.364,701.2,257.0,0.0,7405.999,0.0,29681.283125735004,69713.87993210569,29681.283125735004,77933.420048763,35.458000000000624,35.458000000000624,35.458000000000624
7196,92,88766.88615,13832.959554119003,0.0,13832.959554119003,1221.308,0.0,593.212,12977.097847338548,25028.690000000002,74.364,701.2,257.0,0.0,7405.999,0.0,26675.05574854248,41634.873881008796,26675.05574854248,74933.926595881,35.458000000000155,35.458000000000155,35.458000000000155
7197,93,85617.52117,16250.651849006003,0.0,16250.651849006003,1221.308,0.0,593.212,12987.924937708796,25028.690000000002,74.364,701.2,257.0,0.0,7405.999,0.0,21097.171383285196,19427.325056498412,21097.171383285196,69366.86932099401,35.45800000000026,35.45800000000026,35.45800000000026
7198,94,81543.81231,17785.452190762,0.0,17785.452190762,1221.308,0.0,593.2119999996816,12997.767405540728,25028.690000000002,74.364,701.2,257.0,0.0,7405.999,0.0,15478.819713697601,3133.830621027253,15478.819713697601,63758.360119237994,35.4580000000002,35.4580000000002,35.4580000000002
7199,95,76774.14691,25742.6662569,0.0,25742.6662569,1221.308,0.0,593.212,13004.660563123787,25028.690000000002,74.364,469.10800000000006,257.0,0.0,7405.999,0.0,2977.1390899762073,0.0,2977.1390899762073,51031.48065309999,35.45800000000021,35.45800000000021,35.45800000000021
7200,96,72271.16426,28028.760460632002,0.0,28028.760460632002,1221.308,0.0,593.212,13015.201370759838,21911.979428608156,74.364,20.33999999999981,0.0,0.0,7405.999,0.0,0.0,0.0,0.0,44242.403799368,17.18867999999957,17.18867999999957,17.18867999999957
7201,1,69476.27378,32168.043654741,0.0,32168.043654741,1221.308,0.0,593.212,13024.947366004095,14988.39975925479,74.364,0.0,0.0,0.0,7405.999,0.0,0.0,0.0,0.0,37308.230125259004,17.18868,17.18868,17.18868
7202,2,67854.50267,34736.403746661,0.0,34736.403746661,1221.308,0.0,593.212,13035.11854477483,10788.097378564147,74.364,0.0,0.0,0.0,7405.999,0.0,0.0,0.0,0.0,33118.098923339,17.188680000000055,17.188680000000055,17.188680000000055
7203,3,66635.71619,35212.753048631,0.0,35212.753048631,1221.308,0.0,593.212,13042.514332219085,9085.565809149906,74.364,0.0,0.0,0.0,7405.999,0.0,0.0,0.0,0.0,31422.963141369008,17.188680000000087,17.188680000000087,17.188680000000087
7204,4,66520.68007,34793.867359036994,0.0,34793.867359036994,1221.308,0.0,593.212,13052.491957717137,9379.437753245846,74.364,0.0,0.0,0.0,7405.999,0.0,0.0,0.0,0.0,31726.812710963008,17.188679999999874,17.188679999999874,17.188679999999874
7205,5,67037.61899,34832.988145813004,0.0,34832.988145813004,1221.308,0.0,593.212,13062.469395499878,9847.278448687095,74.364,0.0,0.0,0.0,7405.999,0.0,0.0,0.0,0.0,32204.630844187,17.188680000000083,17.188680000000083,17.188680000000083
7206,6,68403.4418,43463.118747579,0.0,43463.118747579,1221.308,0.0,593.212,13072.831220735925,4424.108581685013,74.364,0.0,0.0,0.0,5554.499250000041,0.0,0.0,0.0,0.0,24940.323052421,16.242600000000095,16.242600000000095,16.242600000000095
7207,7,70401.19149,43596.03534266,3012.9022999999997,43596.03534266,1221.308,3012.9022999999997,593.212,13079.983892906179,5120.386454433776,74.364,0.0,0.0,0.0,3702.999500000026,0.0,0.0,0.0,0.0,23792.253847339998,16.242600000000117,16.242600000000117,16.242600000000117
7208,8,72376.10629,43664.883257298,31348.590617460002,43664.88325729946,1221.308,31348.590617460002,0.0,13089.843096950917,0.0,74.364,0.0,0.0,0.0,1851.4997500000118,18874.382431710597,0.0,17930.663310125066,-18874.382431710597,-2637.367584759464,0.0,0.0,0.0
7209,9,75004.50501,32837.794293574,52305.0939113735,32837.794293574,1221.308,52305.09391137493,0.0,13100.252827321168,0.0,74.364,0.0,0.0,0.0,0.0,24534.308022270307,0.0,41238.25593128185,-24534.308022270307,-10138.383194948932,0.0,0.0,0.0
7210,10,77293.78024,28526.684054972997,65748.10060134,28526.684054972997,1221.308,65748.10060134162,0.0,13107.474363631223,0.0,74.364,0.0,0.0,0.0,0.0,31384.150779946052,0.0,71053.1991722306,-31384.150779946052,-16981.004416314623,0.0,0.0,0.0
7211,11,79166.01423,24426.213551628003,72116.8462559905,24426.213551628003,1195.667,40352.48167935803,0.0,13117.287999013966,0.0,74.364,0.0,0.0,0.0,0.0,0.0,0.0,71053.1991722306,0.0,14387.318999013965,0.0,0.0,0.0
7212,12,79844.03916,24654.242748309003,74277.838606002,24654.242748309003,1221.3080000015348,74277.838606002,0.0,13127.867754912015,0.0,74.364,0.0,0.0,0.0,0.0,33511.58194922475,0.0,102889.2020239941,-33511.58194922475,-19088.042194310998,0.0,0.0,0.0
7213,13,80476.23909,24317.445546396,74347.584761286,24317.44554639755,1221.308,74347.584761286,0.0,13137.525101094756,0.0,74.364,0.0,0.0,0.0,0.0,32621.98831877851,0.0,133880.0909268337,-32621.98831877851,-18188.791217683538,0.0,0.0,0.0
7214,14,81304.11501,21353.219806789,73975.554234842,21353.219806789,1221.308,73005.18803133306,0.0,13144.676301527006,0.0,74.364,0.0,0.0,0.0,0.0,27494.64112964907,0.0,160000.0,-27494.64112964907,-13054.292828122067,0.0,0.0,0.0
7215,15,82188.74162,20411.553345935,65521.44314194201,20411.553345935,1221.308,45474.953634567784,0.0,13155.062889497258,0.0,74.364,0.0,0.0,0.0,1851.4997499999681,0.0,0.0,160000.0,0.0,16302.23463949722,0.0,0.0,0.0
7216,16,83514.43548,15026.404190171997,51617.6822944435,15026.404190171997,1221.308,50302.68793608219,0.0,13165.171853745796,21.5,74.364,0.0,0.0,0.0,3702.9995000000104,0.0,0.0,160000.0,0.0,18185.34335374582,0.0,0.0,0.0
7217,17,85571.89172,13235.372296123001,29144.7369966545,13235.372296123001,1221.308,29144.7369966545,593.212,13172.168236716048,17392.02415999999,74.364,448.76800000000105,257.0,0.0,5554.499250000001,0.0,4478.438780504334,155285.85391525892,4478.438780504334,43191.782427222504,34.37735999999974,34.37735999999974,34.37735999999974
7218,18,88145.37574,15931.553596394999,32.3125935775,15931.553596394999,1221.308,32.3125935775,593.212,13181.855130060787,25028.690000000002,74.364,701.2,257.0,0.0,7405.999,0.0,23717.88141996671,130319.66294687291,23717.88141996671,72181.5095500275,35.458,35.458,35.458
7219,19,90168.90194,18834.486951499,0.0,18834.486951499,1221.308,0.0,593.212,13192.578280331038,25028.690000000002,74.364,701.2,257.0,0.0,7405.999,0.0,22860.06370816934,106256.4379909052,22860.06370816934,71334.414988501,35.45800000000012,35.45800000000012,35.45800000000012
7220,20,88929.66511,20410.160905527002,0.0,20410.160905527002,1221.308,0.0,593.212,13202.115410703096,25028.690000000002,74.364,701.2,257.0,0.0,7405.999,0.0,20035.615793768422,85166.31610272791,20035.615793768422,68519.50420447299,35.458000000808994,35.458000000808994,35.458000000808994
7221,21,85266.97188,20121.376039623996,0.0,20121.376039623996,1221.308,0.0,593.212,13209.362262711831,25028.690000000002,74.364,701.2,257.0,0.0,7405.999,0.0,16654.46057766418,67635.30496834457,16654.46057766418,65145.595840376,35.45800000080207,35.45800000080207,35.45800000080207
7222,22,80400.24049,24199.364257637,0.0,24199.364257637,1221.308,0.0,593.212,13219.802337121888,25028.690000000002,74.364,469.1079999999996,257.0,0.0,7405.999,0.0,7931.3928952396545,59286.47034177651,7931.3928952396545,56200.87623236299,35.45800000117494,35.45800000117494,35.45800000117494
7223,23,74818.80739,27180.647295696,0.0,27180.647295696,1221.308,0.0,593.212,13229.521835892136,14905.667839999956,74.364,20.339999999999925,0.0,0.0,7405.999,0.0,10187.74741841188,48562.52569081664,10187.74741841188,47638.160094304,17.18868,17.18868,17.18868
7224,24,70360.37626,27922.690902322996,0.0,27922.690902322996,1221.308,0.0,593.212,13239.796960640679,7269.002,74.364,0.0,0.0,0.0,7405.999,0.0,12634.003397037446,35263.574746566694,12634.003397037446,42437.68535767701,17.188680000000108,17.188680000000108,17.188680000000108
7225,25,67709.85393,29638.689147310997,0.0,29638.689147310997,1221.308,0.0,593.212,13247.388341110927,7269.002,74.364,0.0,0.0,0.0,7405.999,0.0,8259.891441578065,26568.95217648452,8259.891441578065,38071.164782689,17.18867999999992,17.18867999999992,17.18867999999992
7226,26,66321.72065,28993.929460036,0.0,28993.929460036,1221.308,0.0,593.212,13257.027479343178,7269.002,74.364,0.0,0.0,0.0,7405.999,0.0,7506.878710620832,18666.974586357326,7506.878710620832,37327.791189964,17.18867999999993,17.18867999999993,17.18867999999993
7227,27,65968.11372,32179.518404516,0.0,32179.518404516,1221.308,0.0,593.212,13266.976915225921,7269.002,74.364,0.0,0.0,0.0,7405.999,0.0,3957.733400259494,14500.939428189438,3957.733400259494,33788.595315483995,17.188680000000065,17.188680000000065,17.188680000000065
7228,28,66999.86082,35762.076703759,0.0,35762.076703759,1221.308,0.0,593.212,13274.791823623968,7269.002,74.364,0.0,0.0,0.0,7405.999,0.0,1399.1072926181344,13028.194909644033,1399.1072926181344,31237.784116241004,17.188680000000044,17.188680000000044,17.188680000000044
7229,29,70329.35579,33752.04684486,0.0,33752.04684486,1221.308,0.0,593.212,13284.610830206711,7269.002,74.364,0.0,0.0,0.0,7405.999,0.0,6728.813114933286,5945.233736030048,6728.813114933286,36577.30894514,17.188680000000232,17.188680000000232,17.188680000000232
7230,30,75977.63813,38659.33910821901,0.0,38659.33910821901,1221.308,0.0,593.212,13294.380396342762,13002.492485059647,74.364,0.0,0.0,0.0,7405.999,0.0,1726.543140378576,4127.819904052598,1726.543140378576,37318.299021781,17.188680000000115,17.188680000000115,17.188680000000115
7231,31,81976.25016,36751.882897663,2869.2441,36751.882897663,1221.308,2869.2441,593.212,13305.126843487016,17392.02415999999,74.364,36.160000000000004,257.0,0.0,5554.499250000001,0.0,3921.428908849968,0.0,3921.428908849968,42355.123162337,33.44188000000004,33.44188000000004,33.44188000000004
7232,32,84721.09497,35139.927597120004,31835.338695504997,34808.29506243722,966.7310000000001,31835.338695504997,0.0,13311.86671205775,21.5,74.364,0.0,0.0,0.0,3702.999500000014,0.0,0.0,0.0,0.0,18077.46121205779,0.0,0.0,0.0
7233,33,85653.40659,33833.543100336996,53299.275069673,33833.54310033851,1221.308,53299.275069673,0.0,13321.966409002009,0.0,74.364,0.0,0.0,0.0,1851.4997500000245,17948.549739013775,0.0,17051.122252063087,-17948.549739013775,-1479.4115800115105,0.0,0.0,0.0
7234,34,86586.93165,29206.843639052997,66582.0918351485,29206.843639052997,1221.308,66582.09183514999,0.0,13332.54758533806,0.0,74.364,0.0,0.0,0.0,0.0,23830.223409541286,0.0,39689.834491127294,-23830.223409541286,-9202.003824202984,0.0,0.0,0.0
7235,35,87783.1402,34323.874099659995,73609.39840187551,34323.874099659995,1221.308,73609.39840187714,0.0,13339.273144520801,0.0,74.364,0.0,0.0,0.0,0.0,34785.077446058145,0.0,72735.65806488253,-34785.077446058145,-20150.132301537145,0.0,0.0,0.0
7236,36,88782.47026,38563.774742951995,75456.4222900815,38563.774742951995,1221.308,75456.42229008296,0.0,13349.377999718849,0.0,74.364,0.0,0.0,0.0,0.0,39882.77677275402,0.0,110624.29599899886,-39882.77677275402,-25237.726773034956,0.0,0.0,0.0
7237,37,89531.58026,36520.393648706,75461.6283610725,36520.393648707555,1221.308,75461.6283610725,0.0,13359.6373579891,0.0,74.36399999999985,0.0,0.0,0.0,0.0,37105.75110776935,0.0,145874.75955137974,-37105.75110776935,-22450.441749780046,0.0,0.0,0.0
7238,38,90203.57994,39826.011057186006,75054.340002288,558.1856140781676,1221.308,75054.340002288,0.0,13369.746323633839,0.0,0.0,0.0,0.0,0.0,0.0,0.0,0.0,145874.75955137977,0.0,14591.054323633827,0.0,0.0,0.0
7239,39,90728.22825,40323.682939873,66052.08553745251,40323.682939873,1189.694,48781.064831465264,0.0,13376.59688510409,0.0,74.364,0.0,0.0,0.0,1851.499750000009,14868.674156442357,0.0,160000.0,-14868.674156442357,1623.4804786617387,0.0,0.0,0.0
7240,40,90988.35042,34596.381495728994,52038.5850889985,34596.381495728994,1221.308,38006.192885156845,0.0,13387.104539114147,0.0,74.364,0.0,0.0,0.0,3702.9995000000185,0.0,0.0,160000.0,0.0,18385.776039114164,0.0,0.0,0.0
7241,41,91605.23587,30193.486892624,29923.486650101004,30193.486892624,1221.308,29923.486650101004,593.212,13396.94145682288,7088.96583999998,74.364,0.0,0.0,0.0,5554.499250000028,0.0,3558.9717804521088,156253.71391531356,3558.9717804521088,31488.262327275,15.570159998817442,15.570159998817442,15.570159998817442
7242,42,93258.66854,28062.161743327,12.54195,28062.161743327,1221.308,12.54195,593.212,13404.243645029135,24452.49,74.364,448.76800000000003,257.0,0.0,7405.999,0.0,17326.58020164385,138015.208439899,17326.58020164385,65183.964846673,35.458000001182555,35.458000001182555,35.458000001182555
7243,43,95145.7412,32073.409148226998,0.0,32073.409148226998,1221.308,0.0,593.212,13414.549435299388,25028.690000000002,74.364,701.2,257.0,0.0,7405.999,0.0,14376.009616472144,122882.56673834937,14376.009616472144,63072.332051773,35.45800000118713,35.45800000118713,35.45800000118713
7244,44,93602.50241,38863.980003820005,0.0,38863.980003820005,1221.308,0.0,593.212,13424.376807009929,25028.690000000002,74.364,469.10799999999995,257.0,0.0,7405.999,0.0,6264.464599168648,116288.39347606657,6264.464599168648,54738.522406179996,35.45800000115818,35.45800000115818,35.45800000115818
7245,45,89112.5433,40310.782839007996,0.0,40310.782839007996,1221.308,0.0,593.212,13434.544136818662,24452.49,74.364,36.160000000000004,0.0,0.0,7405.999,0.0,1583.683324173345,114621.35839798937,1583.683324173345,48801.76046099201,30.76372,30.76372,30.76372
7246,46,83224.24816,43596.667603304,0.0,43596.667603304,1221.308,0.0,593.212,13441.867553616226,14329.467839999968,74.364,0.0,0.0,0.0,7405.999,0.0,2561.3621630798098,111925.18770001062,2561.3621630798098,39627.580556696004,17.18868000000009,17.18868000000009,17.18868000000009
7247,47,76783.79145,43937.36115844401,0.0,43937.36115844401,1221.308,0.0,593.212,13451.96281099897,7269.002,74.364,0.0,0.0,0.0,7405.999,0.0,2830.5824805570333,108945.6271941611,2830.5824805570333,32846.430291556,17.18868,17.18868,17.18868
7248,48,71831.27807,43638.828954916,0.0,43638.828954916,1221.308,0.0,593.212,13462.034607543708,3384.772307926298,74.364,0.0,0.0,0.0,7405.999,0.0,2050.759199613977,106786.9332998306,2050.759199613977,28192.449115083997,16.24260000000008,16.24260000000008,16.24260000000008
7249,49,68757.30013,40225.990201267006,0.0,40225.990201267006,1221.308,0.0,593.212,13472.226325675478,50.0,74.364,0.0,0.0,0.0,7405.999,0.0,5714.20060305858,100771.98529661105,5714.20060305858,28531.309928732997,16.242600000000085,16.242600000000085,16.242600000000085
7250,50,67169.51231,37126.020253198,0.0,37126.020253198,1221.308,0.0,593.212,13479.445164850009,7269.002,74.364,0.0,0.0,0.0,7405.999,0.0,0.16189195199929252,100771.81488403,0.16189195199929252,30043.492056802002,17.18868,17.18868,17.18868
7251,51,66466.19062,34050.296847348,0.0,34050.296847348,1221.308,0.0,593.212,13489.41789033275,7269.002,74.364,0.0,0.0,0.0,7405.999,0.0,2362.5908823192403,98284.87711316763,2362.5908823192403,32415.893772651994,17.18868000000012,17.18868000000012,17.18868000000012
7252,52,67385.32021,33669.920992536005,0.0,33669.920992536005,1221.308,0.0,593.212,13499.653096392318,7269.002,74.364,0.0,0.0,0.0,7405.999,0.0,3651.8611210716954,94440.81277519744,3651.8611210716954,33715.399217464,17.18868,17.18868,17.18868
7253,53,70725.84861,29935.841051559,0.0,29935.841051559,1221.308,0.0,593.212,13506.546253975059,14329.467839999961,74.364,0.0,0.0,0.0,7405.999,0.0,3659.110464465988,90589.11754944376,3659.110464465988,40790.007558441,17.188679999999867,17.188679999999867,17.188679999999867
7254,54,76942.37716,29309.489689502,0.0,29309.489689502,1221.308,0.0,593.212,13516.821372845792,23688.690000000002,74.364,0.0,0.0,0.0,7405.999,0.0,1132.4930976522078,89397.01955191512,1132.4930976522078,47632.887470498004,25.51408000000008,25.51408000000008,25.51408000000008
7255,55,82730.03519,26521.740058812997,3013.2334,26521.740058812997,1221.308,3013.2334,593.212,13527.215812177557,24452.49,74.364,448.76800000000003,257.0,0.0,7405.999,0.0,5214.704919009446,83907.85647927359,5214.704919009446,53195.061731187,35.458000001164194,35.458000001164194,35.458000001164194
7256,56,85566.86673,28363.732808212997,32014.189810934,28363.732808212997,1221.308,32014.189810934,0.0,13536.943488360299,7081.96584,74.364,0.0,0.0,0.0,5554.499250000001,2280.1364675072928,0.0,86073.98612340551,-2280.1364675072928,25188.944110852997,3.4639999993140975,3.4639999993140975,3.4639999993140975
7257,57,86070.63582,23797.210244329,53576.00115680251,23797.210244329,1221.308,53576.00115680251,0.0,13543.974844108841,0.0,74.364,0.0,0.0,0.0,3702.999500000014,9845.221925242658,0.0,95426.94695238605,-9845.221925242658,8697.42441886849,0.0,0.0,0.0
7258,58,86908.01568,16262.513894526,66657.2941088475,16262.513894526,1221.308,66657.2941088475,0.0,13554.410952640605,0.0,74.364,0.0,0.0,0.0,1851.499750000025,12713.375026014162,0.0,107504.6532270995,-12713.375026014162,3988.2076766264945,0.0,0.0,0.0
7259,59,88152.59292,13536.9943737,73440.833306439,13536.994373699998,1221.308,73440.833306439,0.0,13564.566951411342,0.0,74.364,0.0,0.0,0.0,0.0,13685.473711550347,0.0,120505.85325307236,-13685.473711550347,1174.7652398609935,0.0,0.0,0.0
7260,60,88861.6982,11738.691947012001,75146.82599201052,11738.691947012001,1221.308,75146.82599201241,0.0,13571.458687159882,0.0,74.364,0.0,0.0,0.0,0.0,12890.950426184514,0.0,132752.25615794765,-12890.950426184514,1976.1802609755832,0.0,0.0,0.0
7261,61,89478.5211,11364.867893868,75321.727940393,11364.867893870129,1221.308,75321.727940393,0.0,13581.898755692131,0.0,74.364,0.0,0.0,0.0,0.0,12085.64548995546,0.0,144233.61937340532,-12085.64548995546,2791.9252657368634,0.0,0.0,0.0
7262,62,90105.91785,10435.935699887,74991.22979701801,10435.935699887,1221.308,74991.22979701801,0.0,13591.91780213639,0.0,74.364,0.0,0.0,0.0,1851.4997499999558,12060.337199043595,0.0,155690.93971249674,-12060.337199043595,4678.752353094984,0.0,0.0,0.0
7263,63,90712.51611,10498.510790187,66149.5668872135,10498.510790187,1221.308,66149.5668872135,0.0,13601.619866810923,0.0,74.364,0.0,0.0,0.0,3702.9994999999685,4535.852934213973,0.0,160000.0,-4535.852934213973,14064.438432599505,0.0,0.0,0.0
7264,64,91114.39544,8833.98834596,51960.554360275004,8833.98834596,1221.308,51960.554360275004,593.212,13609.484766955178,9266.984716809822,74.364,0.0,0.0,0.0,5554.499249999986,0.0,0.0,160000.0,0.0,30319.852733764994,16.24260000000008,16.24260000000008,16.24260000000008
7265,65,91770.4521,5597.923402945,28681.984417774496,5597.923402945,1221.308,28681.984417774496,593.212,13619.150392991232,24452.49,74.364,448.76800000000003,257.0,0.0,7405.999,0.0,9418.252886289261,150086.04959338123,9418.252886289261,57490.5442792805,34.785560000000245,34.785560000000245,34.785560000000245
7266,66,93297.45429,6195.933654602,1.39355,6195.933654602,1221.308,1.39355,593.212,13629.073339673972,25028.690000000002,74.364,701.2,257.0,0.0,7405.999,0.0,38189.28074572402,109886.80670314543,38189.28074572402,87100.127085398,35.458,35.458,35.458
7267,67,95126.889,11004.500195207,0.0,11004.500195207,1221.308,0.0,593.212,13639.895708206222,25028.690000000002,74.364,701.2,257.0,0.0,7405.999,0.0,35200.72009658677,72833.41712779093,35200.72009658677,84122.388804793,35.458,35.458,35.458
7268,68,93531.2488,17479.353401967,0.0,17479.353401967,1221.308,0.0,593.212,13646.657525642271,25028.690000000002,74.364,701.2,257.0,0.0,7405.999,0.0,27123.464872391476,44282.401472642014,27123.464872391476,76051.895398033,35.45800000000011,35.45800000000011,35.45800000000011
7269,69,89411.27438,22342.707298318,0.0,22342.707298318,1221.308,0.0,593.212,13656.500111787012,25028.690000000002,74.364,701.2,257.0,0.0,7405.999,0.0,18130.29396989499,25197.8815043315,18130.29396989499,67068.567081682,35.45800000116859,35.45800000116859,35.45800000116859
7270,70,83849.34342,25340.567647598,0.0,25340.567647598,1221.308,0.0,593.212,13666.973500457263,25028.690000000002,74.364,701.2,257.0,0.0,7405.999,0.0,9560.029271944748,15134.692797021238,9560.029271944748,58508.775772402005,35.45800000116706,35.45800000116706,35.45800000116706
7271,71,77433.53734,24275.536258196,0.0,24275.536258196,1221.308,0.0,593.212,13674.18692716732,25028.690000000002,74.364,469.10800000000177,257.0,0.0,7405.999,0.0,4434.133154636445,10467.1842131934,4434.133154636445,53158.001081803995,35.458000001164095,35.458000001164095,35.458000001164095
7272,72,72594.91771,26342.023648419003,0.0,26342.023648419003,1221.308,0.0,593.212,13683.836354176054,24065.24173559601,74.364,20.340000000000018,0.0,0.0,7405.999,811.4070281910683,0.0,11238.020889974918,-811.4070281910683,46252.89406158099,17.85108,17.85108,17.85108
7273,73,69253.44747,22909.300797951997,0.0,22909.300797951997,1221.308,0.0,593.212,13694.62026038231,23354.643411664027,74.364,0.0,0.0,0.0,7405.999,0.0,0.0,11238.020889973333,0.0,46344.146672048,17.85108,17.85108,17.85108
7274,74,67205.97101,18712.923347823,0.0,18712.923347823,1221.308,0.0,593.212,13704.574408565051,24452.49,74.364,36.160000000000004,0.0,0.0,7405.999,0.0,1004.9402536128491,10180.18904406507,1004.9402536128491,48493.04766217699,30.763719999999985,30.763719999999985,30.763719999999985
7275,75,66415.84253,21533.640243433,0.0,21533.640243433,1221.308,0.0,593.212,13711.303535301102,22338.53043,74.364,0.0,0.0,0.0,7405.999,462.5146787341006,0.0,10619.577988862466,-462.5146787341006,44882.20228656699,17.18867999999993,17.18867999999993,17.18867999999993
7276,76,67268.63914,23675.432295259998,0.0,23675.432295259998,1221.308,0.0,593.212,13722.01003463335,22338.530430000003,74.364,0.0,0.0,0.0,7405.999,1762.2166198922498,0.0,12293.683777760103,-1762.2166198922498,43593.20684474,17.188679999999913,17.188679999999913,17.188679999999913
7277,77,70873.65314,22787.157345620002,0.0,22787.157345620002,1221.308,0.0,593.212,13731.616276081893,24452.49,74.364,36.160000000000004,0.0,0.0,7405.999,0.0,571.3465182980921,11692.2663900779,571.3465182980921,48086.49579438,30.763720000000006,30.763720000000006,30.763720000000006
7278,78,76956.56586,24566.757310434998,0.0,24566.757310434998,1221.308,0.0,593.212,13738.71659915214,25028.690000000002,74.364,469.10800000000006,257.0,0.0,7405.999,0.0,3601.4109504128637,7901.307494906438,3601.4109504128637,52389.808549565,35.45800000116866,35.45800000116866,35.45800000116866
7279,79,82925.95379,24328.821405042,2888.9237000000003,24328.821405042,1221.308,2888.9237000000003,593.212,13748.825564796884,24452.49,74.364,448.7680000000001,257.0,0.0,7405.999,0.0,7506.242120161116,0.0,7506.242120161116,55708.208684958,34.785560000000004,34.785560000000004,34.785560000000004
7280,80,85721.87172,20091.571047627,30075.737992856,20091.571047627,1221.308,30075.737992856,593.212,13759.037882667131,12500.641796849844,74.364,0.0,0.0,0.0,7405.999,0.0,0.0,0.0,0.0,35554.562679516996,16.2426,16.2426,16.2426
7281,81,86142.76177,21981.839296947,50564.5043776735,21981.839296947,1221.308,50564.5043776735,0.0,13769.24536727719,0.0,74.364,0.0,0.0,0.0,5554.499249999999,7022.998521897689,0.0,6671.848595802804,-7022.998521897689,13596.4180953795,3.218399999999999,3.218399999999999,3.218399999999999
7282,82,87176.64833,11876.745045321999,63247.050701492,11876.745045321999,1221.308,63247.050701492,593.212,13776.020697985925,0.0,74.364,0.0,0.0,0.0,7405.999,11018.05111479993,0.0,17138.99715486274,-11018.05111479993,12052.852583186002,9.7305,9.7305,9.7305
7283,83,87936.12296,9289.751745272,68863.02850323201,9289.751745272,1221.308,68863.02850323201,593.212,13786.57539379218,0.0,74.364,0.0,0.0,0.0,7405.998999999985,13298.115682296184,0.0,29772.207053044112,-13298.115682296184,9783.342711495978,9.7305,9.7305,9.7305
7284,84,88677.79671,10522.630742053001,69316.706485769,10522.630742053,1221.308,69316.706485769,593.212,13796.36162912823,0.0,74.364,0.0,0.0,0.0,7405.999,14252.785146950235,0.0,43312.35294264684,-14252.785146950235,8838.45948217799,9.7305,9.7305,9.7305
7285,85,88972.67456,11510.973307537999,68279.854157039,11510.973307538,1221.308,68279.854157039,593.212,13806.47059477297,0.0,74.364,0.0,0.0,0.0,7405.998999999985,13919.506499349969,0.0,56535.88411702931,-13919.506499349969,9181.847095423,9.7305,9.7305,9.7305
7286,86,89723.56426,12317.524346151,64739.646180685006,12317.524346151,1221.308,64739.646180685006,0.0,13813.918127643221,0.0,74.364,0.0,0.0,0.0,5554.499249999999,7997.695644479238,0.0,64133.694979284584,-7997.695644479238,12666.393733163997,3.218399999999999,3.218399999999999,3.218399999999999
7287,87,90047.52802,11800.552998036997,57234.649992930004,11800.552998036997,1221.308,57234.649992930004,593.212,13823.85209257927,28.499999999999996,74.364,0.0,0.0,0.0,7405.998999999999,2134.9100635462564,0.0,66161.85953965352,-2134.9100635462564,21012.325029033003,16.2426,16.2426,16.2426
7288,88,90090.29696,13493.548302252999,43146.3257829235,13493.548302252999,1221.308,43146.3257829235,593.212,13833.94734996201,10321.592524861459,74.364,0.0,0.0,0.0,7405.999,0.0,0.0,66161.8595396535,0.0,33450.42287482351,16.242599999999754,16.242599999999754,16.242599999999754
7289,89,90143.38564,19565.841542719998,22212.622749881,19565.841542719998,1221.308,22212.622749881,593.212,13841.315118694263,24452.49,74.364,36.160000000000004,0.0,0.0,7405.999,0.0,740.0732287047366,65382.835088385356,740.0732287047366,48364.921347398995,30.76372000000002,30.76372000000002,30.76372000000002
7290,90,90286.86027,21790.784310677995,0.0,21790.784310677995,1221.308,0.0,593.212,13851.467275777,25028.690000000002,74.364,469.10799999999955,257.0,0.0,7405.999,0.0,19594.927683544644,44756.595421496255,19594.927683544644,68496.07595932201,35.458000001171214,35.458000001171214,35.458000001171214
7291,91,90575.48489,21285.238610367,0.0,21285.238610367,1221.308,0.0,593.212,13861.179942213053,25028.690000000002,74.364,701.2,257.0,0.0,7405.999,0.0,20147.293337419953,23548.91822421209,20147.293337419953,69290.24627963301,35.45800000118173,35.45800000118173,35.45800000118173
7292,92,88590.04585,28074.326453466,0.0,28074.326453466,1221.308,0.0,593.212,13871.571267219311,25028.690000000002,74.364,469.10799999999955,257.0,0.0,7405.999,0.0,11594.467129313169,11344.21598282981,11594.467129313169,60515.719396534,35.45800000117488,35.45800000117488,35.45800000117488
7293,93,86082.08853,36944.468893487,0.0,36944.468893487,1221.308,0.0,593.212,13878.941086893843,24452.49,74.364,36.16,0.0,0.0,7405.999,0.0,1475.145549620462,9791.43119375564,1475.145549620462,49137.619636512994,30.763719999999978,30.763719999999978,30.763719999999978
7294,94,81692.01369,35745.291847955006,0.0,35745.291847955006,1221.308,0.0,593.212,13888.6870821381,22338.53043,74.364,0.0,0.0,0.0,7405.999,0.0,424.62132990833845,9344.461372799493,424.62132990833845,45946.721842045,17.851079999999858,17.851079999999858,17.851079999999858
7295,95,76246.42312,30785.554296247003,0.0,30785.554296247003,1221.308,0.0,593.212,13899.05362107035,15024.501732573404,74.364,0.0,0.0,0.0,7405.999,0.0,7242.430470109233,1720.8503516318797,7242.430470109233,45460.868823753,17.188680000000456,17.188680000000456,17.188680000000456
7296,96,71663.30244,23138.823846797,0.0,23138.823846797,1221.308,0.0,593.212,13906.097759153092,23688.690000000002,74.364,0.0,0.0,0.0,7405.999,0.0,1634.8078340502857,0.0,1634.8078340502857,48524.478593203,25.514080000000043,25.514080000000043,25.514080000000043
7297,1,68855.37775,24587.453589525,0.0,24587.453589525,1221.308,0.0,593.212,13915.893185189143,21057.14797528575,74.364,0.0,0.0,0.0,7405.999,0.0,0.0,0.0,0.0,44267.924160475,17.188679999999998,17.188679999999998,17.188679999999998
7298,2,67330.23559,27482.231459444003,0.0,27482.231459444003,1221.308,0.0,593.212,13926.68666545939,16626.43446509658,74.364,0.0,0.0,0.0,7405.999,0.0,0.0,0.0,0.0,39848.00413055599,17.188679999999856,17.188679999999856,17.188679999999856
7299,3,66801.59197,27498.919998636997,0.0,27498.919998636997,1221.308,0.0,593.212,13936.508700404132,16071.28027095884,74.364,0.0,0.0,0.0,7405.999,0.0,0.0,0.0,0.0,39302.671971363,17.188680000000048,17.188680000000048,17.188680000000048
7300,4,67787.1984,32456.770992995,0.0,32456.770992995,1221.308,0.0,593.212,13943.29106904018,12092.253337964787,74.364,0.0,0.0,0.0,7405.999,0.0,0.0,0.0,0.0,35330.427407004994,17.18867999999985,17.18867999999985,17.18867999999985
7301,5,71346.73774,37006.515250016004,0.0,37006.515250016004,1221.308,0.0,593.212,13953.84039364644,11091.499096336795,74.364,0.0,0.0,0.0,7405.999,0.0,0.0,0.0,0.0,34340.22248998399,17.18867999999957,17.18867999999957,17.18867999999957
7302,6,77119.83724,39936.557900559994,0.0,39936.557900559994,1221.308,0.0,593.212,13963.992543455173,13924.403795984781,74.364,0.0,0.0,0.0,7405.999,0.0,0.0,0.0,0.0,37183.27933944,17.188679999999813,17.188679999999813,17.188679999999813
7303,7,82979.29824,45465.785150052,2453.3372,45465.785150052,1221.308,2453.3372,593.212,13973.593365165234,13643.199274782757,74.364,0.0,0.0,0.0,5554.4992500000035,0.0,0.0,0.0,0.0,35060.175889948005,17.188679999999906,17.188679999999906,17.188679999999906
7304,8,86137.23962,46219.823206254,22515.8512370475,46219.823206254,1221.308,22515.8512370475,348.123,13981.270108435483,21.5,74.364,0.0,0.0,0.0,3702.9994999999917,1947.9994317370492,0.0,1850.5994601500565,-1947.9994317370492,17401.565176698496,6.3199999999999,6.3199999999999,6.3199999999999
7305,9,86923.81511,41529.498506430995,41112.8787482085,41529.498506430995,1221.308,41112.8787482085,0.0,13991.530053184026,0.0,74.364,0.0,0.0,0.0,1851.4997499999963,12857.263947824784,0.0,14065.000210583683,-12857.263947824784,4281.437855360498,0.0,0.0,0.0
7306,10,87871.688,27823.816295983,55460.38634875749,27823.816295983,1221.308,55460.38634875749,0.0,14001.067430492756,0.0,74.364,0.0,0.0,0.0,0.0,10709.25407523321,0.0,24238.791582055288,-10709.25407523321,4587.485355259501,0.0,0.0,0.0
7307,11,88409.39172,22310.742292999,63047.034502618,22310.742292999,1221.308,63047.034502618,0.0,14008.893571486524,0.0,74.364,0.0,0.0,0.0,0.0,12252.950647103526,0.0,35879.09469680364,-12252.950647103526,3051.6149243830005,0.0,0.0,0.0
7308,12,88637.05802,25184.068307578997,64466.465821604994,25184.068307578997,1221.308,64466.465821604994,0.0,14018.646315035063,0.0,74.364,0.0,0.0,0.0,0.0,16327.794424220581,0.0,51390.499399813656,-16327.794424220581,-1013.4761091839973,0.0,0.0,0.0
7309,13,88589.77491,27293.358497395995,64110.9140095915,27293.358497395995,1221.308,64110.9140095915,0.0,14028.479029879805,0.0,74.364,0.0,0.0,0.0,0.0,18138.648626867314,0.0,68622.2155953376,-18138.648626867314,-2814.4975969875013,0.0,0.0,0.0
7310,14,88951.05846,27960.997192232,62881.62136223549,27960.997192232,1221.308,62881.62136223549,0.0,14038.96217881157,0.0,74.364,0.0,0.0,0.0,1851.499750000019,19077.694023281132,0.0,86746.0249174565,-19077.694023281132,-1891.560094467488,0.0,0.0,0.0
7311,15,88874.98607,26878.786351093997,53898.646215465,26878.786351093997,1221.308,53898.646215465,0.0,14046.269778086105,0.0,74.364,0.0,0.0,0.0,3702.9995000000076,10947.38777464666,0.0,97146.04330337312,-10947.38777464666,8097.553503441006,0.0,0.0,0.0
7312,16,89007.28465,29838.589903453,39666.9078449,29838.589903453,1221.308,39666.9078449,593.212,14055.900635068845,7081.965839999955,74.364,0.0,0.0,0.0,5554.4992500000035,9079.462823423964,0.0,105771.53298562723,-9079.462823423964,19501.786901647,8.15828000000015,8.15828000000015,8.15828000000015
7313,17,89915.73032,29413.909160591,18511.439147641002,29413.909160591,1221.308,18511.439147641002,593.212,14066.452642262611,24452.49,74.364,36.159999999999954,0.0,0.0,7405.999,5859.603630496325,0.0,111338.15643459973,-5859.603630496325,41990.382011768,30.763720000000053,30.763720000000053,30.763720000000053
7314,18,91848.12724,27903.504857338998,0.0,27903.504857338998,1221.308,0.0,593.212,14073.438430745355,25028.690000000002,74.364,469.10799999999955,257.0,0.0,7405.999,0.0,14821.502951915641,95736.5743799517,14821.502951915641,63944.62238266101,35.4580000000546,35.4580000000546,35.4580000000546
7315,19,94230.68797,32066.458795803002,0.0,32066.458795803002,1221.308,0.0,593.212,14083.344666519886,25028.690000000002,74.364,701.2,257.0,0.0,7405.999,0.0,12799.11150767565,82263.82542450418,12799.11150767565,62164.229174197,35.45800000000156,35.45800000000156,35.45800000000156
7316,20,92736.43492,38608.037396486,0.0,38608.037396486,1221.308,0.0,593.212,14093.936485313654,24452.49,74.364,268.25199999999813,257.0,0.0,7405.999,0.0,5761.836038200358,76198.734857978,5761.836038200358,54128.397523514,33.441880000000005,33.441880000000005,33.441880000000005
7317,21,88895.28265,43036.347398816004,0.0,43036.347398816004,1221.308,0.0,593.212,14103.671282396395,22338.530430000003,74.364,0.0,0.0,0.0,7405.999,0.0,121.8505387876068,76070.47113293888,121.8505387876068,45858.93525118399,17.586280000000013,17.586280000000013,17.586280000000013
7318,22,83402.34623,41475.103551362,0.0,41475.103551362,1221.308,0.0,593.212,14110.695517244936,16085.451885913455,74.364,0.0,0.0,0.0,7405.999,0.0,2436.2122754795855,73506.03715874985,2436.2122754795855,41927.242678637995,17.188680000000236,17.188680000000236,17.188680000000236
7319,23,77311.89036,42634.493009867,0.0,42634.493009867,1221.308,0.0,593.212,14121.381387376701,11261.13296275628,74.364,0.0,0.0,0.0,7405.999,0.0,0.0,73506.03715874985,0.0,34677.397350133004,17.18868000000026,17.18868000000026,17.18868000000026
7320,24,72305.73075,43977.335793069,0.0,43977.335793069,1221.308,0.0,593.212,14131.115313847435,4902.3966430835535,74.364,0.0,0.0,0.0,7405.999,0.0,0.0,73506.03715874985,0.0,28328.394956931,16.242600000001083,16.242600000001083,16.242600000001083
7321,25,69699.81183,46753.99144313,0.0,46753.99144313,1221.308,0.0,593.212,14141.022421630176,21.5,74.364,0.0,0.0,0.0,7405.999,511.58503476017285,0.0,73992.04294177202,-511.58503476017285,22945.820386870007,9.730499999999815,9.730499999999815,9.730499999999815
7322,26,67761.21865,47191.256354962,0.0,47191.256354962,1221.308,0.0,593.212,14148.651259766226,21.5,74.364,0.0,0.0,0.0,7405.999,2895.0719647282313,0.0,76742.36130826383,-2895.0719647282313,20569.962295037993,9.730499999999829,9.730499999999829,9.730499999999829
7323,27,67331.64854,42635.260049878,0.0,42635.260049878,1221.308,0.0,593.212,14158.560215910482,1242.9452742103713,74.364,0.0,0.0,0.0,7405.999,0.0,0.0,76742.36130826383,0.0,24696.388490121994,16.242600000050725,16.242600000050725,16.242600000050725
7324,28,68275.90035,39992.319760767,0.0,39992.319760767,1221.308,0.0,593.212,14168.590301547018,4820.107287685956,74.364,0.0,0.0,0.0,7405.999,0.0,0.0,76742.36130826383,0.0,28283.580589232995,16.24260000000013,16.24260000000013,16.24260000000013
7325,29,71541.44507,38702.983243471,0.0,38702.983243471,1221.308,0.0,593.212,14176.064330891273,9367.514495637699,74.364,0.0,0.0,0.0,7405.999,0.0,0.0,76742.36130826383,0.0,32838.461826529005,17.18868000000014,17.18868000000014,17.18868000000014
7326,30,77501.11033,42010.020492416,0.0,42010.020492416,1221.308,0.0,593.212,14185.948518423522,12010.258319159078,74.364,0.0,0.0,0.0,7405.999,0.0,0.0,76742.36130823146,0.0,35491.089837584,16.242599999999996,16.242599999999996,16.242599999999996
7327,31,83856.46858,36592.109847638,1425.9323000000002,36592.109847638,1221.308,1425.9323000000002,593.212,14195.809194206264,23433.94857,74.364,36.160000000000004,0.0,0.0,7405.999,1122.3743318417291,0.0,77808.61692348537,-1122.3743318417291,45838.426432362,30.763720178457817,30.763720178457817,30.763720178457817
7328,32,87089.54872,36546.479941796,26574.363341985998,36546.479941796,1221.308,26574.363341985998,348.123,14206.593091742314,6063.42441,74.364,0.0,0.0,0.0,5554.4992500000035,3499.6063155208058,0.0,81133.24292323549,-3499.6063155208058,23968.705436218006,6.546920175124633,6.546920175124633,6.546920175124633
7329,33,87590.61774,26565.852892724004,48463.103214075,26565.852892724004,1221.308,48463.103214075,0.0,14213.534522412563,0.0,74.364,0.0,0.0,0.0,3702.9995000000163,6650.54438921156,0.0,87451.26009298909,-6650.54438921156,12561.661633200994,1.6113598248760135,1.6113598248760135,1.6113598248760135
7330,34,88189.23091,18696.916297385003,62119.4646567595,18696.916297385003,1221.308,62119.4646567595,0.0,14223.299657657302,0.0,74.364,0.0,0.0,0.0,1851.4997500000163,9997.621451801797,0.0,96949.00047220125,-9997.621451801797,7372.849955855498,0.0,0.0,0.0
7331,35,88355.24562,16677.691050305,70615.6208873525,16677.691050305,1221.308,70615.6208873525,0.0,14234.022807927555,0.0,74.364,0.0,0.0,0.0,0.0,14467.761125585079,0.0,110693.37354150761,-14467.761125585079,1061.9336823424965,0.0,0.0,0.0
7332,36,88473.73958,14080.192245553997,73110.52359928399,14080.192245553997,1221.308,73110.52359928399,0.0,14240.735290999613,0.0,74.364,0.0,0.0,0.0,0.0,14253.383555837618,0.0,124234.08791955592,-14253.383555837618,1283.0237351620017,0.0,0.0,0.0
7333,37,88226.60865,10806.895356784002,73192.21199199851,10806.895356784002,1221.308,73192.21199199851,0.0,14250.783500708347,0.0,74.364,0.0,0.0,0.0,0.0,11318.954199490865,0.0,134987.09440907458,-11318.954199490865,4227.501301217475,0.0,0.0,0.0
7334,38,88398.94431,13283.308210303,72248.59776800651,13283.308210303,1221.308,72248.59776800651,0.0,14260.923573518405,0.0,74.364,0.0,0.0,0.0,1851.4997499999804,14541.056991827889,0.0,148801.09855131147,-14541.056991827889,2867.0383316904918,0.0,0.0,0.0
7335,39,88317.71352,12969.912059214003,62828.864620408494,12969.912059214003,1221.308,62828.864620408494,0.0,14271.070303588653,0.0,74.364,0.0,0.0,0.0,3702.999499999996,6750.804963211142,0.0,155214.36326636243,-6750.804963211142,12518.9368403775,0.0,0.0,0.0
7336,40,88352.61388,9669.940697356,47816.57090798549,9669.940697356,1221.308,47816.57090798549,593.212,14278.289151433395,7088.965839999984,74.364,0.0,0.0,0.0,5554.499250000003,0.0,2055.4640332249505,153050.7169156015,2055.4640332249505,30866.102274658515,15.570159999999925,15.570159999999925,15.570159999999925
7337,41,89208.52886,8800.378102237,24990.095394109998,8800.378102237,1221.308,24990.095394109998,593.212,14287.858396416135,24452.49,74.364,448.76800000000264,257.0,0.0,7405.999,0.0,6677.055967236831,146022.23695008902,6677.055967236831,55418.05536365301,35.4580000000022,35.4580000000022,35.4580000000022
7338,42,90325.95736,14970.9544608,0.0,14970.9544608,1221.308,0.0,593.212,14298.605124852185,25028.690000000002,74.364,701.2,257.0,0.0,7405.999,0.0,25774.62477434783,118891.05297709131,25774.62477434783,75355.0028992,35.45800000000124,35.45800000000124,35.45800000000124
7339,43,91912.11004,20015.356649308,0.0,20015.356649308,1221.308,0.0,593.212,14305.469104622434,25028.690000000002,74.364,701.2,257.0,0.0,7405.999,0.0,22309.511286069588,95407.35688649175,22309.511286069588,71896.753390692,35.4580000000016,35.4580000000016,35.4580000000016
7340,44,90262.75631,20509.130694666004,0.0,20509.130694666004,1221.308,0.0,593.212,14315.285167132975,25028.690000000002,74.364,701.2,257.0,0.0,7405.999,0.0,20156.567448201036,74189.91746733277,20156.567448201036,69753.625615334,35.45800000000465,35.45800000000465,35.45800000000465
7341,45,87010.73891,19553.250494839,0.0,19553.250494839,1221.308,0.0,593.212,14325.862495903226,25028.690000000002,74.364,701.2,257.0,0.0,7405.999,0.0,17849.85291925777,55400.598604956154,17849.85291925777,67457.488415161,35.45800000000409,35.45800000000409,35.45800000000409
7342,46,82805.16499,17648.059401731,0.0,17648.059401731,1221.308,0.0,593.212,14335.966034535477,25028.690000000002,74.364,701.2,257.0,0.0,7405.999,0.0,15539.36655373351,39043.37065365772,15539.36655373351,65157.105588269005,35.45800000000404,35.45800000000404,35.45800000000404
7343,47,77741.72418,19722.143497184,0.0,19722.143497184,1221.308,0.0,593.212,14342.691593718217,25028.690000000002,74.364,701.2,257.0,0.0,7405.999,0.0,8395.11608909779,30206.40634920635,8395.11608909779,58019.580682816006,35.45799999999981,35.45799999999981,35.45799999999981
7344,48,73137.90771,17494.364504969002,0.0,17494.364504969002,1221.308,0.0,593.212,14353.352966628276,25028.690000000002,74.364,701.2,257.0,0.0,7405.999,0.0,6008.417238401307,23881.756624573347,6008.417238401307,55643.543205031,35.458000000000084,35.458000000000084,35.458000000000084
7345,49,69949.67014,14464.526410597999,0.0,14464.526410597999,1221.308,0.0,593.212,14363.410936598524,25028.690000000002,74.364,701.2,257.0,0.0,7405.999,0.0,5839.959792802059,17734.430527024924,5839.959792802059,55485.143729402,35.4580000000003,35.4580000000003,35.4580000000003
7346,50,68287.22295,15059.369757538,0.0,15059.369757538,1221.308,0.0,593.212,14372.993888447067,25028.690000000002,74.364,469.1079999999173,257.0,0.0,7405.999,0.0,3805.178304014929,13728.979680693441,3805.178304014929,53227.853192462,35.45800000000027,35.45800000000027,35.45800000000027
7347,51,66985.93774,17514.974504981,0.0,17514.974504981,1221.308,0.0,593.212,14380.821612217318,24264.890000000003,74.364,20.33999999999994,0.0,0.0,7405.999,0.0,1510.0286228016785,12139.47586721797,1510.0286228016785,49470.96323501899,25.51407999999996,25.51407999999996,25.51407999999996
7348,52,67542.77522,14110.263796387,0.0,14110.263796387,1221.308,0.0,593.212,14390.799237715368,25028.690000000002,74.364,469.10800000000063,257.0,0.0,7405.999,0.0,3992.0311858976356,7937.3377767993225,3992.0311858976356,53432.511423612996,35.458000000002016,35.458000000002016,35.458000000002016
7349,53,68909.01054,16714.208950643,0.0,16714.208950643,1221.308,0.0,593.212,14400.359911898107,25028.690000000002,74.364,56.5,257.0,0.0,7405.999,0.0,3157.368677458906,4613.791800526871,3157.368677458906,52194.801589357005,33.44188,33.44188,33.44188
7350,54,70810.96269,19865.312040630004,0.0,19865.312040630004,1221.308,0.0,593.212,14408.389493530358,25028.690000000002,74.364,56.5,257.0,0.0,7405.999,0.0,1900.1881558396326,2613.5937417483105,1900.1881558396326,50945.65064937,33.44187999999931,33.44187999999931,33.44187999999931
7351,55,73403.90504,21166.634445625998,1295.7767,21166.634445625998,1221.308,1295.7767,593.212,14418.046839713097,24452.49,74.364,36.1599999999999,257.0,0.0,7405.999,0.0,2482.914054660894,0.0,2482.914054660894,50941.493894374,33.44188,33.44188,33.44188
7352,56,75635.4506,18102.119938616,27082.284226621498,18102.119938616,1221.308,27082.284226621498,593.212,14427.874126149149,8579.789058613358,74.364,0.0,0.0,0.0,5554.499249999979,0.0,0.0,0.0,0.0,30451.0464347625,16.24259999988419,16.24259999988419,16.24259999988419
7353,57,78134.72166,12169.774054357998,49433.506457269,12169.774054357998,1221.308,49433.506457269,0.0,14438.466642193407,0.0,74.364,0.0,0.0,0.0,3702.999499999972,2905.696993820384,0.0,2760.4121441293646,-2905.696993820384,16531.441148372993,0.0,0.0,0.0
7354,58,80091.38042,9479.846203335,62363.528012896495,9479.846203335,1221.308,62363.528012896495,0.0,14445.46438196414,0.0,74.364,0.0,0.0,0.0,1851.4997499999645,9344.629928195714,0.0,11637.810575915293,-9344.629928195714,8248.006203768498,0.0,0.0,0.0
7355,59,81250.80597,10619.453557832001,69855.723141358,10619.453557832001,1221.308,69855.723141358,0.0,14455.319029608398,0.0,74.364,0.0,0.0,0.0,0.0,14975.361758798406,0.0,25864.404246773778,-14975.361758798406,775.6292708099936,0.0,0.0,0.0
7356,60,81645.75922,14746.540096415,73395.9321403725,14746.540096415,1221.308,73395.9321403725,0.0,14465.878234306447,0.0,74.364,0.0,0.0,0.0,0.0,22258.26325109392,0.0,47009.754335313,-22258.26325109392,-6496.7130167875,0.0,0.0,0.0
7357,61,81593.78482,16083.072410185,73174.51480792351,16083.072410184988,1221.308,73174.51480792351,0.0,14472.791943089189,0.0,74.364,0.0,0.0,0.0,0.0,23432.266341197686,0.0,69270.40735945081,-23432.266341197686,-7663.802398108499,0.0,0.0,0.0
7358,62,81635.89869,17053.743349341,72277.42540256899,17053.743349341,1221.308,72277.42540256899,0.0,14482.613858325238,0.0,74.364,0.0,0.0,0.0,0.0,23473.555920235245,0.0,91570.28548367429,-23473.555920235245,-7695.270061909985,0.0,0.0,0.0
7359,63,81774.44647,19489.784292636,62591.15741082,19489.784292636,1221.308,62591.15741082,0.0,14493.487989095489,0.0,74.364,0.0,0.0,0.0,1851.4997500000109,17947.154972551452,0.0,108620.0827075982,-17947.154972551452,-306.49523345600755,0.0,0.0,0.0
7360,64,82391.85515,14496.899453348,49043.808078154,14496.899453348,1221.308,49043.808078154,0.0,14502.953122740226,21.5,74.364,0.0,0.0,0.0,3702.999500000011,671.9770042421922,0.0,109258.46086162828,-671.9770042421922,18851.147618498006,0.0,0.0,0.0
7361,65,83979.51065,15282.394609529998,26107.7952470195,15282.394609529998,1221.308,26107.7952470195,593.212,14510.043574510477,17392.024159999994,74.364,36.16000000000011,0.0,0.0,5554.499249999995,0.0,3207.7098089400397,105881.92422063876,3207.7098089400397,42589.32079345049,30.763719999999637,30.763719999999637,30.763719999999637
7362,66,85976.49929,20088.000302397,0.0,20088.000302397,1221.308,0.0,593.212,14520.993639820534,25028.690000000002,74.364,469.10799999999955,257.0,0.0,7405.999,0.0,16317.824347782476,88705.26701244668,16317.824347782476,65888.498987603,35.458000000000226,35.458000000000226,35.458000000000226
7363,67,88139.19445,21167.502150701,0.0,21167.502150701,1221.308,0.0,593.212,14530.51583712927,25028.690000000002,74.364,701.2,257.0,0.0,7405.999,0.0,17159.40346216825,70642.73705226954,17159.40346216825,66971.692299299,35.458000000003054,35.458000000003054,35.458000000003054
7364,68,86675.26534,26262.566944522,0.0,26262.566944522,1221.308,0.0,593.212,14540.399401101326,25028.690000000002,74.364,701.2,257.0,0.0,7405.999,0.0,10590.52599437667,59494.81495292568,10590.52599437667,60412.698395478,35.458000000000155,35.458000000000155,35.458000000000155
7365,69,83810.6081,29128.975201763,0.0,29128.975201763,1221.308,0.0,593.212,14548.094721671574,25028.690000000002,74.364,469.10800000000006,257.0,0.0,7405.999,0.0,5083.857176565431,54143.386346014704,5083.857176565431,54681.632898236996,35.45800000000018,35.45800000000018,35.45800000000018
7366,70,80018.08873,29992.231756935005,0.0,29992.231756935005,1221.308,0.0,593.212,14557.942616516319,24452.49,74.364,36.160000000000004,0.0,0.0,7405.999,0.0,1684.3813565487026,52370.35333912136,1684.3813565487026,50025.856973065,30.763720000000063,30.763720000000063,30.763720000000063
7367,71,75297.51911,29945.330048532007,0.0,29945.330048532007,1221.308,0.0,593.212,14568.037866625049,14329.467839999987,74.364,0.0,0.0,0.0,7405.999,0.0,7159.8003548429015,44833.721386655125,7159.8003548429015,45352.18906146799,17.188680000000048,17.188680000000048,17.188680000000048
7368,72,71108.86959,29131.817138838,0.0,29131.817138838,1221.308,0.0,593.212,14575.577075522619,7269.002,74.364,0.0,0.0,0.0,7405.999,0.0,10837.590375639375,33425.731517561035,10837.590375639375,41977.052451162,17.188679999999003,17.188679999999003,17.188679999999003
7369,73,69213.67024,30706.330893726998,0.0,30706.330893726998,1221.308,0.0,593.212,14585.396082105357,7269.002,74.364,0.0,0.0,0.0,7405.999,0.0,7358.058264167647,25680.407028963557,7358.058264167647,38507.33934627301,17.188680000000197,17.188680000000197,17.188680000000197
7370,74,66034.10363,34198.329000715006,0.0,34198.329000715006,1221.308,0.0,593.212,14595.293755750099,7945.597873534891,74.364,0.0,0.0,0.0,7405.999,0.0,0.0,25680.40702896366,0.0,31835.77462928499,17.18868000000002,17.18868000000002,17.18868000000002
7371,75,65935.2244,31746.61234026,0.0,31746.61234026,1221.308,0.0,593.212,14606.068385981864,10287.66067375815,74.364,0.0,0.0,0.0,7405.999,0.0,0.0,25680.40702896366,0.0,34188.61205974001,17.18868000000007,17.18868000000007,17.18868000000007
7372,76,65011.96697,27917.140704928,0.0,27917.140704928,1221.308,0.0,593.212,14612.714201818399,7269.002,74.364,0.0,0.0,0.0,7405.999,0.0,5918.227063254205,19450.694330801336,5918.227063254205,37094.826265072,17.18868000000017,17.18868000000017,17.18868000000017
7373,77,65814.95282,25202.527946198003,0.0,25202.527946198003,1221.308,0.0,593.212,14622.621309601138,13109.31108837145,74.364,0.0,0.0,0.0,7405.999,0.0,3585.6094758294257,15676.368566770361,3585.6094758294257,40612.424873802,17.18868000000036,17.18868000000036,17.18868000000036
7374,78,67738.51177,24712.551192555,0.0,24712.551192555,1221.308,0.0,593.212,14633.227476698707,7269.002,74.364,0.0,0.0,0.0,7405.999,0.0,11828.84810074629,3224.949513353215,11828.84810074629,43025.960577444996,17.18868,17.18868,17.18868
7375,79,69433.7035,24878.614048433,1722.6609,24878.614048433,1221.308,1722.6609,593.212,14640.159103881446,17392.02416000001,74.364,36.16000000000011,257.0,0.0,5554.499249999995,0.0,3063.7020376855544,0.0,3063.7020376855544,42832.428551567005,33.44188000000011,33.44188000000011,33.44188000000011
7376,80,72552.93607,25491.19760936,27942.242654552,25491.19760936,1221.308,27942.242654552,0.0,14650.315102652181,21.5,74.364,0.0,0.0,0.0,3702.9994999999926,550.9907965641844,0.0,523.4412567359751,-550.9907965641844,19119.495806088,0.0,0.0,0.0
7377,81,75802.9582,19703.620207376,49860.581893688,19703.620207376,1221.308,49860.581893688,0.0,14660.422611283944,0.0,74.364,0.0,0.0,0.0,1851.4997499999972,11568.838262347941,0.0,11513.837605966555,-11568.838262347941,6238.756098935992,0.0,0.0,0.0
7378,82,78061.15905,12807.050349247998,63778.087444311,12807.050349247998,1221.308,63778.087444311,0.0,14670.531575532486,0.0,74.364,0.0,0.0,0.0,0.0,14490.18231909148,0.0,25279.510809103427,-14490.18231909148,1476.021256441003,0.0,0.0,0.0
7379,83,79398.10699,14484.295158177001,71546.314988978,14484.295158177001,1221.308,71546.314988978,0.0,14677.486953515228,0.0,74.364,0.0,0.0,0.0,0.0,22605.66211067029,0.0,46754.889814240174,-22605.66211067029,-6632.503157155006,0.0,0.0,0.0
7380,84,80170.8187,14321.354640557,73736.45020929401,14321.354640557,1221.308,71736.64581920468,0.0,14687.929751208992,0.0,74.364,0.0,0.0,0.0,0.0,21870.78351097068,0.0,67532.13414966234,-21870.78351097068,-5887.1817597616755,0.0,0.0,0.0
7381,85,80652.47751,19507.624241811,73910.182150063,19507.624241811,1221.308,73910.182150063,0.0,14697.94463938353,0.0,74.364,0.0,0.0,0.0,0.0,28758.945521257556,0.0,94853.132394857,-28758.945521257556,-12765.328881874011,0.0,0.0,0.0
7382,86,81408.2331,24204.881204312,73267.28905611101,24204.881204312,1221.308,73267.28905611101,0.0,14707.74309476627,0.0,74.364,0.0,0.0,0.0,0.0,32067.352255191076,0.0,125317.11703728852,-32067.352255191076,-16063.937160423011,0.0,0.0,0.0
7383,87,82370.85927,26966.241955385998,63842.869506731506,26966.241955385998,1221.308,63842.869506731506,0.0,14715.46456519852,0.0,74.364,0.0,0.0,0.0,0.0,24449.388757316017,0.0,148544.03635673874,-24449.388757316017,-8438.2521921175,0.0,0.0,0.0
7384,88,83697.63601,28789.845651271,49094.270106056,28789.845651271,1221.308,49094.270106056,0.0,14725.257600842777,0.0,74.364,0.0,0.0,0.0,1851.4997499999718,12058.90909816974,0.0,160000.0,-12058.90909816974,5813.520252673006,0.0,0.0,0.0
7385,89,86315.3175,21572.334897221,26215.687756780004,21572.334897221,1221.308,26215.687756780004,0.0,14735.389847417313,21.5,74.364,0.0,0.0,0.0,3702.9994999999826,0.0,18771.73349858164,140240.2805278088,18771.73349858164,38527.294845999,0.0,0.0,0.0
7386,90,91463.97948,23729.520446941,0.0,23729.520446941,1221.308,0.0,593.212,14742.941327661569,17392.024159999983,74.364,448.7680000000017,257.0,0.0,5554.4992499999935,0.0,27450.342295397444,111345.18337475885,27450.342295397444,67734.459033059,34.377360000000046,34.377360000000046,34.377360000000046
7387,91,91309.25195,25595.090949382,0.0,25595.090949382,1221.308,0.0,593.212,14752.74806289762,25028.690000000002,74.364,701.2,257.0,0.0,7405.999,0.0,15679.639937720392,94840.29922979002,15679.639937720392,65714.16100061801,35.45800000080568,35.45800000080568,35.45800000080568
7388,92,88802.18347,28889.588006113005,0.0,28889.588006113005,1221.308,0.0,593.212,14762.73258854236,24452.49,74.364,448.7679999999995,257.0,0.0,7405.999,0.0,10696.721875344643,83580.59199258513,10696.721875344643,59912.595463887,34.785560000000324,34.785560000000324,34.785560000000324
7389,93,85020.79056,28415.210452479,0.0,28415.210452479,1221.308,0.0,593.212,14773.14145417841,7110.465839999977,74.364,0.0,0.0,0.0,7405.999,0.0,25427.089813342605,56815.23429432976,25427.089813342605,56605.58010752099,16.2426,16.2426,16.2426
7390,94,79743.37522,27460.775848048997,0.0,27460.775848048997,1221.308,0.0,593.212,14780.090796748658,50.0,74.364,0.0,0.0,0.0,7405.999,0.0,28157.625575203157,27175.62842569372,28157.625575203157,52282.599371951,16.2426,16.2426,16.2426
7391,95,73835.50234,31724.785949894,0.0,31724.785949894,1221.308,0.0,593.212,14790.020330793399,50.0,74.364,0.0,0.0,0.0,7405.999,0.0,17975.813059312608,8253.719942205687,17975.813059312608,42110.716390106005,16.242600000000028,16.242600000000028,16.242600000000028
7392,96,69411.33834,32569.768140635006,0.0,32569.768140635006,1221.308,0.0,593.212,14800.586350363652,4905.066903905939,74.364,0.0,0.0,0.0,7405.999,0.0,7841.033945095403,0.0,7841.033945095403,36841.570199365,16.2426,16.2426,16.2426
7393,1,66981.96802,40494.962705424994,0.0,40494.962705424994,1221.308,0.0,593.212,14807.737556673706,7269.002,74.364,0.0,0.0,0.0,7405.999,4884.617242098691,0.0,4640.386379993756,-4884.617242098691,26487.005314575006,16.2426,16.2426,16.2426
7394,2,65647.76903,46340.631097779005,0.0,46340.631097779005,1221.308,0.0,593.212,14817.165685182443,21.500000000000004,74.364,0.0,0.0,0.0,7405.999,4826.41075296145,0.0,9225.476595307133,-4826.41075296145,19307.13793222099,9.7305,9.7305,9.7305
7395,3,65403.41815,48458.32464679099,0.0,48458.32464679099,1221.308,0.0,593.212,14827.378590927181,0.0,74.364,0.0,0.0,0.0,7405.999,7177.168087718179,0.0,16043.786278639403,-7177.168087718179,16945.093503209006,9.7305,9.7305,9.7305
7396,4,66391.52759,48589.43395408699,0.0,48589.43395408699,1221.308,0.0,0.0,14837.80615672475,0.0,74.364,0.0,0.0,0.0,5554.49925,3885.8837708117476,0.0,19735.375860910564,-3885.8837708117476,17802.093635913006,3.218399999999999,3.218399999999999,3.218399999999999
7397,5,69623.58179,44977.596209681,0.0,44977.596209681,1221.308,0.0,593.212,14844.733573769487,7247.501999999986,74.364,0.0,0.0,0.0,7405.999,6741.132993450488,0.0,26139.45220468853,-6741.132993450488,24645.985580318993,16.2426,16.2426,16.2426
7398,6,75348.70273,45204.980911094,0.0,45204.980911094,1221.308,0.0,593.212,14854.635969252233,14193.537169658934,74.364,0.0,0.0,0.0,7405.999,8199.334320005188,0.0,33928.81980869346,-8199.334320005188,30143.721818906008,17.18868,17.18868,17.18868
7399,7,80706.62454,42995.200957876,1994.1014,42995.200957876,1221.308,1994.1014,593.212,14865.32579798828,21319.989,74.364,0.0,0.0,0.0,7405.999,9762.8756158643,0.0,43203.55164376454,-9762.8756158643,35717.32218212401,17.18868,17.18868,17.18868
7400,8,84050.36367,22666.876203192,29655.287304076497,22666.876203192,1221.308,29655.287304076497,593.212,14875.04529675853,22670.14857,74.364,0.0,0.0,0.0,7405.999,15111.87670402702,0.0,57559.83451259021,-15111.87670402702,31728.200162731504,18.134760000000004,18.134760000000004,18.134760000000004
7401,9,85638.67484,18228.961244866998,49911.658293096,18228.961244866998,1221.308,49911.658293096,593.212,14882.18865310327,13289.42641,74.364,0.0,0.0,0.0,5554.49925,18116.943011066265,0.0,74770.93037310317,-18116.943011066265,17498.055302037013,16.2426,16.2426,16.2426
7402,10,87703.98191,17737.87305201,61339.32950340799,17737.87305201,1221.308,61339.32950340799,11.235,14892.91180337352,0.0,74.364,0.0,0.0,0.0,3702.9995,11276.038948791516,0.0,85483.16737445511,-11276.038948791516,8626.779354582017,4.544639999999994,4.544639999999994,4.544639999999994
7403,11,89459.31594,22921.029041129,67236.60064588551,22921.029041129,1221.308,67236.60064588551,0.0,14902.348219009571,0.0,74.364,0.0,0.0,0.0,1851.49975,18747.833716024077,0.0,103293.60940467798,-18747.833716024077,-698.3137470145157,0.0,0.0,0.0
7404,12,90619.25017,21996.651446776003,68339.6825512355,21996.651446776003,1221.308,68339.6825512355,0.0,14909.516206954311,0.0,74.364,0.0,0.0,0.0,0.0,15922.272034965808,0.0,118419.76783789549,-15922.272034965808,282.91617198850145,0.0,0.0,0.0
7405,13,91693.98546,24776.654943921,67817.0517993535,24776.654943921,1221.308,67817.0517993535,0.0,14920.315291764367,0.0,74.364,0.0,0.0,0.0,0.0,17115.708575038872,0.0,134679.6909841824,-17115.708575038872,-899.721283274499,0.0,0.0,0.0
7406,14,92565.69674,25135.031710491003,66945.4667456025,25135.031710491003,1221.308,66945.4667456025,0.0,14929.85535893462,0.0,74.364,0.0,0.0,0.0,1851.49975,17591.82882502814,0.0,151391.92836795913,-17591.82882502814,485.19828390648763,0.0,0.0,0.0
7407,15,93067.02708,21165.561098968996,57404.70228792149,21165.561098968996,1221.308,57404.70228792149,0.0,14939.92715547936,0.0,74.364,0.0,0.0,0.0,3702.9995,5441.834962369868,0.0,156561.67158221052,-5441.834962369868,14496.763693109518,0.0,0.0,0.0
7408,16,93411.96752,16106.493695506,43657.3587442275,16106.493695506,1221.308,43657.3587442275,593.212,14947.542286749609,14876.482614874241,74.364,0.0,0.0,0.0,5554.49925,3619.2930713573514,0.0,160000.0,-3619.2930713573514,33648.11508026651,16.2426,16.2426,16.2426
7409,17,95144.33109,10635.966695434,22260.366432577997,10635.966695434,1221.308,22260.366432577997,593.212,14957.33771278566,25021.004774874244,74.364,12447.13924,257.0,0.0,7405.999,0.0,270.6332343280796,159715.1229112336,270.6332343280796,62247.99796198802,34.785560000000004,34.785560000000004,34.785560000000004
7410,18,98965.16403,7798.625750599999,0.0,7798.625750599999,1221.308,0.0,593.212,14967.2401082684,25028.690000000002,74.364,34030.009,529.912,0.0,7405.999,0.0,7315.80417113162,152014.2764153056,7315.80417113162,91166.5382794,38.32754,38.32754,38.32754
7411,19,97588.35766,8439.938747743,0.0,8439.938747743,1221.308,0.0,593.212,14974.77167940065,25028.690000000002,74.364,34030.009,529.912,0.0,7405.999,0.0,5290.153232856343,146445.6940649305,5290.153232856343,89148.418912257,38.32754,38.32754,38.32754
7412,20,94304.78644,8118.743404158,0.0,8118.743404158,1221.308,0.0,593.212,14984.819896383391,25028.690000000002,74.364,34030.009,529.912,0.0,7405.999,0.0,2317.729139458586,144005.97918128988,2317.729139458586,86186.043035842,38.32754,38.32754,38.32754
7413,21,89805.08412,10203.504904396,0.0,10203.504904396,1221.308,0.0,593.212,14994.698740781441,25028.690000000002,74.364,12699.571240000001,257.0,0.0,7405.999,0.0,17326.736234822572,125767.309460424,17326.736234822572,79601.579215604,35.458,35.458,35.458
7414,22,83605.6046,10806.842440105,0.0,10806.842440105,1221.308,0.0,593.212,15005.1608275257,25028.690000000002,74.364,701.2,257.0,0.0,7405.999,0.0,22511.828332369332,102070.64805792997,22511.828332369332,72798.762159895,35.458,35.458,35.458
7415,23,77453.0883,11586.256789797,0.0,11586.256789797,1221.308,0.0,593.212,15012.114725100233,25028.690000000002,74.364,701.2,257.0,0.0,7405.999,0.0,15572.943785102774,85678.07565255862,15572.943785102774,65866.831510203,35.458,35.458,35.458
7416,24,72396.9676,11884.488902392,0.0,11884.488902392,1221.308,0.0,593.212,15022.14364284449,25028.690000000002,74.364,701.2,257.0,0.0,7405.999,0.0,10208.562054763517,74932.22085807071,10208.562054763517,60512.47869760801,35.458,35.458,35.458
7417,25,68808.56015,9229.23914813,0.0,9229.23914813,1221.308,0.0,593.212,15032.651290976739,25028.690000000002,74.364,701.2,257.0,0.0,7405.999,0.0,9264.896710893268,65179.698004498845,9264.896710893268,59579.321001870005,35.458,35.458,35.458
7418,26,67149.48408,11198.040096363,0.0,11198.040096363,1221.308,0.0,593.212,15039.606668959479,25028.690000000002,74.364,701.2,257.0,0.0,7405.999,0.0,5630.064314677513,59253.31451536462,5630.064314677513,55951.44398363699,35.458,35.458,35.458
7419,27,66364.58998,11448.728804493001,0.0,11448.728804493001,1221.308,0.0,593.212,15049.76710589553,25028.690000000002,74.364,701.2,257.0,0.0,7405.999,0.0,4584.321069611471,54427.71338945781,4584.321069611471,54915.861175507,35.458,35.458,35.458
7420,28,66950.37391,11220.390697940999,0.0,11220.390697940999,1221.308,0.0,593.212,15059.82313456578,25028.690000000002,74.364,701.2,257.0,0.0,7405.999,0.0,5388.387077493217,48755.72699209653,5388.387077493217,55729.983212059,35.458,35.458,35.458
7421,29,69761.11419,10732.747946688,0.0,10732.747946688,1221.308,0.0,593.212,15069.923557476322,25028.690000000002,74.364,701.2,257.0,0.0,7405.999,0.0,8676.669685835672,39622.390480690556,8676.669685835672,59028.36624331199,35.458,35.458,35.458
7422,30,76116.13428,11970.906302232,0.0,11970.906302232,1221.308,0.0,593.212,15076.883367746572,25028.690000000002,74.364,701.2,257.0,0.0,7405.999,0.0,13786.571610021432,25110.209838562732,13786.571610021432,64145.227977767994,35.458,35.458,35.458
7423,31,81897.96535,10016.783850141,2064.3147,10016.783850141,1221.308,2064.3147,593.212,15087.438063552825,25028.690000000002,74.364,469.10800000000006,257.0,0.0,7405.999,0.0,19679.74773630619,4394.685905608849,19679.74773630619,69816.866799859,35.458,35.458,35.458
7424,32,84769.20721,10511.684346152999,30059.042736249503,10511.684346152999,1221.308,30059.042736249503,593.212,15097.345164061564,24264.890000000003,74.364,20.339999999999996,0.0,0.0,7405.999,4478.978036464096,0.0,8649.71504024974,-4478.978036464096,44198.4801275975,17.85108,17.85108,17.85108
7425,33,86166.56031,8208.907704276,50109.4151508075,8208.907704276,1221.308,50109.4151508075,593.212,15107.255846671616,23688.690000000002,74.364,0.0,0.0,0.0,7405.999,20242.59139175514,0.0,27880.176862417124,-20242.59139175514,27848.237454916496,17.85108,17.85108,17.85108
7426,34,87473.31687,7245.740758376,61115.95144061999,7245.740758376,1221.308,61115.95144061999,593.212,15114.859668741869,23688.690000000002,74.364,0.0,0.0,0.0,7405.999,28986.807997737873,0.0,55417.6444602681,-28986.807997737873,19111.624671004,17.85108,17.85108,17.85108
7427,35,88832.96117,9333.77474894,67456.64662513249,9333.77474894,1221.308,67456.64662513249,593.212,15124.74216238661,16606.724159999998,74.364,0.0,0.0,0.0,7405.999,28983.809526459096,0.0,82952.26351040424,-28983.809526459096,12042.5397959275,17.85108,17.85108,17.85108
7428,36,89753.63213,11300.00959727,69376.857098721,11300.00959727,1221.308,69376.857098721,0.0,15134.941351199146,0.0,74.364,0.0,0.0,0.0,5554.49925,12908.347167190153,0.0,95215.19331923488,-12908.347167190153,9076.765434008994,1.609919999999999,1.609919999999999,1.609919999999999
7429,37,90966.77373,12621.929845543,68734.755757346,12621.929845543,1221.308,68734.755757346,0.0,15142.02149785871,0.0,74.364,0.0,0.0,0.0,5554.49925,12382.104620747697,0.0,106978.1927089452,-12382.104620747697,9610.088127110997,1.609919999999999,1.609919999999999,1.609919999999999
7430,38,91847.89559,10318.296308443998,67797.374802541,10318.296308443998,1221.308,67797.374802541,593.212,15152.116755241452,16606.724159999998,74.364,0.0,0.0,0.0,7405.999,27321.499436226433,0.0,132933.6171733603,-27321.499436226433,13732.224479015,17.85108,17.85108,17.85108
7431,39,92411.63023,8530.548906814998,58014.1421328645,8530.548906814998,1221.308,58014.1421328645,593.212,15162.068590186194,23688.690000000002,74.364,0.0,0.0,0.0,7405.999,22278.70239986571,0.0,154098.38445323275,-22278.70239986571,25866.939190320503,17.85108,17.85108,17.85108
7432,40,92802.24071,6371.325247261,43910.85654575501,6371.325247261,1221.308,43910.85654575501,593.212,15172.512808317957,24264.890000000003,74.364,0.0,0.0,0.0,7405.999,6212.226891333959,0.0,160000.0,-6212.226891333959,42520.05891698399,17.85108,17.85108,17.85108
7433,41,94667.57746,5234.693553206001,21765.766056131502,5234.693553206001,1221.308,21765.766056131502,593.212,15179.622398692494,25028.690000000002,74.364,268.252,257.0,0.0,7405.999,0.0,17638.670451970018,141432.97847161052,17638.670451970018,67667.1178506625,33.177080000000004,33.177080000000004,33.177080000000004
7434,42,98177.86578,4676.188106555001,0.0,4676.188106555001,1221.308,0.0,593.212,15189.248543375235,25028.690000000002,74.364,22031.63776,529.912,0.0,7405.999,0.0,21427.306370069753,118877.919134695,21427.306370069753,93501.677673445,37.73891999999999,37.73891999999999,37.73891999999999
7435,43,96820.8223,8299.894699842,0.0,8299.894699842,1221.308,0.0,593.212,15200.042202569,25028.690000000002,74.364,701.2,257.0,0.0,7405.999,0.0,38039.11239758898,78836.74818986449,38039.11239758898,88520.927600158,35.458,35.458,35.458
7436,44,93759.14558,11765.192755377999,0.0,11765.192755377999,1221.308,0.0,593.212,15207.185121751741,25028.690000000002,74.364,6719.703040642667,257.0,0.0,7405.999,0.0,25486.491662227578,52008.86222962494,25486.491662227578,81993.952824622,35.458,35.458,35.458
7437,45,89378.20388,11575.633398565002,0.0,11575.633398565002,1221.308,0.0,593.212,15216.675315488274,25028.690000000002,74.364,701.2,257.0,0.0,7405.999,0.0,27304.122165946726,23267.681002312595,27304.122165946726,77802.570481435,35.458,35.458,35.458
7438,46,83870.73395,11257.270951783,0.0,11257.270951783,1221.308,0.0,593.212,15227.39304602004,25028.690000000002,74.364,701.2,257.0,0.0,7405.999,0.0,22104.296952196964,0.0,22104.296952196964,72613.462998217,35.458,35.458,35.458
7439,47,77665.17863,17510.823610008,0.0,17510.823610008,1221.308,0.0,593.212,15237.267428668581,25028.690000000002,74.364,10336.514591323414,257.0,0.0,7405.999,0.0,0.0,0.0,0.0,60154.355019992,35.458,35.458,35.458
7440,48,72528.94688,23119.832389544,0.0,23119.832389544,1221.308,0.0,593.212,15244.285077551322,24452.49,74.364,160.4564129046537,257.0,0.0,7405.999,0.0,0.0,0.0,0.0,49409.114490456006,31.425759999999997,31.425759999999997,31.425759999999997
7441,49,69501.18045,23754.953260937004,0.0,23754.953260937004,1221.308,0.0,593.212,15254.706006083088,21196.638182979907,74.364,0.0,0.0,0.0,7405.999,0.0,0.0,0.0,0.0,45746.22718906299,17.18868,17.18868,17.18868
7442,50,67575.50048,28133.171152949,0.0,28133.171152949,1221.308,0.0,593.212,15264.697144853824,18892.83349406881,74.364,0.0,0.0,0.0,7405.999,4010.084311871642,0.0,3809.58009627806,-4010.084311871642,39442.329327051004,17.18868,17.18868,17.18868
7443,51,67009.18075,28489.018403387,0.0,28489.018403387,1221.308,0.0,593.212,15274.620091536563,13950.659255076409,74.364,0.0,0.0,0.0,7405.999,0.0,0.0,3809.58009627806,0.0,38520.162346613,17.18868,17.18868,17.18868
7444,52,67585.51703,39252.891698709005,0.0,39252.891698709005,1221.308,0.0,593.212,15282.264109672615,7269.001999999986,74.364,0.0,0.0,0.0,7405.999,3513.523778381618,0.0,7147.427685740597,-3513.523778381618,28332.625331290998,16.2426,16.2426,16.2426
7445,53,70649.30998,33761.619102508,0.0,33761.619102508,1221.308,0.0,593.212,15292.22803557887,14329.467839999972,74.364,0.0,0.0,0.0,7405.999,2028.8879980868483,0.0,9074.871283923103,-2028.8879980868483,36887.69087749201,16.2426,16.2426,16.2426
7446,54,76690.34692,26796.390845568,0.0,26796.390845568,1221.308,0.0,593.212,15301.773811053406,23688.690000000002,74.364,0.0,0.0,0.0,7405.999,0.0,1608.6092633786006,7381.598375103523,1608.6092633786006,49893.956074432,24.84164000000001,24.84164000000001,24.84164000000001
7447,55,82676.44761,23912.401993254,1988.7712000000001,23912.401993254,1221.308,1988.7712000000001,593.212,15309.61496039766,24452.49,74.364,448.7680000000001,257.0,0.0,7405.999,0.0,7012.518456348347,0.0,7012.518456348347,56775.274416746004,35.458,35.458,35.458
7448,56,85048.60184,20609.271252604,28865.353229914,20609.271252604,1221.308,28865.353229914,593.212,15319.483917429912,12811.110190052077,74.364,0.0,0.0,0.0,5554.49925,0.0,0.0,0.0,0.0,35573.97735748201,16.2426,16.2426,16.2426
7449,57,85970.41994,19176.45109382,49711.8705153595,19176.45109382,1195.667,49711.8705153595,0.0,15315.23647051505,0.0,74.364,0.0,0.0,0.0,3702.9995,3206.1686396945515,0.0,3045.860207709824,-3206.1686396945515,17082.09833082051,0.0,0.0,0.0
7450,58,87006.22734,22069.934293801994,61237.14688861451,22069.934293801994,1195.667,61237.14688861451,0.0,14587.239354015053,0.0,74.364,0.0,0.0,0.0,1851.49975,14009.623946431573,0.0,16355.002956819817,-14009.623946431573,3699.146157583491,0.0,0.0,0.0
7451,59,88073.56853,28975.433805453,67135.5711525615,28975.433805453,1221.308,67135.5711525615,0.0,15197.458015211152,0.0,74.364,0.0,0.0,0.0,0.0,24530.56644322563,0.0,39659.04107788417,-24530.56644322563,-8037.436428014502,0.0,0.0,0.0
7452,60,88600.44757,33981.86370104601,68684.4931632855,33981.86370104601,1221.308,68684.4931632855,0.0,15227.124256621695,0.0,74.364,0.0,0.0,0.0,0.0,30588.705550953197,0.0,68718.31135128971,-30588.705550953197,-14065.909294331504,0.0,0.0,0.0
7453,61,89213.20847,37547.288544092,68251.299898306,37118.38824335,677.346,68156.89912357269,0.0,14927.762548546434,0.0,0.0,0.0,0.0,0.0,0.0,31667.187445469102,0.0,98802.13942448536,-31667.187445469102,-16062.078896922685,0.0,0.0,0.0
7454,62,89940.68578,36106.066897961,67344.14730324301,36106.066897961,1221.308,67344.14730324301,0.0,15374.181980406,0.0,74.364,0.0,0.0,0.0,0.0,30179.38240160998,0.0,127472.55270601483,-30179.38240160998,-13509.528421204006,0.0,0.0,0.0
7455,63,90122.02117,35654.997642584,57406.66834759201,35654.997642584,1221.308,57406.66834759201,0.0,15384.240061414734,0.0,74.364,0.0,0.0,0.0,1851.49975,21471.05663159075,0.0,147870.05650602604,-21471.05663159075,-2939.6448201759995,0.0,0.0,0.0
7456,64,90586.87883,35869.222194162,43388.581550882,35869.222194162,1221.308,43388.581550882,0.0,15394.099264063276,3704.6658934968827,74.364,0.0,0.0,0.0,3702.9995,12768.361572604175,0.0,160000.0,-12768.361572604175,11329.075084955999,0.0,0.0,0.0
7457,65,92994.89902,20011.772805484998,21314.8831426515,20011.772805484998,1221.308,21314.8831426515,593.212,15404.55592379504,21075.19005349688,74.364,448.7680000000001,257.0,0.0,5554.49925,0.0,7039.345844571578,152590.16226887202,7039.345844571578,51668.2430718635,34.37736,34.37736,34.37736
7458,66,97473.33279,13203.729601667,0.0,13203.729601667,1221.308,0.0,593.212,15411.637059739782,25028.690000000002,74.364,22031.63776,529.912,0.0,7405.999,0.0,11972.843368593238,139987.1692493002,11972.843368593238,84269.603188333,36.538639999999994,36.538639999999994,36.538639999999994
7459,67,96455.82354,11790.603053501,0.0,11790.603053501,1221.308,0.0,593.212,15421.544167522525,25028.690000000002,74.364,701.2,257.0,0.0,7405.999,0.0,33961.903318976474,104237.79733458812,33961.903318976474,84665.22048649899,35.458,35.458,35.458
7460,68,94060.79198,13035.659700416001,0.0,13035.659700416001,1221.308,0.0,593.212,15431.849093058572,25028.690000000002,74.364,701.2,257.0,0.0,7405.999,0.0,30311.51018652544,72330.94450666661,30311.51018652544,81025.132279584,35.458,35.458,35.458
7461,69,90394.25864,12980.393202812,0.0,12980.393202812,1221.308,0.0,593.212,15441.885091390823,25028.690000000002,74.364,701.2,257.0,0.0,7405.999,0.0,26690.207345797186,44235.989405827466,26690.207345797186,77413.865437188,35.458,35.458,35.458
7462,70,84757.55509,16557.622688810996,0.0,16557.622688810996,1221.308,0.0,593.212,15449.135798239362,25028.690000000002,74.364,701.2,257.0,0.0,7405.999,0.0,17469.0236029496,25847.543507985785,17469.0236029496,68199.932401189,35.458,35.458,35.458
7463,71,78562.62989,18057.07120398,0.0,18057.07120398,1221.308,0.0,593.212,15459.215116509613,25028.690000000002,74.364,701.2,257.0,0.0,7405.999,0.0,9764.57056951041,15569.04817165904,9764.57056951041,60505.55868602,35.458,35.458,35.458
7464,72,73723.95375,18245.575558336,0.0,18245.575558336,1221.308,0.0,593.212,15469.375554841863,25028.690000000002,74.364,469.10800000000006,257.0,0.0,7405.999,0.0,4959.32163682216,10348.709606583083,4959.32163682216,55478.378191664,35.458,35.458,35.458
7465,73,70558.91829,20533.058109531,0.0,20533.058109531,1221.308,0.0,593.212,15476.330932824605,25028.690000000002,74.364,56.5,256.9999999999709,0.0,7405.999,87.54375235559786,0.0,10431.8761713209,-87.54375235559786,50025.860180469,30.76372,30.76372,30.76372
7466,74,68875.88123,18074.833444189004,0.0,18074.833444189004,1221.308,0.0,593.212,15486.838579560654,25028.690000000002,74.364,469.10800000000006,257.0,0.0,7405.999,0.0,264.52820625035156,10153.425427899478,264.52820625035156,50801.047785810995,35.458,35.458,35.458
7467,75,68484.0691,19826.551443100998,0.0,19826.551443100998,1221.308,0.0,593.212,15496.73555530491,25028.690000000002,74.364,56.5,0.0,0.0,7405.999,1219.2908984059088,0.0,11311.75178138509,-1219.2908984059088,48657.517656899,25.63706,25.63706,25.63706
7468,76,69223.27176,21831.939842118998,0.0,21831.939842118998,1221.308,0.0,593.212,15506.726701349655,24264.890000000003,74.364,20.339999999999996,0.0,0.0,7405.999,1695.5077834686476,0.0,12922.484175680305,-1695.5077834686476,47391.331917881005,17.85108,17.85108,17.85108
7469,77,72332.10177,22044.669799462004,0.0,22044.669799462004,1221.308,0.0,593.212,15514.189430285705,25028.690000000002,74.364,288.592,257.0,0.0,7405.999,95.92245974770273,0.0,13013.610512440622,-95.92245974770273,50287.43197053799,33.42304,33.42304,33.42304
7470,78,78045.29396,21752.565108570998,0.0,21752.565108570998,1221.308,0.0,593.212,15514.189430285705,25028.690000000002,74.364,701.2,257.0,0.0,7405.999,0.0,5496.766421143298,7227.540595447676,5496.766421143298,56292.728851429,35.458,35.458,35.458
7471,79,83788.04805,25153.351354039,1204.6626999999999,25153.351354039,1221.308,1204.6626999999999,593.212,15514.189430285705,25028.690000000002,74.364,469.10800000000006,257.0,0.0,7405.999,0.0,6866.163565675293,0.0,6866.163565675293,57430.033995961,35.458,35.458,35.458
7472,80,86994.67568,25917.491104655,16925.904149218502,25917.491104655,1221.308,16925.904149218502,593.212,15514.189430285705,22914.730430000003,74.364,20.339999999999996,0.0,0.0,7405.999,3592.862434159201,0.0,3413.2193124512405,-3592.862434159201,44151.2804261265,17.18868,17.18868,17.18868
7473,81,87785.35313,22196.164803236003,33175.422203716,22196.164803236003,1221.308,33175.422203716,593.212,15514.189430285705,21319.989,74.364,0.0,0.0,0.0,7405.999,13715.295307237713,0.0,16442.749854327067,-13715.295307237713,32413.766123048008,17.18868,17.18868,17.18868
7474,82,88581.86166,23833.460454778,42788.836743538006,23833.460454778,1221.308,42788.836743538006,593.212,15514.189430285705,21319.988999999943,74.364,0.0,0.0,0.0,7405.999,24169.496968601692,0.0,39403.77197449867,-24169.496968601692,21959.564461683985,17.18868,17.18868,17.18868
7475,83,88927.9981,22881.629405346,49310.7692551625,22881.629405346,1221.308,49310.7692551625,593.212,15514.189430285705,15256.564589999998,74.364,0.0,0.0,0.0,7405.999,23330.037580794204,0.0,61567.30767625316,-23330.037580794204,16735.599439491496,17.18868,17.18868,17.18868
7476,84,88848.82233,23793.604454335997,51081.5854020595,23793.604454335997,1221.308,51081.5854020595,0.0,15514.189430285705,0.0,74.364,0.0,0.0,0.0,5554.49925,8390.728206681202,0.0,69538.49947260029,-8390.728206681202,13973.632473604499,2.272319999999997,2.272319999999997,2.272319999999997
7477,85,89078.12965,28015.105047094,49700.269494149004,28015.105047094,1221.308,49700.269494149004,0.0,15514.189430285705,0.0,74.364,0.0,0.0,0.0,5554.49925,11001.605571528711,0.0,79990.02476555257,-11001.605571528711,11362.755108757003,2.272319999999997,2.272319999999997,2.272319999999997
7478,86,88870.11806,28933.532953784,45280.8113169835,28933.532953784,1221.308,45280.8113169835,593.212,15514.189430285705,15256.564589999998,74.364,0.0,0.0,0.0,7405.999,25409.863231053187,0.0,104129.3948350531,-25409.863231053187,14655.773789232495,17.18868,17.18868,17.18868
7479,87,88296.19026,27072.706040770998,37669.0846123475,27072.706040770998,1221.308,37669.0846123475,593.212,15514.189430285705,20988.63847819605,74.364,0.0,0.0,0.0,7405.999,22243.311301600283,0.0,125260.54057157337,-22243.311301600283,23554.39960688151,17.18868,17.18868,17.18868
7480,88,88980.1611,22859.564343971,30390.148451035,22859.564343971,1221.308,30390.148451035,593.212,15514.189430285705,14329.467840000001,74.364,0.0,0.0,0.0,7405.999,3408.0919652917078,0.0,128498.22793860048,-3408.0919652917078,35730.448304994,16.2426,16.2426,16.2426
7481,89,92979.99723,25205.187907423,14838.521610258,25205.187907423,1221.308,14838.521610258,593.212,15514.189430285705,24452.49,74.364,448.7680000000001,257.0,0.0,7405.999,0.0,2968.95728203331,125373.00974698647,2968.95728203331,52936.287712319,34.785560000000004,34.785560000000004,34.785560000000004
7482,90,97848.91107,19015.718544183,0.0,19015.718544183,1221.308,0.0,593.212,15514.189430285705,25028.690000000002,74.364,701.2,257.0,0.0,7405.999,0.0,28037.230095531282,95860.1359622167,28037.230095531282,78833.192525817,35.458,35.458,35.458
7483,91,97262.3667,20525.945707732997,0.0,20525.945707732997,1221.308,0.0,593.212,15514.189430285705,25028.690000000002,74.364,701.2,257.0,0.0,7405.999,0.0,25940.4585619813,68554.39010749954,25940.4585619813,76736.420992267,35.458,35.458,35.458
7484,92,95078.5571,20793.727906181997,0.0,20793.727906181997,1221.308,0.0,593.212,15514.189430285705,25028.690000000002,74.364,701.2,257.0,0.0,7405.999,0.0,23488.86676353232,43829.26719851815,23488.86676353232,74284.829193818,35.458,35.458,35.458
7485,93,91442.21951,18531.617891476,0.0,18531.617891476,1221.308,0.0,593.212,15514.189430285705,25028.690000000002,74.364,701.2,257.0,0.0,7405.999,0.0,22114.639188238303,20550.699631951516,22114.639188238303,72910.601618524,35.458,35.458,35.458
7486,94,85868.0155,23212.617595177002,0.0,23212.617595177002,1221.308,0.0,593.212,15514.189430285705,25028.690000000002,74.364,701.2,257.0,0.0,7405.999,0.0,11859.435474537311,8067.083342964875,11859.435474537311,62655.397904822996,35.458,35.458,35.458
7487,95,80029.28476,22560.921342849,0.0,22560.921342849,1221.308,0.0,593.212,15514.189430285705,25028.690000000002,74.364,469.10800000000006,257.0,0.0,7405.999,0.0,6904.492986865325,799.1959883697958,6904.492986865325,57468.36341715099,35.458,35.458,35.458
7488,96,75173.53817,24520.039550763,0.0,24520.039550763,1221.308,0.0,593.212,15514.189430285705,25028.690000000002,74.364,56.5,0.0,0.0,7405.999,0.0,759.2361889513061,0.0,759.2361889513061,50653.498619237,30.76372,30.76372,30.76372
7489,1,72004.82007,22309.502845464,0.0,22309.502845464,1221.308,0.0,593.212,15514.189430285705,24452.49,74.364,176.75479425025478,257.0,0.0,7405.999,0.0,0.0,0.0,0.0,49695.317224536004,33.44188000000012,33.44188000000012,33.44188000000012
7490,2,70339.98833,28527.907290847,0.0,28527.907290847,1221.308,0.0,593.212,15514.189430285705,22338.53043,74.364,0.0,0.0,0.0,7405.999,5335.521821136286,0.0,5068.745730079471,-5335.521821136286,41812.081039152996,17.188680000000495,17.188680000000495,17.188680000000495
7491,3,69786.89002,29173.340410057,0.0,29173.340410057,1221.308,0.0,593.212,15514.189430285705,18370.175610978535,74.364,0.0,0.0,0.0,7405.999,2565.698431321257,0.0,7506.159239834666,-2565.698431321257,40613.549609943,17.188679999999287,17.188679999999287,17.188679999999287
7492,4,70532.39914,30636.710102700996,0.0,30636.710102700996,1221.308,0.0,593.212,15514.189430285705,15086.616607013282,74.364,0.0,0.0,0.0,7405.999,0.0,0.0,7506.159239834666,0.0,39895.689037299,17.188679999999568,17.188679999999568,17.188679999999568
7493,5,73709.21369,28254.470843439998,0.0,28254.470843439998,1221.308,0.0,593.212,15514.189430285705,20645.670416274264,74.364,0.0,0.0,0.0,7405.999,0.0,0.0,7506.159239834666,0.0,45454.74284656001,17.188679999999675,17.188679999999675,17.188679999999675
7494,6,79665.91338,28977.18630141,0.0,28977.18630141,1221.308,0.0,593.212,15514.189430285705,24452.49,74.364,36.160000000000004,0.0,0.0,7405.999,0.0,1391.0046483042863,6041.943820566996,1391.0046483042863,50688.72707859,30.763720000000447,30.763720000000447,30.763720000000447
7495,7,85586.00912,28112.024160172004,1170.2679,28112.024160172004,1221.308,1170.2679,593.212,15514.189430285705,25028.690000000002,74.364,469.1079999999999,257.0,0.0,7405.999,0.0,5739.846629538646,0.0,5739.846629538646,56303.717059828,35.458,35.458,35.458
7496,8,88954.99482,21849.495757292,19820.4262393805,21849.495757292,1221.308,19820.4262393805,593.212,15514.189430285705,24452.49,74.364,36.16,257.0,0.0,7405.998999999996,2269.6496069581863,0.0,2156.1671266102767,-2269.6496069581863,47285.072823327515,33.44188000000035,33.44188000000035,33.44188000000035
7497,9,89521.08219,25117.829857453,41777.886099760995,25117.829857453,1221.308,41777.886099760995,163.99799999999993,15514.189430285705,7081.965839999996,74.364,0.0,0.0,0.0,5554.499249999996,6984.958287499683,0.0,8791.877499734976,-6984.958287499683,22625.366232786,5.480119999999606,5.480119999999606,5.480119999999606
7498,10,89970.4339,28927.085146859,55331.273452373985,28927.085146859,1221.308,55331.273452373985,0.0,15514.189430285705,0.0,74.364,0.0,0.0,0.0,3702.9994999999954,14800.785629518712,0.0,22852.623847777755,-14800.785629518712,5712.075300767021,0.0,0.0,0.0
7499,11,89999.46958,29111.982343187996,61735.075398297,29111.982343187996,1221.308,61735.07539829699,0.0,15514.189430285705,0.0,74.364,0.0,0.0,0.0,1851.4997499999945,19508.949341770698,0.0,41386.12572245992,-19508.949341770698,-847.5881614849786,0.0,0.0,0.0
7500,12,89175.24424,32500.04899687,63091.057210881,32500.04899687,1221.308,63091.057210881,0.0,15514.189430285705,0.0,74.364,0.0,0.0,0.0,0.0,23225.72339803677,0.0,63450.562950594845,-23225.72339803677,-6415.861967751,0.0,0.0,0.0
7501,13,88343.95272,33927.811192451,61722.502011454,33927.811192451,1221.308,61722.502011454,0.0,15514.189430285705,0.0,74.364,0.0,0.0,0.0,0.0,24116.221914190875,0.0,86360.97376907617,-24116.221914190875,-7306.360483905002,0.0,0.0,0.0
7502,14,87757.08942,38775.34535506,59744.463850142005,38775.34535506,1221.308,59744.463850142005,0.0,15514.189430285705,0.0,74.364,0.0,0.0,0.0,0.0,27572.58121548769,0.0,112554.92592378947,-27572.58121548769,-10762.719785202004,0.0,0.0,0.0
7503,15,87003.59418,37534.033455174,51733.497198319004,37534.033455174,1221.308,51733.497198319004,0.0,15514.189430285705,0.0,74.364,0.0,0.0,0.0,1851.49975,20925.29765377872,0.0,132433.95869487926,-20925.29765377872,-2263.936473493006,0.0,0.0,0.0
7504,16,87478.08379,32029.645959862,39184.579702758,32029.645959862,1221.308,39184.579702758,0.0,15514.189430285705,1712.638907722875,74.364,0.0,0.0,0.0,3702.999500000001,5961.641710628573,0.0,138097.5183199764,-5961.641710628573,16263.858127380008,0.0,0.0,0.0
7505,17,91183.1371,27515.807703507,18424.304197306,27515.807703507,1221.308,18424.304197306,593.212,15514.189430285705,19083.163067722875,74.364,448.7680000000001,257.0,0.0,5554.499250000001,0.0,2496.5214511784225,135469.6010029465,2496.5214511784225,45243.025199187,34.37736000000068,34.37736000000068,34.37736000000068
7506,18,96042.7199,24868.693043346997,0.0,24868.693043346997,1221.308,0.0,593.212,15514.189430285705,25028.690000000002,74.364,701.2,257.0,0.0,7405.999,0.0,20378.064426367317,114019.00686992826,20378.064426367317,71174.026856653,35.458,35.458,35.458
7507,19,95193.99998,20027.967540325,0.0,20027.967540325,1221.308,0.0,593.212,15514.189430285705,25028.690000000002,74.364,701.2,257.0,0.0,7405.999,0.0,24370.070009385836,88366.30159689054,24370.070009385836,75166.032439675,35.45800000000023,35.45800000000023,35.45800000000023
7508,20,92955.38495,20833.858057496996,0.0,20833.858057496996,1221.308,0.0,593.212,15514.189430285705,25028.690000000002,74.364,701.2,257.0,0.0,7405.999,0.0,21325.564462213948,65918.33900508638,21325.564462213948,72121.52689250301,35.458000000000354,35.458000000000354,35.458000000000354
7509,21,90118.31772,19221.580602379,0.0,19221.580602379,1221.308,0.0,593.212,15514.189430285705,25028.690000000002,74.364,701.2,257.0,0.0,7405.999,0.0,20100.77468733185,44759.62880789496,20100.77468733185,70896.737117621,35.458,35.458,35.458
7510,22,85935.33267,17791.341644223,0.0,17791.341644223,1221.308,0.0,593.212,15514.189430285705,25028.690000000002,74.364,701.2,257.0,0.0,7405.999,0.0,17348.02859548785,26498.546075802493,17348.02859548785,68143.99102577701,35.458000000000226,35.458000000000226,35.458000000000226
7511,23,81063.42222,20209.113093303,0.0,20209.113093303,1221.308,0.0,593.212,15514.189430285705,25028.690000000002,74.364,701.2,257.0,0.0,7405.999,0.0,10058.346696411301,15910.812711159018,10058.346696411301,60854.30912669699,35.458,35.458,35.458
7512,24,76673.18142,22800.734458378,0.0,22800.734458378,1221.308,0.0,593.212,15514.189430285705,24452.49,74.364,268.2519999999996,257.0,0.0,7405.999,0.0,4085.6325313362913,11610.146888699763,4085.6325313362913,53872.446961621994,33.441880000000964,33.441880000000964,33.441880000000964
7513,25,73508.72088,29494.342603262005,0.0,29494.342603262005,1221.308,0.0,593.212,15514.189430285705,19205.305846452266,74.364,0.0,0.0,0.0,7405.999,0.0,0.0,11610.146888699763,0.0,44014.37827673799,17.18868000000036,17.18868000000036,17.18868000000036
7514,26,71884.74768,24826.629893865,0.0,24826.629893865,1221.308,0.0,593.212,15514.189430285705,22249.045355849277,74.364,0.0,0.0,0.0,7405.999,0.0,0.0,11610.146888699763,0.0,47058.117786135,17.188679999999586,17.188679999999586,17.188679999999586
7515,27,71172.83356,22207.306207881004,0.0,22207.306207881004,1221.308,0.0,593.212,15514.189430285705,23688.690000000002,74.364,0.0,0.0,0.0,7405.999,0.0,467.76492182991,11117.762760457752,467.76492182991,48965.527352118996,25.51408000000057,25.51408000000057,25.51408000000057
7516,28,70930.94259,24082.938857644003,0.0,24082.938857644003,1221.308,0.0,593.212,15514.189430285705,22038.931302070283,74.364,0.0,0.0,0.0,7405.999,0.0,0.0,11117.762760457745,0.0,46848.003732356,17.188679999999568,17.188679999999568,17.188679999999568
7517,29,71877.92076,22090.236409269997,0.0,22090.236409269997,1221.308,0.0,593.212,15514.189430285705,22338.530430000003,74.364,0.0,0.0,0.0,7405.999,0.0,2640.081490444285,8338.729612621655,2640.081490444285,49787.68435072999,17.586279999999437,17.586279999999437,17.586279999999437
7518,30,74398.90148,20290.548545112,0.0,20290.548545112,1221.308,0.0,593.212,15514.189430285705,24452.49,74.364,36.15999999999998,257.0,0.0,7405.999,0.0,4553.630504602294,3545.434344619241,4553.630504602294,54108.352934888,33.441880000000616,33.441880000000616,33.441880000000616
7519,31,77580.63626,23061.366202326,1183.777,23061.366202326,1221.308,1183.777,593.212,15514.189430285705,24452.49,74.364,448.7680000000001,257.0,0.0,7405.999,0.0,3368.1626273882794,0.0,3368.1626273882794,53335.493057674,35.458,35.458,35.458
7520,32,81460.86353,26577.76439997,24881.149605428,26577.76439997,1221.308,24881.149605428,555.6230043163064,15514.189430285705,7081.965839999996,74.364,0.0,0.0,0.0,5554.499249999999,0.0,0.0,0.0,0.0,30001.949524602,7.529,7.529,7.529
7521,33,84670.38458,34681.560294919,46606.1971662565,34681.560294919,1221.308,46606.1971662565,0.0,15514.189430285705,0.0,74.364,0.0,0.0,0.0,3702.999499999998,17130.233811461218,0.0,16273.722120888156,-17130.233811461218,3382.627118824501,0.0,0.0,0.0
7522,34,85746.1186,41260.332592043,59990.044822667,41260.332592043,1221.308,59990.044822667,0.0,15514.189430285705,0.0,74.364,0.0,0.0,0.0,1851.4997499999972,34165.6199949957,0.0,48731.061116134064,-34165.6199949957,-15504.258814709996,0.0,0.0,0.0
7523,35,85481.35321,43755.26559984901,67021.9580558255,43755.26559984901,1221.308,26715.786244825456,0.0,13714.62936532555,0.0,74.364,0.0,0.0,0.0,0.0,0.0,0.0,48731.061116134064,0.0,15010.301365325537,0.0,0.0,0.0
7524,36,84522.89587,43590.42814927199,67966.749971338,30794.18739916,176.98348665291928,67129.883721338,0.0,13102.7922562857,0.0,74.364,0.0,0.0,0.0,0.0,26755.314993436623,0.0,74148.61035989886,-26755.314993436623,-13401.17525049801,0.0,0.0,0.0
7525,37,83146.10696,40797.994210931996,65484.47217208701,17412.776250906,0.0,53947.71261280831,0.0,11711.254096285695,0.0,74.364,0.0,0.0,0.0,0.0,0.0,0.0,74148.61035989886,0.0,11785.618096285696,0.0,0.0,0.0
7526,38,82032.044,43307.85309524099,63192.793136724504,42323.09134514899,944.6390000000001,63188.4611325653,0.0,15501.488522285705,0.0,74.364,0.0,0.0,0.0,0.0,40000.0,0.0,112148.61035989888,-40000.0,-23479.5084777143,0.0,0.0,0.0
7527,39,81683.63459,42472.956840242,52271.34772143251,42472.956840242,1221.308,52271.347721432496,0.0,15514.189430285705,0.0,74.364,0.0,0.0,0.0,0.0,29870.53140196021,0.0,140525.61519176108,-29870.53140196021,-13060.669971674492,0.0,0.0,0.0
7528,40,82892.42066,43401.991647168004,41328.4202622715,43401.991647168004,1221.308,41328.4202622715,0.0,15514.189430285705,0.0,74.364,0.0,0.0,0.0,1851.49975,20499.352429725186,0.0,160000.0,-20499.352429725186,-1837.991249439503,0.0,0.0,0.0
7529,41,87574.38336,38362.728550749,19652.741580465,38362.728550749,1221.308,19652.741580465,0.0,15514.189430285705,7081.965839999984,74.364,0.0,0.0,0.0,3702.9995000000017,0.0,1964.0864585003046,157932.5405699997,1964.0864585003046,29558.913228786005,3.4639999999997855,3.4639999999997855,3.4639999999997855
7530,42,93301.30159,34372.096891792,0.0,34372.096891792,1221.308,0.0,593.212,15514.189430285705,24452.49,74.364,448.76800000000003,257.0,0.0,5554.499250000002,0.0,10813.37401792229,146550.04160376565,10813.37401792229,58929.204698208,35.45800000000021,35.45800000000021,35.45800000000021
7531,43,93187.16628,34964.639260109005,0.0,34964.639260109005,1221.308,0.0,593.212,15514.189430285705,25028.690000000002,74.364,701.2,257.0,0.0,7405.999,0.0,7426.564589601941,138732.60519365835,7426.564589601941,58222.527019891,35.45800000000017,35.45800000000017,35.45800000000017
7532,44,91650.90246,35688.537041519005,0.0,35688.537041519005,1221.308,0.0,593.212,15514.189430285705,25028.690000000002,74.364,288.5919999999986,257.0,0.0,7405.999,0.0,5579.010988195504,132859.9620481894,5579.010988195504,55962.36541848099,33.441879999998925,33.441879999998925,33.441879999998925
7533,45,89263.41868,34133.980695843005,0.0,34133.980695843005,1221.308,0.0,593.212,15514.189430285705,25028.690000000002,74.364,56.5,257.0,0.0,7405.999,0.0,4978.17555387143,127619.77725464055,4978.17555387143,55129.437984157,33.44188,33.44188,33.44188
7534,46,85609.91247,31870.094547482,0.0,31870.094547482,1221.308,0.0,593.212,15514.189430285705,24452.49,74.364,36.160000000000004,257.0,0.0,7405.999,0.0,4185.095492232296,123214.41357860655,4185.095492232296,53739.81792251799,33.44188,33.44188,33.44188
7535,47,81162.14819,31565.864245847,0.0,31565.864245847,1221.308,0.0,593.212,15514.189430285705,19991.475733164243,74.364,0.0,0.0,0.0,7405.999,0.0,4795.735780703044,118166.27065155073,4795.735780703044,49596.28394415301,17.188679999999493,17.188679999999493,17.188679999999493
7536,48,77088.61407,30397.727056285003,0.0,30397.727056285003,1221.308,0.0,593.212,15514.189430285705,10963.871713164259,74.364,0.0,0.0,0.0,7405.999,0.0,10917.942870265026,106673.6992091665,10917.942870265026,46690.88701371499,17.188680000000907,17.188680000000907,17.188680000000907
7537,49,74243.65442,28202.757998315,0.0,28202.757998315,1221.308,0.0,593.212,15514.189430285705,7269.002,74.364,0.0,0.0,0.0,7405.999,0.0,13962.821991399313,91975.9918497988,13962.821991399313,46040.89642168501,17.18867999999956,17.18867999999956,17.18867999999956
7538,50,72639.16672,24349.455602764996,0.0,24349.455602764996,1221.308,0.0,593.212,15514.189430285705,7269.002,74.364,0.0,0.0,0.0,7405.999,0.0,16211.636686949298,74911.11112669428,16211.636686949298,48289.711117235,17.188680000001295,17.188680000001295,17.188680000001295
7539,51,71963.32791,24425.443408936,0.0,24425.443408936,1221.308,0.0,593.212,15514.189430285705,7269.002,74.364,0.0,0.0,0.0,7405.999,0.0,15459.810070778316,58637.626841664474,15459.810070778316,47537.88450106401,17.188680000001042,17.188680000001042,17.188680000001042
7540,52,72015.6959,22466.781203901,0.0,22466.781203901,1221.308,0.0,593.212,15514.189430285705,16296.606020000007,74.364,0.0,0.0,0.0,7405.999,0.0,8443.2362458133,49750.00974080837,8443.2362458133,49548.914696099004,17.188679999999472,17.188679999999472,17.188679999999472
7541,53,73000.7894,19161.515989597,0.0,19161.515989597,1221.308,0.0,593.212,15514.189430285705,24452.49,74.364,36.160000002764505,3.0931103447724013e-9,0.0,7405.999,0.0,4541.550980111406,44969.4297617437,4541.550980111406,53839.273410402995,30.763720000037562,30.763720000037562,30.763720000037562
7542,54,74539.72661,13761.712949530001,0.0,13761.712949530001,1221.308,0.0,593.212,15514.189430285705,25028.690000000002,74.364,469.1080000007033,257.0,0.0,7405.999,0.0,10214.143230183578,34217.70004576098,10214.143230183578,60778.013660469995,35.45799999999467,35.45799999999467,35.45799999999467
7543,55,76990.24748,10579.614340454,1052.2929,10579.614340454,1221.308,1052.2929,593.212,15514.189430285705,25028.690000000002,74.364,469.10800000000006,257.0,0.0,7405.999,0.0,14794.46980926031,18644.573930750128,14794.46980926031,65358.340239546,35.458,35.458,35.458
7544,56,80072.84694,13297.475995982999,25930.5156143915,13297.475995982999,1221.308,25930.5156143915,593.212,15514.189430285705,17204.424160000035,74.364,20.340000000000003,0.0,0.0,5554.499249999981,0.0,662.5184893397964,17947.186047234554,662.5184893397964,40844.855329625505,25.514079999999776,25.514079999999776,25.514079999999776
7545,57,82619.70086,13862.713991968998,48509.421763293,13862.713991968998,1221.308,48509.421763293,593.2119999999818,15514.189430285705,21.5,74.364,0.0,0.0,0.0,3702.9994999999763,880.0078255476601,0.0,18783.19348150483,-880.0078255476601,20247.565104738,7.528999999999999,7.528999999999999,7.528999999999999
7546,58,83869.99679,17444.485859170003,61822.681359556,17444.485859170003,1221.308,61822.681359556,0.0,15514.189430285705,0.0,74.364,0.0,0.0,0.0,1851.4997499999754,14058.531609011678,0.0,32138.798510065924,-14058.531609011678,4602.829571274,0.0,0.0,0.0
7547,59,83831.26987,19390.628893614,69031.903829747,19390.628893614,1221.3079999999995,69031.903829747,0.0,15514.189430285705,0.0,74.364,0.0,0.0,0.0,0.0,21401.12428364667,0.0,52469.86657953026,-21401.12428364667,-4591.262853360997,0.0,0.0,0.0
7548,60,83283.99603,21023.268589387997,70697.128633817,21023.268589387997,1221.308,70697.128633817,0.0,15514.189430285705,0.0,74.364,0.0,0.0,0.0,0.0,25246.26262349071,0.0,76453.81607184644,-25246.26262349071,-8436.401193205005,0.0,0.0,0.0
7549,61,82358.25994,22175.404399586,70157.81585294,22175.404399586,1221.308,70157.81585294,0.0,15514.189430285705,0.0,74.364,0.0,0.0,0.0,0.0,26784.821742811724,0.0,101899.39672751757,-26784.821742811724,-9974.96031252599,0.0,0.0,0.0
7550,62,81763.64482,24103.390896389,68503.34994634699,24103.390896389,1221.308,68503.34994634699,0.0,15514.189430285705,0.0,74.364,0.0,0.0,0.0,1851.499750000029,29504.457203021713,0.0,129928.63107038819,-29504.457203021713,-10843.09602273599,0.0,0.0,0.0
7551,63,81690.79818,23215.692447265,58787.43356424599,23215.692447265,1221.308,58787.43356424599,0.0,15514.189430285705,0.0,74.364,0.0,0.0,0.0,3702.999500000029,20825.188761796755,0.0,149712.5603940951,-20825.188761796755,-312.32783151099284,0.0,0.0,0.0
7552,64,83310.43384,20189.189548243,44412.3447432375,20189.189548243,1221.308,44412.3447432375,0.0,15514.189430285705,7081.96583999996,74.364,0.0,0.0,0.0,5554.499250000001,10737.426971766117,0.0,159913.11601727293,-10737.426971766117,18708.899548519497,3.4639999999991353,3.4639999999991353,3.4639999999991353
7553,65,88413.97331,17143.833759408,21394.2659442295,17143.833759408,1221.308,21394.2659442295,593.212,15514.189430285705,24452.49,74.364,448.7680000000001,257.0,0.0,7405.999,91.45682392323988,0.0,160000.0,-91.45682392323988,49875.8736063625,35.45800000000021,35.45800000000021,35.45800000000021
7554,66,94363.89176,14483.058891231001,0.0,14483.058891231001,1221.308,0.0,593.212,15514.189430285705,25028.690000000002,74.364,22031.637759999994,257.0,0.0,7405.999,0.0,7754.432678483325,151837.43928580702,7754.432678483325,79880.832868769,35.45799999999957,35.45799999999957,35.45799999999957
7555,67,94200.19888,13026.623505748,0.0,13026.623505748,1221.308,0.0,593.212,15514.189430285705,25028.690000000002,74.364,701.2,257.0,0.0,7405.999,0.0,30377.612943966313,119861.00460794775,30377.612943966313,81173.57537425199,35.458000000000446,35.458000000000446,35.458000000000446
7556,68,92419.65241,12131.485646198002,0.0,12131.485646198002,1221.308,0.0,593.212,15514.189430285705,25028.690000000002,74.364,701.2,257.0,0.0,7405.999,0.0,29492.20433351631,88816.57899372006,29492.20433351631,80288.166763802,35.45800000000049,35.45800000000049,35.45800000000049
7557,69,89652.1158,12526.129798407,0.0,12526.129798407,1221.308,0.0,593.212,15514.189430285705,25028.690000000002,74.364,701.2,257.0,0.0,7405.999,0.0,26330.023571307305,61100.764708133414,26330.023571307305,77125.986001593,35.45800000000033,35.45800000000033,35.45800000000033
7558,70,85088.3226,13972.614540196999,0.0,13972.614540196999,1221.308,0.0,593.212,15514.189430285705,25028.690000000002,74.364,21020.945629517297,257.0,0.0,7405.999,0.0,0.0,61100.76470813342,0.0,71115.708059803,35.45799999999963,35.45799999999963,35.45799999999963
7559,71,79686.58842,13347.957295369,0.0,13347.957295369,1221.308,0.0,593.212,15514.189430285705,25028.690000000002,74.364,16243.868694345294,257.0,0.0,7405.999,0.0,0.0,61100.7647081352,0.0,66338.631124631,35.45800000000033,35.45800000000033,35.45800000000033
7560,72,75729.08454,13909.744902151999,0.0,13909.744902151999,1221.308,0.0,593.212,15514.189430285705,25028.690000000002,74.364,701.2,257.0,0.0,7405.999,0.0,11023.377207563792,49497.20975280489,11023.377207563792,61819.339637847996,35.45799999999965,35.45799999999965,35.45799999999965
7561,73,73401.18375,14646.472797539001,0.0,14646.472797539001,1221.308,0.0,593.212,15514.189430285705,25028.690000000002,74.364,701.2,257.0,0.0,7405.999,0.0,7958.748522176817,41119.57972946087,7958.748522176817,58754.710952461,35.45799999999962,35.45799999999962,35.45799999999962
7562,74,72333.65677,15628.608895015,0.0,15628.608895015,1221.308,0.0,593.212,15514.189430285705,25028.690000000002,74.364,701.2,257.0,0.0,7405.999,0.0,5909.0854447008605,34899.48978767049,5909.0854447008605,56705.047874985,35.458000000000375,35.458000000000375,35.458000000000375
7563,75,72182.04001,16638.041091729003,0.0,16638.041091729003,1221.308,0.0,593.212,15514.189430285705,25028.690000000002,74.364,701.2,257.0,0.0,7405.999,0.0,4748.03648798653,29901.556642421518,4748.03648798653,55543.998918271,35.45800000000033,35.45800000000033,35.45800000000033
7564,76,73207.98827,15129.432253137998,0.0,15129.432253137998,1221.308,0.0,593.212,15514.189430285705,25028.690000000002,74.364,701.2,257.0,0.0,7405.999,0.0,7282.593586577733,22235.66865655022,7282.593586577733,58078.556016862,35.45800000000034,35.45800000000034,35.45800000000034
7565,77,75774.01195,15215.47570699,0.0,15215.47570699,1221.308,0.0,593.212,15514.189430285705,25028.690000000002,74.364,4578.237845194744,257.0,0.0,7405.999,0.0,5885.535967529521,16040.367638098094,5885.535967529521,60558.53624301,35.45799999999958,35.45799999999958,35.45799999999958
7566,78,81393.37864,15359.066953523,0.0,15359.066953523,1221.308,0.0,593.212,15514.189430285705,25028.690000000002,74.364,701.2,257.0,0.0,7405.999,0.0,15238.34925619319,0.0,15238.34925619319,66034.311686477,35.457999999999615,35.457999999999615,35.457999999999615
7567,79,86253.42495,15672.898046147999,1462.2562,15672.898046147999,1221.308,1462.2562,593.212,15514.189430285705,25028.690000000002,74.364,19023.508273566258,257.0,0.0,7405.999,0.0,0.0,0.0,0.0,69118.270703852,35.45800000000031,35.45800000000031,35.45800000000031
7568,80,88814.63148,18682.642699645,25665.729146685993,18682.642699645,1221.308,25665.729146685993,593.212,15514.189430285705,21589.901845009626,74.364,20.33999999999982,0.0,0.0,7405.999,1953.054641626345,0.0,1855.4019095450278,-1953.054641626345,44466.259633669004,17.188679999999557,17.188679999999557,17.188679999999557
7569,81,90477.19204,17479.345153213,47911.64104569249,17479.345153213,1221.308,47911.64104569249,593.212,15514.189430285705,22670.14857,74.364,0.0,0.0,0.0,7405.998999999999,22393.015159191204,0.0,23128.766310776675,-22393.015159191204,25086.205841094503,18.13476000000003,18.13476000000003,18.13476000000003
7570,82,91266.77112,20264.49270576,61066.36484962451,20264.49270576,1221.308,61066.36484962451,593.212,15514.189430285705,13289.426409999996,74.364,0.0,0.0,0.0,5554.499249999999,26311.08552567018,0.0,48124.297560163344,-26311.08552567018,9935.913564615497,16.24260000000023,16.24260000000023,16.24260000000023
7571,83,91248.91904,20696.729092149,68103.1898056365,20696.729092149,1221.308,68103.1898056365,11.235,15514.189430285705,0.0,74.364,0.0,0.0,0.0,3702.999499999997,18075.095788071205,0.0,65295.638558831,-18075.095788071205,2449.0001422144996,4.544639999999738,4.544639999999738,4.544639999999738
7572,84,90382.53244,20941.409795345,70386.4317935905,20941.409795345,1221.308,70386.4317935905,0.0,15514.189430285705,0.0,74.364,0.0,0.0,0.0,1851.4997499999959,19606.670329221204,0.0,83921.97537159115,-19606.670329221204,-945.3091489354993,0.0,0.0,0.0
7573,85,89614.14343,21649.737539837,69988.5307215545,21649.737539837,1221.308,69988.5307215545,0.0,15514.189430285705,0.0,74.364,0.0,0.0,0.0,1851.4997499999972,20685.486011677203,0.0,103573.1870826845,-20685.486011677203,-2024.1248313914984,0.0,0.0,0.0
7574,86,88962.38446,18509.304298935,67950.6003713975,18509.304298935,1221.308,67950.6003713975,0.0,15514.189430285705,0.0,74.364,0.0,0.0,0.0,3702.999499999997,18010.381140618185,0.0,120683.04916627177,-18010.381140618185,2502.4797896675154,0.0,0.0,0.0
7575,87,88570.45288,17353.899409470003,57811.2602129195,17353.899409470003,1221.308,57811.2602129195,593.2119999999999,15514.189430285705,14307.967839999958,74.364,0.0,0.0,0.0,5554.499249999999,23860.247262675148,0.0,143350.28406581318,-23860.247262675148,13405.293257610494,16.2426,16.2426,16.2426
7576,88,89458.31679,15235.301457296999,42654.7296752455,15235.301457296999,1221.308,42654.7296752455,593.212,15514.189430285705,24264.89,74.364,20.33999999999999,0.0,0.0,7405.999,17526.016772828254,0.0,160000.0,-17526.016772828254,31568.285657457498,22.679400000000378,22.679400000000378,22.679400000000378
7577,89,93996.60999,12755.801000149002,20375.942036376502,12755.801000149002,1221.308,20375.942036376502,593.212,15514.189430285705,25028.690000000002,74.364,288.59199999999817,257.0,0.0,7405.999,0.0,10481.512523188809,148966.8289229592,10481.512523188809,60864.86695347449,32.588460000001724,32.588460000001724,32.588460000001724
7578,90,99563.58313,9875.878697908,0.0,9875.878697908,1221.308,0.0,593.212,15514.189430285705,25028.690000000002,74.364,22031.637759999994,529.912,0.0,7405.999,0.0,17288.392241806316,130768.52130000516,17288.392241806316,89687.704432092,38.32753999999943,38.32753999999943,38.32753999999943
7579,91,99122.13315,10272.747053003,0.0,10272.747053003,1221.308,0.0,593.212,15514.189430285705,25028.690000000002,74.364,28655.690943458485,257.0,0.0,7405.999,0.0,10098.932723252816,120138.0658018443,10098.932723252816,88849.386096997,35.45800000000001,35.45800000000001,35.45800000000001
7580,92,96818.18609,10163.613156380998,0.0,10163.613156380998,1221.308,0.0,593.212,15514.189430285705,25028.690000000002,74.364,7325.253183458482,257.0,0.0,7405.999,0.0,29234.55731987481,89364.8475703971,29234.55731987481,86654.572933619,35.457999999999984,35.457999999999984,35.457999999999984
7581,93,93215.82706,11640.902758766,0.0,11640.902758766,1221.308,0.0,593.212,15514.189430285705,25028.690000000002,74.364,701.2,257.0,0.0,7405.999,0.0,30778.96187094833,56965.94033781991,30778.96187094833,81574.924301234,35.45800000000124,35.45800000000124,35.45800000000124
7582,94,87631.52141,12494.2147548,0.0,12494.2147548,1221.308,0.0,593.212,15514.189430285705,25028.690000000002,74.364,701.2,257.0,0.0,7405.999,0.0,24341.34422491431,31343.472732646944,24341.34422491431,75137.3066552,35.45799999999957,35.45799999999957,35.45799999999957
7583,95,81139.30023,12308.443458857,0.0,12308.443458857,1221.308,0.0,593.212,15514.189430285705,25028.690000000002,74.364,701.2,257.0,0.0,7405.999,0.0,18034.894340857303,12359.37342648136,18034.894340857303,68830.856771143,35.45800000000039,35.45800000000039,35.45800000000039
7584,96,76241.17419,13703.807004557,0.0,13703.807004557,1221.308,0.0,593.212,15514.189430285705,25028.690000000002,74.364,701.2,257.0,0.0,7405.999,0.0,11741.404755157291,0.0,11741.404755157291,62537.36718544301,35.45800000000015,35.45800000000015,35.45800000000015
7585,1,73512.89915,12831.902608420001,0.0,12831.902608420001,1221.308,0.0,593.212,15514.189430285705,25028.690000000002,74.364,10586.234111294269,257.0,0.0,7405.999,0.0,0.0,0.0,0.0,60680.996541579996,35.458,35.458,35.458
7586,2,71597.73324,13220.796091692,0.0,13220.796091692,1221.308,0.0,593.212,15514.189430285705,25028.690000000002,74.364,8282.17471802228,257.0,0.0,7405.999,0.0,0.0,0.0,0.0,58376.937148308,35.458,35.458,35.458
7587,3,70779.1884,12853.874505767999,0.0,12853.874505767999,1221.308,0.0,593.212,15514.189430285705,25028.690000000002,74.364,7830.551463946268,257.0,0.0,7405.999,0.0,0.0,0.0,0.0,57925.313894232,35.458,35.458,35.458
7588,4,71493.37956,12951.631854289999,0.0,12951.631854289999,1221.308,0.0,593.212,15514.189430285705,25028.690000000002,74.364,8446.985275424295,257.0,0.0,7405.999,0.0,0.0,0.0,0.0,58541.747705710004,35.458,35.458,35.458
7589,5,74882.27491,12183.712799785,0.0,12183.712799785,1221.308,0.0,593.212,15514.189430285705,25028.690000000002,74.364,12603.79967992929,257.0,0.0,7405.999,0.0,0.0,0.0,0.0,62698.56211021499,35.458,35.458,35.458
7590,6,81494.50612,11564.149448992,0.0,11564.149448992,1221.308,0.0,593.212,15514.189430285705,25028.690000000002,74.364,19835.594240722294,257.0,0.0,7405.999,0.0,0.0,0.0,0.0,69930.356671008,35.458,35.458,35.458
7591,7,87950.82815,15008.522202911001,839.9911000000001,15008.522202911001,1221.308,839.9911000000001,593.212,15514.189430285705,25028.690000000002,74.364,22007.55241680329,257.0,0.0,7405.999,0.0,0.0,0.0,0.0,72102.314847089,35.458,35.458,35.458
7592,8,90408.35781,15727.002556247,25326.287709678,15727.002556247,1221.308,25326.287709678,593.212,15514.189430285705,24452.49,74.364,448.7680000000001,257.0,0.0,7405.999,612.2628862106853,0.0,581.6497419001511,-612.2628862106853,49355.067544075006,35.458,35.458,35.458
7593,9,89980.45103,17862.449900030002,47278.157870807,17862.449900030002,1221.308,47278.157870807,0.0,15514.189430285705,7081.965840000001,74.364,0.0,0.0,0.0,5554.49925,4606.4832611226775,0.0,4957.808839966694,-4606.4832611226775,24839.843259162997,0.24416000000000082,0.24416000000000082,0.24416000000000082
7594,10,89347.86987,15517.099642607001,60020.646495574496,15517.099642607001,1221.308,60020.646495574496,593.212,15514.189430285705,15256.564589999984,74.364,0.0,0.0,0.0,7405.999,26255.513288467202,0.0,29900.546464010535,-26255.513288467202,13810.123731818494,17.18868,17.18868,17.18868
7595,11,89109.88173,20047.345348686,67053.0706993605,20047.345348686,1221.308,67053.0706993605,0.0,15514.189430285705,0.0,74.364,0.0,0.0,0.0,5554.49925,20354.894998332195,0.0,49237.696712426114,-20354.894998332195,2009.4656819534866,2.272319999999997,2.272319999999997,2.272319999999997
7596,12,88691.77905,19998.783208331,69136.9104613245,19998.783208331,1221.308,69136.9104613245,0.0,15514.189430285705,0.0,74.364,0.0,0.0,0.0,5554.49925,22808.275299941222,0.0,70905.55824737027,-22808.275299941222,-443.9146196554939,2.272319999999997,2.272319999999997,2.272319999999997
7597,13,88384.2551,17293.619950337998,68470.90616677351,17293.619950337998,1221.308,68470.90616677351,593.212,15514.189430285705,15256.564589999998,74.364,0.0,0.0,0.0,7405.999,37445.90803739721,0.0,106479.17088289761,-37445.90803739721,2619.728982888497,17.18868,17.18868,17.18868
7598,14,88323.64368,18277.328003467,66871.4938583485,18277.328003467,1221.308,66871.4938583485,0.0,15514.189430285705,0.0,74.364,0.0,0.0,0.0,5554.49925,19189.538862101213,0.0,124709.23280189376,-19189.538862101213,3174.821818184486,1.609919999999999,1.609919999999999,1.609919999999999
7599,15,88289.3643,15504.211998609,56981.06429161549,15504.211998609,1221.308,56981.06429161549,593.212,15514.189430285705,16200.673385566177,74.364,0.0,0.0,0.0,7405.999,25205.657806076375,0.0,148654.6077176663,-25205.657806076375,15804.088009775514,17.85108,17.85108,17.85108
7600,16,88977.67743,9135.536061011,44637.0567006335,9135.536061011,1221.308,44637.0567006335,593.212,15514.189430285705,22338.530430000003,74.364,0.0,0.0,0.0,7405.999,11942.518191930203,0.0,160000.0,-11942.518191930203,35205.08466835549,17.18868,17.18868,17.18868
7601,17,93262.68163,9127.261442992,24251.643708993,9127.261442992,1221.308,24251.643708993,593.212,15514.189430285705,24452.489999999987,74.364,10622.214047729316,0.0,0.0,7405.999,0.0,0.0,160000.0,0.0,59883.77647801502,25.514080000000003,25.514080000000003,25.514080000000003
7602,18,98430.00885,4194.868353502001,0.0,4194.868353502001,1221.308,0.0,593.212,15514.189430285705,25028.690000000002,74.364,38814.86556772931,784.2180000000001,0.0,7405.999,0.0,4798.294498482966,154949.1636858074,4798.294498482966,94235.140496498,45.40191999999999,45.40191999999999,45.40191999999999
7603,19,97753.95108,4707.472406025,0.0,4707.472406025,1221.308,0.0,593.212,15514.189430285705,25028.690000000002,74.364,34030.009,529.912,0.0,7405.999,0.0,8648.795243689294,145845.16869245024,8648.795243689294,93046.478673975,38.32754,38.32754,38.32754
7604,20,95483.42893,5527.784440535,0.0,5527.784440535,1221.308,0.0,593.212,15514.189430285705,25028.690000000002,74.364,34030.009,529.912,0.0,7405.999,0.0,5557.961059179297,139994.68336699836,5557.961059179297,89955.64448946499,38.32754,38.32754,38.32754
7605,21,92465.56779,6699.3137584060005,0.0,6699.3137584060005,1221.308,0.0,593.212,15514.189430285705,25028.690000000002,74.364,34030.009,529.912,0.0,7405.999,0.0,1368.5706013083195,138554.08273404223,1368.5706013083195,85766.254031594,38.32754,38.32754,38.32754
7606,22,86771.22494,6485.2675478890005,0.0,6485.2675478890005,1221.308,0.0,593.212,15514.189430285705,25028.690000000002,74.364,30191.194961825273,257.0,0.0,7405.999,0.0,0.0,138554.08273404223,0.0,80285.957392111,35.458,35.458,35.458
7607,23,80275.74204,6372.986248664999,0.0,6372.986248664999,1221.308,0.0,593.212,15514.189430285705,25028.690000000002,74.364,22031.637759999987,257.0,0.0,7405.999,0.0,1776.3556010492919,136684.2347329377,1776.3556010492919,73902.755791335,35.458,35.458,35.458
7608,24,74995.44602,6883.976291782001,0.0,6883.976291782001,1221.308,0.0,593.212,15514.189430285705,25028.690000000002,74.364,701.2,257.0,0.0,7405.999,0.0,17315.5072979323,118457.38494564054,17315.5072979323,68111.469728218,35.458,35.458,35.458
7609,25,72266.1095,7596.991846245,0.0,7596.991846245,1221.308,0.0,593.212,15514.189430285705,25028.690000000002,74.364,701.2,257.0,0.0,7405.999,0.0,13873.15522346932,103854.0636577781,13873.15522346932,64669.117653755005,35.458,35.458,35.458
7610,26,70961.59526,8581.196806278,0.0,8581.196806278,1221.308,0.0,593.212,15514.189430285705,25028.690000000002,74.364,701.2,257.0,0.0,7405.999,0.0,11584.436023436325,91659.92047521354,11584.436023436325,62380.398453722,35.458,35.458,35.458
7611,27,70327.86017,9030.005743812,0.0,9030.005743812,1221.308,0.0,593.212,15514.189430285705,25028.690000000002,74.364,701.2,257.0,0.0,7405.999,0.0,10501.891995902302,80605.29732163217,10501.891995902302,61297.854426188,35.458,35.458,35.458
7612,28,71313.77109,9135.700645645,0.0,9135.700645645,1221.308,0.0,593.212,15514.189430285705,25028.690000000002,74.364,7799.3069300239495,257.0,0.0,7405.999,0.0,4284.001084045313,76095.82249632131,4284.001084045313,62178.07044435499,35.458,35.458,35.458
7613,29,74032.6564,9314.682893873,0.0,9314.682893873,1221.308,0.0,593.212,15514.189430285705,25028.690000000002,74.364,701.2,257.0,0.0,7405.999,0.0,13922.01107584132,61441.07399543571,13922.01107584132,64717.973506127004,35.458,35.458,35.458
7614,30,80341.89065,7763.290840288,0.0,7763.290840288,1221.308,0.0,593.212,15514.189430285705,25028.690000000002,74.364,701.2,257.0,0.0,7405.999,0.0,21782.637379426305,38511.98201709223,21782.637379426305,72578.599809712,35.458,35.458,35.458
7615,31,87007.1967,8622.62865728,1152.4267,8622.62865728,1221.308,1152.4267,593.212,15514.189430285705,25028.690000000002,74.364,701.2,257.0,0.0,7405.999,0.0,26436.178912434305,10684.42526716139,26436.178912434305,77232.14134272,35.458,35.458,35.458
7616,32,89494.51628,9343.045999781001,19437.395846130003,9343.045999781001,1221.308,19437.395846130003,593.212,15514.189430285705,25028.690000000002,74.364,469.10800000000006,257.0,0.0,7405.999,0.0,10150.204003803321,0.0,10150.204003803321,60714.074434088994,35.458,35.458,35.458
7617,33,89448.6726,7697.243609493,37421.818549990996,7697.243609493,1221.308,37421.818549990996,593.212,15514.189430285705,24264.890000000003,74.364,20.339999999999996,0.0,0.0,7405.999,4764.691989769694,0.0,4526.45739028121,-4764.691989769694,44329.61044051601,17.85108,17.85108,17.85108
7618,34,89220.83305,14424.612391741,54099.163151557,14424.612391741,1221.308,54099.163151557,593.212,15514.189430285705,23688.690000000002,74.364,0.0,0.0,0.0,7405.999,27800.704923583697,0.0,30937.127067685724,-27800.704923583697,20697.057506702004,17.85108,17.85108,17.85108
7619,35,88847.8518,0.0,59225.5795512755,0.0,1221.308,59225.5795512755,593.212,15514.189430285705,23688.690000000002,74.364,0.0,0.0,0.0,7405.999,18875.490181561192,0.0,48868.84274016885,-18875.490181561192,29622.272248724505,17.85108,17.85108,17.85108
7620,36,88349.31941,13106.456260006998,66038.91575758699,13106.456260006998,1221.308,66038.91575758699,593.212,15514.189430285705,23688.690000000002,74.364,0.0,0.0,0.0,7405.999,39293.81503787971,0.0,86197.96702615457,-39293.81503787971,9203.947392406015,17.85108,17.85108,17.85108
7621,37,88000.74534,0.0,59121.249023102,0.0,1221.308,59121.249023102,593.212,15514.189430285705,23688.689999999973,74.364,0.0,0.0,0.0,7405.999,19618.266113387705,0.0,104835.31983387288,-19618.266113387705,28879.496316897996,17.85108,17.85108,17.85108
7622,38,87814.14342,0.0,58024.5362612735,0.0,1221.308,58024.5362612735,593.212,15514.189430285705,23688.690000000002,74.364,0.0,0.0,0.0,7405.999,18708.15527155921,0.0,122608.06734185413,-18708.15527155921,29789.607158726496,17.85108,17.85108,17.85108
7623,39,87722.39632,0.0,49150.072239650995,0.0,1221.308,49150.072239650995,593.212,15514.189430285705,23688.689999999973,74.364,0.0,0.0,0.0,7405.999,9925.438349936689,0.0,132037.23377429397,-9925.438349936689,38572.324080349004,17.85108,17.85108,17.85108
7624,40,88521.29196,9909.944607209,41631.716399377,9909.944607209,1221.308,41631.716399377,593.212,15514.189430285705,24264.889999999974,74.364,20.339999999999996,0.0,0.0,7405.999,12114.671476871685,0.0,143546.17167732207,-12114.671476871685,36979.630953413995,17.85108,17.85108,17.85108
7625,41,92647.02642,9379.262840053001,16209.045352815501,9379.262840053001,1221.308,16209.045352815501,593.212,15514.189430285705,25028.690000000002,74.364,13242.59596,257.0,0.0,7405.999,0.0,3721.359836845788,139628.95079643177,3721.359836845788,67058.7182271315,34.312200000000004,34.312200000000004,34.312200000000004
7626,42,97903.12736,0.0,0.0,0.0,1221.308,0.0,593.212,15514.189430285705,25028.690000000002,74.364,40938.63548,784.2180000000001,0.0,7405.999,0.0,6342.511449714306,132952.62295462724,6342.511449714306,97903.12736,44.53192,44.53192,44.53192
7627,43,97380.5503,0.0,0.0,0.0,1221.308,0.0,593.212,15514.189430285705,25028.690000000002,74.364,34805.12572,529.912,0.0,7405.999,0.0,12207.750149714308,120102.35963913849,12207.750149714308,97380.5503,38.32754,38.32754,38.32754
7628,44,95404.2532,0.0,0.0,0.0,1221.308,0.0,593.212,15514.189430285705,25028.690000000002,74.364,34030.009,529.912,0.0,7405.999,0.0,11006.569769714317,108516.49672364973,11006.569769714317,95404.2532,38.32754,38.32754,38.32754
7629,45,92257.03322,0.0,0.0,0.0,1221.308,0.0,593.212,15514.189430285705,25028.690000000002,74.364,34030.009,529.912,0.0,7405.999,0.0,7859.349789714312,100243.49694500309,7859.349789714312,92257.03322,38.32754,38.32754,38.32754
7630,46,87030.80007,0.0,0.0,0.0,1221.308,0.0,593.212,15514.189430285705,25028.690000000002,74.364,34030.009,529.912,0.0,7405.999,0.0,2633.116639714304,97471.79521898803,2633.116639714304,87030.80007,38.32754,38.32754,38.32754
7631,47,80822.68709,0.0,0.0,0.0,1221.308,0.0,593.212,15514.189430285705,25028.690000000002,74.364,30727.924659714296,257.0,0.0,7405.999,0.0,0.0,97471.79521898803,0.0,80822.68709,35.458,35.458,35.458
7632,48,75577.6788,0.0,0.0,0.0,1221.308,0.0,593.212,15514.189430285705,25028.690000000002,74.364,22031.637759999972,257.0,0.0,7405.999,0.0,3451.2786097142903,93838.8703666572,3451.2786097142903,75577.6788,35.458,35.458,35.458
7633,49,72130.63601,0.0,0.0,0.0,1221.308,0.0,593.212,15514.189430285705,25028.690000000002,74.364,701.2,257.0,0.0,7405.999,0.0,21334.67357971432,71381.31923011581,21334.67357971432,72130.63601,35.458,35.458,35.458
7634,50,71167.65361,0.0,0.0,0.0,1221.308,0.0,593.212,15514.189430285705,25028.690000000002,74.364,701.2,257.0,0.0,7405.999,0.0,20371.69117971431,49937.43377778496,20371.69117971431,71167.65361,35.458,35.458,35.458
7635,51,70782.11546,0.0,0.0,0.0,1221.308,0.0,593.212,15514.189430285705,25028.690000000002,74.364,8386.560309961518,257.0,0.0,7405.999,0.0,12300.792719752786,36989.23091488729,12300.792719752786,70782.11546,35.458,35.458,35.458
7636,52,71322.47589,0.0,0.0,0.0,1221.308,0.0,593.212,15514.189430285705,25028.690000000002,74.364,21227.713459714276,257.0,0.0,7405.999,0.0,0.0,36989.23091488729,0.0,71322.47589,35.458,35.458,35.458
7637,53,74487.15075,0.0,0.0,0.0,1221.308,0.0,593.212,15514.189430285705,25028.690000000002,74.364,701.2,257.0,0.0,7405.999,0.0,23691.188319714318,12051.137946766952,23691.188319714318,74487.15075,35.458,35.458,35.458
7638,54,81004.93369,0.0,0.0,0.0,1221.308,0.0,593.212,15514.189430285705,25028.690000000002,74.364,22031.637759999972,257.0,0.0,7405.999,0.0,8878.533499714305,2705.313210225578,8878.533499714305,81004.93369,35.458,35.458,35.458
7639,55,87964.86808,0.0,997.1371,0.0,1221.308,997.1371,593.212,15514.189430285705,25028.690000000002,74.364,34030.009,529.912,0.0,7405.999,0.0,2570.0475497142993,0.0,2570.0475497142993,86967.73098,38.32754,38.32754,38.32754
7640,56,90883.59921,0.0,10911.560294540499,0.0,1221.308,10911.560294540499,593.212,15514.189430285705,25028.690000000002,74.364,29877.276485173792,257.0,0.0,7405.999,0.0,0.0,0.0,0.0,79972.0389154595,35.458,35.458,35.458
7641,57,91210.09679,0.0,29435.987465491,0.0,1221.308,29435.987465491,593.212,15514.189430285705,25028.690000000002,74.364,11679.346894223285,257.0,0.0,7405.999,0.0,0.0,0.0,0.0,61774.109324508994,35.458,35.458,35.458
7642,58,91010.15184,19025.851546787002,37780.782799960994,19025.851546787002,1221.308,37780.782799960994,593.212,15514.189430285705,24264.889999999974,74.364,20.339999999999996,0.0,0.0,7405.999,14890.784937033664,0.0,14146.24569018198,-14890.784937033664,34203.51749325201,17.85108,17.85108,17.85108
7643,59,90472.31512,0.0,38603.323905609,0.0,1221.308,38603.323905609,593.212,15514.189430285705,25028.690000000002,74.364,1774.2287841052876,257.0,0.0,7405.999,0.0,0.0,14146.24569018198,0.0,51868.991214391,35.458,35.458,35.458
7644,60,89550.29889,11580.044960489,43897.56986113099,11580.044960489,1221.308,43897.56986113099,593.212,15514.189430285705,24264.890000000003,74.364,20.339999999999996,0.0,0.0,7405.999,15021.618361905714,0.0,28416.78313399241,-15021.618361905714,34072.68406838001,17.85108,17.85108,17.85108
7645,61,88827.03503,9052.507797387,42647.6078559625,9052.507797387,1221.308,42647.6078559625,593.212,15514.189430285705,23688.689999999988,74.364,0.0,0.0,0.0,7405.999,11370.843053635184,0.0,39219.08403494583,-11370.843053635184,37126.919376650505,17.85108,17.85108,17.85108
7646,62,88093.63151,9788.673857083,31266.794202728,9788.673857083,1221.308,31266.794202728,593.212,15514.189430285705,24264.890000000003,74.364,20.339999999999996,0.0,0.0,7405.999,2056.1389800967067,0.0,41172.4160660377,-2056.1389800967067,47038.163450189,17.85108,17.85108,17.85108
7647,63,87795.17538,10103.255904099002,24945.305063750002,10103.255904099002,1221.308,24945.305063750002,593.212,15514.189430285705,25028.690000000002,74.364,2651.851981865291,257.0,0.0,7405.999,0.0,0.0,41172.4160660377,0.0,52746.614412151,35.458,35.458,35.458
7648,64,88667.83387,9259.386206046998,15386.692107619501,9259.386206046998,1221.308,15386.692107619501,593.212,15514.189430285705,25028.690000000002,74.364,13926.993126047748,257.0,0.0,7405.999,0.0,0.0,41172.4160660377,0.0,64021.755556333505,35.458,35.458,35.458
7649,65,93150.39106,5887.199754896999,2325.5032307415,5887.199754896999,1221.308,2325.5032307415,593.212,15514.189430285705,25028.690000000002,74.364,34030.009,257.0,0.0,7405.999,0.0,812.916644075792,40316.71433543161,812.916644075792,84937.6880743615,35.61377,35.61377,35.61377
7650,66,98548.10675,2823.620949665,0.0,2823.620949665,1221.308,0.0,593.212,15514.189430285705,25028.690000000002,74.364,38178.04548,784.2180000000001,0.0,7405.999,0.0,6924.459890049327,33027.80918801126,6924.459890049327,95724.48580033501,41.041309999999996,41.041309999999996,41.041309999999996
7651,67,97781.75191,2885.6387402349997,0.0,2885.6387402349997,1221.308,0.0,593.212,15514.189430285705,25028.690000000002,74.364,34030.009,529.912,0.0,7405.999,0.0,10498.429739479294,21976.830514875164,10498.429739479294,94896.11316976501,38.32754,38.32754,38.32754
7652,68,96024.63204,2783.765104266,0.0,2783.765104266,1221.308,0.0,593.212,15514.189430285705,25028.690000000002,74.364,34030.009,529.912,0.0,7405.999,0.0,8843.183505448307,12668.216298613788,8843.183505448307,93240.866935734,38.32754,38.32754,38.32754
7653,69,92801.60733,2815.7784069540003,0.0,2815.7784069540003,1221.308,0.0,593.212,15514.189430285705,25028.690000000002,74.364,34030.009,529.912,0.0,7405.999,0.0,5588.145492760306,6785.957885181887,5588.145492760306,89985.82892304599,38.32754,38.32754,38.32754
7654,70,87584.11264,3410.8801578129996,0.0,3410.8801578129996,1221.308,0.0,593.212,15514.189430285705,25028.690000000002,74.364,34030.009,257.0,0.0,7405.999,0.0,48.46105190130908,6734.946251601562,48.46105190130908,84173.23248218701,35.91158,35.91158,35.91158
7655,71,81322.76154,4514.282050905,0.0,4514.282050905,1221.308,0.0,593.212,15514.189430285705,25028.690000000002,74.364,26713.717058809303,257.0,0.0,7405.999,0.0,0.0,6734.946251601562,0.0,76808.47948909501,35.458,35.458,35.458
7656,72,76013.62322,5805.414459179,0.0,5805.414459179,1221.308,0.0,593.212,15514.189430285705,25028.690000000002,74.364,20113.446330535273,257.0,0.0,7405.999,0.0,0.0,6734.946251601562,0.0,70208.208760821,35.458,35.458,35.458
7657,73,72581.45963,6623.182097389999,0.0,6623.182097389999,1221.308,0.0,593.212,15514.189430285705,25028.690000000002,74.364,15863.515102324267,257.0,0.0,7405.999,0.0,0.0,6734.946251601562,0.0,65958.27753261,35.458,35.458,35.458
7658,74,70971.01185,7131.212505063,0.0,7131.212505063,1221.308,0.0,593.212,15514.189430285705,25028.690000000002,74.364,13745.03691465127,257.0,0.0,7405.999,0.0,0.0,6734.946251601562,0.0,63839.799344937,35.458,35.458,35.458
7659,75,70532.43677,8697.086008676999,0.0,8697.086008676999,1221.308,0.0,593.212,15514.189430285705,25028.690000000002,74.364,5342.389392015805,257.0,0.0,7405.999,0.0,6398.198939021484,0.0,6398.198939021484,61835.350761323,35.458,35.458,35.458
7660,76,71843.67579,8609.609301211,0.0,8609.609301211,1221.308,0.0,593.212,15514.189430285705,25028.690000000002,74.364,13139.304058503274,257.0,0.0,7405.999,0.0,0.0,0.0,0.0,63234.066488788994,35.458,35.458,35.458
7661,77,74141.25358,8221.329842765,0.0,8221.329842765,1221.308,0.0,593.212,15514.189430285705,25028.690000000002,74.364,15825.161306949276,257.0,0.0,7405.999,0.0,0.0,0.0,0.0,65919.923737235,35.458,35.458,35.458
7662,78,80414.08838,8242.159959136,0.0,8242.159959136,1221.308,0.0,593.212,15514.189430285705,25028.690000000002,74.364,22077.16599057829,257.0,0.0,7405.999,0.0,0.0,0.0,0.0,72171.928420864,35.458,35.458,35.458
7663,79,87083.6389,8318.958805401,577.8831,8318.958805401,1221.308,577.8831,593.212,15514.189430285705,25028.690000000002,74.364,28092.03456431328,257.0,0.0,7405.999,0.0,0.0,0.0,0.0,78186.796994599,35.458,35.458,35.458
7664,80,90051.98922,8865.520051488,16407.5843389895,8865.520051488,1221.308,16407.5843389895,593.212,15514.189430285705,25028.690000000002,74.364,14684.122399236758,257.0,0.0,7405.999,0.0,0.0,0.0,0.0,64778.8848295225,35.458,35.458,35.458
7665,81,90794.32985,8383.960347756001,37586.0100047805,8383.960347756001,1221.308,37586.0100047805,593.212,15514.189430285705,24264.890000000003,74.364,20.339999999999996,0.0,0.0,7405.999,4269.942932822227,0.0,4056.445786181115,-4269.942932822227,44824.35949746349,17.85108,17.85108,17.85108
7666,82,90876.45988,10414.976450662998,50487.9577945425,10414.976450662998,1221.308,50487.9577945425,593.212,15514.189430285705,23688.690000000002,74.364,0.0,0.0,0.0,7405.999,18524.236795491204,0.0,21654.470741897756,-18524.236795491204,29973.525634794496,17.85108,17.85108,17.85108
7667,83,90567.96037,13553.199004668,55077.362432043505,13553.199004668,1221.308,55077.362432043505,593.212,15514.189430285705,23688.689999999973,74.364,0.0,0.0,0.0,7405.999,26560.36349699719,0.0,46886.81606404508,-26560.36349699719,21937.398933288496,17.85108,17.85108,17.85108
7668,84,89741.78701,13796.045344481,55340.3060500995,13796.045344481,1221.308,55340.3060500995,593.212,15514.189430285705,23688.690000000002,74.364,0.0,0.0,0.0,7405.999,27892.326814866214,0.0,73384.52653816798,-27892.326814866214,20605.435615419505,17.85108,17.85108,17.85108
7669,85,89120.71009,13061.991102879,54183.94733187101,13061.991102879,1221.308,54183.94733187101,593.212,15514.189430285705,23688.689999999988,74.364,0.0,0.0,0.0,7405.999,26622.9907750357,0.0,98676.3677744519,-26622.9907750357,21874.77165524999,17.85108,17.85108,17.85108
7670,86,88862.05165,14037.791206094998,56083.2467392895,14037.791206094998,1221.308,56083.2467392895,593.212,15514.189430285705,23688.690000000002,74.364,0.0,0.0,0.0,7405.999,29756.748725670204,0.0,126945.27906383859,-29756.748725670204,18741.013704615492,17.85108,17.85108,17.85108
7671,87,88416.33032,14698.783603005999,48402.4134463085,14698.783603005999,1221.308,48402.4134463085,593.212,15514.189430285705,23688.690000000002,74.364,0.0,0.0,0.0,7405.999,23182.629159600205,0.0,148968.77676545878,-23182.629159600205,25315.133270685496,17.85108,17.85108,17.85108
7672,88,89072.75091,15895.757356295999,34129.8186557505,15895.757356295999,1221.308,34129.8186557505,593.212,15514.189430285705,24264.88999999999,74.364,20.339999999999996,0.0,0.0,7405.999,10047.127532332193,0.0,158513.54792117435,-10047.127532332193,39047.1748979535,17.85108,17.85108,17.85108
7673,89,92799.28671,9288.882243537,13055.5485056045,9288.882243537,1221.308,13055.5485056045,593.212,15514.189430285705,25028.690000000002,74.364,12467.47924,257.0,0.0,7405.999,0.0,7892.614290572827,150205.53287846613,7892.614290572827,70454.8559608585,35.458,35.458,35.458
7674,90,96168.78711,6290.594202994,0.0,6290.594202994,1221.308,0.0,593.212,15514.189430285705,25028.690000000002,74.364,34030.009,529.912,0.0,7405.999,0.0,5480.509476720314,144436.57553455,5480.509476720314,89878.192907006,38.32754,38.32754,38.32754
7675,91,94619.65238,6804.785597451999,0.0,6804.785597451999,1221.308,0.0,593.212,15514.189430285705,25028.690000000002,74.364,12699.571240000001,257.0,0.0,7405.999,0.0,25020.533112262332,118099.1722584844,25020.533112262332,87814.866782548,35.458,35.458,35.458
7676,92,92278.7219,9089.671296416,0.0,9089.671296416,1221.308,0.0,593.212,15514.189430285705,25028.690000000002,74.364,701.2,257.0,0.0,7405.999,0.0,32393.08817329831,84001.18470764408,32393.08817329831,83189.05060358401,35.458,35.458,35.458
7677,93,89335.88341,10145.54634995,0.0,10145.54634995,1221.308,0.0,593.212,15514.189430285705,25028.690000000002,74.364,701.2,257.0,0.0,7405.999,0.0,28394.37462976431,54112.36930789218,28394.37462976431,79190.33706004999,35.458,35.458,35.458
7678,94,85148.07868,9965.67184813,0.0,9965.67184813,1221.308,0.0,593.212,15514.189430285705,25028.690000000002,74.364,701.2,257.0,0.0,7405.999,0.0,24386.44440158432,28442.427832540267,24386.44440158432,75182.40683187,35.458,35.458,35.458
7679,95,79964.31894,10203.975401315001,0.0,10203.975401315001,1221.308,0.0,593.212,15514.189430285705,25028.690000000002,74.364,701.2,257.0,0.0,7405.999,0.0,18964.381108399306,8479.921402646261,18964.381108399306,69760.343538685,35.458,35.458,35.458
7680,96,74967.44572,11659.691593494,0.0,11659.691593494,1221.308,0.0,593.212,15514.189430285705,25028.690000000002,74.364,5157.066363706351,257.0,0.0,7405.999,0.0,8055.925332513949,0.0,8055.925332513949,63307.754126506,35.458,35.458,35.458
7681,1,71599.26381,13334.856460130999,0.0,13334.856460130999,1221.308,0.0,593.212,15514.189430285705,25028.690000000002,74.364,8169.644919583294,257.0,0.0,7405.999,0.0,0.0,0.0,0.0,58264.407349869005,35.45800000000006,35.45800000000006,35.45800000000006
7682,2,69447.35213,11327.441509010998,0.0,11327.441509010998,1221.308,0.0,593.212,15514.189430285705,25028.690000000002,74.364,8025.148190703277,257.0,0.0,7405.999,0.0,0.0,0.0,0.0,58119.910620989,35.45800000000003,35.45800000000003,35.45800000000003
7683,3,68449.5584,13053.876752627,0.0,13053.876752627,1221.308,0.0,593.212,15514.189430285705,25028.690000000002,74.364,5300.919217087275,257.0,0.0,7405.999,0.0,0.0,0.0,0.0,55395.68164737299,35.458,35.458,35.458
7684,4,68804.88694,14451.971293732002,0.0,14451.971293732002,1221.308,0.0,593.212,15514.189430285705,25028.690000000002,74.364,4258.153215982273,257.0,0.0,7405.999,0.0,0.0,0.0,0.0,54352.915646268,35.457999999999984,35.457999999999984,35.457999999999984
7685,5,69993.01536,15275.457456329,0.0,15275.457456329,1221.308,0.0,593.212,15514.189430285704,25028.690000000002,74.364,4622.795473383899,257.0,0.0,7405.998999999996,0.0,0.0,0.0,0.0,54717.557903671004,35.45800000000003,35.45800000000003,35.45800000000003
7686,6,72347.96492,14844.324354749999,0.0,14844.324354749999,1221.308,0.0,593.212,15514.189430285705,25028.690000000002,74.364,7408.878134964252,257.0,0.0,7405.999,0.0,0.0,0.0,0.0,57503.640565249996,35.457999999999856,35.457999999999856,35.457999999999856
7687,7,74905.78367,17196.777706171,848.6311999999999,17196.777706171,1221.308,848.6311999999999,593.2119999999993,15514.189430285705,25028.690000000002,74.364,6765.612333543255,257.0,0.0,7405.999,0.0,0.0,0.0,0.0,56860.374763829,35.45800000000026,35.45800000000026,35.45800000000026
7688,8,78108.7789,15961.201351518997,14798.466550177998,15961.201351518997,1221.308,14798.466550177998,593.212,15514.189430282977,24264.890000000003,74.364,20.340000000000014,0.0,0.0,7405.999,1745.1914319826883,0.0,1657.9318603835538,-1745.1914319826883,47349.11099830301,18.513479999999998,18.513479999999998,18.513479999999998
7689,9,81508.32178,16947.481099873996,35506.61323304,16947.481099873996,1221.308,35506.61323304,593.212,15514.189430285705,22338.530429999995,74.364,0.0,0.0,0.0,7405.999,18093.375413199698,0.0,18846.638502923266,-18093.375413199698,29054.227447086,17.188680000000183,17.188680000000183,17.188680000000183
7690,10,83317.44662,17638.18245865,46755.5617620075,17638.18245865,1221.308,46755.5617620075,593.212,15514.189430285705,15256.564590000007,74.364,0.0,0.0,0.0,5554.49925,19290.434870943205,0.0,37172.551630319314,-19290.434870943205,18923.702399342503,17.188679999999984,17.188679999999984,17.188679999999984
7691,11,83985.09105,21291.760509315,52266.495777499,21291.760509315,1221.308,52266.495777499,0.0,15514.189430285705,0.0,74.364,0.0,0.0,0.0,3702.999499999984,10086.026167099688,0.0,46754.276489064076,-10086.026167099688,10426.834763185994,0.0,0.0,0.0
7692,12,83823.52142,18149.249992093,56996.593534212996,18149.249992093,1221.308,56996.593534212996,11.234999992927769,15514.189430285705,0.0,74.364,0.0,0.0,0.0,1851.4997499999972,9994.918286588141,0.0,56249.44886132288,-9994.918286588141,8677.67789369401,4.544640000000543,4.544640000000543,4.544640000000543
7693,13,83181.03809,19524.300154126002,56841.190096869,19524.300154126002,1221.308,56841.190096869,0.0,15514.18943028226,0.0,74.364,0.0,0.0,0.0,0.0,9994.31359127725,0.0,65744.04677304308,-9994.31359127725,6815.5478390049975,0.0,0.0,0.0
7694,14,82513.84768,20428.011754413998,55367.473435849504,20428.011754413998,1221.308,55367.473435849504,0.0,15514.189430275052,0.0,74.364,0.0,0.0,0.0,1851.4997499999972,11942.998690538534,0.0,77089.89552905486,-11942.998690538534,6718.362489736508,0.0,0.0,0.0
7695,15,82392.13958,25424.774298297,46464.3471910275,25424.774298297,1221.308,46464.3471910275,0.0,15514.18943027543,0.0,74.364,0.0,0.0,0.0,3702.999499999996,10009.842839599913,0.0,86599.24622668803,-10009.842839599913,10503.018090675505,0.0,0.0,0.0
7696,16,83253.28285,23441.174647191998,34221.100300662,23441.174647191998,1221.308,34221.100300662,0.0,15514.189430285705,7081.965839999981,74.364,0.0,0.0,0.0,5554.499250000003,3855.318618139705,0.0,90261.7989139211,-3855.318618139705,25591.007902146004,3.4639999999909836,3.4639999999909836,3.4639999999909836
7697,17,87632.60893,20768.139805313996,15309.653668886998,20768.139805313996,1221.308,15309.653668886998,593.212,15514.189430285705,24452.49,74.364,448.7680000000013,257.0,0.0,7405.999,0.0,1587.4850255102174,88590.76204496335,1587.4850255102174,51554.815455799006,35.45800000000172,35.45800000000172,35.45800000000172
7698,18,91583.62896,26358.707195825005,0.0,26358.707195825005,1221.308,0.0,593.212,15514.189430285705,25028.690000000002,74.364,701.2,257.0,0.0,7405.999,0.0,14428.959333886562,73402.38379876717,14428.959333886562,65224.921764175,35.458000000000354,35.458000000000354,35.458000000000354
7699,19,90593.32281,32694.437210665,0.0,32694.437210665,1221.308,0.0,593.212,15514.189430285705,25028.690000000002,74.364,701.2,257.0,0.0,7405.999,0.0,7102.923169049282,65925.62256818896,7102.923169049282,57898.885599335,35.45800000000019,35.45800000000019,35.45800000000019
7700,20,88461.88316,28587.155907427998,0.0,28587.155907427998,1221.308,0.0,593.212,15514.189430285705,25028.690000000002,74.364,701.2,257.0,0.0,7405.999,0.0,9078.764822286314,56369.02801841382,9078.764822286314,59874.727252572,35.45800000000005,35.45800000000005,35.45800000000005
7701,21,85925.86161,20478.086241931,0.0,20478.086241931,1221.308,0.0,593.212,15514.189430285705,25028.690000000002,74.364,701.2,257.0,0.0,7405.999,0.0,14651.812937783157,40946.06703127359,14651.812937783157,65447.77536806901,35.458000000000055,35.458000000000055,35.458000000000055
7702,22,82332.72133,20966.970695377,0.0,20966.970695377,1221.308,0.0,593.212,15514.189430285705,25028.690000000002,74.364,701.2,257.0,0.0,7405.999,0.0,10569.788204337292,29819.97418460269,10569.788204337292,61365.750634623,35.458000000000034,35.458000000000034,35.458000000000034
7703,23,78019.54553,18387.374250380002,0.0,18387.374250380002,1221.308,0.0,593.212,15514.189430285705,25028.690000000002,74.364,701.2,257.0,0.0,7405.999,0.0,8836.20884933429,20518.701711619222,8836.20884933429,59632.17127962,35.45800000000038,35.45800000000038,35.45800000000038
7704,24,73481.9847,18633.097589859997,0.0,18633.097589859997,1221.308,0.0,593.212,15514.189430285705,25028.690000000002,74.364,469.1080000000013,257.0,0.0,7405.999,0.0,4285.016679854252,16008.157838088431,4285.016679854252,54848.88711014,35.45799999999957,35.45799999999957,35.45799999999957
7705,25,70579.67424,22369.185752924004,0.0,22369.185752924004,1221.308,0.0,593.2119999975369,15514.189430285705,24264.88999999754,74.364,20.33999999999994,0.0,0.0,7405.999,883.8139432096182,0.0,16847.781084137656,-883.8139432096182,48210.488487075985,17.851080000000337,17.851080000000337,17.851080000000337
7706,26,69169.33972,18745.342805178996,0.0,18745.342805251,1221.308,0.0,593.212,15514.189430285705,23688.690000000002,74.364,0.0,0.0,0.0,7405.999,0.0,1926.2344845352989,14820.165837258393,1926.2344845352989,50423.996914749005,25.514079999999904,25.514079999999904,25.514079999999904
7707,27,68455.39977,18877.519197726,0.0,18877.519197726,1221.308,0.0,593.212,15514.189430285705,23688.690000000002,74.364,0.0,0.0,0.0,7405.999,0.0,1080.118141988298,13683.199372007553,1080.118141988298,49577.88057227401,25.514080000000277,25.514080000000277,25.514080000000277
7708,28,68137.86539,23804.442258652,0.0,23804.442258652,1221.308,0.0,593.212,15514.189430285705,22338.530430000003,74.364,0.0,0.0,0.0,7405.999,2814.179728939514,0.0,16356.670114500092,-2814.179728939514,44333.423131348005,17.188679999999742,17.188679999999742,17.188679999999742
7709,29,68783.3456,18397.078698454,0.0,18397.078698454,1221.308,0.0,593.212,15514.189430285705,24452.49,74.364,36.160000000000004,0.0,0.0,7405.999,0.0,1088.5444712602903,15210.833828962945,1088.5444712602903,50386.266901546,30.763720000000205,30.763720000000205,30.763720000000205
7710,30,70748.62329,15737.206657553,0.0,15737.206657553,1221.308,0.0,593.212,15514.189430285705,25028.690000000002,74.364,469.10799999999955,257.0,0.0,7405.999,0.0,4447.54620216131,10529.206247740512,4447.54620216131,55011.416632447,35.458000000000425,35.458000000000425,35.458000000000425
7711,31,72949.77741,14246.577739598002,48.786199999999994,14246.577739598002,1221.308,48.786199999999994,593.212,15514.189430285705,25028.690000000002,74.364,469.10799999999995,257.0,0.0,7405.999,0.0,8090.543040116289,2012.8451528812593,8090.543040116289,58654.41347040199,35.458000000000574,35.458000000000574,35.458000000000574
7712,32,75550.30122,15608.790458143,18851.920039186,15608.790458143,1221.308,18851.920039186,593.212,15514.189430285705,24452.49,74.364,36.160000000000004,0.0,0.0,7405.999,8208.131707614706,0.0,9810.570275115228,-8208.131707614706,41089.590722671,30.763719999999974,30.763719999999974,30.763719999999974
7713,33,78483.17075,18499.938699412,41608.74524927949,18499.938699412,1221.308,41608.74524927949,593.2119999968917,15514.189430285705,7081.965839999975,74.364,0.0,0.0,0.0,5554.499250000002,11665.051718977167,0.0,20892.369408143535,-11665.051718977167,18374.486801308514,8.158279999999383,8.158279999999383,8.158279999999383
7714,34,80513.18004,24629.391645755004,54986.49956305049,24629.391645755004,1221.308,54986.49956305049,0.0,15514.189430285696,0.0,74.364,0.0,0.0,0.0,3702.999499999979,19615.572099091165,0.0,39527.16290228014,-19615.572099091165,897.2888311945062,0.0,0.0,0.0
7715,35,81439.3997,24005.217993833998,62567.8690538105,24005.217993833998,1221.308,62567.869053812574,0.0,15514.189430285705,0.0,74.364,0.0,0.0,0.0,1851.4997499999804,23795.048527932762,0.0,62132.45900381627,-23795.048527932762,-5133.687347646577,0.0,0.0,0.0
7716,36,80870.43768,23877.849555359,65045.8389475665,23877.849555359,1221.308,65045.83894756876,0.0,15514.1894302857,0.0,74.364,0.0,0.0,0.0,0.0,24863.112253213796,0.0,85752.41564436938,-24863.112253213796,-8053.250822927759,0.0,0.0,0.0
7717,37,80668.63767,25625.735959806003,63963.42420362299,25625.735959808528,1221.3080000002014,63963.42420362299,0.0,15514.189430285705,0.0,74.364,0.0,0.0,0.0,0.0,25730.38392371774,0.0,110196.28037190123,-25730.38392371774,-8920.522493431527,0.0,0.0,0.0
7718,38,80365.33627,28651.840491414,60824.750586398,28651.840491414,1221.308,60824.750586398,0.0,15514.189430285705,0.0,74.364,0.0,0.0,0.0,1851.4997499999918,27772.615988097823,0.0,136580.26556059415,-27772.615988097823,-9111.254807811994,0.0,0.0,0.0
7719,39,80635.46234,26277.839205532997,50300.5231475465,26277.839205532997,1221.308,50300.523147551154,0.0,15514.189430285705,0.0,74.364,0.0,0.0,0.0,3702.999499999999,16455.760943370195,0.0,152213.23845679584,-16455.760943370195,4057.0999869158477,0.0,0.0,0.0
7720,40,82237.50718,20072.457249921,36574.314746733995,20072.457249921,1221.308,36574.314746733995,0.0,15514.189430285705,7081.965840000018,74.364,0.0,0.0,0.0,5554.49924999796,3855.5913369406862,0.0,155876.0502268895,-3855.5913369406862,25590.735183345,3.4640000000000764,3.4640000000000764,3.4640000000000764
7721,41,87099.97,19685.520358993002,15328.102096767501,19685.520358993002,1221.308,15328.102096767501,593.212,15514.189430285705,24452.49,74.364,448.7679999999999,257.0,0.0,7405.998999997975,0.0,2119.017113953806,153645.5058964118,2119.017113953806,52086.3475442395,35.458,35.458,35.458
7722,42,92395.37631,17088.866299631998,0.0,17088.866299631998,1221.308,0.0,593.212,15514.189430285705,25028.690000000002,74.364,701.2,257.0,0.0,7405.999,0.0,24510.547580082297,127844.92949632517,24510.547580082297,75306.51001036802,35.45800000000012,35.45800000000012,35.45800000000012
7723,43,91773.53702,17246.486745822,0.0,17246.486745822,1221.308,0.0,593.212,15514.189430285705,25028.690000000002,74.364,701.2,257.0,0.0,7405.999,0.0,23731.087843892314,102864.83702907011,23731.087843892314,74527.05027417801,35.45800000000005,35.45800000000005,35.45800000000005
7724,44,89974.41715,17253.607601562,0.0,17253.607601562,1221.308,0.0,593.212,15514.189430285705,25028.690000000002,74.364,701.2,257.0,0.0,7405.999,0.0,21924.847118152335,79786.05058890977,21924.847118152335,72720.809548438,35.45799999999994,35.45799999999994,35.45799999999994
7725,45,87053.92885,18842.96725635,0.0,18842.96725635,1221.308,0.0,593.212,15514.189430285705,25028.690000000002,74.364,701.2,257.0,0.0,7405.999,0.0,17414.999163364308,61454.472522210504,17414.999163364308,68210.96159364999,35.458000458113744,35.458000458113744,35.458000458113744
7726,46,82156.84822,20422.599442856,0.0,20422.599442856,1221.308,0.0,593.212,15514.189430285705,25028.690000000002,74.364,701.2,257.0,0.0,7405.999,0.0,10938.286346858305,49940.48689393861,10938.286346858305,61734.248777144,35.45800000000032,35.45800000000032,35.45800000000032
7727,47,76663.61147,16770.496491054,0.0,16770.496491054,1221.308,0.0,593.212,15514.189430285705,25028.690000000002,74.364,701.2,257.0,0.0,7405.999,0.0,9097.152548660299,40364.536842717236,9097.152548660299,59893.114978946,35.458000000000105,35.458000000000105,35.458000000000105
7728,48,72327.67019,15463.520008168003,0.0,15463.520008168003,1221.308,0.0,593.212,15514.189430285705,25028.690000000002,74.364,469.10800000000006,257.0,0.0,7405.999,0.0,6300.2797515463135,33732.66342003691,6300.2797515463135,56864.150181832,35.457999999995636,35.457999999995636,35.457999999995636
7729,49,69732.08969,20535.686793024,0.0,20535.686793024,1221.308,0.0,593.212,15514.189430285705,24366.990466690277,74.364,20.340000000000003,0.0,0.0,7405.999,0.0,0.0,33732.66342003691,0.0,49196.402896976,25.514080000000043,25.514080000000043,25.514080000000043
7730,50,68403.80174,18989.559895776,0.0,18989.559895776,1221.308,0.0,593.212,15514.189430285705,23774.710984199697,74.364,0.0,0.0,0.0,7405.999,0.0,830.4584297385663,32858.49665189105,830.4584297385663,49414.241844223994,25.514080000000114,25.514080000000114,25.514080000000114
7731,51,68001.40368,19071.715855347,0.0,19071.715855347,1221.308,0.0,593.212,15514.189430285705,23688.690000000002,74.364,0.0,0.0,0.0,7405.999,0.0,431.9253943672884,32403.838342030736,431.9253943672884,48929.687824653,20.26443999999999,20.26443999999999,20.26443999999999
7732,52,68757.91809,18432.69945081,0.0,18432.69945081,1221.308,0.0,593.212,15514.189430285705,24452.49,74.364,36.159999999999954,0.0,0.0,7405.999,0.0,1027.4962089043083,31322.263385289356,1027.4962089043083,50325.21863919,30.763720000000205,30.763720000000205,30.763720000000205
7733,53,71898.05068,18202.443406913,0.0,18202.443406913,1221.308,0.0,593.212,15514.189430285705,25028.690000000002,74.364,469.10799999999955,257.0,0.0,7405.999,0.0,3131.736842801298,28025.69828760378,3131.736842801298,53695.607273087,35.45799999999977,35.45799999999977,35.45799999999977
7734,54,77628.88579,20308.801894470995,0.0,20308.801894470995,1221.308,0.0,593.212,15514.189430285704,25028.690000000002,74.364,701.2,257.0,0.0,7405.999,0.0,6524.121465243326,21158.202008400265,6524.121465243326,57320.08389552901,35.45800000000155,35.45800000000155,35.45800000000155
7735,55,83544.11319,23081.861746868,777.0631999999999,23081.861746868,1221.308,777.0631999999999,593.212,15514.189430285705,25028.690000000002,74.364,469.10799999999995,257.0,0.0,7405.999,0.0,9121.317812846424,11556.814836982976,9121.317812846424,59685.188243132005,35.45800000000017,35.45800000000017,35.45800000000017
7736,56,86764.6653,22269.988449276,20940.0030976775,22269.988449276,1221.308,20940.0030976775,593.212,15514.189430285705,24264.890000000003,74.364,20.339999999999993,0.0,0.0,7405.999,5539.6286772251715,0.0,16819.46208034697,-5539.6286772251715,43554.67375304649,22.679400000000083,22.679400000000083,22.679400000000083
7737,57,88114.9021,22924.793704823,43987.154938836,22924.793704823,1221.308,43987.154938836,593.212,15514.189430285705,14307.967839999972,74.364,0.0,0.0,0.0,5554.4992500000235,16062.587063930647,0.0,32078.919791097345,-16062.587063930647,21202.953456341005,16.242599999998554,16.242599999998554,16.242599999998554
7738,58,88885.26039,26075.193343031002,57161.967068785,26075.193343031002,1221.308,57161.967068785,0.0,15514.18943027487,0.0,74.364,0.0,0.0,0.0,3702.9995000000235,14864.760952090879,0.0,46200.442695600075,-14864.760952090879,5648.099978183993,0.0,0.0,0.0
7739,59,89302.1122,34971.183548803,64658.433451378,34971.183548803,1221.308,64658.433451378,0.0,15514.189430271106,0.0,74.364,0.0,0.0,0.0,1851.4997500000088,28988.865980452127,0.0,73739.86537704594,-28988.865980452127,-10327.504800180992,0.0,0.0,0.0
7740,60,89386.17576,33910.24499101,67174.13928797,33910.24499101,1221.308,67174.13928797,0.0,15514.18943027058,0.0,74.364,0.0,0.0,0.0,0.0,28508.069949250577,0.0,100822.53182885019,-28508.069949250577,-11698.208518979998,0.0,0.0,0.0
7741,61,89376.21535,30865.315505688995,66708.3705851475,30865.315505688995,1221.308,66708.3705851475,0.0,15514.189430285705,0.0,74.364,0.0,0.0,0.0,0.0,25007.332171122584,0.0,124579.49739141659,-25007.332171122584,-8197.470740836492,0.0,0.0,0.0
7742,62,89302.49019,26539.325004035003,64055.5624245905,26539.325004035003,1221.308,64055.5624245905,0.0,15514.189430286686,0.0,74.364,0.0,0.0,0.0,1851.499749998853,19953.758418911377,0.0,143535.56788938236,-19953.758418911377,-1292.3972386255045,0.0,0.0,0.0
7743,63,89086.04469,26487.589845737995,54464.324939864,26487.589845737995,1221.308,54464.324939864,0.0,15514.18943028641,0.0,74.364,0.0,0.0,0.0,3702.999500000026,12378.731025889057,0.0,155295.36236397692,-12378.731025889057,8134.129904398003,0.0,0.0,0.0
7744,64,89879.83322,25500.798491423,39884.9583514735,25500.798491423,1221.308,39884.9583514735,0.0,15514.189430285705,7081.965840000009,74.364,0.0,0.0,0.0,5554.499249998852,4952.250143181067,0.0,160000.0,-4952.250143181067,24494.076377103498,3.4640000000000146,3.4640000000000146,3.4640000000000146
7745,65,93710.23529,22068.221705819004,17549.7230004395,22068.221705819004,1221.308,17549.7230004395,593.212,15514.189430285705,24452.49,74.364,4573.728153455787,257.0,0.0,7405.9989999988375,0.0,0.0,160000.0,0.0,54092.2905837415,35.458,35.458,35.458
7746,66,98075.6367,21476.633998479003,0.0,21476.633998479003,1221.308,0.0,593.212,15514.189430285705,25028.690000000002,74.364,701.2,257.0,0.0,7405.999,0.0,25803.040271235306,132838.9049776471,25803.040271235306,76599.002701521,35.457999999999785,35.457999999999785,35.457999999999785
7747,67,96958.88061,17205.984248497,0.0,17205.984248497,1221.308,0.0,593.212,15514.189430285705,25028.690000000002,74.364,701.2,257.0,0.0,7405.999,0.0,28956.93393121731,102357.9218921552,28956.93393121731,79752.896361503,35.457999999999835,35.457999999999835,35.457999999999835
7748,68,94560.64028,22186.545444475,0.0,22186.545444475,1221.308,0.0,593.212,15514.189430285705,25028.690000000002,74.364,22031.637759999958,257.0,0.0,7405.999,0.0,247.69464523933493,102097.19068664011,247.69464523933493,72374.094835525,35.457999999999956,35.457999999999956,35.457999999999956
7749,69,91168.19597,21136.245942479,0.0,21136.245942479,1221.308,0.0,593.212,15514.189430285705,25028.690000000002,74.364,19937.187597235275,257.0,0.0,7405.999,0.0,0.0,102097.19068664014,0.0,70031.950027521,35.458000000000034,35.458000000000034,35.458000000000034
7750,70,85976.30194,13370.359397578999,0.0,13370.359397578999,1221.308,0.0,593.212,15514.189430285705,25028.690000000002,74.364,701.2,257.0,0.0,7405.999,0.0,21809.98011213508,79139.3168843927,21809.98011213508,72605.942542421,35.45800000000012,35.45800000000012,35.45800000000012
7751,71,79996.3427,13464.251446180002,0.0,13464.251446180002,1221.308,0.0,593.212,15514.189430285705,25028.690000000002,74.364,701.2,257.0,0.0,7405.999,0.0,15736.128823534309,62574.97075435659,15736.128823534309,66532.09125381999,35.4580000000001,35.4580000000001,35.4580000000001
7752,72,75185.41373,14651.484943202,0.0,14651.484943202,1221.308,0.0,593.212,15514.189430285705,25028.690000000002,74.364,701.2,257.0,0.0,7405.999,0.0,9737.966356512305,52324.47985276468,9737.966356512305,60533.928786798,35.45800000000004,35.45800000000004,35.45800000000004
7753,73,71271.66827,14012.102305351,0.0,14012.102305351,1221.308,0.0,593.212,15514.1894302857,25028.690000000002,74.364,701.2,257.0,0.0,7405.999,0.0,6463.60353436329,45520.686658698054,6463.60353436329,57259.565964648995,35.45800000000004,35.45800000000004,35.45800000000004
7754,74,69186.78745,15884.703650916003,0.0,15884.703650916003,1221.308,0.0,593.212,15514.189430285705,25028.690000000002,74.364,701.2,257.0,0.0,7405.999,0.0,2506.1213687982904,42882.66416522615,2506.1213687982904,53302.083799084,35.45800000000018,35.45800000000018,35.45800000000018
7755,75,68536.62331,15925.272643048,0.0,15925.272643048,1221.308,0.0,593.212,15514.189430285705,25028.690000000002,74.364,701.2,257.0,0.0,7405.999,0.0,1815.388236666297,40971.72917926163,1815.388236666297,52611.350666952,35.45800000000014,35.45800000000014,35.45800000000014
7756,76,69090.30664,15214.524793214001,0.0,15214.524793214001,1221.308,0.0,593.212,15514.189430285705,25028.690000000002,74.364,701.2,257.0,0.0,7405.999,0.0,3079.8194165002947,37729.814003998166,3079.8194165002947,53875.78184678599,35.458,35.458,35.458
7757,77,71958.66441,13646.450397077999,0.0,13646.450397077999,1221.308,0.0,593.212,15514.189430285705,25028.690000000002,74.364,701.2,257.0,0.0,7405.999,0.0,7516.251582636633,29817.970232801723,7516.251582636633,58312.214012922,35.4579999999997,35.4579999999997,35.4579999999997
7758,78,78134.92164,13468.039539983001,0.0,13468.039539983001,1221.308,0.0,593.212,15514.189430285705,25028.690000000002,74.364,701.2,257.0,0.0,7405.999,0.0,13870.919669731302,15217.002159400352,13870.919669731302,64666.882100017,35.4580000000001,35.4580000000001,35.4580000000001
7759,79,84054.3168,13466.475604083,856.9387,13466.475604083,1221.308,856.9387,593.212,15514.189430285705,25028.690000000002,74.364,5179.988014200929,257.0,0.0,7405.999,0.0,14456.152051430336,0.0,14456.152051430336,69730.902495917,35.45800000000002,35.45800000000002,35.45800000000002
7760,80,87047.85427,15031.101701494,21911.4310942155,15031.101701494,1221.308,21911.4310942155,593.212,15514.189430285705,24957.48918812902,74.364,448.76800000000145,257.0,0.0,7405.999,367.0081441242156,0.0,348.6577369180289,-367.0081441242156,50105.3214742905,34.78556000000003,34.78556000000003,34.78556000000003
7761,81,87963.5341,13055.253593511,44588.001816261996,13055.253593511,1221.308,44588.001816261996,593.212,15514.189430285705,14834.467028128982,74.364,0.0,0.0,0.0,7405.999,9323.260768187689,0.0,9205.755466696333,-9323.260768187689,30320.278690227,16.242599999999978,16.242599999999978,16.242599999999978
7762,82,88623.45523,14367.95244054,57152.59173695,14367.95244054,1221.308,57152.59173695,593.212,15514.189430285705,21319.988999999972,74.364,0.0,0.0,0.0,7405.999,29026.15037777569,0.0,36780.59832558324,-29026.15037777569,17102.911052510004,17.188679999998946,17.188679999998946,17.188679999998946
7763,83,89373.49645,20237.742292330997,64932.726092339,20237.742292330997,1221.308,64932.726092339,593.212,15514.189430285705,15256.564590000005,74.364,0.0,0.0,0.0,5554.49925,34011.10920495571,0.0,69091.15207029117,-34011.10920495571,4203.028065330014,17.188679999995074,17.188679999995074,17.188679999995074
7764,84,89256.62453,23406.33569085,67777.6959525315,23406.33569085,1221.3079999999927,67777.6959525315,0.0,15514.189430285705,0.0,74.364,0.0,0.0,0.0,3702.9994999999567,22440.26804366715,0.0,90409.406711775,-22440.26804366715,-1927.4071133815014,0.0,0.0,0.0
7765,85,89261.58702,21503.230550352,67094.97629754,21503.230550352,1221.307999999999,67094.97629754,0.0,15514.189430285705,0.0,74.364,0.0,0.0,0.0,1851.4997499999677,17997.98100817778,0.0,107507.48866954388,-17997.98100817778,663.380172108009,0.0,0.0,0.0
7766,86,89084.52777,20449.409646029002,65029.099987557005,20449.409646029002,1221.308,65029.099987557005,0.0,15514.189430285705,0.0,74.364,0.0,0.0,0.0,3702.9994999999803,16906.842793871714,0.0,123568.98932372205,-16906.842793871714,3606.0181364139935,0.0,0.0,0.0
7767,87,88743.12595,20691.366247957998,55129.76386500349,20691.366247957998,1221.308,55129.76386500349,593.212,15514.189430285704,13289.42641,74.364,0.0,0.0,0.0,5554.499249999995,23325.003253247207,0.0,145727.7424143069,-23325.003253247207,12921.995837038514,16.242599999999946,16.242599999999946,16.242599999999946
7768,88,89299.46446,16712.089393379,39535.043103907,16712.089393379,1221.308,39535.043103907,593.212,15514.189430285705,23246.348570000002,74.364,20.339999999999883,0.0,0.0,7405.999,15023.429037571692,0.0,160000.0,-15023.429037571692,33052.33196271399,18.134760000000057,18.134760000000057,18.134760000000057
7769,89,93012.63199,11974.752189939,16873.730696348997,11974.752189939,1221.308,16873.730696348997,593.212,15514.189430285705,25028.690000000002,74.364,13494.091433038944,257.0,0.0,7405.999,0.0,575.2952403873551,159394.42606275016,575.2952403873551,64164.149103712,35.45800000000025,35.45800000000025,35.45800000000025
7770,90,97541.90758,12593.654495877001,0.0,12593.654495877001,1221.308,0.0,593.212,15514.189430285705,25028.690000000002,74.364,701.2,257.0,0.0,7405.999,0.0,34152.29065383731,123444.64642713194,34152.29065383731,84948.253084123,35.45799999999994,35.45799999999994,35.45799999999994
7771,91,96457.2495,11512.395757862001,0.0,11512.395757862001,1221.308,0.0,593.212,15514.189430285705,25028.690000000002,74.364,701.2,257.0,0.0,7405.999,0.0,34148.89131185231,87498.44504623496,34148.89131185231,84944.853742138,35.45800000000003,35.45800000000003,35.45800000000003
7772,92,94429.20892,14356.091090586002,0.0,14356.091090586002,1221.308,0.0,593.212,15514.189430285705,25028.690000000002,74.364,701.2,257.0,0.0,7405.999,0.0,29277.15539912832,56680.38673136305,29277.15539912832,80073.117829414,35.458000000000126,35.458000000000126,35.458000000000126
7773,93,91180.3479,16297.088093328,0.0,16297.088093328,1221.308,0.0,593.212,15514.189430285705,25028.690000000002,74.364,701.2,257.0,0.0,7405.999,0.0,24087.297376386297,31325.336861482738,24087.297376386297,74883.259806672,35.458000000000084,35.458000000000084,35.458000000000084
7774,94,86261.0615,17724.495802224,0.0,17724.495802224,1221.308,0.0,593.212,15514.189430285705,25028.690000000002,74.364,701.2,257.0,0.0,7405.999,0.0,17740.603267490307,12651.017632545572,17740.603267490307,68536.565697776,35.458,35.458,35.458
7775,95,80307.19729,17492.768108795997,0.0,17492.768108795997,1221.308,0.0,593.212,15514.189430285705,25028.690000000002,74.364,701.2,257.0,0.0,7405.999,0.0,12018.466750918295,0.0,12018.466750918295,62814.429181204,35.45800000000007,35.45800000000007,35.45800000000007
7776,96,74972.5484,22778.875450602998,0.0,22778.875450602998,1221.308,0.0,593.212,15514.189430285705,25028.690000000002,74.364,2098.9105191112785,257.0,0.0,7405.999,0.0,0.0,0.0,0.0,52193.672949397005,35.458000000000084,35.458000000000084,35.458000000000084
7777,1,71513.44209,21316.634602129,0.0,21316.634602129,1221.308,0.0,593.212,15514.189430285705,24681.967057585207,74.364,448.76799999999986,257.0,0.0,7405.999,0.0,0.0,0.0,0.0,50196.807487870996,33.8394800000006,33.8394800000006,33.8394800000006
7778,2,69446.02249,23681.513809978,0.0,23681.513809978,1221.308,0.0,593.212,15514.189430285705,22568.007487585204,74.364,0.0,0.0,0.0,7405.999,1612.5712378490139,0.0,1531.9426759565115,-1612.5712378490139,45764.508680022,17.188679999999856,17.188679999999856,17.188679999999856
7779,3,68866.8303,25700.659797163,0.0,25700.659797163,1221.308,0.0,593.212,15514.189430285705,21319.989,74.364,0.0,0.0,0.0,7405.999,2962.8909274493494,0.0,4346.689057034267,-2962.8909274493494,43166.170502837005,17.188679999999838,17.188679999999838,17.188679999999838
7780,4,69444.20022,26854.636044359,0.0,26854.636044359,1221.308,0.0,593.212,15514.189430285705,19335.525622066845,74.364,0.0,0.0,0.0,7405.999,1555.0338767115554,0.0,5823.971239910245,-1555.0338767115554,42589.564175641004,17.188679999999824,17.188679999999824,17.188679999999824
7781,5,72089.92555,28175.74780166,0.0,28175.74780166,1221.308,0.0,593.212,15514.189430285705,19105.105318054262,74.364,0.0,0.0,0.0,7405.999,0.0,0.0,5823.971239910245,0.0,43914.17774834,17.188679999999895,17.188679999999895,17.188679999999895
7782,6,77649.62579,24630.844543783,0.0,24630.844543783,1221.308,0.0,593.212,15514.189430285705,24452.49,74.364,448.76799999975225,257.0,0.0,7405.999,0.0,3051.4508159315424,2611.917749456112,3051.4508159315424,53018.781246217004,35.458,35.458,35.458
7783,7,83337.64109,33831.049647731,379.0069,33831.049647731,1221.308,379.0069,593.212,15514.189430285705,23688.690000000002,74.364,0.0,0.0,0.0,5554.499249999995,0.0,2481.3218619833065,0.0,2481.3218619833065,49127.584542269,22.679399999998626,22.679399999998626,22.679399999998626
7784,8,86765.55404,35657.73565445,19486.1365579125,35657.73565445,1221.308,19486.1365579125,593.212,15514.189430285705,10515.60889735178,74.364,0.0,0.0,0.0,3702.9994999999944,0.0,0.0,0.0,0.0,31621.6818276375,16.24259999999987,16.24259999999987,16.24259999999987
7785,9,88522.70193,37593.831847576,42474.630253783,37593.831847576,1221.308,42474.630253783,0.0,12609.668254274196,0.0,74.364,0.0,0.0,0.0,1851.4997499999972,7302.600175633189,0.0,6937.47016685153,-7302.600175633189,8454.239828640995,0.0,0.0,0.0
7786,10,89556.876,45061.758301914,54931.822039798506,45061.758301914,1221.308,54931.822039798506,0.0,9353.082879399972,0.0,74.364,0.0,0.0,0.0,0.0,21085.459221112407,0.0,26968.656426908317,-21085.459221112407,-10436.704341712502,0.0,0.0,0.0
7787,11,90211.32516,50965.436758281,63047.5582931655,40037.384608257,1196.0550000000003,60631.57869316551,0.0,5960.840592399947,0.0,0.0,0.0,0.0,0.0,0.0,17614.53373382209,0.0,43702.4634740393,-17614.53373382209,-10457.638141422518,0.0,0.0,0.0
7788,12,90031.90528,56873.159398840995,65737.8665568455,56813.966399066,387.043,63712.91229845988,0.0,9117.98358247414,0.0,0.0,0.0,0.0,0.0,0.0,40000.0,0.0,81702.46347403931,-40000.0,-30494.97341752587,0.0,0.0,0.0
7789,13,89585.09712,57122.088394731996,65326.674191085505,40009.736849223,799.1800000000001,39387.56708509136,0.0,9314.249185685656,0.0,74.364,0.0,0.0,0.0,0.0,0.0,0.0,81702.46347403931,0.0,10187.793185685645,0.0,0.0,0.0
7790,14,88942.02657,53003.306402934,62427.872447954,53003.306402934,1221.308,62427.872447954,0.0,9189.428647205808,0.0,74.364,0.0,0.0,0.0,0.0,36974.252928093796,0.0,116828.00375572841,-36974.252928093796,-26489.152280888004,0.0,0.0,0.0
7791,15,88502.05043,49814.767407265,52391.5475027395,49814.767407265,1221.308,52391.5475027395,0.0,11947.234621205816,0.0,74.364,0.0,0.0,0.0,1851.4997500000002,28798.67085121031,0.0,144186.7410643782,-28798.67085121031,-13704.264480004495,0.0,0.0,0.0
7792,16,88713.84797,49720.364947581,37816.735135440504,49720.364947581,1221.308,37816.735135440504,0.0,12823.612108685698,0.0,74.364,0.0,0.0,0.0,3702.9995,16645.535721707187,0.0,160000.0,-16645.535721707187,1176.7478869784973,0.0,0.0,0.0
7793,17,92074.9599,41543.503590235,15609.205086008998,41543.503590235,1221.308,15609.205086008998,593.212,15514.189430285705,7088.965839999969,74.364,0.0,0.0,0.0,5554.499250000002,0.0,4875.712703470315,154867.6708384523,4875.712703470315,34922.251223756,16.2426,16.2426,16.2426
7794,18,96725.39027,44047.22865286,0.0,44047.22865286,1221.308,0.0,593.212,15514.189430285705,24452.49,74.364,36.160000000000004,257.0,0.0,7405.999,0.0,3123.439186854303,151579.84011544776,3123.439186854303,52678.16161714,33.44188000000065,33.44188000000065,33.44188000000065
7795,19,95617.16086,43328.70680783899,0.0,43328.70680783899,1221.308,0.0,593.212,15514.189430285705,24452.49,74.364,36.160000000000004,257.0,0.0,7405.999,0.0,2733.7316218753253,148702.2278818948,2733.7316218753253,52288.45405216101,33.44188,33.44188,33.44188
7796,20,93595.38483,44991.140609717004,0.0,44991.140609717004,1221.308,0.0,593.212,15514.189430285705,14329.467839999967,74.364,0.0,0.0,0.0,7405.999,0.0,9465.703949997338,138738.32898716076,9465.703949997338,48604.24422028299,17.18868,17.18868,17.18868
7797,21,90876.48517,40113.799345524996,0.0,40113.799345524996,1221.308,0.0,593.212,15514.189430285705,7269.002,74.364,0.0,0.0,0.0,7405.999,0.0,18684.6113941893,119070.31699327726,18684.6113941893,50762.685824475004,17.188679999999913,17.188679999999913,17.188679999999913
7798,22,86753.50918,41610.932393828,0.0,41610.932393828,1221.308,0.0,593.212,15514.189430285705,7269.002,74.364,0.0,0.0,0.0,7405.999,0.0,13064.502355886301,105318.20925023904,13064.502355886301,45142.576786171994,17.188680000000403,17.188680000000403,17.188680000000403
7799,23,81407.39745,39496.877843299,0.0,39496.877843299,1221.308,0.0,593.212,15514.189430285705,7269.002,74.364,0.0,0.0,0.0,7405.999,0.0,9832.44517641409,94968.26695927685,9832.44517641409,41910.519606701004,17.188680000000275,17.188680000000275,17.188680000000275
7800,24,76149.08344,35747.74924089,0.0,35747.74924089,1221.308,0.0,593.212,15514.189430285705,7269.002,74.364,0.0,0.0,0.0,7405.999,0.0,8323.259768823082,86206.94088683151,8323.259768823082,40401.33419911,17.18868,17.18868,17.18868
7801,25,72757.93143,33073.344143174996,0.0,33073.344143174996,1221.308,0.0,593.212,15514.189430285705,50.0,74.364,0.0,0.0,0.0,7405.999,0.0,14825.514856539301,70601.13577468488,14825.514856539301,39684.587286825,16.242600000000063,16.242600000000063,16.242600000000063
7802,26,70580.19703,31088.025444704,0.0,31088.025444704,1221.308,0.0,593.212,15514.189430285705,1751.2957644659878,74.364,0.0,0.0,0.0,7405.999,0.0,12931.803390544314,56988.711153059296,12931.803390544314,39492.171585296,16.242600000000063,16.242600000000063,16.242600000000063
7803,27,69474.63671,27623.109652323998,0.0,27623.109652323998,1221.308,0.0,593.212,15514.189430285705,7269.002,74.364,0.0,0.0,0.0,7405.999,0.0,9773.452627389042,46700.86628212346,9773.452627389042,41851.52705767601,17.188679999999888,17.188679999999888,17.188679999999888
7804,28,69372.90369,26049.776743791,0.0,26049.776743791,1221.308,0.0,593.212,15514.189430285705,7269.002,74.364,0.0,0.0,0.0,7405.999,0.0,11245.052515922096,34863.96889694231,11245.052515922096,43323.126946209006,17.188680000000318,17.188680000000318,17.188680000000318
7805,29,70210.92272,24741.880646376998,0.0,24741.880646376998,1221.308,0.0,593.212,15514.189430285705,7269.002,74.364,0.0,0.0,0.0,7405.999,0.0,13390.967643337302,20768.21348290304,13390.967643337302,45469.042073623,17.18868,17.18868,17.18868
7806,30,72545.7169,20942.521149078,0.0,20942.521149078,1221.308,0.0,593.212,15514.189430285705,14329.467839999968,74.364,0.0,0.0,0.0,7405.999,0.0,12464.655480636331,7647.52350328585,12464.655480636331,51603.195750922,17.188680000000097,17.188680000000097,17.188680000000097
7807,31,75349.44066,19483.117748946002,629.2407000000001,19483.117748946002,1221.308,629.2407000000001,593.212,15514.189430285705,24452.49,74.364,448.7680000000001,257.0,0.0,7405.999,0.0,5269.751780768282,2100.4163656350274,5269.751780768282,55237.08221105399,35.458,35.458,35.458
7808,32,78153.30518,16627.934599210002,19944.178193151,16627.934599210002,1221.308,19944.178193151,593.212,15514.189430285705,16628.224160000012,74.364,0.0,0.0,0.0,5554.499250000002,0.0,1995.3955473532762,0.0,1995.3955473532762,41581.19238763899,23.895559999999918,23.895559999999918,23.895559999999918
7809,33,81629.63001,18740.030194954998,43703.0150564015,18740.030194954998,1221.308,43703.0150564015,0.0,15514.189430285705,21.5,74.364,0.0,0.0,0.0,3702.9995000000017,1347.776171642217,0.0,1280.387363060106,-1347.776171642217,19186.584758643497,0.0,0.0,0.0
7810,34,84177.8828,25639.327901567,57350.28982964499,25639.327901567,1221.308,57350.28982964499,0.0,14649.2289172857,0.0,74.364,0.0,0.0,0.0,1851.499750000001,16608.1355984977,0.0,17058.116181632922,-16608.1355984977,1188.265068788016,0.0,0.0,0.0
7811,35,85218.21833,27296.244642159,65147.173088062,27296.244642159,1221.308,65147.173088062,0.0,14143.505515274202,0.0,74.364,0.0,0.0,0.0,0.0,22664.3769154952,0.0,38589.27425135336,-22664.3769154952,-7225.199400220998,0.0,0.0,0.0
7812,36,84969.96394,29501.317544961,68398.47245902801,29501.317544961,1221.3079999999998,68398.47245902801,0.0,14469.389646485703,0.0,74.364,0.0,0.0,0.0,0.0,28694.887710474708,0.0,65849.41757630433,-28694.887710474708,-12929.826063989007,0.0,0.0,0.0
7813,37,83475.96347,31505.359547848002,67961.8594097055,31505.359547848002,1221.308,67961.8594097055,0.0,13853.047665485701,0.0,74.364,0.0,0.0,0.0,0.0,31139.975153039195,0.0,95432.39397169156,-31139.975153039195,-15991.255487553499,0.0,0.0,0.0
7814,38,81326.01088,30939.106740871997,66204.2940593245,30939.106740871997,433.672,58900.407069302615,0.0,14562.958634285698,0.0,0.0,0.0,0.0,0.0,0.0,23510.13356446031,0.0,117767.02085792886,-23510.13356446031,-8513.50293017461,0.0,0.0,0.0
7815,39,79523.99588,33977.517397777,56216.316137105496,33977.517397777,1221.308,56216.316137105496,0.0,15007.753521485703,0.0,74.364,0.0,0.0,0.0,1851.4997499999736,28824.762926368174,0.0,145150.54563797862,-28824.762926368174,-10669.837654882496,0.0,0.0,0.0
7816,40,78567.98807,31653.116190649,41134.1176050285,31653.116190649,1221.308,41134.1176050285,0.0,15252.971498285702,1234.4798676382934,0.0,0.0,0.0,0.0,3702.9994999999844,15631.004591601464,0.0,160000.0,-15631.004591601464,5780.754274322506,0.0,0.0,0.0
7817,41,80296.12196,20003.011652873,18024.765599202998,20003.011652873,1221.308,18024.765599202998,593.212,15514.189430285705,18605.004027638293,74.364,448.7680000000001,257.0,0.0,5554.499249999995,0.0,0.0,160000.0,0.0,42268.34470792401,34.3773599999997,34.3773599999997,34.3773599999997
7818,42,82850.13016,12770.661196712,0.0,12770.661196712,1221.308,0.0,593.212,15514.189430285705,25028.690000000002,74.364,5775.897290705,257.0,0.0,7405.999,0.0,14208.809242297284,145043.35869231864,14208.809242297284,70079.468963288,35.45799999999967,35.45799999999967,35.45799999999967
7819,43,82014.54287,11525.09139542,0.0,11525.09139542,1221.308,0.0,593.212,15514.189430285705,25028.690000000002,74.364,701.2,257.0,0.0,7405.999,0.0,19693.489044294318,124313.3702246404,19693.489044294318,70489.45147458001,35.45800000000018,35.45800000000018,35.45800000000018
7820,44,81023.80383,11472.347906976,0.0,11472.347906976,1221.308,0.0,593.212,15514.189430285705,25028.690000000002,74.364,701.2,257.0,0.0,7405.999,0.0,18755.49349273832,104570.74549544217,18755.49349273832,69551.45592302401,35.458000000000176,35.458000000000176,35.458000000000176
7821,45,79990.42152,11677.533141806001,0.0,11677.533141806001,1221.308,0.0,593.212,15514.189430285705,25028.690000000002,74.364,701.2,257.0,0.0,7405.999,0.0,17516.925947907304,86131.87607659238,17516.925947907304,68312.88837819401,35.45800000000018,35.45800000000018,35.45800000000018
7822,46,78157.39174,11393.147801481002,0.0,11393.147801481002,1221.308,0.0,593.212,15514.189430285705,25028.690000000002,74.364,16669.4815082333,257.0,0.0,7405.999,0.0,0.0,86131.87607659238,0.0,66764.24393851901,35.457999999999785,35.457999999999785,35.457999999999785
7823,47,74920.73839,9009.287600628002,0.0,9009.287600628002,1221.308,0.0,593.212,15514.189430285705,25028.690000000002,74.364,701.2,257.0,0.0,7405.999,0.0,15115.488359085117,70220.83569860805,15115.488359085117,65911.450789372,35.458000000000204,35.458000000000204,35.458000000000204
7824,48,71811.18302,9111.073752445,0.0,9111.073752445,1221.308,0.0,593.212,15514.189430285705,25028.690000000002,74.364,701.2,257.0,0.0,7405.999,0.0,11904.146837269976,57690.15481727123,11904.146837269976,62700.109267554995,35.458,35.458,35.458
7825,49,69356.38536,8717.171241330001,0.0,8717.171241330001,1221.308,0.0,593.212,15514.189430285705,25028.690000000002,74.364,701.2,257.0,0.0,7405.999,0.0,9843.251688384998,47328.837250550176,9843.251688384998,60639.21411867,35.45799999999977,35.45799999999977,35.45799999999977
7826,50,68248.12344,9005.930645733999,0.0,9005.930645733999,1221.308,0.0,593.212,15514.189430285705,25028.690000000002,74.364,701.2,257.0,0.0,7405.999,0.0,8446.230363980978,38438.06844635968,8446.230363980978,59242.192794266,35.458,35.458,35.458
7827,51,68096.35504,8160.776752734,0.0,8160.776752734,1221.308,0.0,593.212,15514.189430285705,25028.690000000002,74.364,9840.815856980253,257.0,0.0,7405.999,0.0,0.0,38438.06844635968,0.0,59935.57828726599,35.45799999999977,35.45799999999977,35.45799999999977
7828,52,68487.36315,7204.557701389001,0.0,7204.557701389001,1221.308,0.0,593.212,15514.189430285705,25028.690000000002,74.364,701.2,257.0,0.0,7405.999,0.0,10486.843018325993,27399.286321806,10486.843018325993,61282.805448611005,35.457999999999785,35.457999999999785,35.457999999999785
7829,53,70120.25737,8137.5503940280005,0.0,8137.5503940280005,1221.308,0.0,593.212,15514.189430285705,25028.690000000002,74.364,701.2,257.0,0.0,7405.999,0.0,11186.744545686319,15623.765747399351,11186.744545686319,61982.706975972,35.45800000000023,35.45800000000023,35.45800000000023
7830,54,73268.4321,7616.5815116059985,0.0,7616.5815116059985,1221.308,0.0,593.212,15527.500128364623,25028.690000000002,74.364,701.2,257.0,0.0,7405.999,0.0,14842.577460029384,0.0,14842.577460029384,65651.85058839401,35.458,35.458,35.458
7831,55,75714.65659,8972.283455095,490.55109999999996,8972.283455095,1221.308,490.55109999999996,593.212,15540.973264218032,25028.690000000002,74.364,16130.27577068693,257.0,0.0,7405.999,0.0,0.0,0.0,0.0,66251.82203490501,35.45800000000031,35.45800000000031,35.45800000000031
7832,56,77496.69086,8933.480309021,20633.513102867,8933.480309021,1221.308,20633.513102867,593.212,15550.820218636754,24264.890000000003,74.364,20.339999999999847,0.0,0.0,7405.999,1201.2357705247803,0.0,1141.1739819985414,-1201.2357705247803,47929.697448112,21.733320000000287,21.733320000000287,21.733320000000287
7833,57,79766.15631,9993.100641893001,43903.09580393651,9993.100641893001,1221.308,43903.09580393651,593.212,15564.377563990165,16275.106020000007,74.364,0.0,0.0,0.0,5554.499250000001,13412.90696981968,0.0,13883.435603327236,-13412.90696981968,25869.959864170494,17.188679999999938,17.188679999999938,17.188679999999938
7834,58,81111.20168,13464.862458235999,57464.41161151799,13464.862458235999,1221.308,57464.41161151799,0.0,15574.539231534884,0.0,74.364,0.0,0.0,0.0,3702.999500000013,10391.283121288883,0.0,23755.154568551676,-10391.283121288883,10181.927610246014,0.0,0.0,0.0
7835,59,81810.55874,17370.812852164003,65172.7548948975,17370.812852164003,1221.308,65172.7548948975,0.0,15588.011066888292,0.0,74.364,0.0,0.0,0.0,1851.4997500000131,19468.19182394982,0.0,42249.93680130401,-19468.19182394982,-733.0090070615115,0.0,0.0,0.0
7836,60,81864.53528,18484.748999009,68318.598195872,18484.748999009,1221.308,68318.598195872,0.0,15600.952769207017,0.0,74.364,0.0,0.0,0.0,0.0,21835.43668408961,0.0,62993.601651189136,-21835.43668408961,-4938.811914880993,0.0,0.0,0.0
7837,61,81533.508,18566.149300968,67782.31389010749,18566.149300968,1221.308,67782.31389010749,0.0,15611.363596498424,0.0,74.364,0.0,0.0,0.0,1851.4997499999972,23573.49053757392,0.0,85388.41766188436,-23573.49053757392,-4814.955191075482,0.0,0.0,0.0
7838,62,81313.91099,16443.10409742,65585.32281146751,16443.10409742,1221.308,65585.32281146751,0.0,15624.665144839342,0.0,74.364,0.0,0.0,0.0,3702.999499999998,21337.85256372689,0.0,105659.3775974249,-21337.85256372689,-714.5159188875114,0.0,0.0,0.0
7839,63,81441.16077,14470.714591185,55464.101775953495,14470.714591185,1221.308,55464.101775953495,593.212,15637.626146396551,16275.106020000043,74.364,0.0,0.0,0.0,5554.499249999999,27849.771013535086,0.0,132116.66006028323,-27849.771013535086,11506.344402861512,17.18867999999942,17.18867999999942,17.18867999999942
7840,64,82828.10455,13690.753010147,40358.593793800996,13690.753010147,1221.308,40358.593793800996,593.212,15648.084624611476,24264.890000000003,74.364,20.33999999999991,0.0,0.0,7405.999,20449.439878559468,0.0,151543.6279449147,-20449.439878559468,28778.757746052004,21.733320000000578,21.733320000000578,21.733320000000578
7841,65,86860.54474,10530.090359765001,17561.518505996995,10530.090359765001,1221.308,17561.518505996995,593.212,15661.410637068684,25028.690000000002,74.364,469.1080000000013,257.0,0.0,7405.999,0.0,8057.844237167608,143061.68664263302,8057.844237167608,58768.935874238,35.458,35.458,35.458
7842,66,91082.35389,9990.296401493,0.0,9990.296401493,1221.308,0.0,593.212,15674.727365409604,25028.690000000002,74.364,6403.014480267108,257.0,0.0,7405.999,0.0,24433.74264283026,117341.95754491696,24433.74264283026,81092.057488507,35.45800000000052,35.45800000000052,35.45800000000052
7843,67,89936.37482,10601.937155611002,0.0,10601.937155611002,1221.308,0.0,593.212,15684.932271901014,25028.690000000002,74.364,701.2043021787624,257.0,0.0,7405.999,0.0,28367.728090307817,87481.19113406661,28367.728090307817,79334.437664389,35.45800000000031,35.45800000000031,35.45800000000031
7844,68,87952.51559,12101.119446212,0.0,12101.119446212,1221.308,0.0,593.212,15698.210536519739,25028.690000000002,74.364,701.2,257.0,0.0,7405.999,0.0,24871.41260726697,61300.7568106277,24871.41260726697,75851.39614378799,35.45800000000027,35.45800000000027,35.45800000000027
7845,69,85569.60849,11972.025808905,0.0,11972.025808905,1221.308,0.0,593.212,15708.42467287315,25028.690000000002,74.364,701.2,257.0,0.0,7405.999,0.0,22607.385008220543,37503.50943355345,22607.385008220543,73597.582681095,35.45800000000041,35.45800000000041,35.45800000000041
7846,70,82169.0544,13903.903498598,0.0,13903.903498598,1221.308,0.0,593.212,15721.906259817864,25028.690000000002,74.364,701.2,257.0,0.0,7405.999,0.0,17261.47164158281,19333.53928451892,17261.47164158281,68265.150901402,35.45800000000021,35.45800000000021,35.45800000000021
7847,71,77767.238,15415.037503082001,0.0,15415.037503082001,1221.308,0.0,593.212,15734.83820327127,25028.690000000002,74.364,701.2,257.0,0.0,7405.999,0.0,11335.589293645382,7401.340028050097,11335.589293645382,62352.200496918,35.458,35.458,35.458
7848,72,73201.21956,16062.663544735999,0.0,16062.663544735999,1221.308,0.0,593.212,15745.36745929,25028.690000000002,74.364,701.2,257.0,0.0,7405.999,0.0,6111.415555974006,968.2710217616706,6111.415555974006,57138.556015263996,35.458,35.458,35.458
7849,73,69830.23919,18102.229005882997,0.0,18102.229005882997,1221.308,0.0,593.212,15758.471713443409,25028.690000000002,74.364,469.10800000000006,257.0,0.0,7405.999,0.0,919.8574706735872,0.0,919.8574706735872,51728.010184116996,35.45800000000024,35.45800000000024,35.45800000000024
7850,74,68090.15642,23681.180308885996,0.0,23681.180308885996,1221.308,0.0,593.212,15772.032173122325,22914.73043,74.364,20.339999999999982,0.0,0.0,7405.999,3593.00949200832,0.0,3413.3590174079045,-3593.00949200832,44408.976111114,17.18868,17.18868,17.18868
7851,75,67186.56849,25654.821956689004,0.0,25654.821956689004,1221.308,0.0,593.212,15781.970057279535,18957.960488164063,74.364,0.0,0.0,0.0,7405.999,2503.0670121326175,0.0,5791.27267893389,-2503.0670121326175,41531.746533311,17.18867999999976,17.18867999999976,17.18867999999976
7852,76,67374.87912,22366.185293853,0.0,22366.185293853,1221.308,0.0,593.212,15795.51666219446,19918.29416395252,74.364,0.0,0.0,0.0,7405.999,0.0,0.0,5791.272678933891,0.0,45008.693826147,17.18867999999979,17.18867999999979,17.18867999999979
7853,77,68247.8059,24030.557050121002,0.0,24030.557050121002,1221.308,0.0,593.212,15808.65984575167,19113.706004126587,74.364,0.0,0.0,0.0,7405.999,0.0,0.0,5791.272678933779,0.0,44217.248849879004,17.188679999999717,17.188679999999717,17.188679999999717
7854,78,70389.2867,18950.301606626002,0.0,18950.301606626002,1221.308,0.0,593.212,15819.212385492587,24452.49,74.364,36.160000000000004,257.0,0.0,7405.999,0.0,1579.2397078820468,4128.91509168934,1579.2397078820468,51438.985093373994,33.44188000000075,33.44188000000075,33.44188000000075
7855,79,72915.84359,18398.186155045998,722.638,18398.186155045998,1221.308,722.638,593.212,15832.017097849794,24452.49,74.364,36.16,257.0,0.0,7405.999,0.0,3922.469337104848,0.0,3922.469337104848,53795.019434954,33.44188000000166,33.44188000000166,33.44188000000166
7856,80,75790.76564,17641.815847192,20018.9047091195,17641.815847192,1221.308,20018.9047091195,593.212,15842.69555660272,14843.966277085772,74.364,0.0,0.0,0.0,5554.49924999999,0.0,0.0,0.0,0.0,38130.0450836885,17.188680000000222,17.188680000000222,17.188680000000222
7857,81,79028.57593,17625.261859049,43810.269344755,17625.261859049,1221.308,43810.269344755,0.0,15855.895641256131,0.0,74.364,0.0,0.0,0.0,3702.999499999979,3261.5224150601034,0.0,3098.446294307098,-3261.5224150601034,17593.044726196007,0.0,0.0,0.0
7858,82,81199.03789,18268.433660087,56784.1145063435,18268.433660087,1221.308,56784.1145063435,0.0,15868.92093740085,0.0,74.364,0.0,0.0,0.0,1851.4997499999681,12869.60296383265,0.0,15324.569109948116,-12869.60296383265,6146.4897235695025,0.0,0.0,0.0
7859,83,81488.35732,23531.899210211,64453.596037570496,23531.899210211,1221.308,64453.596037570496,0.0,15879.25289335426,0.0,74.364,0.0,0.0,0.0,0.0,23672.062821137246,0.0,37813.0287900285,-23672.062821137246,-6497.1379277814995,0.0,0.0,0.0
7860,84,81287.6946,29539.198903493998,67391.048656681,29539.198903493998,1221.308,67391.048656681,0.0,15892.616667972983,0.0,74.364,0.0,0.0,0.0,0.0,32830.841628149545,0.0,69002.32833677057,-32830.841628149545,-15642.552960174995,0.0,0.0,0.0
7861,85,80763.49505,29953.221895860996,67009.2965285925,29953.221895860996,1221.308,67009.2965285925,0.0,15905.838741726391,0.0,74.364,0.0,0.0,0.0,0.0,33400.53411617991,0.0,100732.83574714148,-33400.53411617991,-16199.0233744535,0.0,0.0,0.0
7862,86,80231.42678,28349.21429299,65000.97263411649,28349.21429299,1221.308,65000.97263411649,0.0,15915.973920071108,0.0,74.364,0.0,0.0,0.0,0.0,30330.406067177613,0.0,129546.72151096021,-30330.406067177613,-13118.760147106499,0.0,0.0,0.0
7863,87,80239.95014,25940.32840141,54766.640292403,25940.32840141,1221.308,54766.640292403,0.0,15929.46431526252,0.0,74.364,0.0,0.0,0.0,1851.4997500000009,19543.654619075514,0.0,148113.19339908194,-19543.654619075514,-467.0185538129954,0.0,0.0,0.0
7864,88,81510.757,22079.764807483996,39980.326404955,22079.764807483996,1221.308,39980.326404955,0.0,15942.492819677442,4599.942229512984,74.364,0.0,0.0,0.0,3702.9995000000017,6090.440761629427,0.0,153899.1121226299,-6090.440761629427,19450.665787561004,0.0,0.0,0.0
7865,89,85799.72548,20321.266744631,16707.2301585135,20321.266744631,1221.308,16707.2301585135,593.212,15953.097825434652,21970.46638951298,74.364,448.76799999996604,257.0,0.0,5554.499250000002,0.0,2698.513111907881,151058.57200483207,2698.513111907881,48771.228576855494,34.37736,34.37736,34.37736
7866,90,90470.32802,13473.267554589,0.0,13473.267554589,1221.308,0.0,593.212,15965.912292175572,25028.690000000002,74.364,701.2,257.0,0.0,7405.999,0.0,25749.375173235432,123953.9665593211,25749.375173235432,76997.060465411,35.45800000000065,35.45800000000065,35.45800000000065
7867,91,89677.67805,12483.471544562002,0.0,12483.471544562002,1221.308,0.0,593.212,15976.502117932778,25028.690000000002,74.364,701.2,257.0,0.0,7405.999,0.0,25935.93138750391,96652.98615142253,25935.93138750391,77194.206505438,35.458000000000176,35.458000000000176,35.458000000000176
7868,92,87968.95692,13706.631800533,0.0,13706.631800533,1221.308,0.0,593.212,15989.588993785705,25028.690000000002,74.364,701.2,257.0,0.0,7405.999,0.0,22990.96312567996,72451.97233491759,22990.96312567996,74262.325119467,35.45800000000015,35.45800000000015,35.45800000000015
7869,93,85693.407,11908.653755814,0.0,11908.653755814,1221.308,0.0,593.212,16003.162990077113,25028.690000000002,74.364,701.2,257.0,0.0,7405.999,0.0,22499.817254107602,48767.95417269932,22499.817254107602,73784.75324418601,35.458000000000055,35.458000000000055,35.458000000000055
7870,94,82474.70115,13156.664839833,0.0,13156.664839833,1221.308,0.0,593.212,16013.072159018033,25028.690000000002,74.364,701.2,257.0,0.0,7405.999,0.0,18023.191151147646,29796.174013596756,18023.191151147646,69318.036310167,35.458000000002144,35.458000000002144,35.458000000002144
7871,95,77829.10602,10315.558697289,0.0,10315.558697289,1221.308,0.0,593.212,16026.441353375241,25028.690000000002,74.364,701.2,257.0,0.0,7405.999,0.0,16205.332969334511,12737.928782718453,16205.332969334511,67513.547322711,35.45800000000246,35.45800000000246,35.45800000000246
7872,96,73433.3725,10010.932899826,0.0,10010.932899826,1221.308,0.0,593.212,16039.634256590167,25028.690000000002,74.364,701.2,257.0,0.0,7405.999,0.0,12101.032343582563,0.0,12101.032343582563,63422.439600173995,35.4580000000001,35.4580000000001,35.4580000000001
7873,1,70092.60877,9369.87199701,0.0,9369.87199701,1221.308,0.0,593.212,16049.949593247375,25028.690000000002,74.364,10092.214179742587,257.0,0.0,7405.999,0.0,0.0,0.0,0.0,60722.73677299001,35.458,35.458,35.458
7874,2,68345.47092,9328.192451425999,0.0,9328.192451425999,1221.308,0.0,593.212,16063.1576764623,25028.690000000002,74.364,8373.547792111669,257.0,0.0,7405.999,0.0,0.0,0.0,0.0,59017.278468574004,35.458,35.458,35.458
7875,3,67577.14636,9839.720954033,0.0,9839.720954033,1221.308,0.0,593.212,16076.488393945501,25028.690000000002,74.364,7080.364012021454,257.0,0.0,7405.999,0.0,0.0,0.0,0.0,57737.425405967,35.458,35.458,35.458
7876,4,67676.55071,10928.406944367,0.0,10928.406944367,1221.308,0.0,593.212,16086.917091098427,25028.690000000002,74.364,6080.653674534545,257.0,0.0,7405.999,0.0,0.0,0.0,0.0,56748.143765632994,35.457999999999686,35.457999999999686,35.457999999999686
7877,5,68365.76195,10347.706694802,0.0,10347.706694802,1221.308,0.0,593.212,16099.986746451836,25028.690000000002,74.364,7337.495508746139,257.0,0.0,7405.999,0.0,0.0,0.0,0.0,58018.055255198,35.45800000000031,35.45800000000031,35.45800000000031
7878,6,70579.9016,11064.873396227,0.0,11064.873396227,1221.308,0.0,593.212,16110.27435047056,25028.690000000002,74.364,8824.180853302432,257.0,0.0,7405.999,0.0,0.0,0.0,0.0,59515.028203773,35.45799999999999,35.45799999999999,35.45799999999999
7879,7,72761.73946,10380.148309525,609.0391000000001,10380.148309525,1221.308,609.0391000000001,593.212,16123.771229849963,25028.690000000002,74.364,11068.207820624988,257.0,0.0,7405.999,0.0,0.0,0.0,0.0,61772.552050474995,35.45800000000001,35.45800000000001,35.45800000000001
7880,8,75429.17197,10687.459400584,19288.4681517885,10687.459400584,1221.308,19288.4681517885,593.212,16136.979311668685,24264.890000000003,74.364,20.339999999999847,0.0,0.0,7405.998999999988,4263.847894041253,0.0,4050.6554993391906,-4263.847894041253,45453.24441762749,17.85108000000003,17.85108000000003,17.85108000000003
7881,9,78092.39922,9579.863498925,43638.0115082695,9579.863498925,1221.308,43638.0115082695,593.212,16147.151778822095,23688.689999999995,74.364,0.0,0.0,0.0,7405.999,24256.200566016585,0.0,27094.046037054948,-24256.200566016585,24874.52421280551,17.85107999999989,17.85107999999989,17.85107999999989
7882,10,80083.36732,13541.933094022,56961.5285023725,13541.933094022,1221.308,56961.5285023725,593.212,16160.415443775019,16606.724159999965,74.364,0.0,0.0,0.0,5554.499249999999,30630.617130169507,0.0,56193.13231071598,-30630.617130169507,9579.905723605509,17.851080000000017,17.851080000000017,17.851080000000017
7883,11,81004.98753,17107.276356397,64727.742724711,17107.276356397,1221.308,64727.742724711,0.0,16173.831671258224,0.0,74.364,0.0,0.0,0.0,3702.999499999998,22002.534722367243,0.0,77095.54029696486,-22002.534722367243,-830.0315511080044,3.2198400000002154,3.2198400000002154,3.2198400000002154
7884,12,81111.07105,17049.067401196,67823.92969019749,17049.067401194512,1221.308,67823.92969019749,0.0,16184.199927173147,0.0,74.364,0.0,0.0,0.0,1851.4997499999972,23093.29771856517,0.0,99034.17312960184,-23093.29771856517,-3761.9260413919983,0.0,0.0,0.0
7885,13,80627.54296,15042.120695323,67696.4080524185,15042.120695323,1221.308,67696.4080524185,0.0,16197.292870730358,0.0,74.364,0.0,0.0,0.0,0.0,19603.95065847158,0.0,117657.92625514984,-19603.95065847158,-2110.9857877414906,0.0,0.0,0.0
7886,14,80262.1436,17441.421590128004,65490.931022172,17441.42159012799,1221.308,65490.931022172,0.0,16210.383595545283,0.0,74.364,0.0,0.0,0.0,1851.4997500000004,22027.764357845346,0.0,138584.30239510295,-22027.764357845346,-2670.2090122999944,0.0,0.0,0.0
7887,15,80134.53212,19428.892591229,55249.904556917005,19428.892591229,1221.308,55249.904556917005,0.0,16220.973414028485,0.0,74.364,0.0,0.0,0.0,3702.999499999998,15763.909942174962,0.0,153560.01684016915,-15763.909942174962,5455.734971853999,0.0,0.0,0.0
7888,16,81844.93903,16995.916804775,40444.90550319551,16995.916804775,1221.308,40444.90550319551,348.123,16233.740847643412,7081.965840000001,74.364,0.0,0.0,0.0,5554.499249999999,6109.884215614621,0.0,159364.40684500305,-6109.884215614621,24404.11672202949,6.333539999999999,6.333539999999999,6.333539999999999
7889,17,87785.98467,13223.862491495,17297.6733888285,13223.862491495,1221.308,17297.6733888285,593.212,16244.310765034821,24452.49,74.364,7015.765024641681,257.0,0.0,7405.999,0.0,0.0,159364.40684500305,0.0,57264.4487896765,32.58846000000003,32.58846000000003,32.58846000000003
7890,18,94217.43366,8026.02925734,0.0,8026.02925734,1221.308,0.0,593.212,16257.627499253544,25028.690000000002,74.364,28779.1507846417,529.912,0.0,7405.999,0.0,6301.141118764715,152731.62671998754,6301.141118764715,86191.40440266,38.32754,38.32754,38.32754
7891,19,94183.86431,7880.070443720999,0.0,7880.070443720999,1221.308,0.0,593.212,16270.812285594462,25028.690000000002,74.364,34030.009,529.912,0.0,7405.999,0.0,1149.4875806845603,151521.63979295117,1149.4875806845603,86303.79386627901,38.32754000000001,38.32754000000001,38.32754000000001
7892,20,92791.56773,9026.41790301,0.0,9026.41790301,1221.308,0.0,593.212,16280.984751351672,25028.690000000002,74.364,24265.18216955891,257.0,0.0,7405.999,0.0,8638.409906079374,142428.57673392026,8638.409906079374,83765.14982698999,35.458,35.458,35.458
7893,21,89769.82167,7604.293544504,0.0,7604.293544504,1221.308,0.0,593.212,16294.216585366596,25028.690000000002,74.364,2934.7444095589044,257.0,0.0,7405.999,0.0,28355.994130570485,112580.16185963553,28355.994130570485,82165.528125496,35.45799999999974,35.45799999999974,35.45799999999974
7894,22,84614.78972,7156.522559825,0.0,7156.522559825,1221.308,0.0,593.212,16307.58577967301,25028.690000000002,74.364,701.2,257.0,0.0,7405.999,0.0,25868.908380451212,85349.73198547635,25868.908380451212,77458.267160175,35.45799999999964,35.45799999999964,35.45799999999964
7895,23,78620.92826,7106.121901611999,0.0,7106.121901611999,1221.308,0.0,593.212,16318.032899651931,25028.690000000002,74.364,20616.200458685264,257.0,0.0,7405.999,0.0,0.0,85349.73198547633,0.0,71514.806358388,35.45800000000006,35.45800000000006,35.45800000000006
7896,24,73875.99646,6346.858249090001,0.0,6346.858249090001,1221.308,0.0,593.212,16331.17288505613,25028.690000000002,74.364,4070.1692154448792,257.0,0.0,7405.999,0.0,12547.223110408995,72142.1287113616,12547.223110408995,67529.13821091,35.45800000000029,35.45800000000029,35.45800000000029
7897,25,71291.26076,6952.070755361001,0.0,6952.070755361001,1221.308,0.0,593.212,16344.357677274855,25028.690000000002,74.364,13414.259327364147,257.0,0.0,7405.999,0.0,0.0,72142.12871136173,0.0,64339.19000463901,35.45800000000001,35.45800000000001,35.45800000000001
7898,26,70043.09042,7235.466200248,0.0,7235.466200248,1221.308,0.0,593.212,16354.806395228265,25028.690000000002,74.364,11872.244824523697,257.0,0.0,7405.999,0.0,0.0,72142.12871136179,0.0,62807.62421975199,35.458000000000055,35.458000000000055,35.458000000000055
7899,27,69994.9426,8172.839802349001,0.0,8172.839802349001,1221.308,0.0,593.212,16367.897112769182,25028.690000000002,74.364,9263.97158877957,257.0,0.0,7405.999,0.0,1609.6610961022088,70447.74861020157,1609.6610961022088,61822.102797650994,35.45800000000001,35.45800000000001,35.45800000000001
7900,28,70997.9716,7996.660249393,0.0,7996.660249393,1221.308,0.0,593.212,16378.32980782639,25028.690000000002,74.364,12042.408542780579,257.0,0.0,7405.999,0.0,0.0,70447.74861020155,0.0,63001.31135060701,35.457999999999984,35.457999999999984,35.457999999999984
7901,29,74732.04245,6976.859305349,0.0,6976.859305349,1221.308,0.0,593.212,16391.381601841316,25028.690000000002,74.364,701.2,257.0,0.0,7405.999,0.0,16082.028542809665,53519.29751250717,16082.028542809665,67755.18314465099,35.4579999999999,35.4579999999999,35.4579999999999
7902,30,81662.82849,8046.951708285,0.0,8046.951708285,1221.308,0.0,593.212,16404.94748853273,25028.690000000002,74.364,701.2,257.0,0.0,7405.999,0.0,21929.156293182277,30435.97509863109,21929.156293182277,73615.876781715,35.45799973952555,35.45799973952555,35.45799973952555
7903,31,89350.13103,8333.924589823,405.1009,8333.924589823,1221.308,405.1009,593.212,16415.156196477445,25028.690000000002,74.364,701.2,257.0,0.0,7405.999,0.0,28914.176343699553,0.0,28914.176343699553,80611.105540177,35.45800026047445,35.45800026047445,35.45800026047445
7904,32,92845.34524,8702.033648954,18508.394603505,8702.033648954,1221.308,18508.394603505,593.212,16428.351781030855,25028.690000000002,74.364,14625.992206510127,257.0,0.0,7405.999,0.0,0.0,0.0,0.0,65634.91698754099,35.458,35.458,35.458
7905,33,93094.72503,10092.017092665,43265.5114014295,10092.017092665,1221.308,43265.5114014295,593.212,16441.522693749575,14905.667839999986,74.364,20.34,0.0,0.0,7405.999,925.2169978440554,0.0,878.9561479518526,-925.2169978440554,39737.196535905496,16.242599999999438,16.242599999999438,16.242599999999438
7906,34,92757.01874,7056.181503014001,56275.6592041785,7056.181503014001,1221.308,56275.6592041785,593.212,16452.151451702986,21319.98899999869,74.364,0.0,0.0,0.0,7405.999,17641.845418894183,0.0,17638.709295901324,-17641.845418894183,29425.178032807504,17.18867999999997,17.18867999999997,17.18867999999997
7907,35,91977.01418,6379.164902923001,64235.775297628,6379.164902923001,1221.308,64235.775297628,593.212,16464.926986247705,21319.989,74.364,0.0,0.0,0.0,7405.998999999999,25717.72500679871,0.0,42070.54805236011,-25717.72500679871,21362.073979448993,17.188679999999977,17.188679999999977,17.188679999999977
7908,36,91113.85169,8130.523492045,68316.44021150401,8130.523492045,1221.308,68316.44021150401,593.212,16478.492872939118,21319.98899999998,74.364,0.0,0.0,0.0,7405.999,32426.476886488097,0.0,72875.7010945238,-32426.476886488097,14666.88798645098,17.18868,17.18868,17.18868
7909,37,90360.85128,9644.108598493,67966.49789221601,9644.108598493,1221.308,67966.49789221601,593.212,16488.686409554044,21123.783735193894,74.364,0.0,0.0,0.0,7405.999,34157.10835545694,0.0,105324.95403220791,-34157.10835545694,12750.244789290999,17.18867999999999,17.18867999999999,17.18867999999999
7910,38,89894.98612,10497.868046101998,65750.2549487655,10497.868046101998,1221.308,65750.2549487655,593.212,16502.196713111247,21319.989,74.364,0.0,0.0,0.0,7405.999,33470.20558797888,0.0,137121.64934078784,-33470.20558797888,13646.863125132499,17.18867999999999,17.18867999999999,17.18867999999999
7911,39,89530.44924,10351.712149085,55572.0609471425,10351.712149085,1221.308,55572.0609471425,593.212,16512.162781752166,13310.92641,74.364,0.0,0.0,0.0,7405.999,15511.296047979682,0.0,151857.38058636853,-15511.296047979682,23606.676143772507,16.242599999999918,16.242599999999918,16.242599999999918
7912,40,90801.1707,9744.449806446999,40540.810857582,9744.449806446999,1221.308,40540.810857582,593.212,16525.516796109372,23246.348570000002,74.364,20.33999999999991,0.0,0.0,7405.999,8571.178330138402,0.0,160000.0,-8571.178330138402,40515.91003597101,18.13476000002331,18.13476000002331,18.13476000002331
7913,41,96255.48164,10829.234749439001,16766.286537274,10829.234749439001,1221.308,16766.286537274,593.212,16538.748630124304,25028.690000000002,74.364,17540.638723162672,257.0,0.0,7405.999,0.0,0.0,160000.0,0.0,68659.960353287,35.45800000000001,35.45800000000001,35.45800000000001
7914,42,102194.7359,8502.388902053,0.0,8502.388902053,1221.308,0.0,593.212,16549.212526681506,25028.690000000002,74.364,35407.99428,784.2180000000001,0.0,7405.999,0.0,6627.349191265309,153023.84295656285,6627.349191265309,93692.346997947,39.057220000000065,39.057220000000065,39.057220000000065
7915,43,101919.8085,7631.00365066,0.0,7631.00365066,1221.308,0.0,593.212,16562.184753560425,25028.690000000002,74.364,34030.009,529.912,0.0,7405.999,0.0,8843.126095779357,143715.28917153194,8843.126095779357,94288.80484934,38.32754000000014,38.32754000000014,38.32754000000014
7916,44,100050.3332,7221.176252003,0.0,7221.176252003,1221.308,0.0,593.212,16575.45516821384,25028.690000000002,74.364,34030.009,529.912,0.0,7405.999,0.0,7370.207779783128,135957.17571912863,7370.207779783128,92829.15694799699,38.327540000000006,38.327540000000006,38.327540000000006
7917,45,96678.95081,8563.641604266,0.0,8563.641604266,1221.308,0.0,593.212,16585.923676966762,25028.690000000002,74.364,34030.009,529.912,0.0,7405.999,0.0,2645.891528767229,133172.0267414789,2645.891528767229,88115.309205734,38.32754000000004,38.32754000000004,38.32754000000004
7918,46,90993.36882,10450.137092382,0.0,10450.137092382,1221.308,0.0,593.212,16599.02792972397,25028.690000000002,74.364,17314.9202047628,257.0,0.0,7405.999,0.0,12048.710593131156,120489.1734855514,12048.710593131156,80543.231727618,35.458,35.458,35.458
7919,47,83857.39272,11071.530694238,0.0,11071.530694238,1221.308,0.0,593.212,16612.256556864886,25028.690000000002,74.364,21593.03246889711,257.0,0.0,7405.999,0.0,0.0,120489.1734855514,0.0,72785.862025762,35.458,35.458,35.458
7920,48,78152.79225,11840.039391674,0.0,11840.039391674,1221.308,0.0,593.212,16622.447402222097,25028.690000000002,74.364,701.2,257.0,0.0,7405.999,0.0,14408.53245610392,105322.29721596833,14408.53245610392,66312.752858326,35.45800000000002,35.45800000000002,35.45800000000002
7921,49,74874.05855,11381.980301763,0.0,11381.980301763,1221.308,0.0,593.212,16635.968938375023,25028.690000000002,74.364,12275.536309861956,257.0,0.0,7405.999,0.0,0.0,105322.29721596838,0.0,63492.078248237,35.458,35.458,35.458
7922,50,73196.01131,11102.349802841001,0.0,11102.349802841001,1221.308,0.0,593.212,16645.987474428428,25028.690000000002,74.364,701.2,257.0,0.0,7405.999,0.0,10165.901032730704,94621.34876046238,10165.901032730704,62093.661507159,35.458,35.458,35.458
7923,51,72738.11553,10135.286195835999,0.0,10135.286195835999,1221.308,0.0,593.212,16659.49235097315,25028.690000000002,74.364,11362.763983190844,257.0,0.0,7405.999,0.0,0.0,94621.34876046238,0.0,62602.829334163995,35.458,35.458,35.458
7924,52,73561.48057,11335.315398498,0.0,11335.315398498,1221.308,0.0,593.212,16672.57331552656,25028.690000000002,74.364,10973.01885597543,257.0,0.0,7405.999,0.0,0.0,94621.34876046238,0.0,62226.165171502,35.45800000000003,35.45800000000003,35.45800000000003
7925,53,76863.6663,12850.197954924,0.0,12850.197954924,1221.308,0.0,593.212,16682.984751945285,25028.690000000002,74.364,12749.910593130713,257.0,0.0,7405.999,0.0,0.0,94621.34876046238,0.0,64013.468345076,35.458,35.458,35.458
7926,54,83745.49899,12550.437597363,0.0,12550.437597363,1221.308,0.0,593.212,16695.9927952987,25028.690000000002,74.364,701.2,257.0,0.0,7405.999,0.0,19217.295597338296,74392.61655273786,19217.295597338296,71195.061392637,35.458,35.458,35.458
7927,55,90775.10275,12730.155452751998,492.03220000000005,12730.155452751998,1221.308,492.03220000000005,593.212,16709.398282343413,25028.690000000002,74.364,701.2,257.0,0.0,7405.999,0.0,25561.7438149046,47485.51780020671,25561.7438149046,77552.915097248,35.458,35.458,35.458
7928,56,93493.76326,11784.520553792001,13852.734604918,11784.520553792001,1221.308,13852.734604918,593.212,16719.83239923482,25028.690000000002,74.364,469.1080000000013,257.0,0.0,7405.999,0.0,16086.994702055188,30551.839166464397,16086.994702055188,67856.50810129,35.45800000000001,35.45800000000001,35.45800000000001
7929,57,93354.32033,9771.398092267,35357.874891102,9771.398092267,1221.308,35357.874891102,593.212,16733.157705649744,24264.890000000003,74.364,20.34000000000001,0.0,0.0,7405.999,2088.223359018757,0.0,32535.65135753221,-2088.223359018757,48225.047346631,17.85108,17.85108,17.85108
7930,58,92890.56654,8374.83559414,44609.48018773101,8374.83559414,1221.308,44609.48018773101,593.212,16746.14199680695,23688.68999999998,74.364,0.0,0.0,0.0,7405.999,9823.464238677923,0.0,41867.94238427623,-9823.464238677923,39906.250758129,17.851079999999534,17.851079999999534,17.851079999999534
7931,59,92336.19171,8965.216456326998,51278.58599471449,8965.216456326998,1221.308,51278.58599471449,593.212,16756.53013774787,23688.690000000002,74.364,0.0,0.0,0.0,7405.999,17647.71387878938,0.0,58633.270569126136,-17647.71387878938,32092.389258958516,17.851080000030162,17.851080000030162,17.851080000030162
7932,60,91399.80072,11524.367653767,51750.393122861504,11524.367653767,1221.308,51750.393122861504,593.212,16769.87943980508,23688.690000000002,74.364,0.0,0.0,0.0,7405.999,21628.412496433575,0.0,79180.26244073804,-21628.412496433575,28125.0399433715,17.851080000029945,17.851080000029945,17.851080000029945
7933,61,90822.87902,12007.239038877,50993.502190554,12007.239038877,1221.308,50993.502190554,593.212,16780.314628420005,23688.689999999726,74.364,0.0,0.0,0.0,7405.999,21941.749837850737,0.0,100024.92478669624,-21941.749837850737,27822.137790568995,17.851079999999957,17.851079999999957,17.851079999999957
7934,62,90457.01447,15598.948951905,45030.7539011615,15598.948952001001,1221.308,45030.7539011615,593.212,16793.377792311414,23688.68999990399,74.364,0.0,0.0,0.0,7405.999,19949.63917537791,0.0,118977.08200330526,-19949.63917537791,29827.311616837498,17.851080000000014,17.851080000000014,17.851080000000014
7935,63,90189.64339,14955.888951582001,37123.620205873,14955.888951582001,1221.308,37123.620205873,593.212,16806.656049656132,24264.890000000003,74.364,0.0,0.0,0.0,7405.999,12256.29481711113,0.0,130620.56207956083,-12256.29481711113,38110.134232544995,17.851079999999936,17.851079999999936,17.851079999999936
7936,64,91223.44144,12277.866694920001,27960.214753172997,12277.866694920001,1221.308,27960.214753172997,593.212,16817.05833560954,25028.690000000002,74.364,268.2519999999997,257.0,0.0,7405.999,680.5233437025314,0.0,131267.05925607824,-680.5233437025314,50985.359991907,33.17708000000003,33.17708000000003,33.17708000000003
7937,65,96667.53521,8394.339649307,7823.479549943999,8394.339649307,1221.308,7823.479549943999,593.212,16830.098819028266,25028.690000000002,74.364,22031.63776,529.912,0.0,7405.999,0.0,6734.49443172072,124178.1177490038,6734.49443172072,80449.716010749,37.73892000000003,37.73892000000003,37.73892000000003
7938,66,102107.8449,4452.023693586,0.0,4452.023693585999,1221.308,0.0,593.212,16843.283723681674,25028.690000000002,74.364,35407.99428,529.912,0.0,7405.999,0.0,10551.058202732278,113071.7406934961,10551.058202732278,97655.821206414,38.90939999999936,38.90939999999936,38.90939999999936
7939,67,101685.3873,4761.629356904999,0.0,4761.629356904999,1221.308,0.0,593.212,16853.88330242639,25028.690000000002,74.364,34030.009,529.912,0.0,7405.999,0.0,11186.3806406686,101296.60317700283,11186.3806406686,96923.757943095,38.327540000000056,38.327540000000056,38.327540000000056
7940,68,99854.26735,5204.537402366,0.0,5204.537402366,1221.308,0.0,593.212,16866.9794469798,25028.690000000002,74.364,34030.009,529.912,0.0,7405.999,0.0,8899.256500654134,91928.96475526164,8899.256500654134,94649.729947634,38.32754,38.32754,38.32754
7941,69,96384.21617,6200.159154718,0.0,6200.159154718,1221.308,0.0,593.212,16879.97497073273,25028.690000000002,74.364,34030.009,529.912,0.0,7405.999,0.0,4420.58804454928,87275.71418205187,4420.58804454928,90184.057015282,38.32753999999997,38.32753999999997,38.32753999999997
7942,70,90631.74939,5985.765405628001,0.0,5985.765405628001,1221.308,0.0,593.212,16890.415577689942,25028.690000000002,74.364,17832.194147221006,257.0,0.0,7405.999,0.0,15342.801259461014,71125.39706682974,15342.801259461014,84645.983984372,35.45800000000001,35.45800000000001,35.45800000000001
7943,71,83725.70616,7985.041797987,0.0,7985.041797987,1221.308,0.0,593.212,16903.774634130856,25028.690000000002,74.364,17251.412734762438,257.0,0.0,7405.999,0.0,7004.90399311969,63751.81391617744,7004.90399311969,75740.664362013,35.45800000000002,35.45800000000002,35.45800000000002
7944,72,78022.25597,8428.886209068001,0.0,8428.886209068001,1221.308,0.0,593.212,16914.20006108806,25028.690000000002,74.364,701.2,257.0,0.0,7405.999,0.0,17397.39669984393,45438.76475844699,17397.39669984393,69593.369760932,35.45800000000001,35.45800000000001,35.45800000000001
7945,73,74738.94681,8290.245593069998,0.0,8290.245593069998,1221.308,0.0,593.212,16927.13189350299,25028.690000000002,74.364,14940.996323427004,257.0,0.0,7405.999,0.0,0.0,45438.76475844707,0.0,66448.70121693,35.45800000000001,35.45800000000001,35.45800000000001
7946,74,72820.93499,9248.836153385,0.0,9248.836153385,1221.308,0.0,593.212,16940.509658660198,25028.690000000002,74.364,12051.01617795479,257.0,0.0,7405.999,0.0,0.0,45438.764758447076,0.0,63572.098836615,35.45800000000032,35.45800000000032,35.45800000000032
7947,75,72726.65484,9824.512352396,0.0,9824.512352396,1221.308,0.0,593.212,16950.891308139115,25028.690000000002,74.364,11370.678179464863,257.0,0.0,7405.999,0.0,0.0,45438.764758447076,0.0,62902.142487604004,35.458,35.458,35.458
7948,76,73345.4498,10257.563445041002,0.0,10257.563445041002,1221.308,0.0,593.212,16964.364443992523,25028.690000000002,74.364,11542.94891096645,257.0,0.0,7405.999,0.0,0.0,45438.764758447076,0.0,63087.886354959,35.458,35.458,35.458
7949,77,76411.88185,10974.283294440998,0.0,10974.283294440998,1221.308,0.0,593.212,16977.30484581125,25028.690000000002,74.364,13879.720709747737,257.0,0.0,7405.999,0.0,0.0,45438.764758447214,0.0,65437.59855555901,35.458,35.458,35.458
7950,78,82869.01426,13937.579995725002,0.0,13937.579995725002,1221.308,0.0,593.212,16987.76874376466,25028.690000000002,74.364,701.2,257.0,0.0,7405.999,0.0,16661.892520510326,27899.93052633108,16661.892520510326,68931.434264275,35.458,35.458,35.458
7951,79,89775.96557,10463.995641276,524.3094,10463.995641276,1221.308,524.3094,593.212,17000.95352870938,25028.690000000002,74.364,701.2,257.0,0.0,7405.999,0.0,26504.934000014662,0.0,26504.934000014662,78787.660528724,35.457999999999984,35.457999999999984,35.457999999999984
7952,80,92939.86203,12224.011261058002,13388.794290493,12224.011261058002,1221.308,13388.794290493,593.212,17011.125995862785,25028.690000000002,74.364,15735.357482586222,257.0,0.0,7405.999,0.0,0.0,0.0,0.0,67327.05647844901,35.45800000000001,35.45800000000001,35.45800000000001
7953,81,93167.73433,12496.2156001,33806.6741497685,12496.2156001,1221.308,33806.6741497685,593.212,17024.216719281507,24264.890000000003,74.364,20.339999999999986,0.0,0.0,7405.999,3739.485139149992,0.0,3552.510882192495,-3739.485139149992,46864.84458013151,17.851080000000017,17.851080000000017,17.851080000000017
7954,82,93314.73179,17071.962790829,46002.510541557494,17071.962790829,1221.308,46002.510541557494,593.212,17037.90983567292,23688.690000000002,74.364,0.0,0.0,0.0,7405.999,19781.22437805938,0.0,22344.674041348906,-19781.22437805938,30240.258457613512,17.85108000005345,17.85108000005345,17.85108000005345
7955,83,93309.12261,19408.563697872,53360.031316354,19408.563697872,1221.308,53360.031316354,593.212,17048.03303501384,23688.689999999304,74.364,0.0,0.0,0.0,7405.999,29491.07843923917,0.0,50361.198558626114,-29491.07843923917,20540.52759577401,17.851079999999968,17.851079999999968,17.851079999999968
7956,84,92665.47433,22742.521945290006,59119.124441824504,22742.521945290006,1221.308,59119.124441824504,593.212,17061.314128171045,16606.72416000004,74.364,0.0,0.0,0.0,7405.999,32159.09334528558,0.0,80912.3372366474,-32159.09334528558,10803.827942885488,17.85108,17.85108,17.85108
7957,85,92130.1644,26486.873347765002,58646.578164392,26486.873347765002,1221.308,58646.578164392,0.0,17074.381102185973,0.0,74.364,0.0,0.0,0.0,5554.499250000003,16927.839464342982,0.0,96993.78472777327,-16927.839464342982,6996.712887843001,1.609919999999999,1.609919999999999,1.609919999999999
7958,86,92009.99255,31473.728343863004,55053.32729824851,31473.728343863004,1221.308,55053.32729824851,0.0,17084.947638343183,0.0,74.364,0.0,0.0,0.0,5554.499250000002,18452.18198045469,0.0,114523.35760920522,-18452.18198045469,5482.936907888485,1.6099200000000558,1.6099200000000558,1.6099200000000558
7959,87,91682.59004,30176.176292615997,46040.563635384504,30176.176292615997,1221.308,46040.563635384504,593.212,17098.165585584098,16606.72415999845,74.364,0.0,0.0,0.0,7405.999,27533.922633583996,0.0,140680.58411111002,-27533.922633583996,15465.85011199949,17.85107999999996,17.85107999999996,17.85107999999996
7960,88,92783.8742,26568.335151395,35040.4362943435,26568.335151395,1221.308,35040.4362943435,593.212,17111.455221475506,24264.890000000003,74.364,20.339999999999918,0.0,0.0,7405.999,19516.46546721391,0.0,159221.22630496323,-19516.46546721391,31175.102754261505,17.85108000000001,17.85108000000001,17.85108000000001
7961,89,97333.24073,16931.064554842,14579.567123526002,16931.064554842,1221.308,14579.567123526002,593.212,17121.601716294233,25028.690000000002,74.364,469.10800000000006,257.0,0.0,7405.999,0.0,13651.326335337766,144851.40910987084,13651.326335337766,65822.609051632,35.45800000000003,35.45800000000003,35.45800000000003
7962,90,102044.2042,14654.591592144003,0.0,14654.591592144003,1221.308,0.0,593.212,17135.13577204764,25028.690000000002,74.364,701.2,257.0,0.0,7405.999,0.0,34972.70383580836,108038.0366511252,34972.70383580836,87389.61260785599,35.458,35.458,35.458
7963,91,101333.6119,17054.045245622,0.0,17054.045245622,1221.308,0.0,593.212,17145.297439592356,25028.690000000002,74.364,19098.837559778538,257.0,0.0,7405.999,0.0,13454.858655007094,93875.02754059143,13454.858655007094,84279.566654378,35.458,35.458,35.458
7964,92,99008.60252,17206.218559841,0.0,17206.218559841,1221.308,0.0,593.212,17158.596964245764,25028.690000000002,74.364,22031.63775999998,257.0,0.0,7405.999,0.0,8031.576235913231,85420.73676594591,8031.576235913231,81802.383960159,35.458,35.458,35.458
7965,93,95695.69066,14373.955748933,0.0,14373.955748933,1221.308,0.0,593.212,17171.663936864494,25028.690000000002,74.364,701.2,257.0,0.0,7405.999,0.0,28868.297974202495,55033.05468783803,28868.297974202495,81321.73491106699,35.458,35.458,35.458
7966,94,89917.57574,14583.498906040002,0.0,14583.498906040002,1221.308,0.0,593.212,17182.098946555907,25028.690000000002,74.364,701.2,257.0,0.0,7405.999,0.0,22870.204887404114,30959.154806360013,22870.204887404114,75334.07683396,35.458,35.458,35.458
7967,95,82767.43374,11336.693894864999,0.0,11336.693894864999,1221.308,0.0,593.212,17195.36260423482,25028.690000000002,74.364,701.2,257.0,0.0,7405.999,0.0,18953.604240900186,11007.992447517712,18953.604240900186,71430.73984513499,35.458,35.458,35.458
7968,96,76996.88991,14049.318297270001,0.0,14049.318297270001,1221.308,0.0,593.212,17208.20578758823,25028.690000000002,74.364,701.2,257.0,0.0,7405.999,0.0,10457.592825141826,0.0,10457.592825141826,62947.57161273,35.457999999999885,35.457999999999885,35.457999999999885
7969,1,73916.0509,15845.303796517,0.0,15845.303796517,1221.308,0.0,593.212,17218.766905403158,25028.690000000002,74.364,6271.407198079839,257.0,0.0,7405.999,0.0,0.0,0.0,0.0,58070.747103483,35.45799999999984,35.45799999999984,35.45799999999984
7970,2,72037.44756,14171.911542783,0.0,14171.911542783,1221.308,0.0,593.212,17231.990278260368,25028.690000000002,74.364,6052.9727389554455,257.0,0.0,7405.999,0.0,0.0,0.0,0.0,57865.536017217004,35.457999999999615,35.457999999999615,35.457999999999615
7971,3,71190.24674,15518.403742207,0.0,15518.403742207,1221.308,0.0,593.212,17245.148575401283,25028.690000000002,74.364,3846.121422390438,257.0,0.0,7405.999,0.0,0.0,0.0,0.0,55671.842997793006,35.45799999999953,35.45799999999953,35.45799999999953
7972,4,71762.45763,15243.250208875,0.0,15243.250208875,1221.308,0.0,593.212,17255.394570758486,25028.690000000002,74.364,4683.239850366514,257.0,0.0,7405.999,0.0,0.0,0.0,0.0,56519.207421125,35.45799999999949,35.45799999999949,35.45799999999949
7973,5,74768.73923,15756.869992365,0.0,15756.869992365,1221.308,0.0,593.212,17268.907997311417,25028.690000000002,74.364,7162.388240323562,257.0,0.0,7405.999,0.0,0.0,0.0,0.0,59011.86923763501,35.45799999999981,35.45799999999981,35.45799999999981
7974,6,80983.71318,16862.865403721,0.0,16862.865403721,1221.308,0.0,593.212,17279.122133664823,25028.690000000002,74.364,12261.152642614144,257.0,0.0,7405.999,0.0,0.0,0.0,0.0,64120.847776279006,35.45799999999956,35.45799999999956,35.45799999999956
7975,7,87484.11662,20670.516692441,469.8157,20670.516692441,1221.308,469.8157,593.212,17292.39247910954,25028.690000000002,74.364,14470.818748448073,257.0,0.0,7405.999,0.0,0.0,0.0,0.0,66343.784227559,35.457999999999686,35.457999999999686,35.457999999999686
7976,8,90275.62329,21893.055795046996,10774.491062216,21893.055795046996,1221.308,10774.491062216,593.212,17305.53566406295,25028.690000000002,74.364,5721.967768672468,257.0,0.0,7405.999,0.0,0.0,0.0,0.0,57608.076432737005,35.458000000000155,35.458000000000155,35.458000000000155
7977,9,90448.68643,24509.2407473,30225.3687924345,24509.2407473,1221.308,30225.3687924345,593.212,17316.08820968168,24264.890000000003,74.364,20.340000000000003,0.0,0.0,7405.999,15182.124319416364,0.0,14423.018103445527,-15182.124319416364,35714.076890265496,18.513480000088965,18.513480000088965,18.513480000088965
7978,10,90889.63481,25051.082946015,42881.253109711506,25051.082946015,1221.308,42881.253109711506,593.212,17329.169174235085,22338.53043,74.364,0.0,0.0,0.0,7405.999,26005.283849961514,0.0,39128.03776090896,-26005.283849961514,22957.2987542735,17.188679999999966,17.188679999999966,17.188679999999966
7979,11,90982.47408,32299.085593276002,48031.934748845495,32299.085593276002,1221.308,48031.934748845495,593.212,17342.256690779803,15256.564589999922,74.364,0.0,0.0,0.0,7405.999,31242.25054289912,0.0,68808.17577666312,-31242.25054289912,10651.453737878503,17.18868000000001,17.18868000000001,17.18868000000001
7980,12,90566.63448,37082.017544373004,51125.915941006504,37082.017544373004,1221.308,51125.915941006504,0.0,17352.771458171213,0.0,74.364,0.0,0.0,0.0,5554.49925,21844.24171354665,0.0,89560.20540453224,-21844.24171354665,2358.7009946204853,0.0,0.0,0.0
7981,13,90178.27598,31385.592790130002,50248.65839570601,31385.592790130002,1221.308,50248.65839570601,593.212,17366.073013786136,28.5,74.364,0.0,0.0,0.0,7405.999,18145.431219622154,0.0,106798.36506317608,-18145.431219622154,8544.024794163997,12.002819999999817,12.002819999999817,12.002819999999817
7982,14,89873.94336,32246.71920501,49097.0989542185,32246.71920501,1221.308,49097.0989542185,0.0,17379.35730654335,0.0,74.364,0.0,0.0,0.0,5554.49925,15699.403355771836,0.0,121712.79825115933,-15699.403355771836,8530.125200771508,1.6099204992796534,1.6099204992796534,1.6099204992796534
7983,15,89725.67727,29271.076293744998,41375.0586462035,29271.076293744998,1221.308,41375.0586462035,593.212,17389.492486284264,16606.72415999998,74.364,0.0,0.0,0.0,7405.999,24211.55731623278,0.0,144713.77770158046,-24211.55731623278,19079.542330051503,17.85107999999993,17.85107999999993,17.85107999999993
7984,16,91058.56862,28890.469160209,28569.4681075265,28890.469160209,1221.308,28569.4681075265,593.212,17402.714558641474,22914.730429999978,74.364,20.33999999999999,0.0,0.0,7405.999,16034.036636376972,0.0,159946.1125061386,-16034.036636376972,33598.63135226451,17.188679999999803,17.188679999999803,17.188679999999803
7985,17,96106.1579,26001.585196257,8548.6532233085,26001.585196257,1221.308,8548.6532233085,593.212,17413.125996456398,25028.690000000002,74.364,9562.220483978097,257.0,0.0,7405.999,0.0,0.0,159946.1125061386,0.0,61555.9194804345,35.45800000000008,35.45800000000008,35.45800000000008
7986,18,100466.259,22223.577295347,0.0,22223.577295347,1221.308,0.0,593.212,17426.324960847807,25028.690000000002,74.364,22031.637759999958,257.0,0.0,7405.999,0.0,4204.145983805207,155520.69568108048,4204.145983805207,78242.681704653,35.45799999999977,35.45799999999977,35.45799999999977
7987,19,99658.73482,17665.642704287,0.0,17665.642704287,1221.308,0.0,593.212,17439.618398192524,25028.690000000002,74.364,701.2,257.0,0.0,7405.999,0.0,29271.70071752046,124708.37913632211,29271.70071752046,81993.09211571299,35.45799999999974,35.45799999999974,35.45799999999974
7988,20,97791.43688,16126.054308925999,0.0,16126.054308925999,1221.308,0.0,593.212,17449.973643745932,25028.690000000002,74.364,701.2,257.0,0.0,7405.999,0.0,28933.63592732804,94251.92026545049,28933.63592732804,81665.38257107399,35.4580000000004,35.4580000000004,35.4580000000004
7989,21,94373.83698,13285.232246421001,0.0,13285.232246421001,1221.308,0.0,593.212,17463.29894876466,25028.690000000002,74.364,701.2,257.0,0.0,7405.999,0.0,28343.532784814302,64416.62259722491,28343.532784814302,81088.60473357899,35.457999999999586,35.457999999999586,35.457999999999586
7990,22,88701.3303,14595.83160379,0.0,14595.83160379,1221.308,0.0,593.212,17476.283241318066,25028.690000000002,74.364,701.2,257.0,0.0,7405.999,0.0,21347.442454891934,41945.630539443926,21347.442454891934,74105.49869621001,35.45799999999954,35.45799999999954,35.45799999999954
7991,23,81941.71195,18928.061497895997,0.0,18928.061497895997,1221.308,0.0,593.212,17486.775320962788,25028.690000000002,74.364,701.2,257.0,0.0,7405.999,0.0,10245.10213114121,31161.3125066637,10245.10213114121,63013.650452104004,35.45799999999957,35.45799999999957,35.45799999999957
7992,24,75962.6472,14535.949747201,0.0,14535.949747201,1221.308,0.0,593.212,17499.926615516193,25028.690000000002,74.364,701.2,257.0,0.0,7405.999,0.0,8644.997837282832,22061.314783208087,8644.997837282832,61426.69745279901,35.45799999999983,35.45799999999983,35.45799999999983
7993,25,72541.78872,12900.258539807,0.0,12900.258539807,1221.308,0.0,593.212,17513.19028046912,25028.690000000002,74.364,701.2,257.0,0.0,7405.999,0.0,6846.5668997240355,14854.402257182794,6846.5668997240355,59641.530180192996,35.45799999999939,35.45799999999939,35.45799999999939
7994,26,70580.20086,19281.644545369,0.0,19281.644545369,1221.308,0.0,593.212,17523.37792622633,25028.690000000002,74.364,268.252,257.0,0.0,7405.999,1073.646611594557,0.0,15874.366538197623,-1073.646611594557,51298.556314631,33.17708000000046,33.17708000000046,33.17708000000046
7995,27,70116.57531,20855.815006666002,0.0,20855.815006666002,1221.308,0.0,593.212,17536.57082216725,24264.8899999975,74.364,0.0,0.0,0.0,7405.999,1835.583518832873,0.0,17618.170881088852,-1835.583518832873,49260.760303334,17.85107999999934,17.85107999999934,17.85107999999934
7996,28,70790.3523,22105.291557613,0.0,22105.291557613,1221.308,0.0,593.212,17547.162409624456,24264.890000000003,74.364,20.339999999999947,0.0,0.0,7405.999,2442.2146672381614,0.0,19938.274814965105,-2442.2146672381614,48685.060742386995,17.851080000000856,17.851080000000856,17.851080000000856
7997,29,73606.38307,21141.642643057,0.0,21141.642643057,1221.308,0.0,593.212,17560.37049283938,25028.690000000002,74.364,323.7969341035971,257.0,0.0,7405.999,0.0,0.0,19938.274814965105,0.0,52464.740426943,33.44187999999966,33.44187999999966,33.44187999999966
7998,30,79130.00301,24631.591503213,0.0,24631.591503213,1221.308,0.0,593.212,17573.42496679659,25028.690000000002,74.364,2344.413539990392,257.0,0.0,7405.999,0.0,0.0,19938.274814965105,0.0,54498.411506787,35.45799999999957,35.45799999999957,35.45799999999957
7999,31,85729.21753,20752.189443308,468.56139999999994,20752.189443308,1221.308,468.56139999999994,593.212,17583.853656675514,25028.690000000002,74.364,8094.3716639876975,257.0,0.0,7405.999,0.0,4249.668366028758,15464.939692829572,4249.668366028758,64508.466686691994,35.45800000000031,35.45800000000031,35.45800000000031
8000,32,89455.1311,13662.294991133,8454.262837850001,13662.294991133,1221.308,8454.262837850001,593.212,17597.199562828915,25028.690000000002,74.364,469.1079999999999,257.0,0.0,7405.999,0.0,14691.692708188086,0.0,14691.692708188086,67338.573271017,35.45799999999976,35.45799999999976,35.45799999999976
8001,33,90211.40033,13620.269810019001,25265.9617058605,13620.269810019001,1221.308,25265.9617058605,593.212,17610.11621384764,24399.82960027285,74.364,20.340000000000003,0.0,0.0,7405.999,0.0,0.0,0.0,0.0,51325.1688141205,25.514080000000078,25.514080000000078,25.514080000000078
8002,34,90696.04019,22868.018154643,35385.365795717,22868.018154643,1221.308,35385.365795717,593.212,17620.707802701054,22338.530430000003,74.364,0.0,0.0,0.0,7405.999,16811.46499306107,0.0,15970.891743408229,-16811.46499306107,32442.656239640004,17.18867999999996,17.18867999999996,17.18867999999996
8003,35,90953.53818,27622.499797965003,40766.393790016,27622.499797965003,1221.308,40766.393790016,593.212,17633.91587724577,15197.218941265142,74.364,0.0,0.0,0.0,7405.999,19561.373226491934,0.0,34554.19630857561,-19561.373226491934,22564.644592018994,17.18868000000002,17.18868000000002,17.18868000000002
8004,36,90701.38234,33927.347253439,40200.569792259506,33927.347253439,1221.308,40200.569792259506,0.0,17647.26989299918,0.0,74.364,0.0,0.0,0.0,5554.49924999999,7923.975848697686,0.0,42081.973364838406,-7923.975848697686,16573.465294301488,0.0,0.0,0.0
8005,37,89979.69533,31329.204807935,38374.0254982145,31329.204807935,1221.308,38374.0254982145,593.212,17657.2731366179,7247.502,74.364,0.0,0.0,0.0,7405.999,13923.19311276736,0.0,55309.006821967596,-13923.19311276736,20276.465023850506,16.242599999999864,16.242599999999864,16.242599999999864
8006,38,89244.01722,36970.69240585,35535.723969098,36970.69240585,1221.308,35535.723969098,593.212,17670.75306410931,15278.06459000004,74.364,0.0,0.0,0.0,7405.999,25506.099809057458,0.0,79539.8016405722,-25506.099809057458,16737.600845051995,17.188679999999827,17.188679999999827,17.188679999999827
8007,39,88569.27149,39543.22049097299,28575.548173954,39543.22049097299,1221.308,28575.548173954,593.212,17680.995383550227,21319.989,74.364,0.0,0.0,0.0,7405.999,27845.36455847724,0.0,105992.89797112558,-27845.36455847724,20450.502825073007,17.188680000020852,17.188680000020852,17.188680000020852
8008,40,89375.47959,35620.372600694,19405.582150689,35620.372600694,1221.308,19405.582150689,593.212,17694.50568710744,22338.530430000024,74.364,0.0,0.0,0.0,7405.999,14978.394278490472,0.0,120222.37253569464,-14978.394278490472,34349.524838617006,17.188679999999824,17.188679999999824,17.188679999999824
8009,41,93747.24043,32289.567610371,8019.0823483935,32289.567610371,1221.308,8019.0823483935,593.212,17707.304981122365,24452.49,74.364,36.160000000000004,0.0,0.0,7405.999,0.0,1947.7524901131435,118172.10675662817,1947.7524901131435,53438.590471235504,30.763720000000674,30.763720000000674,30.763720000000674
8010,42,97172.08598,22249.341543262002,0.0,22249.341543262002,1221.308,0.0,593.212,17717.90998687958,25028.690000000002,74.364,469.10800000000006,257.0,0.0,7405.999,0.0,22155.153449858426,94850.89259888246,22155.153449858426,74922.744436738,35.458000000000204,35.458000000000204,35.458000000000204
8011,43,95745.44363,18359.515204658,0.0,18359.515204658,1221.308,0.0,593.212,17730.95366402049,25028.690000000002,74.364,701.2,257.0,0.0,7405.999,0.0,24373.201761320128,69194.89074486127,24373.201761320128,77385.92842534199,35.45800000000008,35.45800000000008,35.45800000000008
8012,44,93567.13429,20173.163006786,0.0,20173.163006786,1221.308,0.0,593.212,17744.6786408119,25028.690000000002,74.364,701.2,257.0,0.0,7405.999,0.0,20367.519642400704,47755.396384439475,20367.519642400704,73393.971283214,35.45800000000012,35.45800000000012,35.45800000000012
8013,45,90677.82796,18232.645590329,0.0,18232.645590329,1221.308,0.0,593.212,17754.56406483062,25028.690000000002,74.364,701.2,257.0,0.0,7405.999,0.0,19408.84530483902,27325.032905661563,19408.84530483902,72445.18236967099,35.45800000000109,35.45800000000109,35.45800000000109
8014,46,86190.79437,21568.977247544,0.0,21568.977247544,1221.308,0.0,593.212,17768.051080184036,25028.690000000002,74.364,701.2,257.0,0.0,7405.999,0.0,11571.993042270587,15143.987598008314,11571.993042270587,64621.81712245601,35.4580000000002,35.4580000000002,35.4580000000002
8015,47,80827.1487,17462.624494532,0.0,17462.624494532,1221.308,0.0,593.212,17781.042118262954,25028.690000000002,74.364,469.1079999999999,257.0,0.0,7405.999,0.0,10533.801087205049,4055.7759272661588,10533.801087205049,63364.524205468006,35.45800000000017,35.45800000000017,35.45800000000017
8016,48,75115.00191,19687.087155077,0.0,19687.087155077,1221.308,0.0,593.212,17791.394624020162,24452.49,74.364,36.160000000000004,0.0,0.0,7405.999,0.0,3852.9871309028513,0.0,3852.9871309028513,55427.91475492301,30.76371999999987,30.76371999999987,30.76371999999987
8017,49,71128.47625,23207.104309240996,0.0,23207.104309240996,1221.308,0.0,593.212,17804.461598035086,22338.530429999988,74.364,0.0,0.0,0.0,7405.999,1516.503087276081,0.0,1440.6779329122771,-1516.503087276081,47921.37194075901,17.188680000000097,17.188680000000097,17.188680000000097
8018,50,68747.56638,24307.387759453,0.0,24307.387759453,1221.308,0.0,593.212,17815.132074292294,17330.163546254684,74.364,0.0,0.0,0.0,7405.999,0.0,0.0,1440.6779329122774,0.0,44440.178620547005,17.188679999999895,17.188679999999895,17.188679999999895
8019,51,67582.89425,27554.349758531003,0.0,27554.349758531003,1221.308,0.0,593.212,17828.324952771214,12905.33653869761,74.364,0.0,0.0,0.0,7405.999,0.0,0.0,1440.6779329122528,0.0,40028.544491468994,17.18867999997905,17.18867999997905,17.18867999997905
8020,52,67381.23022,29453.04860209,0.0,29453.04860209,1221.308,0.0,593.212,17841.092386386143,10911.375981969672,74.364,0.0,0.0,0.0,7405.999,119.16975044584842,0.0,1553.88919583583,-119.16975044584842,37928.18161791,17.188679999999586,17.188679999999586,17.188679999999586
8021,53,68497.39861,34520.90395563,0.0,34520.90395563,1221.308,0.0,593.212,17851.682212143347,7269.001999999986,74.364,0.0,0.0,0.0,7405.999,439.0725577733356,0.0,1971.0081257204783,-439.0725577733356,33976.494654370006,16.24259999999986,16.24259999999986,16.24259999999986
8022,54,71086.27539,34372.5678444,0.0,34372.5678444,1221.308,0.0,593.212,17864.772929684263,9554.05161591568,74.364,0.0,0.0,0.0,7405.999,0.0,0.0,1971.008125723416,0.0,36713.707545599995,17.188679999999863,17.188679999999863,17.188679999999863
8023,55,73958.65143,39033.773197701004,425.5694,39033.773197701004,1221.308,425.5694,593.212,17878.387173341474,15278.064590000035,74.364,0.0,0.0,0.0,7405.9989999989875,7952.025931042516,0.0,9525.432760213855,-7952.025931042516,34499.30883229899,17.188680000000094,17.188680000000094,17.188680000000094
8024,56,77059.09419,37915.134239486,8680.228378226999,37915.134239486,1221.308,8680.228378226999,593.212,17888.2574187564,7247.502,74.364,0.0,0.0,0.0,5554.499249998879,2115.4110964682795,0.0,11535.07330185869,-2115.4110964682795,30463.731572287008,16.410319999999384,16.410319999999384,16.410319999999384
8025,57,80469.01591,35129.757359958996,26295.090446472994,35129.757359958996,1221.308,26295.090446472994,163.99799999999982,17901.82330544781,0.0,74.364,0.0,0.0,0.0,3702.999499998986,4020.3247018787933,0.0,15354.381768643543,-4020.3247018787933,19044.168103568012,5.322999999999885,5.322999999999885,5.322999999999885
8026,58,82791.84415,40471.447008122,38271.20389857,40471.447008122064,1221.308,38271.20389857,0.0,17914.922138466536,0.0,74.364,0.0,0.0,0.0,1851.499749998985,17012.90064515855,0.0,31516.637381544206,-17012.90064515855,4049.193243307942,0.0,0.0,0.0
8027,59,83408.56936,41058.964806331,44384.9961848605,41058.964806331,1221.308,44384.9961848605,0.0,17925.503848745935,0.0,74.364,0.0,0.0,0.0,0.0,21256.567479919308,0.0,51710.37648746755,-21256.567479919308,-2035.391631191509,0.0,0.0,0.0
8028,60,83118.80287,43609.840603098,49566.88192586601,43609.840603098,1221.308,49566.88192586601,0.0,17938.39851066466,0.0,74.364,0.0,0.0,0.0,0.0,29291.99016962866,0.0,79537.76714861477,-29291.99016962866,-10057.919658964005,0.0,0.0,0.0
8029,61,82414.73174,47974.594599079,47850.672839773,47974.594599079,1221.308,47850.672839773,0.0,17949.012088618074,0.0,74.364,0.0,0.0,0.0,0.0,32655.219787470087,0.0,110560.22594671135,-32655.219787470087,-13410.535698851992,0.0,0.0,0.0
8030,62,81913.20241,36212.490339767006,45355.632437457,36212.490339767006,1221.308,45355.632437457,0.0,17962.079061236793,0.0,74.364,0.0,0.0,0.0,1851.4997500000104,20764.171178460114,0.0,130286.18856624846,-20764.171178460114,345.079632775989,0.0,0.0,0.0
8031,63,81803.92255,29392.219704168,37175.6569578705,29392.219704168,1221.308,37175.65695787573,0.0,17975.644940654194,0.0,74.364,0.0,0.0,0.0,3702.9995000000104,7738.270552698621,0.0,137637.54559131214,-7738.270552698621,15236.045887956265,0.0,0.0,0.0
8032,64,83402.98102,22763.181806318,26917.918707391498,22763.181806318,1221.308,26917.918707391498,593.212,17985.56222646912,14307.967839999968,74.364,0.0,0.0,0.0,5554.499250000004,6015.032810178569,0.0,143351.82676098178,-6015.032810178569,33721.880506290516,16.242599999999747,16.242599999999747,16.242599999999747
8033,65,88341.41026,16166.593798803999,9441.492908231001,16166.593798803999,1221.308,9441.492908231001,593.212,17998.93142082633,24452.49,74.364,448.768,257.0,0.0,7405.999,0.0,10281.25113213868,132529.45714820424,10281.25113213868,62733.32355296501,34.785560000000324,34.785560000000324,34.785560000000324
8034,66,92485.91096,14772.171958991,0.0,14772.171958991,1221.308,0.0,593.212,18012.220154541254,25028.690000000002,74.364,701.2,257.0,0.0,7405.999,0.0,24419.745846467747,106824.46152034344,24419.745846467747,77713.73900100899,35.45800000000038,35.45800000000038,35.45800000000038
8035,67,91421.57152,13294.358655215,0.0,13294.358655215,1221.308,0.0,593.212,18022.392613024458,25028.690000000002,74.364,701.2,257.0,0.0,7405.999,0.0,24823.047251759137,80694.93809743908,24823.047251759137,78127.21286478499,35.45800000007809,35.45800000007809,35.45800000007809
8036,68,89822.66086,12334.352702042,0.0,12334.352702042,1221.308,0.0,593.212,18035.624447039383,25028.690000000002,74.364,701.2,257.0,0.0,7405.999,0.0,24170.910710918513,55251.87419120906,24170.910710918513,77488.308157958,35.4580000000762,35.4580000000762,35.4580000000762
8037,69,87539.71866,12885.514801448,0.0,12885.514801448,1221.308,0.0,593.212,18048.993642792793,25028.690000000002,74.364,701.2,257.0,0.0,7405.999,0.0,21323.437215757844,32806.15080620081,21323.437215757844,74654.203858552,35.458000000070044,35.458000000070044,35.458000000070044
8038,70,84118.32906,12649.393639604,0.0,12649.393639604,1221.308,0.0,593.212,18059.33682994572,25028.690000000002,74.364,701.2,257.0,0.0,7405.999,0.0,18127.82559044893,13724.229132044045,18127.82559044893,71468.93542039601,35.45800000001745,35.45800000001745,35.45800000001745
8039,71,79393.88258,16946.403805877,0.0,16946.403805877,1221.308,0.0,593.212,18072.580754002924,25028.690000000002,74.364,469.10800000000006,257.0,0.0,7405.999,0.0,9325.217020120075,3908.211216128185,9325.217020120075,62447.47877412301,35.458000000021286,35.458000000021286,35.458000000021286
8040,72,74697.5019,19511.431353748998,0.0,19511.431353748998,1221.308,0.0,593.212,18082.86024254384,24452.49,74.364,36.160000000000004,0.0,0.0,7405.999,0.0,3319.67730370775,413.81405433054624,3319.67730370775,55186.07054625101,30.763720000000056,30.763720000000056,30.763720000000056
8041,73,71368.38545,19895.47484147,0.0,19895.47484147,1221.308,0.0,593.212,18096.214256901054,23688.690000000002,74.364,0.0,0.0,0.0,7405.999,0.0,393.12335161401893,0.0,393.12335161401893,51472.91060853,20.264440000802104,20.264440000802104,20.264440000802104
8042,74,69062.24179,20587.810499371,0.0,20587.810499371,1221.308,0.0,593.212,18109.469380515977,21070.07891010968,74.364,0.0,0.0,0.0,7405.999,0.0,0.0,0.0,0.0,48474.431290629,17.18867999999979,17.18867999999979,17.18867999999979
8043,75,67837.27968,24144.100299079,0.0,24144.100299079,1221.308,0.0,593.212,18119.633736673186,16278.662644247806,74.364,0.0,0.0,0.0,7405.999,0.0,0.0,0.0,0.0,43693.17938092101,17.188679999999838,17.188679999999838,17.188679999999838
8044,76,67549.48539,24675.803947651,0.0,24675.803947651,1221.308,0.0,593.212,18133.009444052106,15445.788998296877,74.364,0.0,0.0,0.0,7405.999,0.0,0.0,0.0,0.0,42873.681442349,17.18867999999991,17.18867999999991,17.18867999999991
8045,77,68220.74362,24161.189745047002,0.0,24161.189745047002,1221.308,0.0,593.212,18146.152629005515,16618.518245946787,74.364,0.0,0.0,0.0,7405.999,0.0,0.0,0.0,0.0,44059.553874952995,17.18867999999984,17.18867999999984,17.18867999999984
8046,78,70098.89581,23878.504894256996,0.0,23878.504894256996,1221.308,0.0,593.212,18156.548885424236,18768.95903031875,74.364,0.0,0.0,0.0,7405.999,0.0,0.0,0.0,0.0,46220.390915743,17.1886799999997,17.1886799999997,17.1886799999997
8047,79,72658.76233,33016.731597001,394.96000000000004,33016.731597001,1221.308,394.96000000000004,593.212,18169.509888377648,13634.177594621338,74.364,0.0,0.0,0.0,5554.499249999984,0.0,0.0,0.0,0.0,39247.070732999,17.1886800000002,17.1886800000002,17.1886800000002
8048,80,75818.14819,39933.551396366005,12640.078735974,39933.551396366005,1221.308,12640.078735974,63.01994233764675,18182.826615322367,0.0,74.364,0.0,0.0,0.0,3702.99949999999,0.0,0.0,0.0,0.0,23244.518057660003,5.323000000000052,5.323000000000052,5.323000000000052
8049,81,79109.26506,35168.82458891899,32213.342048240498,34058.048539416,0.0,31203.983679931916,0.0,14340.847748816,0.0,0.0,0.0,0.0,0.0,1851.4997499999972,2345.114658670262,0.0,2227.858925736749,-2345.114658670262,13847.23284065209,0.0,0.0,0.0
8050,82,80966.28255,50195.582406616,42525.658560402,50195.582406616,1221.3079999999973,42525.658560402,0.0,10970.511474787922,0.0,74.364,0.0,0.0,0.0,0.0,24021.14189180592,0.0,25047.943722952372,-24021.14189180592,-11754.958417017995,0.0,0.0,0.0
8051,83,82155.52653,63324.519094373,50010.2149079405,61931.91887227209,0.0,33017.086047008,0.0,7263.157848999937,0.0,0.0,0.0,0.0,0.0,0.0,20056.63623828001,0.0,44101.74814931838,-20056.63623828001,-12793.478389280084,0.0,0.0,0.0
8052,84,82424.78178,71289.96685578901,50320.4554575815,70960.522054702,0.0,40622.458176000495,0.0,10841.801549299946,0.0,0.0,0.0,0.0,0.0,0.0,40000.0,0.0,82101.74814931839,-40000.0,-29158.19845070249,0.0,0.0,0.0
8053,85,82211.12153,71526.40966033001,49324.256797597,28680.521362638825,33.21,48691.408297597,0.0,11036.949941451938,0.0,0.0,0.0,0.0,0.0,0.0,6230.968071687763,0.0,88021.16781742175,-6230.968071687763,4839.191869764174,0.0,0.0,0.0
8054,86,81933.72779,67179.43074161898,46870.1509798825,58219.47514556171,0.0,41848.9587298825,0.0,11168.986810169275,0.0,0.0,0.0,0.0,0.0,0.0,29303.69289561348,0.0,115859.67606825457,-29303.69289561348,-18134.706085444202,0.0,0.0,0.0
8055,87,82214.90954,68690.849247121,43911.884202696,47155.94466264475,549.673096505436,37045.63436944371,0.0,14412.32016619708,0.0,0.0,0.0,0.0,0.0,0.0,16948.66275479098,0.0,131960.905685306,-16948.66275479098,-1986.6694920884693,0.0,0.0,0.0
8056,88,83877.95677,58602.350207638,33453.284541197005,58602.350207638,1202.183,33453.284541197005,0.0,18209.111391598926,0.0,74.364,0.0,0.0,0.0,1851.4997499999936,29514.836120730557,0.0,160000.0,-29514.836120730557,-8177.677978835003,0.0,0.0,0.0
8057,89,89731.48196,43205.371749581,10503.264635020501,43205.371749581,1221.308,10503.264635020501,593.212,18290.590608688497,28.499999999999996,74.364,0.0,0.0,0.0,3702.9994999999935,0.0,12111.87146671,147250.66161398948,12111.87146671,36022.8455753985,16.242600000000238,16.242600000000238,16.242600000000238
8058,90,95582.05823,39872.61600894,0.0,39872.61600894,1221.308,0.0,593.212,18303.59262250722,7269.002,74.364,0.0,0.0,0.0,5554.499249999992,0.0,22693.46434854637,123362.80440498656,22693.46434854637,55709.442221059995,17.18868,17.18868,17.18868
8059,91,95234.93689,41138.20045009901,0.0,41138.20045009901,1221.308,0.0,593.212,18316.90020626063,50.0,74.364,0.0,0.0,0.0,7405.999,0.0,26434.953233633983,95536.53784326647,26434.953233633983,54096.73643990099,16.24260000000006,16.24260000000006,16.24260000000006
8060,92,93563.92465,44342.855840707,0.0,44342.855840707,1221.308,0.0,593.212,18327.288345805347,50.0,74.364,0.0,0.0,0.0,7405.999,0.0,21548.897463488447,72853.48788169926,21548.897463488447,49221.068809293,16.242600000000007,16.242600000000007,16.242600000000007
8061,93,90354.3351,42972.897307785,0.0,42972.897307785,1221.308,0.0,593.212,18340.496540058757,50.0,74.364,0.0,0.0,0.0,7405.999,0.0,19696.058252161776,52120.7949846866,19696.058252161776,47381.437792214994,16.242600000241374,16.242600000241374,16.242600000241374
8062,94,85038.57555,33554.899355859,0.0,33554.899355859,1221.308,0.0,593.212,18350.819875277484,50.0,74.364,0.0,0.0,0.0,7405.999,0.0,23787.97331886415,27080.82307009276,23787.97331886415,51483.67619414099,16.242600000000692,16.242600000000692,16.242600000000692
8063,95,78468.21319,32643.039944741,0.0,32643.039944741,1221.308,0.0,593.212,18363.916019830893,50.0,74.364,0.0,0.0,0.0,7405.999,0.0,18116.374225428666,8010.955464378378,18116.374225428666,45825.17324525899,16.242600000000614,16.242600000000614,16.242600000000614
8064,96,73059.13706,39002.81059508,0.0,39002.81059508,1221.308,0.0,593.212,18377.37680004781,50.0,74.364,0.0,0.0,0.0,7405.999,0.0,6334.066664871053,1343.5168697772697,6334.066664871053,34056.32646491999,16.2426000000002,16.2426000000002,16.2426000000002
8065,1,70369.14544,39408.093895149,0.0,39408.093895149,1221.308,0.0,593.212,18387.338436401216,3278.830108449762,74.364,0.0,0.0,0.0,7405.999,0.0,0.0,0.0,0.0,30961.05154485099,16.24259999999993,16.24259999999993,16.24259999999993
8066,2,68726.74141,36303.535091022,0.0,36303.535091022,1221.308,0.0,593.212,18400.885039919944,4727.43827905804,74.364,0.0,0.0,0.0,7405.999,0.0,0.0,0.0,0.0,32423.206318978002,16.242600000000103,16.242600000000103,16.242600000000103
8067,3,68327.17286,36717.196003202,0.0,36717.196003202,1221.308,0.0,593.212,18413.981184473352,7269.002,74.364,0.0,0.0,0.0,7405.999,3367.8893276769177,0.0,3199.4948612930716,-3367.8893276769177,31609.976856798006,16.242599999999815,16.242599999999815,16.242599999999815
8068,4,69106.33378,38771.468742017,0.0,38771.468742017,1221.308,0.0,593.212,18424.53372281807,4027.3951545166906,74.364,0.0,0.0,0.0,7405.999,1411.946839351779,0.0,4540.844358677262,-1411.946839351779,30334.865037983,16.24259999999974,16.24259999999974,16.24259999999974
8069,5,72414.57523,32183.864801335003,0.0,32183.864801335003,1221.308,0.0,593.212,18437.385476971478,12498.441951691926,74.364,0.0,0.0,0.0,7405.999,0.0,0.0,4540.844358675737,0.0,40230.710428665,17.188680000000158,17.188680000000158,17.188680000000158
8070,6,79101.17537,33368.689842515,0.0,33368.689842515,1221.308,0.0,593.212,18450.922193124406,17986.680334360586,74.364,0.0,0.0,0.0,7405.999,0.0,0.0,4540.844358675737,0.0,45732.485527485,17.188679999999856,17.188679999999856,17.188679999999856
8071,7,86221.47829,34526.423658376996,382.12379999999996,34526.423658376996,1221.308,382.12379999999996,593.212,18461.240268181613,22670.14857,74.364,0.0,0.0,0.0,7405.999,0.0,886.6589934413955,3607.519102421636,886.6589934413955,51312.930831623,18.513480000000115,18.513480000000115,18.513480000000115
8072,8,89507.55293,32462.744198706998,10014.641259071499,32462.744198706998,1221.308,10014.641259071499,593.212,18474.456914922528,17392.024159999997,74.364,36.160000000000004,257.0,0.0,5554.499250000001,0.0,3427.1431473005546,0.0,3427.1431473005546,47030.16747222151,33.44187999999979,33.44187999999979,33.44187999999979
8073,9,89974.69959,39177.958661512,36363.424108217005,39177.958661512,1221.308,36363.42410821875,0.0,18484.64456067974,21.5,74.364,0.0,0.0,0.0,3702.999500000014,9071.499240410707,0.0,8617.924278390172,-9071.499240410707,14433.316820269254,0.0,0.0,0.0
8074,10,90207.94771,43208.980005205995,50947.901891473004,43208.980005205995,1221.308,50947.901891474576,0.0,18497.688245094665,0.0,74.364,0.0,0.0,0.0,1851.4997500000245,25593.79418177551,0.0,32932.02875107693,-25593.79418177551,-3948.934186680577,0.0,0.0,0.0
8075,11,89877.47518,40318.587801868,58777.9775503455,40318.587801868,1221.308,58777.9775503471,0.0,18511.230409051874,0.0,74.364,0.0,0.0,0.0,0.0,29025.992581267186,0.0,60506.72170328075,-29025.992581267186,-9219.09017221511,0.0,0.0,0.0
8076,12,89402.19479,46188.46780577,62439.9227480645,46188.46780577,1221.308,62439.92274806602,0.0,18521.36878839279,0.0,74.364,0.0,0.0,0.0,0.0,39043.23655222903,0.0,97597.79642789833,-39043.23655222903,-19226.195763836025,0.0,0.0,0.0
8077,13,88979.1596,50431.623498974994,62148.64080806901,50431.623498974994,1221.308,44823.73698458927,0.0,15104.782394456051,0.0,74.364,0.0,0.0,0.0,0.0,22676.655278020273,0.0,119140.61894201758,-22676.655278020273,-6276.200883564263,0.0,0.0,0.0
8078,14,88917.06678,35411.962258623,60258.776846145,35411.962258623,1221.308,60258.776846146764,0.0,18547.814157002926,0.0,74.364,0.0,0.0,0.0,1851.4997500000245,28448.65823177292,0.0,146166.84426220186,-28448.65823177292,-6753.672324769774,0.0,0.0,0.0
8079,15,88712.83728,28651.425998947998,51065.490142596995,28651.425998947998,1221.308,51065.49014259873,0.0,18558.466204556335,0.0,74.364,0.0,0.0,0.0,3702.999500000014,14561.2165661033,0.0,160000.0,-14561.2165661033,8995.921138453283,0.0,0.0,0.0
8080,16,89943.03445,20801.771250192,36047.5141237575,20801.771250192,1221.308,36047.5141237575,590.3550669494589,18571.256919101055,7081.965839999976,74.364,0.0,0.0,0.0,5554.499250000001,0.0,0.0,160000.0,0.0,33093.7490760505,7.528999999999748,7.528999999999748,7.528999999999748
8081,17,95708.04618,12039.626252584,13496.8475038715,12039.626252584,1221.308,13496.8475038715,593.212,18584.728754454467,24452.49,74.364,12447.13924,257.0,0.0,7405.999,0.0,5135.331429090056,154594.38796937888,5135.331429090056,70171.57242354451,35.4579999999998,35.4579999999998,35.4579999999998
8082,18,101285.4702,10676.557340156,0.0,10676.557340156,1221.308,0.0,593.212,18595.04140977319,25028.690000000002,74.364,34030.009,529.912,0.0,7405.999,0.0,3130.3774500707773,151299.25381140964,3130.3774500707773,90608.912859844,38.3275400000022,38.3275400000022,38.3275400000022
8083,19,100538.596,12207.91665775,0.0,12207.91665775,1221.308,0.0,593.212,18608.607296464597,25028.690000000002,74.364,12699.571240000001,257.0,0.0,7405.999,0.0,22441.927805785417,127676.17191058288,22441.927805785417,88330.67934225,35.458,35.458,35.458
8084,20,98664.51405,11811.596455239,0.0,11811.596455239,1221.308,0.0,593.212,18618.477534605514,25028.690000000002,74.364,701.2,257.0,0.0,7405.999,0.0,32952.66706015548,92989.15395252447,32952.66706015548,86852.917594761,35.457999999999785,35.457999999999785,35.457999999999785
8085,21,94887.73312,13743.633355318,0.0,13743.633355318,1221.308,0.0,593.212,18632.011588962723,25028.690000000002,74.364,701.2,257.0,0.0,7405.999,0.0,27230.31517571928,64325.6642938726,27230.31517571928,81144.099764682,35.45799999999986,35.45799999999986,35.45799999999986
8086,22,89275.01972,14108.82683902,0.0,14108.82683902,1221.308,0.0,593.212,18645.063382977653,25028.690000000002,74.364,21940.556498002345,257.0,0.0,7405.999,0.0,0.0,64325.66429387442,0.0,75166.19288098,35.45800000000018,35.45800000000018,35.45800000000018
8087,23,82286.29525,17799.000196894,0.0,17799.000196894,1221.308,0.0,593.212,18655.607930034857,25028.690000000002,74.364,1493.7819474904347,257.0,0.0,7405.999,0.0,9757.332175580677,54054.78831957897,9757.332175580677,64487.29505310599,35.45800000000008,35.45800000000008,35.45800000000008
8088,24,76239.16017,18327.46248926,0.0,18327.46248926,1221.308,0.0,593.212,18668.539755175774,25028.690000000002,74.364,4662.584925564205,257.0,0.0,7405.999,0.0,0.0,54054.78831957897,0.0,57911.697680740006,35.457999999999814,35.457999999999814,35.457999999999814
8089,25,72514.91486,20193.30199735,0.0,20193.30199735,1221.308,0.0,593.212,18681.94080993299,25028.690000000002,74.364,56.5,0.0,0.0,7405.999,740.4009472854452,0.0,54758.169219500145,-740.4009472854452,52321.61286265,25.637059999998964,25.637059999998964,25.637059999998964
8090,26,70468.59294,17065.863141234,0.0,17065.863141234,1221.308,0.0,593.212,18692.29917708591,25028.690000000002,74.364,288.59199999999987,257.0,0.0,7405.999,158.73437831991026,0.0,54908.96687890406,-158.73437831991026,53402.729798766,31.425759999999023,31.425759999999023,31.425759999999023
8091,27,70040.68882,12817.826456844003,0.0,12817.826456844003,1221.308,0.0,593.212,18705.668372839315,25028.690000000002,74.364,701.1999999999999,257.0,0.0,7405.999,0.0,3235.4209903166748,51503.26057330756,3235.4209903166748,57222.86236315599,35.4580000000001,35.4580000000001,35.4580000000001
8092,28,70667.85357,13078.675140982996,0.0,13078.675140982996,1221.308,0.0,593.212,18718.608767384034,25028.690000000002,74.364,701.2,257.0,0.0,7405.999,0.0,3588.7966616345993,47725.57987685009,3588.7966616345993,57589.17842901701,35.458000000000084,35.458000000000084,35.458000000000084
8093,29,73386.03888,13024.330757615,0.0,13024.330757615,1221.308,0.0,593.212,18729.176605437446,25028.690000000002,74.364,701.2,257.0,0.0,7405.999,0.0,6350.758516949465,41040.57091164013,6350.758516949465,60361.708122385,35.45800000000013,35.45800000000013,35.45800000000013
8094,30,79871.61814,16555.781000281,0.0,16555.781000281,1221.308,0.0,593.212,18742.36139765617,25028.690000000002,74.364,701.2,257.0,0.0,7405.999,0.0,9291.702742064419,31259.831183151262,9291.702742064419,63315.837139719006,35.45800000000016,35.45800000000016,35.45800000000016
8095,31,86541.40067,17079.816904237,350.0333,17079.816904237,1221.308,350.0333,593.212,18752.85715600958,25028.690000000002,74.364,701.2,257.0,0.0,7405.999,0.0,15076.920309755005,15389.388751830207,15076.920309755005,69111.55046576301,35.45800000000007,35.45800000000007,35.45800000000007
8096,32,89445.41659,14482.228559215999,6527.7431536585,14482.228559215999,1221.308,6527.7431536585,593.212,18765.8445628885,25028.690000000002,74.364,469.10800000000006,257.0,0.0,7405.999,0.0,14619.919314238698,0.0,14619.919314238698,68435.44487712548,35.458000000000226,35.458000000000226,35.458000000000226
8097,33,89621.84245,14653.588709786,29818.466331917498,14653.588709786,1221.308,29818.466331917498,593.212,18778.963995645707,22914.73043,74.364,20.339999999999996,0.0,0.0,7405.999,5859.130017349192,0.0,5566.173516481732,-5859.130017349192,45149.7874082965,17.18867999999808,17.18867999999808,17.18867999999808
8098,34,89679.82716,17315.702892866004,43844.5522034835,17315.702892866004,1221.308,43844.5522034835,593.212,18789.58201316063,21319.988999999998,74.364,0.0,0.0,0.0,7405.999,20884.881949510134,0.0,25406.811368516355,-20884.881949510134,28519.5720636505,17.188679999999874,17.188679999999874,17.188679999999874
8099,35,89807.97595,21550.612808702,50881.745011785504,21550.612808702,1221.308,50881.745011785504,593.212,18802.47223551784,21319.988999999965,74.364,0.0,0.0,0.0,7405.999,32041.726106005346,0.0,55846.45116922143,-32041.726106005346,17375.618129512484,17.18867999999988,17.18867999999988,17.18867999999988
8100,36,89589.52606,25461.407095738003,48515.862432262,25461.407095738003,1221.308,48515.862432262,593.212,18815.78896385876,15256.56459000004,74.364,0.0,0.0,0.0,7405.999,27754.980021858803,0.0,82213.6821899873,-27754.980021858803,15612.256532,17.18868000000012,17.18868000000012,17.18868000000012
8101,37,89409.06877,27085.108910188,49956.689328334505,27085.108910188,1221.308,49956.689328334505,0.0,18826.10573841597,0.0,74.364,0.0,0.0,0.0,5554.49924999999,13309.006456938478,0.0,94857.23832407886,-13309.006456938478,12367.270531477494,0.0,0.0,0.0
8102,38,89204.00902,27801.766711519,43784.168866417,27801.766711519,1221.308,43784.168866417,593.212,18839.469514430893,12556.433735480357,74.364,0.0,0.0,0.0,7405.999,23072.712807847267,0.0,116776.31549153377,-23072.712807847267,17618.073442064,17.18868,17.18868,17.18868
8103,39,89107.35448,28261.761292933996,35003.6109352435,28261.761292933996,1221.308,35003.6109352435,593.212,18849.708031022306,13310.926409999958,74.364,0.0,0.0,0.0,7405.999,15613.535189199805,0.0,131609.17392127358,-15613.535189199805,25841.982251822497,16.2426,16.2426,16.2426
8104,40,90476.11192,23316.545454889,20407.001301623,23316.545454889,1221.308,20407.001301623,593.212,18863.00957796702,23246.348570000002,74.364,20.33999999999999,0.0,0.0,7405.999,4672.015984479007,0.0,136047.58910652864,-4672.015984479007,46752.565163488,18.13476,18.13476,18.13476
8105,41,95890.99471,18549.402200057997,4609.0030547605,18549.402200057997,1221.308,4609.0030547605,593.212,18876.293872120423,25028.690000000002,74.364,469.1080000000013,257.0,0.0,7405.999,0.0,18806.614583061066,116251.15270330646,18806.614583061066,72732.5894551815,35.45800000000029,35.45800000000029,35.45800000000029
8106,42,100950.3081,19406.555345509,0.0,19406.555345509,1221.308,0.0,593.212,18886.690129935356,25028.690000000002,74.364,701.2,257.0,0.0,7405.999,0.0,27375.289624555655,87435.05836166893,27375.289624555655,81543.752754491,35.458,35.458,35.458
8107,43,100157.8815,19335.563453095998,0.0,19335.563453095998,1221.308,0.0,593.212,18899.65113149256,25028.690000000002,74.364,701.2,257.0,0.0,7405.999,0.0,26640.89391541145,59392.012134920034,26640.89391541145,80822.31804690401,35.45800000000186,35.45800000000186,35.45800000000186
8108,44,98280.99891,23454.077601678,0.0,23454.077601678,1221.308,0.0,593.212,18912.96785983348,25028.690000000002,74.364,701.2,257.0,0.0,7405.999,0.0,20632.18044848852,37673.927452300544,20632.18044848852,74826.921308322,35.458,35.458,35.458
8109,45,94615.30461,22585.886311003997,0.0,22585.886311003997,1221.308,0.0,593.212,18923.53777722489,25028.690000000002,74.364,701.2,257.0,0.0,7405.999,0.0,17824.10752177113,18911.709008330938,17824.10752177113,72029.41829899601,35.458,35.458,35.458
8110,46,88799.90512,22604.632202169003,0.0,22604.632202169003,1221.308,0.0,593.212,18936.831221843615,25028.690000000002,74.364,701.2,257.0,0.0,7405.999,0.0,11976.668695987388,6304.689328344214,11976.668695987388,66195.272917831,35.45800000000015,35.45800000000015,35.45800000000015
8111,47,81907.92403,21918.972653676,0.0,21918.972653676,1221.308,0.0,593.212,18949.81551439703,25028.690000000002,74.364,469.10800000000006,257.0,0.0,7405.999,0.0,5989.454861927004,0.0,5989.454861927004,59988.951376323996,35.45800000000197,35.45800000000197,35.45800000000197
8112,48,75954.05257,26652.264196814,0.0,26652.264196814,1221.308,0.0,593.212,18960.235514341744,21026.32985884425,74.364,20.339999999999982,0.0,0.0,7405.999,0.0,0.0,0.0,0.0,49301.788373186,18.134760000000504,18.134760000000504,18.134760000000504
8113,49,72478.83642,33679.726349970006,0.0,33679.726349970006,1221.308,0.0,593.212,18973.49605769515,10530.731012334836,74.364,0.0,0.0,0.0,7405.999,0.0,0.0,0.0,0.0,38799.11007003,16.242599999999808,16.242599999999808,16.242599999999808
8114,50,70639.4316,40201.209501056,0.0,40201.209501056,1221.308,0.0,593.212,18983.651146548076,2159.687952395906,74.364,0.0,0.0,0.0,7405.999,0.0,0.0,0.0,0.0,30438.222098943996,16.242600000000117,16.242600000000117,16.242600000000117
8115,51,70230.94344,43345.640449118,0.0,43345.640449118,1221.308,0.0,593.212,18996.802439705287,21.5,74.364,0.0,0.0,0.0,7405.999,1427.8824488249888,0.0,1356.4883263837394,-1427.8824488249888,26885.302990882003,9.730499999998731,9.730499999998731,9.730499999998731
8116,52,70906.1916,39590.136294485004,0.0,39590.136294485004,1221.308,0.0,593.212,19010.315858984206,3010.856446530778,74.364,0.0,0.0,0.0,7405.999,0.0,0.0,1356.4883263837394,0.0,31316.055305515,16.242599999999804,16.242599999999804,16.242599999999804
8117,53,73325.57627,44478.014154528,0.0,44478.014154528,1221.308,0.0,593.212,19020.52999533761,532.149120134377,74.364,0.0,0.0,0.0,7405.999,0.0,0.0,1356.4883263837394,0.0,28847.562115472007,16.242599999999886,16.242599999999886,16.242599999999886
8118,54,79916.95616,50186.045403712,0.0,50186.045403712,1221.308,0.0,593.212,19033.696407956337,6862.482421967339,74.364,0.0,0.0,0.0,7405.999,5460.1510736356795,0.0,6543.631846337635,-5460.1510736356795,29730.910756288,16.242599999998905,16.242599999998905,16.242599999998905
8119,55,87054.07624,43631.294398775,255.73659999999998,43631.294398775,1221.308,255.73659999999998,593.212,19046.943533009748,14825.218708215223,74.364,0.0,0.0,0.0,7405.999,0.0,0.0,6543.631846337635,0.0,43167.045241225,17.188680000000105,17.188680000000105,17.188680000000105
8120,56,90326.0839,37303.047095563,9152.3681517635,37303.047095563,1221.308,9152.3681517635,593.212,19057.49607135446,15518.289581319004,74.364,0.0,0.0,0.0,7405.999,0.0,0.0,6543.631846337635,0.0,43870.6686526735,17.85108,17.85108,17.85108
8121,57,90537.61977,34871.684706998996,28297.9610030215,34871.684706998996,1221.308,28297.9610030215,593.212,19070.57703590787,7247.502,74.364,0.0,0.0,0.0,5554.49925,6393.4882259283695,0.0,12617.445660969584,-6393.4882259283695,27367.974059979508,16.526280000000003,16.526280000000003,16.526280000000003
8122,58,90253.38164,33239.675792341,40772.842912295,33239.675792341,1221.308,40772.842912295,11.235,19083.884541660802,0.0,74.364,0.0,0.0,0.0,3702.999499999999,7852.928106296771,0.0,20077.727361951518,-7852.928106296771,16240.862935364014,4.5446400000002285,4.5446400000002285,4.5446400000002285
8123,59,90493.69017,34868.184641185,50311.936613420505,34868.184641185,1221.308,50311.936613420505,0.0,19094.075387018005,0.0,74.364,0.0,0.0,0.0,1851.499749999999,16927.678221623508,0.0,36159.02167249385,-16927.678221623508,5313.568915394499,0.0,0.0,0.0
8124,60,89604.03272,42802.625542664005,54727.3204936505,42802.625542664005,1221.308,54727.3204936505,0.0,19107.268282958925,0.0,74.364,0.0,0.0,0.0,0.0,28328.853599273443,0.0,63071.43259180362,-28328.853599273443,-7925.913316314502,0.0,0.0,0.0
8125,61,89242.11564,42519.268002756,54371.052201908504,42519.268002756,1221.308,54371.052201908504,0.0,19117.859870416134,0.0,74.364,0.0,0.0,0.0,0.0,28061.736435080667,0.0,89730.08220513025,-28061.736435080667,-7648.204564664498,0.0,0.0,0.0
8126,62,88886.14762,47913.136796201,48432.00897243751,47913.136796201,1221.308,48432.0089724375,0.0,19130.776522831053,0.0,74.364,0.0,0.0,0.0,1851.4997500000209,29736.946421469576,0.0,117980.18130552635,-29736.946421469576,-7458.998148638493,0.0,0.0,0.0
8127,63,88829.57409,41592.009196786,42019.356662567,41592.009196786,1221.3079999999995,42019.356662567,0.0,19144.145717188272,0.0,74.364,0.0,0.0,0.0,3702.9995000000104,18924.608986541334,0.0,135958.55984274062,-18924.608986541334,5218.2082306469965,0.0,0.0,0.0
8128,64,90135.19829,35035.313355993,30668.047330135498,35035.313355993,1221.308,30668.047330135498,0.0,19154.331136929188,7081.965839999996,74.364,0.0,0.0,0.0,5554.499250000001,8654.630623057732,0.0,144180.45893464546,-8654.630623057732,24431.837603871503,3.4639999988163908,3.4639999988163908,3.4639999988163908
8129,65,95650.21984,26809.063995545002,9597.12099652,26809.063995545002,1221.308,9597.12099652,593.212,19167.628882420595,24452.49,74.364,448.7680000000001,257.0,0.0,7405.999,0.0,5623.264965514394,138261.23265515664,5623.264965514394,59244.03484793501,35.45800000118224,35.45800000118224,35.45800000118224
8130,66,101000.3254,22935.756154468,0.0,22935.756154468,1221.308,0.0,593.212,19180.77650553932,25028.690000000002,74.364,701.2,257.0,0.0,7405.999,0.0,23602.01973999271,113417.00134990114,23602.01973999271,78064.56924553201,35.45800000000033,35.45800000000033,35.45800000000033
8131,67,100365.1649,22611.611142884,0.0,22611.611142884,1221.308,0.0,593.212,19191.381512692733,25028.690000000002,74.364,701.2,257.0,0.0,7405.999,0.0,23280.39924442408,88911.3179347179,23280.39924442408,77753.553757116,35.458000000000375,35.458000000000375,35.458000000000375
8132,68,98415.43283,20506.414606682003,0.0,20506.414606682003,1221.308,0.0,593.212,19204.457048837445,25028.690000000002,74.364,701.2,257.0,0.0,7405.999,0.0,23422.78817448056,64255.75143526468,23422.78817448056,77909.01822331801,35.458000001185994,35.458000001185994,35.458000001185994
8133,69,95060.72058,18380.044359696,0.0,18380.044359696,1221.308,0.0,593.212,19217.69110299085,25028.690000000002,74.364,701.2,257.0,0.0,7405.999,0.0,22181.212117313138,40907.107101250855,22181.212117313138,76680.676220304,35.458,35.458,35.458
8134,70,89026.55418,18230.290552170998,0.0,18230.290552170998,1221.308,0.0,593.212,19227.82948820958,25028.690000000002,74.364,701.2,257.0,0.0,7405.999,0.0,16286.661139617994,23763.25327007402,16286.661139617994,70796.263627829,35.458000000812376,35.458000000812376,35.458000000812376
8135,71,82337.44134,22496.475501546003,0.0,22496.475501546003,1221.308,0.0,593.212,19241.55446500099,24452.49,74.364,268.2519999999977,257.0,0.0,7405.999,0.0,6326.786373453008,17103.478140123487,6326.786373453008,59840.965838454,33.44188,33.44188,33.44188
8136,72,76427.9744,24213.868201573,0.0,24213.868201573,1221.308,0.0,593.212,19251.692844341906,22338.53043,74.364,0.0,0.0,0.0,7405.999,0.0,1328.9999240850998,15704.530851612852,1328.9999240850998,52214.106198427005,17.586280000001203,17.586280000001203,17.586280000001203
8137,73,72968.41816,24608.696901304,0.0,24608.696901304,1221.308,0.0,593.212,19264.926897099118,19799.911361595325,74.364,0.0,0.0,0.0,7405.999,0.0,0.0,15704.530851611366,0.0,48359.721258696,17.188679999999888,17.188679999999888,17.188679999999888
8138,74,71186.53499,27900.394340674,0.0,27900.394340674,1221.308,0.0,593.212,19278.02573151404,14713.231917811949,74.364,0.0,0.0,0.0,7405.999,0.0,0.0,15704.530851611366,0.0,43286.140649326,17.18868000000073,17.18868000000073,17.18868000000073
8139,75,70518.72127,26427.488302244998,0.0,26427.488302244998,1221.308,0.0,593.212,19288.60744767125,15507.74252008372,74.364,0.0,0.0,0.0,7405.999,0.0,0.0,15704.530851611366,0.0,44091.232967755,17.18867999999988,17.18867999999988,17.18867999999988
8140,76,71133.56292,26976.036657128,0.0,26976.036657128,1221.308,0.0,593.212,19301.67441441217,15560.968848458167,74.364,0.0,0.0,0.0,7405.999,0.0,0.0,15704.530851609776,0.0,44157.526262871994,17.18868000000016,17.18868000000016,17.18868000000016
8141,77,73871.28424,25683.033944256997,0.0,25683.033944256997,1221.308,0.0,593.212,19314.832828469374,19578.53446727358,74.364,0.0,0.0,0.0,7405.999,0.0,0.0,15704.530851609776,0.0,48188.250295743,17.188679999999867,17.188679999999867,17.188679999999867
8142,78,80479.13594,24107.393853654,0.0,24107.393853654,1221.308,0.0,593.212,19325.261525622303,24452.49,74.364,36.160000000000004,0.0,0.0,7405.999,0.0,3262.947560724934,12269.849208741423,3262.947560724934,56371.74208634599,30.763720000000056,30.763720000000056,30.763720000000056
8143,79,87523.80738,22113.614599337005,308.0688,22113.614599337005,1221.308,308.0688,593.212,19338.607431775712,25028.690000000002,74.364,469.10799999999995,257.0,0.0,7405.999,0.0,10713.835548885567,992.127578335565,10713.835548885567,65102.123980663,35.45800000117806,35.45800000117806,35.45800000117806
8144,80,90420.90834,30290.281642054,5545.995239244,30290.281642054,1221.308,5545.995239244,593.212,19351.52407552043,24452.49,74.364,448.76800000000003,257.0,0.0,7243.444183762781,0.0,942.5211994187866,0.0,942.5211994187866,54584.63145870199,35.45800000117903,35.45800000117903,35.45800000117903
8145,81,90604.85932,32721.527596197,30587.021741318,32721.527596197,1221.308,30587.021741318,0.0,19362.01172427384,7081.965839999969,74.364,0.0,0.0,0.0,5391.944433762781,5835.284015551574,0.0,5543.519814773996,-5835.284015551574,27296.309982485,3.4639999988218637,3.4639999988218637,3.4639999988218637
8146,82,90858.97738,32856.897809589,47895.109014534,32856.897809589,1221.308,47895.109014534,0.0,19375.308566192565,0.0,74.364,0.0,0.0,0.0,3540.44468376278,14104.454694078355,0.0,18942.751774148433,-14104.454694078355,10106.970555877,0.0,0.0,0.0
8147,83,90709.8894,24525.432257021,57632.11717685101,24525.432257021,1221.308,57632.11717685101,0.0,19385.719996733482,0.0,74.364,0.0,0.0,0.0,1688.9449337627793,13817.996964368263,0.0,32069.848890298286,-13817.996964368263,8552.339966127984,0.0,0.0,0.0
8148,84,90111.61727,18700.806499106002,62897.062426389006,18700.806499106002,1221.308,62897.06242639119,0.0,19398.80691142489,0.0,74.364,0.0,0.0,0.0,0.0,12180.730566922302,0.0,43641.54292887447,-12180.730566922302,8513.748344502805,0.0,0.0,0.0
8149,85,90039.1603,23707.859690507,62229.522551278504,23707.85969050917,1221.308,62229.522551278504,0.0,19411.858704043614,0.0,74.364,0.0,0.0,0.0,0.0,16605.75264583149,0.0,59417.00794241439,-16605.75264583149,4101.7780582123305,0.0,0.0,0.0
8150,86,89483.78971,28392.356350555005,59955.839444681,28392.356350555005,1221.308,59955.8394446831,0.0,19422.44042159702,0.0,74.36399999999915,0.0,0.0,0.0,0.0,19582.518506835317,0.0,78020.40052390794,-19582.518506835317,1135.593914761892,0.0,0.0,0.0
8151,87,89245.69144,29972.712251626,53261.880858151,29972.712251626,1221.308,53261.88085815304,0.0,19435.61132704174,0.0,74.364,0.0,0.0,0.0,1851.4997499999972,16571.684746821004,0.0,93763.50103338787,-16571.684746821004,6011.098330220957,0.0,0.0,0.0
8152,88,90545.37842,38365.620303539,37667.1656949635,38365.620303539,1221.308,37667.1656949635,0.0,19448.853951995152,0.0,74.364,0.0,0.0,0.0,3702.999499999997,9934.933030497657,0.0,103201.68741236065,-9934.933030497657,14512.592421497495,0.0,0.0,0.0
8153,89,95998.34447,39282.888804973,15775.672711240999,39282.888804973,1221.308,15775.672711240999,593.212,19459.015626813878,7088.965839999965,74.364,0.0,0.0,0.0,5554.499249999998,0.0,6948.418236972153,95887.56295238997,6948.418236972153,40939.782953785994,16.24260000000018,16.24260000000018,16.24260000000018
8154,90,101316.7192,41629.76169868,0.0,41629.76169868,1221.308,0.0,593.212,19472.361532967287,24452.49,74.364,448.76799999966124,257.0,0.0,7405.999,0.0,5761.454968353064,89822.87351201833,5761.454968353064,59686.95750132001,35.458000001175485,35.458000001175485,35.458000001175485
8155,91,100786.1748,44202.346800443,0.0,44202.346800443,1221.308,0.0,593.212,19485.680340646206,7110.465839999965,74.364,0.0,0.0,0.0,7405.999,0.0,20692.798818910815,68040.980018428,20692.798818910815,56583.82799955699,16.242600000000504,16.242600000000504,16.242600000000504
8156,92,98921.94598,48079.873544169,0.0,48079.873544169,1221.308,0.0,593.212,19495.867986403413,50.0,74.364,0.0,0.0,0.0,7405.999,0.0,22001.32144942869,44881.69428218728,22001.32144942869,50842.072435831,16.24260000000013,16.24260000000013,16.24260000000013
8157,93,96119.38279,45506.294892743,0.0,45506.294892743,1221.308,0.0,593.212,19509.156720118335,50.0,74.364,0.0,0.0,0.0,7405.999,0.0,21759.048177139746,21977.43304309281,21759.048177139746,50613.087897257006,16.24260000000055,16.24260000000055,16.24260000000055
8158,94,90573.31692,48085.84420669,0.0,48085.84420669,1221.308,0.0,593.212,19519.652477075546,50.0,74.364,0.0,0.0,0.0,7405.999,0.0,13622.937236235299,7637.49911021355,13622.937236235299,42487.472713309995,16.24260000000038,16.24260000000038,16.24260000000038
8159,95,83601.07933,48496.080239552,0.0,48496.080239552,1221.308,0.0,593.212,19532.83726341646,50.0,74.364,0.0,0.0,0.0,7405.999,0.0,6227.2788270327455,1082.4687659685555,6227.2788270327455,35104.99909044799,16.242600000000174,16.242600000000174,16.242600000000174
8160,96,77708.78458,47789.62604535701,0.0,47789.62604535701,1221.308,0.0,593.212,19545.930206973673,50.0,74.364,0.0,0.0,0.0,7405.999,0.0,1028.3453276701243,0.0,1028.3453276701243,29919.158534643,16.24260000000006,16.24260000000006,16.24260000000006
8161,1,73977.11683,43940.076190365005,0.0,43940.076190365005,1221.308,0.0,593.212,19556.273394126598,1185.8842455083823,74.364,0.0,0.0,0.0,7405.999,0.0,0.0,0.0,0.0,30037.040639634994,16.2426,16.2426,16.2426
8162,2,71883.20608,40376.722902063,0.0,40376.722902063,1221.308,0.0,593.212,19569.793570380007,2641.806607556959,74.364,0.0,0.0,0.0,7405.999,0.0,0.0,0.0,0.0,31506.483177937007,16.2426,16.2426,16.2426
8163,3,71467.11256,39773.076152986,0.0,39773.076152986,1221.308,0.0,593.212,19582.64135725893,2816.5120497550547,74.364,0.0,0.0,0.0,7405.999,0.0,0.0,0.0,0.0,31694.03640701399,16.2426,16.2426,16.2426
8164,4,72393.39785,37948.835152491,0.0,37948.835152491,1221.308,0.0,593.212,19593.090073816136,5556.589623692838,74.364,0.0,0.0,0.0,7405.999,0.0,0.0,0.0,0.0,34444.56269750899,16.2426,16.2426,16.2426
8165,5,75493.44235,35116.902939662,0.0,35116.902939662,1221.308,0.0,593.212,19606.345197431056,11475.311212906936,74.364,0.0,0.0,0.0,7405.999,0.0,0.0,0.0,0.0,40376.539410337995,17.18868,17.18868,17.18868
8166,6,81578.1204,36807.726460114995,0.0,36807.726460114995,1221.308,0.0,593.212,19619.675922188268,15855.835017696723,74.364,0.0,0.0,0.0,7405.999,0.0,0.0,0.0,0.0,44770.393939885005,17.18868,17.18868,17.18868
8167,7,88258.32677,44226.78940903,241.4193,44226.78940903,1221.308,241.4193,593.212,19629.806389629182,16716.928421340803,74.364,0.0,0.0,0.0,5554.49925,0.0,0.0,0.0,0.0,43790.118060969995,17.18868,17.18868,17.18868
8168,8,91394.26049,46532.677309403,10139.613951311501,46532.677309403,1221.308,10139.613951311501,593.212,19643.278207520594,9486.807521764898,74.364,0.0,0.0,0.0,3702.9995,0.0,0.0,0.0,0.0,34721.9692292855,17.18868,17.18868,17.18868
8169,9,91568.24572,42444.448308864005,37318.835295948,42444.448308864005,1221.308,37318.835295948,0.0,19653.424702339325,0.0,74.364,0.0,0.0,0.0,1851.49975,10995.634337151321,0.0,10445.852620293756,-10995.634337151321,11804.962115187998,0.0,0.0,0.0
8170,10,91140.43004,35563.080393053,53855.22695534249,35563.080393053,1221.308,53855.22695534249,0.0,19666.911717692732,0.0,74.364,0.0,0.0,0.0,0.0,19240.46102608823,0.0,28724.290595077575,-19240.46102608823,1722.1226916045125,0.0,0.0,0.0
8171,11,90838.18921,38066.535401502,64077.376632865504,38066.535401502,1178.3580000000002,64077.376632865504,0.0,17218.85916403745,0.0,74.364,0.0,0.0,0.0,0.0,29777.303988404954,0.0,57012.72938406228,-29777.303988404954,-11305.722824367505,0.0,0.0,0.0
8172,12,90203.10069,40323.412759547005,68839.143348151,40323.412759547005,1178.3580000000002,56734.89594615749,0.0,19690.292720590864,0.0,74.364,0.0,0.0,0.0,0.0,27798.222736295378,0.0,83421.04098354289,-27798.222736295378,-6855.208015704491,0.0,0.0,0.0
8173,13,89475.61463,43531.280105514,70236.305743373,34996.19665462286,132.609,38380.3389947205,0.0,15966.469980656659,0.0,0.0,0.0,0.0,0.0,0.0,0.0,0.0,83421.04098354289,0.0,16099.078980656639,0.0,0.0,0.0
8174,14,89251.6149,42641.187149531994,68424.11621238351,42641.187149531994,1078.2810221729164,64918.8762123835,0.0,15695.157798479911,0.0,74.364,0.0,0.0,0.0,0.0,35156.251282568344,0.0,116819.47970198281,-35156.251282568344,-18308.44846191549,0.0,0.0,0.0
8175,15,88981.89684,47777.112651534,58486.016581039,40729.506951534,1221.308,58486.016581039,0.0,19322.82216694191,0.0,74.364,0.0,0.0,0.0,1851.49975,32703.62060951493,0.0,147887.91928102198,-32703.62060951493,-10233.626692573001,0.0,0.0,0.0
8176,16,90310.33203,38597.66815382901,39723.3203962315,38597.66815382901,1221.308,39723.3203962315,0.0,19740.230631495317,0.0,74.364,0.0,0.0,0.0,3702.9995,12749.55865155582,0.0,160000.0,-12749.55865155582,11989.343479939496,0.0,0.0,0.0
8177,17,95623.75522,38211.449507583,16936.9219475545,38211.449507583,1221.308,16936.9219475545,593.212,19753.52407611404,7088.965840000001,74.364,0.0,0.0,0.0,5554.49925,0.0,6189.510598748483,153484.72568552793,6189.510598748483,40475.383764862505,15.570160000000008,15.570160000000008,15.570160000000008
8178,18,100476.0493,37595.945009043,0.0,37595.945009043,1221.308,0.0,593.212,19763.738871367448,24452.49,74.364,448.7680000000001,257.0,0.0,7405.999,0.0,8663.224419589553,144365.54208595998,8663.224419589553,62880.104290957,35.458,35.458,35.458
8179,19,99228.77926,40281.512390666,0.0,40281.512390666,1221.308,0.0,593.212,19777.03230871217,25028.690000000002,74.364,56.5,257.0,0.0,7405.999,0.0,4533.161560621849,139593.7930747791,4533.161560621849,58947.266869333995,33.44188,33.44188,33.44188
8180,20,97041.30801,38908.322955120006,0.0,38908.322955120006,1221.308,0.0,593.212,19787.38755426558,24452.49,74.364,36.160000000000004,257.0,0.0,7405.999,0.0,4305.064500614391,135062.1462320271,4305.064500614391,58132.98505487999,32.8934,32.8934,32.8934
8181,21,94344.94887,40221.661644242995,0.0,40221.661644242995,1221.308,0.0,593.212,19800.744691618504,16628.224159999998,74.364,0.0,0.0,0.0,7405.999,0.0,8399.435374138473,126220.63531188134,8399.435374138473,54123.287225757,18.134760000000004,18.134760000000004,18.134760000000004
8182,22,90080.95552,40493.189951448,0.0,40493.189951448,1221.308,0.0,593.212,19813.63491397571,753.6511966422113,74.364,0.0,0.0,0.0,7405.999,0.0,19725.596457934058,105456.8495666876,19725.596457934058,49587.765568552,16.2426,16.2426,16.2426
8183,23,85054.35895,36539.215951935,0.0,36539.215951935,1221.308,0.0,593.212,19824.252924216635,50.0,74.364,0.0,0.0,0.0,7405.999,0.0,19346.007073848385,85092.6315942156,19346.007073848385,48515.14299806499,16.2426,16.2426,16.2426
8184,24,79145.98005,43079.134908255,0.0,43079.134908255,1221.308,0.0,593.212,19837.37235697384,50.0,74.364,0.0,0.0,0.0,7405.999,0.0,6884.589784771162,77845.69497866702,6884.589784771162,36066.845141745,16.2426,16.2426,16.2426
8185,25,75196.64272,49078.879107254,0.0,49078.879107254,1221.308,0.0,593.212,19850.877242188762,28.499999999999996,74.364,0.0,0.0,0.0,5554.49925,1204.9968794427623,0.0,78990.44201413765,-1204.9968794427623,26117.763612746006,12.948899999999998,12.948899999999998,12.948899999999998
8186,26,73193.1246,51988.419043808004,0.0,51988.419043808004,1221.308,0.0,0.0,19860.776656745973,0.0,74.364,0.0,0.0,0.0,3702.9995,3654.742600553969,0.0,82462.44748466392,-3654.742600553969,21204.70555619199,0.0,0.0,0.0
8187,27,72328.12989,49381.378198984996,0.0,49381.378198984996,1221.308,0.0,0.0,19874.313365624894,0.0,74.364,0.0,0.0,0.0,5554.49925,3777.732924609912,0.0,86051.29376304333,-3777.732924609912,22946.751691015,2.272319999999997,2.272319999999997,2.272319999999997
8188,28,72247.29056,25938.393960614998,0.0,25938.393960614998,1221.308,0.0,593.212,19887.456550578303,7247.502,74.364,0.0,0.0,0.0,7405.999,0.0,9879.055048806691,75652.28844850996,9879.055048806691,46308.896599385,17.18868,17.18868,17.18868
8189,29,73406.37953,25409.344140041,0.0,25409.344140041,1221.308,0.0,593.212,19898.097856297023,50.0,74.364,0.0,0.0,0.0,7405.999,0.0,18754.054533661973,55911.178413076304,18754.054533661973,47997.035389959005,16.2426,16.2426,16.2426
8190,30,76074.63969,24160.754493941,0.0,24160.754493941,1221.308,0.0,593.212,19898.097856297023,7269.002,74.364,0.0,0.0,0.0,7405.999,0.0,15451.902339761979,39646.01805543212,15451.902339761979,51913.885196059,17.18868,17.18868,17.18868
8191,31,79199.7713,31069.354900719998,259.6862,31069.354900719998,1221.308,259.6862,593.212,19898.097856297023,50.0,74.364,0.0,0.0,0.0,5554.49925,0.0,20479.249092982973,18088.91374702899,20479.249092982973,47870.73019928,16.2426,16.2426,16.2426
8192,32,82435.65309,30974.387690323005,10934.21339826,30974.387690323005,1221.308,10934.21339826,593.212,19898.097856297023,28.499999999999996,74.364,0.0,0.0,0.0,3702.9995,0.0,15008.570645119979,2290.418331113223,15008.570645119979,40527.052001417,16.2426,16.2426,16.2426
8193,33,85457.97282,32279.377296644,37353.6795027185,32279.377296644,1221.308,37353.6795027185,0.0,19898.097856297023,0.0,74.364,0.0,0.0,0.0,1851.49975,7220.353585659521,0.0,9149.754237489768,-7220.353585659521,15824.916020637495,0.0,0.0,0.0
8194,34,86943.63518,29639.382446896998,54958.942638602995,29639.382446896998,1221.308,54958.942638602995,0.0,19898.097856297023,0.0,74.364,0.0,0.0,0.0,0.0,18848.459761797018,0.0,27055.791011196932,-18848.459761797018,2345.310094500004,0.0,0.0,0.0
8195,35,86732.03755,23568.889291126,65688.536660899,23568.889291126,1221.308,65688.536660899,0.0,19898.097856297023,0.0,74.364,0.0,0.0,0.0,0.0,23719.158258322026,0.0,49588.991356602855,-23719.158258322026,-2525.3884020250116,0.0,0.0,0.0
8196,36,85776.32336,22924.532418691997,70966.380897185,22924.532418691997,1221.308,70966.380897185,0.0,19898.097856297023,0.0,74.364,0.0,0.0,0.0,0.0,29308.359812174032,0.0,77431.93317816818,-29308.359812174032,-8114.589955876996,0.0,0.0,0.0
8197,37,84699.49948,23869.793297031,71564.140056227,23869.793297031,1221.308,71564.140056227,0.0,19898.097856297023,0.0,74.364,0.0,0.0,0.0,0.0,31928.203729555033,0.0,107763.72672124546,-31928.203729555033,-10734.433873258,0.0,0.0,0.0
8198,38,83841.94507,23864.950496086,68734.1876620815,23864.950496086,1221.308,68734.1876620815,0.0,19898.097856297023,0.0,74.364,0.0,0.0,0.0,0.0,29950.962944464543,0.0,136217.14151848678,-29950.962944464543,-8757.1930881675,0.0,0.0,0.0
8199,39,83703.97958,23717.745445976998,58249.219871564004,23717.745445976998,1221.308,58249.219871564004,0.0,19898.097856297023,0.0,74.364,0.0,0.0,0.0,1851.49975,21308.255343838024,0.0,156459.9840951329,-21308.255343838024,1737.0142624590007,0.0,0.0,0.0
8200,40,85889.17476,23121.372951773003,41575.864983369,23121.372951773003,1221.308,41575.864983369,0.0,19898.097856297023,21.500000000000004,74.364,0.0,0.0,0.0,3702.9995,3726.3325314390468,0.0,160000.0,-3726.3325314390468,21191.936824857992,0.0,0.0,0.0
8201,41,92026.19432,22147.440953286,17505.953764116,22147.440953286,1221.308,17505.953764116,593.212,19898.097856297023,17392.024159999997,74.364,448.7680000000001,257.0,0.0,5554.49925,0.0,6933.526336300954,152701.55122494636,6933.526336300954,52372.799602597996,34.37736,34.37736,34.37736
8202,42,97238.5171,26608.853703284996,0.0,26608.853703284996,1221.308,0.0,593.212,19898.097856297023,25028.690000000002,74.364,701.2,257.0,0.0,7405.999,0.0,15449.79254041799,136438.6117087169,15449.79254041799,70629.663396715,35.458,35.458,35.458
8203,43,96368.71362,33741.321238724,0.0,33741.321238724,1221.308,0.0,593.212,19898.097856297023,25028.690000000002,74.364,701.2,257.0,0.0,7405.999,0.0,7447.521524978982,128599.11536663376,7447.521524978982,62627.392381276,35.458,35.458,35.458
8204,44,94714.27406,33541.73250448,0.0,33541.73250448,1221.308,0.0,593.212,19898.097856297023,25028.690000000002,74.364,469.10800000000006,257.0,0.0,7405.999,0.0,6224.762699222987,122046.73357797798,6224.762699222987,61172.541555519994,35.458,35.458,35.458
8205,45,92441.32291,35467.350804318005,0.0,35467.350804318005,1221.308,0.0,593.212,19898.097856297023,24452.49,74.364,36.160000000000004,0.0,0.0,7405.999,0.0,3292.3412493849696,118581.11121020433,3292.3412493849696,56973.972105682,30.76372,30.76372,30.76372
8206,46,88639.95704,33278.86925042201,0.0,33278.86925042201,1221.308,0.0,593.212,19898.097856297023,14329.467840000001,74.364,0.0,0.0,0.0,7405.999,0.0,11838.639093280965,106119.38584885595,11838.639093280965,55361.087789577985,17.18868,17.18868,17.18868
8207,47,83956.43666,27791.49193871,0.0,27791.49193871,1221.308,0.0,593.212,19898.097856297023,24452.49,74.364,36.160000000000004,257.0,0.0,7405.999,0.0,2226.31386499298,103775.89756991596,2226.31386499298,56164.944721290005,33.44188,33.44188,33.44188
8208,48,78936.18134,26651.817496688,0.0,26651.817496688,1221.308,0.0,593.212,19898.097856297023,14329.467840000001,74.364,0.0,0.0,0.0,7405.999,0.0,8761.915147014968,94552.82899411074,8761.915147014968,52284.36384331199,17.18868,17.18868,17.18868
8209,49,74999.70812,26290.012354822,0.0,26290.012354822,1221.308,0.0,593.212,19898.097856297023,7269.002,74.364,0.0,0.0,0.0,7405.999,0.0,12247.712908880972,81660.49961634129,12247.712908880972,48709.695765177996,17.18868,17.18868,17.18868
8210,50,72752.86605,22933.094410835998,0.0,22933.094410835998,1221.308,0.0,593.212,19898.097856297023,7269.002,74.364,0.0,0.0,0.0,7405.999,0.0,13357.788782866965,67599.66931858659,13357.788782866965,49819.771639164,17.18868,17.18868,17.18868
8211,51,71983.26181,22287.959854799003,0.0,22287.959854799003,1221.308,0.0,593.212,19898.097856297023,7269.002,74.364,0.0,0.0,0.0,7405.999,0.0,13233.319098903974,53669.859740792934,13233.319098903974,49695.301955200994,17.18868,17.18868,17.18868
8212,52,71937.18382,22936.324707498,0.0,22936.324707498,1221.308,0.0,593.212,19898.097856297023,7269.002,74.364,0.0,0.0,0.0,7405.999,0.0,12538.87625620499,40471.042628998206,12538.87625620499,49000.859112502,17.18868,17.18868,17.18868
8213,53,72746.57398,23506.152998605998,0.0,23506.152998605998,1221.308,0.0,593.212,19898.097856297023,12971.8507109346,74.364,0.0,0.0,0.0,7405.999,0.0,7075.589414162384,33023.05377198517,7075.589414162384,49240.420981394,17.18868,17.18868,17.18868
8214,54,74959.31586,25318.948209560003,0.0,25318.948209560003,1221.308,0.0,593.212,19898.097856297023,7269.002,74.364,0.0,0.0,0.0,7405.999,0.0,13178.384794142972,19151.069778150464,13178.384794142972,49640.36765044,17.18868,17.18868,17.18868
8215,55,77620.84925,25560.399506786,106.6392,25560.399506786,1221.308,106.6392,593.212,19898.097856297023,7269.002,74.364,0.0,0.0,0.0,7405.999,0.0,15491.827686916988,2843.882739290477,15491.827686916988,51953.810543214,17.18868,17.18868,17.18868
8216,56,80564.32703,24225.291058243998,8610.682103133002,24225.291058243998,1221.308,8610.682103133002,593.212,19898.097856297023,17392.024159999997,74.364,36.160000000000004,257.0,0.0,5554.49925,0.0,2701.688602325953,0.0,2701.688602325953,47728.353868623,33.44188,33.44188,33.44188
8217,57,83629.30033,27518.484156575,32542.113303241997,27518.484156575,1221.308,32542.113303241997,0.0,19898.097856297023,21.500000000000004,74.364,0.0,0.0,0.0,3702.9995,1349.5664861140353,0.0,1282.0881618083336,-1349.5664861140353,23568.702870183006,0.0,0.0,0.0
8218,58,85156.44139,25523.293310934998,51331.382661498996,25523.293310934998,1221.308,51331.382661498996,0.0,19898.097856297023,0.0,74.364,0.0,0.0,0.0,1851.49975,14743.504188731038,0.0,15288.417141102818,-14743.504188731038,8301.765417566014,0.0,0.0,0.0
8219,59,85468.86312,23712.212700919004,62483.695361776496,23712.212700919004,1221.308,62483.695361776496,0.0,19898.097856297023,0.0,74.364,0.0,0.0,0.0,0.0,21920.81479899253,0.0,36113.191200145724,-21920.81479899253,-727.044942695502,0.0,0.0,0.0
8220,60,85187.46387,24160.442647119,66828.12978428899,24160.442647119,1221.308,66828.12978428899,0.0,19898.097856297023,0.0,74.364,0.0,0.0,0.0,0.0,26994.87841770503,0.0,61758.325696965505,-26994.87841770503,-5801.108561407986,0.0,0.0,0.0
8221,61,84625.45826,25080.076792478,67977.8391044405,25080.076792478,1221.308,67977.8391044405,0.0,19898.097856297023,0.0,74.364,0.0,0.0,0.0,0.0,29626.227493215538,0.0,89903.24181552026,-29626.227493215538,-8432.457636918502,0.0,0.0,0.0
8222,62,84334.51073,26596.814347458,65073.615198947,26596.814347458,1221.308,65073.615198947,0.0,19898.097856297023,0.0,74.364,0.0,0.0,0.0,0.0,28529.688672702025,0.0,117006.44605458718,-28529.688672702025,-7335.9188164050065,0.0,0.0,0.0
8223,63,84544.14279,26705.310750549997,56443.048809875494,26705.310750549997,1221.308,56443.048809875494,0.0,19898.097856297023,0.0,74.364,0.0,0.0,0.0,1851.49975,21649.48637672254,0.0,137573.4581124736,-21649.48637672254,1395.7832295745102,0.0,0.0,0.0
8224,64,86755.03795,25651.590557933,38800.418560518,25651.590557933,1221.308,38800.418560518,0.0,19898.097856297023,21.500000000000004,74.364,0.0,0.0,0.0,3702.9995,2615.240524748048,0.0,140057.93661098424,-2615.240524748048,22303.028831548996,0.0,0.0,0.0
8225,65,93362.1271,24044.364999783003,18161.973486399,24044.364999783003,1221.308,18161.973486399,593.212,19898.097856297023,17392.024159999997,74.364,448.7680000000001,257.0,0.0,5554.49925,0.0,5716.5153475209945,134040.55203464636,5716.5153475209945,51155.78861381799,34.37736,34.37736,34.37736
8226,66,100158.0756,25303.937859954,0.0,25303.937859954,1221.308,0.0,593.212,19898.097856297023,25028.690000000002,74.364,701.2,257.0,0.0,7405.999,0.0,19674.266883748965,113330.79742017377,19674.266883748965,74854.13774004599,35.458,35.458,35.458
8227,67,100193.5119,30022.504004453003,0.0,30022.504004453003,1221.308,0.0,593.212,19898.097856297023,25028.690000000002,74.364,701.2,257.0,0.0,7405.999,0.0,14991.137039249988,97550.65316833167,14991.137039249988,70171.007895547,35.458,35.458,35.458
8228,68,98724.38547,27337.535644973,0.0,27337.535644973,1221.308,0.0,593.212,19898.097856297023,25028.690000000002,74.364,701.2,257.0,0.0,7405.999,0.0,16206.978968729965,80490.67530651066,16206.978968729965,71386.84982502699,35.458,35.458,35.458
8229,69,95653.59705,32070.379345128,0.0,32070.379345128,1221.308,0.0,593.212,19898.097856297023,24452.49,74.364,448.7680000000001,257.0,0.0,7405.999,0.0,9231.978848574981,70772.80283432647,9231.978848574981,63583.217704872,34.785560000000004,34.785560000000004,34.785560000000004
8230,70,90242.74909,37884.424707216,0.0,37884.424707216,1221.308,0.0,593.212,19898.097856297023,7110.465840000001,74.364,0.0,0.0,0.0,7405.999,0.0,16054.877686486956,53872.93158539284,16054.877686486956,52358.324382784,16.2426,16.2426,16.2426
8231,71,83407.83846,45506.780845167,0.0,45506.780845167,1221.308,0.0,593.212,19898.097856297023,50.0,74.364,0.0,0.0,0.0,7371.851291669996,0.0,8692.224466865968,44723.22162027077,8692.224466865968,37901.057614833,16.2426,16.2426,16.2426
8232,72,77658.57073,50014.315551110994,0.0,50014.315551110994,1221.308,0.0,593.212,19898.097856297023,28.499999999999996,74.364,0.0,0.0,0.0,5520.351541669996,0.0,308.42178092199265,44398.56711403708,308.42178092199265,27644.255178889012,16.2426,16.2426,16.2426
8233,73,74532.41972,55954.571895602,0.0,55954.571895602,1221.308,0.0,0.0,19898.097856297023,0.0,74.364,0.0,0.0,0.0,3668.851791669998,6284.773823569016,0.0,50369.10224642765,-6284.773823569016,18577.847824398006,0.0,0.0,0.0
8234,74,72773.66952,55887.182209223,0.0,55887.182209223,1221.308,0.0,0.0,19898.097856297023,0.0,74.364,0.0,0.0,0.0,1817.352041669998,6124.634587190031,0.0,56187.50510425818,-6124.634587190031,16886.487310776996,0.0,0.0,0.0
8235,75,72564.11181,53458.02200194001,0.0,53458.02200194001,1221.308,0.0,0.0,19898.097856297023,0.0,74.364,0.0,0.0,0.0,3668.8517916699957,5756.53183990702,0.0,61656.210352169845,-5756.53183990702,19106.089808059995,3.143099999999997,3.143099999999997,3.143099999999997
8236,76,73606.21119,39711.245748989,0.0,39711.245748989,1221.308,0.0,593.212,19898.097856297023,28.499999999999996,74.364,0.0,0.0,0.0,5520.351541669999,0.0,6559.132043043977,54751.86083317617,6559.132043043977,33894.965441011,16.2426,16.2426,16.2426
8237,77,77085.71754,40098.565056438994,0.0,40098.565056438994,1221.308,0.0,593.212,19898.097856297023,50.0,74.364,0.0,0.0,0.0,7371.851291669999,0.0,7778.319335593969,46564.15626939305,7778.319335593969,36987.152483561,16.2426,16.2426,16.2426
8238,78,83841.12986,36859.990256360004,0.0,36859.990256360004,1221.308,0.0,593.212,19898.097856297023,7269.002,74.364,0.0,0.0,0.0,7405.999,0.0,10519.156747342975,35491.35969324255,10519.156747342975,46981.13960364,17.18868,17.18868,17.18868
8239,79,91113.91948,36357.613402187,244.87519999999998,36357.613402187,1221.308,244.87519999999998,593.212,19898.097856297023,7269.002,74.364,0.0,0.0,0.0,5554.49925,0.0,19900.94777151598,14542.993617962567,19900.94777151598,54511.43087781299,17.18868,17.18868,17.18868
8240,80,94134.73806,37223.200590845,10358.2101757935,37223.200590845,1221.308,10358.2101757935,593.212,19898.097856297023,7247.502,74.364,0.0,0.0,0.0,3702.9995,0.0,13815.84393706444,0.0,13815.84393706444,46553.3272933615,17.18868,17.18868,17.18868
8241,81,94091.0737,39922.659494522,38644.8564095605,39922.659494522,802.3860000000001,38644.8564095605,0.0,19898.097856297023,0.0,74.364,0.0,0.0,0.0,1851.49975,7102.789810379533,0.0,6747.650319860556,-7102.789810379533,15523.557795917492,0.0,0.0,0.0
8242,82,93723.3457,39061.437109388,55613.873553456506,39061.437109388,1189.694,55613.873553456506,0.0,19898.097856297023,0.0,74.364,0.0,0.0,0.0,0.0,22114.120819141524,0.0,27756.065098045005,-22114.120819141524,-951.964962844504,0.0,0.0,0.0
8243,83,93131.76886,37013.505292117996,66225.0137304285,37013.505292117996,1221.308,66225.0137304285,0.0,19898.097856297023,0.0,74.364,0.0,0.0,0.0,0.0,31300.520018843537,0.0,57491.559115946366,-31300.520018843537,-10106.750162546501,0.0,0.0,0.0
8244,84,92107.91695,29480.927304674,67081.57146123951,29480.927304674,1221.308,67081.57146123951,0.0,19898.097856297023,0.0,74.364,0.0,0.0,0.0,0.0,25648.351672210538,0.0,81857.49320454638,-25648.351672210538,-4454.581815913509,0.0,0.0,0.0
8245,85,91351.99108,32857.863098478,72325.4174613415,32857.863098478,1221.308,72325.4174613415,0.0,19890.13281309702,0.0,74.364,0.0,0.0,0.0,0.0,35017.0942929165,0.0,115123.73278281705,-35017.0942929165,-13831.28947981949,0.0,0.0,0.0
8246,86,90822.35729,32986.701258835,68003.3431364795,32986.701258835,1221.308,68003.3431364795,0.0,19753.681809097023,0.0,74.364,0.0,0.0,0.0,0.0,31217.04091441153,0.0,144779.92165150802,-31217.04091441153,-10167.687105314493,0.0,0.0,0.0
8247,87,90762.01747,30666.396347568,60524.805796613,28743.578047568,904.2680000000001,46880.929650450744,0.0,19515.301192297025,0.0,74.364,0.0,0.0,0.0,1851.49975,7207.923170315764,0.0,151627.448663308,-7207.923170315764,15137.509771981262,0.0,0.0,0.0
8248,88,92521.66913,31566.687692815998,44871.424014247,31566.687692815998,1221.308,44871.424014247,0.0,19898.097856297023,0.0,74.364,0.0,0.0,0.0,3702.9995,8813.211933360013,0.0,160000.0,-8813.211933360013,16083.557422936996,0.0,0.0,0.0
8249,89,98092.60324,30644.728144069002,20238.766351057002,30644.728144069002,1221.308,20238.766351057002,593.212,19898.097856297023,7088.965840000001,74.364,0.0,0.0,0.0,5554.49925,0.0,12778.661798576979,146548.7770541295,12778.661798576979,47209.108744874,15.570160000000008,15.570160000000008,15.570160000000008
8250,90,104551.562,27217.442290795003,0.0,27217.442290795003,1221.308,0.0,593.212,19898.097856297023,24452.49,74.364,448.7680000000001,257.0,0.0,7405.999,0.0,22982.880852907976,122356.27089317373,22982.880852907976,77334.119709205,35.458,35.458,35.458
8251,91,104583.0877,28558.338244626,0.0,28558.338244626,1221.308,0.0,593.212,19898.097856297023,25028.690000000002,74.364,701.2,257.0,0.0,7405.999,0.0,20844.878599076976,100414.29342046112,20844.878599076976,76024.749455374,35.458,35.458,35.458
8252,92,102846.2336,30502.529044827,0.0,30502.529044827,1221.308,0.0,593.212,19898.097856297023,24452.49,74.364,448.7680000000001,257.0,0.0,7405.999,0.0,17992.465698875967,81474.85584269694,17992.465698875967,72343.70455517301,34.785560000000004,34.785560000000004,34.785560000000004
8253,93,99246.87589,35910.599852686,0.0,35910.599852686,1221.308,0.0,593.212,19898.097856297023,7110.465840000001,74.364,0.0,0.0,0.0,7405.999,0.0,27032.829341016954,53019.246010047515,27032.829341016954,63336.276037314,16.2426,16.2426,16.2426
8254,94,93112.26842,33437.830697591,0.0,33437.830697591,1221.308,0.0,593.212,19898.097856297023,8089.736417502751,74.364,0.0,0.0,0.0,7405.999,0.0,22391.720448609187,29449.01395887995,22391.720448609187,59674.43772240899,16.2426,16.2426,16.2426
8255,95,85758.38475,14367.940597836,0.0,14367.940597836,1221.308,0.0,593.212,19898.097856297023,24452.49,74.364,448.7680000000001,257.0,0.0,7405.999,0.0,17039.205295866977,11513.008384283135,17039.205295866977,71390.444152164,34.785560000000004,34.785560000000004,34.785560000000004
8256,96,79408.44502,13291.216198634,0.0,13291.216198634,1221.308,0.0,593.212,19898.097856297023,25028.690000000002,74.364,701.2,257.0,0.0,7405.999,0.0,10937.357965068979,0.0,10937.357965068979,66117.228821366,35.458,35.458,35.458
8257,1,76214.21534,13273.497492377,0.0,13273.497492377,1221.308,0.0,593.212,19898.097856297023,25028.690000000002,74.364,8462.046991325948,257.0,0.0,7405.999,0.0,0.0,0.0,0.0,62940.717847623,35.458,35.458,35.458
8258,2,74367.91683,15076.6576446,0.0,15076.6576446,1221.308,0.0,593.212,19898.097856297023,25028.690000000002,74.364,4812.588329102988,257.0,0.0,7405.999,0.0,0.0,0.0,0.0,59291.259185400006,35.458,35.458,35.458
8259,3,74028.16189,17501.343449628002,0.0,17501.343449628002,1221.308,0.0,593.212,19898.097856297023,25028.690000000002,74.364,2048.1475840749563,257.0,0.0,7405.999,0.0,0.0,0.0,0.0,56526.818440372,35.458,35.458,35.458
8260,4,74947.07936,18584.081457353004,0.0,18584.081457353004,1221.308,0.0,593.212,19898.097856297023,25028.690000000002,74.364,1884.3270463499737,257.0,0.0,7405.999,0.0,0.0,0.0,0.0,56362.997902646995,35.458,35.458,35.458
8261,5,78581.42397,14932.699697964998,0.0,14932.699697964998,1221.308,0.0,593.212,19898.097856297023,25028.690000000002,74.364,9170.053415737979,257.0,0.0,7405.999,0.0,0.0,0.0,0.0,63648.724272035004,35.458,35.458,35.458
8262,6,85434.77241,20098.137609176003,0.0,20098.137609176003,1221.308,0.0,593.212,19898.097856297023,25028.690000000002,74.364,10857.963944526982,257.0,0.0,7405.999,0.0,0.0,0.0,0.0,65336.634800824,35.458,35.458,35.458
8263,7,92677.61442,18128.216590752003,234.5075,18128.216590752003,1221.308,234.5075,593.212,19898.097856297023,25028.690000000002,74.364,19836.219472950943,257.0,0.0,7405.999,0.0,0.0,0.0,0.0,74314.89032924798,35.458,35.458,35.458
8264,8,95224.28468,18657.227158333,9834.601949983,18657.227158333,1221.308,9834.601949983,593.212,19898.097856297023,25028.690000000002,74.364,12253.784715386937,257.0,0.0,7405.999,0.0,0.0,0.0,0.0,66732.455571684,35.458,35.458,35.458
8265,9,94669.68647,15615.927941839,34146.554157735,15615.927941839,1221.308,34146.554157735,593.212,19898.097856297023,22914.730430000003,74.364,20.340000000000053,0.0,0.0,7405.999,7220.846915871004,0.0,6859.804570077454,-7220.846915871004,44907.20437042601,17.188679999999998,17.188679999999998,17.188679999999998
8266,10,93842.48098,21141.477048752,46680.812258181,21141.477048752,1221.308,46680.812258181,593.212,19898.097856297023,15412.977124029205,74.364,0.0,0.0,0.0,7405.999,18585.766307259237,0.0,24516.282561973727,-18585.766307259237,26020.19167306699,17.188680000020558,17.188680000020558,17.188680000020558
8267,11,92979.33638,19886.485553683,53163.604239537504,19886.485553683,1221.308,53163.604239537504,593.2119999999998,19898.097856297023,21319.988999999943,74.364,0.0,0.0,0.0,7405.999,30583.723269517515,0.0,53570.81966801536,-30583.723269517515,19929.24658677949,17.188679999979453,17.188679999979453,17.188679999979453
8268,12,91970.40115,22905.820101564,55036.2881035595,22905.820101564,1221.308,55036.2881035595,593.2120000013881,19898.097856297023,15256.56459000003,74.364,0.0,0.0,0.0,7405.999000000001,30421.252501421965,0.0,82471.00954436623,-30421.252501421965,14028.292944876499,17.188680000021126,17.188680000021126,17.188680000021126
8269,13,91293.85817,25300.660001807002,53827.01754903049,25300.660001807002,1221.308,53827.01754903049,0.0,19898.097856297023,0.0,74.364,0.0,0.0,0.0,5554.499249999998,14582.088487134524,0.0,96323.99360714403,-14582.088487134524,12166.180619162515,0.0,0.0,0.0
8270,14,91109.42255,24914.652997203997,49688.6952963605,24914.652997203997,1221.308,49688.6952963605,593.212,19898.097856297023,15256.564589999994,74.364,0.0,0.0,0.0,7405.999,27943.471189861528,0.0,122870.29123751249,-27943.471189861528,16506.074256435502,17.188679999999977,17.188679999999977,17.188679999999977
8271,15,90985.71839,28340.471840912996,41511.126225377,28340.471840912996,1221.308,41511.126225377,593.2119999994986,19898.097856297023,21319.989,74.36399999999999,0.0,0.0,0.0,7405.998999999977,29378.84953258652,0.0,150780.19829346967,-29378.84953258652,21134.120323709998,17.18868000002115,17.18868000002115,17.18868000002115
8272,16,93133.31095,22645.937288886,28064.376802741997,22645.937288886,1221.308,28064.376802741997,593.2120000000514,19898.097856297023,22914.73043000142,74.364,20.339999999999986,0.0,0.0,7405.999000000031,9705.054427926654,0.0,160000.0,-9705.054427926654,42422.99685837199,17.188680000000005,17.188680000000005,17.188680000000005
8273,17,98950.03815,21984.546555265,7926.7665511899995,21984.546555265,1221.308,7926.7665511899995,593.212,19898.097856297023,25028.690000000002,74.364,469.10800000000006,257.0,0.0,7405.999,0.0,14090.946187248013,145167.4250660547,14090.946187248013,69038.725043545,35.458,35.458,35.458
8274,18,104918.1838,19429.243459577,0.0,19429.243459577,1221.308,0.0,593.212,19898.097856297023,25028.690000000002,74.364,2569.391184150899,257.0,0.0,7405.999,0.0,28440.87829997507,115229.65843450201,28440.87829997507,85488.940340423,35.458,35.458,35.458
8275,19,104916.4258,19703.068297402002,0.0,19703.068297402002,1221.308,0.0,593.212,19898.097856297023,25028.690000000002,74.364,701.2,257.0,0.0,7405.999,0.0,30033.48664630098,83615.4619647115,30033.48664630098,85213.357502598,35.458,35.458,35.458
8276,20,103015.5454,22002.10364332,0.0,22002.10364332,1221.308,0.0,593.212,19898.097856297023,25028.690000000002,74.364,701.2,257.0,0.0,7405.999,0.0,25833.570900382983,56422.22943799257,25833.570900382983,81013.44175668,35.458,35.458,35.458
8277,21,99431.15191,20268.187706328,0.0,20268.187706328,1221.308,0.0,593.212,19898.097856297023,25028.690000000002,74.364,701.2,257.0,0.0,7405.999,0.0,23983.093347375005,31176.8680197031,23983.093347375005,79162.964203672,35.458,35.458,35.458
8278,22,93663.9515,20865.642555447,0.0,20865.642555447,1221.308,0.0,593.212,19898.097856297023,25028.690000000002,74.364,701.2,257.0,0.0,7405.999,0.0,17618.43808825597,12631.14371627576,17618.43808825597,72798.30894455299,35.458,35.458,35.458
8279,23,86419.66484,21392.200160419,0.0,21392.200160419,1221.308,0.0,593.212,19898.097856297023,25028.690000000002,74.364,701.2,257.0,0.0,7405.999,0.0,9847.593823283982,2265.255481239991,9847.593823283982,65027.464679581,35.458,35.458,35.458
8280,24,80095.46902,22763.605456525,0.0,22763.605456525,1221.308,0.0,593.212,19898.097856297023,25028.690000000002,74.364,701.2,257.0,0.0,7405.999,0.0,2151.992707177991,0.0,2151.992707177991,57331.863563475,35.458,35.458,35.458
8281,25,76498.21691,22655.257092818,0.0,22655.257092818,1221.308,0.0,593.212,19898.097856297023,23944.210960884986,74.364,448.76799999999923,257.0,0.0,7405.999,0.0,0.0,0.0,0.0,53842.959817182,35.45800000000004,35.45800000000004,35.45800000000004
8282,26,74692.34312,50677.749695487,0.0,50677.749695487,1221.30800000008,0.0,0.0,19898.097856297023,6573.686800884977,74.364,0.0,0.0,0.0,5554.499249999999,9307.362482669074,0.0,8841.99435853562,-9307.362482669074,24014.593424513005,0.24416000000000793,0.24416000000000793,0.24416000000000793
8283,27,74032.03417,49300.576693036994,0.0,49300.576693036994,1221.308,0.0,593.2119999999995,19898.097856297023,21319.988999999965,74.364,0.0,0.0,0.0,7405.999,25781.51237933398,0.0,33334.431118902896,-25781.51237933398,24731.457476963005,17.188680000000062,17.188680000000062,17.188680000000062
8284,28,74850.80776,49539.49370702999,0.0,49539.49370702999,1221.308,0.0,593.2119999999953,19898.097856297023,16783.082427268615,74.364,0.0,0.0,0.0,7405.999,20664.749230595666,0.0,52965.94288796878,-20664.749230595666,25311.314052970003,17.188680000000005,17.188680000000005,17.188680000000005
8285,29,78071.85835,48114.178247394,0.0,48114.178247394,1221.308,0.0,593.212,19898.097856297023,21319.988999802,74.364,0.0,0.0,0.0,7405.999,20555.28975349304,0.0,72493.46815378717,-20555.28975349304,29957.680102606,17.188679999999977,17.188679999999977,17.188679999999977
8286,30,85072.81103,46314.388292833,0.0,46314.388292833,1221.308,0.0,593.212,19898.097856297023,14329.467839999972,74.364,0.0,0.0,0.0,7405.999,4764.025959130011,0.0,77019.29281496067,-4764.025959130011,38758.422737167,16.242599999999996,16.242599999999996,16.242599999999996
8287,31,92048.88413,24779.503851356003,319.42389999999995,24779.503851356003,1221.308,319.42389999999995,593.212,19898.097856297023,24452.49,74.364,448.76800000000003,257.0,0.0,7405.999,0.0,12598.717522346971,63757.48489670071,12598.717522346971,66949.95637864401,35.458,35.458,35.458
8288,32,94795.30883,39578.199659608,5473.6712035375,39578.199659608,1221.308,5473.6712035375,593.212,19898.097856297023,23688.690000000002,74.364,0.0,0.0,0.0,7405.998999999999,3138.2328894425136,0.0,66738.8061416711,-3138.2328894425136,49743.43796685449,22.679399999653242,22.679399999653242,22.679399999653242
8289,33,94114.59158,36949.705295436004,26864.949899633004,36949.705295436004,1221.308,26864.949899633004,593.212,19898.097856297023,14307.96784000322,74.364,0.0,0.0,0.0,5554.49925,11349.512561369243,0.0,77520.84307497188,-11349.512561369243,30299.936384930985,16.242599999999996,16.242599999999996,16.242599999999996
8290,34,93382.70177,37280.637089740994,42998.19455365,37280.637089740994,1221.308,42998.19455365,0.0,19898.097856297023,0.0,74.364,0.0,0.0,0.0,3702.9995,11792.899229688886,0.0,88724.09734317633,-11792.899229688886,13103.870126609007,0.0,0.0,0.0
8291,35,92515.79851,37181.668490584,51111.3114365475,37181.668490584,1221.308,51111.3114365475,0.0,19898.097856297023,0.0,74.364,0.0,0.0,0.0,1851.4997499999981,18822.451023469544,0.0,106605.4258154724,-18822.451023469544,4222.818582868495,0.0,0.0,0.0
8292,36,91536.09084,35173.875992878995,52866.029256698,35173.875992878995,1221.308,52866.029256698,0.0,19898.097856297023,0.0,74.364,0.0,0.0,0.0,0.0,17697.58426587402,0.0,123418.13086805271,-17697.58426587402,3496.1855904230106,0.0,0.0,0.0
8293,37,90785.39495,31458.463807057,49733.8307543315,31458.463807057,1221.308,49733.8307543315,0.0,19898.097856297023,0.0,74.364,0.0,0.0,0.0,0.0,11600.669468007518,0.0,134438.76686265986,-11600.669468007518,9593.1003886115,0.0,0.0,0.0
8294,38,90135.52438,35495.351692519995,46502.956540815496,35495.351692519995,1221.308,46502.956540815496,0.0,19898.097856297023,0.0,74.364,0.0,0.0,0.0,1851.49975,14908.053459632507,0.0,148601.41764931075,-14908.053459632507,8137.216146664512,0.0,0.0,0.0
8295,39,89886.39519,35278.231747156,39215.67605792,35278.231747156,1221.308,39215.67605792,0.0,19898.097856297023,0.0,74.364,0.0,0.0,0.0,3702.9995,9504.281971373106,0.0,157630.4855221152,-9504.281971373106,15392.487384923996,0.0,0.0,0.0
8296,40,91525.05829,32405.591860078002,27783.4572498195,32405.591860078002,1221.308,27783.4572498195,0.0,19898.097856297023,7081.965840000001,74.364,0.0,0.0,0.0,5554.49925,2494.225766194525,0.0,160000.0,-2494.225766194525,31336.0091801025,3.463999974835936,3.463999974835936,3.463999974835936
8297,41,97798.46246,31390.872649421995,7758.718556652,31390.872649421995,1221.308,7758.718556652,593.212,19898.097856297023,24452.49,74.364,448.7680000000001,257.0,0.0,7405.999,0.0,4297.632397628969,155476.17642354846,4297.632397628969,58648.87125392601,35.458,35.458,35.458
8298,42,103749.2143,26532.028707495003,0.0,26532.028707495003,1221.308,0.0,593.212,19898.097856297023,25028.690000000002,74.364,701.2,257.0,0.0,7405.999,0.0,22037.314736208,132279.00301701372,22037.314736208,77217.185592505,35.458,35.458,35.458
8299,43,103609.129,24057.99669214,0.0,24057.99669214,1221.308,0.0,593.212,19898.097856297023,25028.690000000002,74.364,701.2,257.0,0.0,7405.999,0.0,24371.261451562987,106625.04359431584,24371.261451562987,79551.13230786,35.458,35.458,35.458
8300,44,102142.1202,26209.4265523,0.0,26209.42655248,1221.308,0.0,593.212,19898.097856297023,25028.690000000002,74.364,701.2,257.0,0.0,7405.999,0.0,20752.822791402974,84779.96697178639,20752.822791402974,75932.69364752,35.458,35.458,35.458
8301,45,99085.72148,25465.452756026,0.0,25465.452756026,1221.308,0.0,593.212,19898.097856297023,25028.690000000002,74.364,701.2,257.0,0.0,7405.999,0.0,18440.397867676984,65369.02184791588,18440.397867676984,73620.26872397399,35.458,35.458,35.458
8302,46,93424.89415,24629.631856280997,0.0,24629.631856280997,1221.308,0.0,593.212,19898.097856297023,25028.690000000002,74.364,701.2,257.0,0.0,7405.999,0.0,13615.391437421986,51037.030861155894,13615.391437421986,68795.26229371899,35.458,35.458,35.458
8303,47,86340.26133,24591.529657294996,0.0,24591.529657294996,1221.308,0.0,593.212,19898.097856297023,25028.690000000002,74.364,701.2,257.0,0.0,7405.999,0.0,6568.8608164079915,44122.44052809485,6568.8608164079915,61748.731672705,35.458,35.458,35.458
8304,48,79868.43318,24229.268492796997,0.0,24229.268492796997,1221.308,0.0,593.212,19898.097856297023,25028.690000000002,74.364,701.2,257.0,0.0,7405.999,0.0,459.2938309059908,43638.97333766749,459.2938309059908,55639.16468720301,35.458,35.458,35.458
8305,49,76088.80286,19110.788861342,0.0,19110.788861342,1221.308,0.0,593.212,19898.097856297023,25028.690000000002,74.364,701.2,257.0,0.0,7405.999,0.0,1798.143142360982,41746.19108255067,1798.143142360982,56978.013998657996,35.458,35.458,35.458
8306,50,74382.47548,16727.766209941998,0.0,16727.766209941998,1221.308,0.0,593.212,19898.097856297023,25028.690000000002,74.364,701.2,257.0,0.0,7405.999,0.0,2474.838413760973,39141.09801543386,2474.838413760973,57654.709270057996,35.458,35.458,35.458
8307,51,73957.89128,18091.954308117,0.0,18091.954308117,1221.308,0.0,593.212,19898.097856297023,25028.690000000002,74.364,469.1080000000013,257.0,0.0,7405.999,0.0,918.1581155859783,38174.61578850125,918.1581155859783,55865.936971883,35.458,35.458,35.458
8308,52,75191.3997,23426.177989073996,0.0,23426.177989073996,1221.308,0.0,593.212,19898.097856297023,24264.890000000003,74.364,20.339999999999996,0.0,0.0,7405.999,1712.9891453710177,0.0,39801.95547660372,-1712.9891453710177,51765.221710925995,17.851079999999996,17.851079999999996,17.851079999999996
8309,53,78639.04623,27148.027649278,0.0,27148.027649278,1221.308,0.0,593.212,19898.097856297023,24264.890000000003,74.364,20.339999999999304,0.0,0.0,7405.999,1987.1922755750106,0.0,41689.78813839998,-1987.1922755750106,51491.01858072201,17.85108,17.85108,17.85108
8310,54,85523.28472,27517.582640333003,0.0,27517.582640333003,1221.308,0.0,593.212,19898.097856297023,25028.690000000002,74.364,469.10800000000006,257.0,0.0,7405.999,0.0,3057.9232233699736,38470.92158748422,3057.9232233699736,58005.702079667,35.458,35.458,35.458
8311,55,92659.39875,28133.147946557,244.38150000000002,28133.147946557,1221.308,244.38150000000002,593.212,19898.097856297023,25028.690000000002,74.364,701.2,257.0,0.0,7405.999,0.0,9101.998447145988,28889.87059048844,9101.998447145988,64281.86930344299,35.458,35.458,35.458
8312,56,95834.06683,27224.760199528,3982.7655944294993,27224.760199528,1221.308,3982.7655944294993,593.212,19898.097856297023,25028.690000000002,74.364,469.10800000428833,257.0,0.0,7405.999,0.0,9678.762179741163,18701.699874971426,9678.762179741163,64626.5410360425,35.458,35.458,35.458
8313,57,95507.11234,21565.133539968,26656.174766662505,21565.133539968,1221.308,26656.174766662505,593.212,19898.097856297023,24264.890000000003,74.364,20.340000001187683,0.0,0.0,7405.999,6192.4068229394325,0.0,24584.486356763886,-6192.4068229394325,47285.80403336951,17.851080000352113,17.851080000352113,17.851080000352113
8314,58,94746.94223,16576.191846902002,41492.025299779496,16576.191846902002,1221.308,41492.025299779496,593.212,19898.097856297023,23688.6899997668,74.364,0.0,0.0,0.0,7405.999,16202.945772786927,0.0,39977.28484091147,-16202.945772786927,36678.7250833185,17.85107999995327,17.85107999995327,17.85107999995327
8315,59,93742.49329,9398.053341722001,49273.896864566,9398.053341722001,1221.308,49273.896864566,593.212,19898.097856297023,23688.68999978116,74.364,0.0,0.0,0.0,7405.999,17811.127772413885,0.0,56897.85622470466,-17811.127772413885,35070.543083712,17.851079999417433,17.851079999417433,17.851079999417433
8316,60,92469.55533,9899.528906126001,53964.88085018849,9899.528906126001,1221.308,53964.88085018849,593.212,19898.097856297023,23688.689999752896,74.364,0.0,0.0,0.0,7405.998999999241,24276.52528241177,0.0,79960.55524299583,-24276.52528241177,28605.145573685513,17.85107999987538,17.85107999987538,17.85107999987538
8317,61,91666.24177,11389.651996659,51012.640315834,11389.651996659,1221.308,51012.640315834,593.212,19898.097856297023,23688.68999986697,74.364,0.0,0.0,0.0,7405.999,23617.721398667705,0.0,102397.39057173015,-23617.721398667705,29263.94945750699,17.85108000012717,17.85108000012717,17.85108000012717
8318,62,90978.75207,11879.702250137,45082.6030352205,11879.702250137,1221.308,45082.6030352205,593.212,19898.097856297023,23688.689999686558,74.364,0.0,0.0,0.0,7405.999,18865.224071323388,0.0,120319.35343948737,-18865.224071323388,34016.44678464251,17.851079999707114,17.851079999707114,17.851079999707114
8319,63,90884.74713,11702.786653601,37912.915513238004,11702.786653601,1221.308,37912.915513238004,593.212,19898.097856297023,24264.89,74.364,20.339999981625866,0.0,0.0,7405.999,12209.165892780042,0.0,131918.06103762842,-12209.165892780042,41269.044963161,17.851079996488007,17.851079996488007,17.851079996488007
8320,64,92613.17199,11080.856640327,25089.087958895503,11080.856640327,1221.308,25089.087958895503,593.212,19898.097856297023,25028.690000000002,74.364,469.10800000239425,257.0,0.0,7405.999,0.0,1495.448534478061,130343.90468554625,1495.448534478061,56443.22739077751,35.458,35.458,35.458
8321,65,98755.29324,11588.796690088999,8456.9210726025,11588.796690088999,1221.308,8456.9210726025,593.212,19898.097856297023,25028.690000000002,74.364,701.2,257.0,0.0,7405.999,0.0,23529.704621011482,105575.79455816574,23529.704621011482,78709.57547730849,35.458,35.458,35.458
8322,66,104754.1016,14923.267440434001,0.0,14923.267440434001,1221.308,0.0,593.212,19898.097856297023,25028.690000000002,74.364,12699.571240000001,257.0,0.0,7405.999,0.0,22652.592063492062,81730.96080735628,22652.592063492062,89830.83415956599,35.458,35.458,35.458
8323,67,104734.8185,3946.9537558710003,0.0,3946.9537558710003,1221.308,0.0,593.212,19898.097856297023,25028.690000000002,74.364,38178.04548,784.2180000000001,0.0,7405.999,0.0,7603.930407831974,73726.8235359542,7603.930407831974,100787.864744129,41.04131000000001,41.04131000000001,41.04131000000001
8324,68,103324.7789,3248.9892038870003,0.0,3248.9892038870003,1221.308,0.0,593.212,19898.097856297023,25028.690000000002,74.364,38178.04548,784.2180000000001,0.0,7405.999,0.0,6891.855359815986,66472.23894667422,6891.855359815986,100075.789696113,41.041309999999996,41.041309999999996,41.041309999999996
8325,69,100356.4666,3538.270256694,0.0,3538.270256694,1221.308,0.0,593.212,19898.097856297023,25028.690000000002,74.364,26697.882233845663,257.0,0.0,7405.999,0.0,15641.643253163282,50007.3513117655,15641.643253163282,96818.196343306,35.45799999999999,35.45799999999999,35.45799999999999
8326,70,94413.81461,7642.792649944,0.0,7642.792649944,1221.308,0.0,593.212,19898.097856297023,25028.690000000002,74.364,5367.444473845705,257.0,0.0,7405.999,0.0,26924.906629913243,21665.34433290946,26924.906629913243,86771.02196005601,35.458,35.458,35.458
8327,71,87412.49822,11882.642247439,0.0,11882.642247439,1221.308,0.0,593.212,19898.097856297023,25028.690000000002,74.364,469.10800000000006,257.0,0.0,7405.999,0.0,20582.077116263987,0.0,20582.077116263987,75529.855972561,35.458,35.458,35.458
8328,72,81170.43319,28777.474691867,0.0,28777.474691867,1221.308,0.0,593.212,19898.097856297023,24264.890000000003,74.364,20.339999999999975,0.0,0.0,7405.999,1085.2523581640173,0.0,1030.9897402558165,-1085.2523581640173,52392.958498133,18.513479999999994,18.513479999999994,18.513479999999994
8329,73,77484.298,31006.010954072997,0.0,31006.010954072997,1221.308,0.0,593.212,19898.097856297023,22338.530430000003,74.364,0.0,0.0,0.0,7405.999,5053.224240370019,0.0,5831.552768607335,-5053.224240370019,46478.287045927,17.188680000030168,17.188680000030168,17.188680000030168
8330,74,75468.94833,30492.429656402004,0.0,30492.429656402004,1221.308,0.0,593.212,19898.097856297023,21319.989,74.364,0.0,0.0,0.0,7405.999,5536.451182699016,0.0,11091.181392171398,-5536.451182699016,44976.518673597995,17.188679999999998,17.188679999999998,17.188679999999998
8331,75,75337.43705,28470.440595369997,0.0,28470.440595493998,1221.308,0.0,593.212,19898.097856297023,22364.094232615542,74.364,0.0,0.0,0.0,7405.999,4690.078634406585,0.0,15546.756094857654,-4690.078634406585,46866.99645450599,17.85108000007741,17.85108000007741,17.85108000007741
8332,76,75651.11747,31531.146048041,0.0,31531.146048041,1221.308,0.0,593.212,19898.097856297023,21319.988999999972,74.364,0.0,0.0,0.0,7405.999,6392.998434338014,0.0,21620.104607478766,-6392.998434338014,44119.971421958995,17.188679999999998,17.188679999999998,17.188679999999998
8333,77,78949.36235,34076.890553148995,0.0,34076.890553148995,1221.308,0.0,593.212,19898.097856297023,22338.530430000003,74.364,0.0,0.0,0.0,7405.999,6659.039489446024,0.0,27946.19212245249,-6659.039489446024,44872.471796851,17.18868,17.18868,17.18868
8334,78,85780.43812,33341.125505146,0.0,33341.125505146,1221.308,0.0,593.212,19898.097856297023,24264.890000000003,74.364,20.339999998924952,0.0,0.0,7405.999,1038.8982414419322,0.0,28933.145451822325,-1038.8982414419322,52439.312614854,18.513480000146483,18.513480000146483,18.513480000146483
8335,79,93382.36491,28835.147359471997,0.0,28835.147359471997,1221.308,0.0,593.212,19898.097856297023,25028.690000000002,74.364,469.1079999900186,257.0,0.0,7405.999,0.0,9599.438694240953,18828.47314209501,9599.438694240953,64547.217550528,35.458,35.458,35.458
8336,80,96633.98108,24711.661039010003,3793.2393027275,24711.661039010003,1221.308,3793.2393027275,593.212,19898.097856297023,25028.690000000002,74.364,469.1080000010098,257.0,0.0,7405.999,0.0,13181.301881964415,4953.418529500888,13181.301881964415,68129.08073826249,35.458,35.458,35.458
8337,81,96493.11558,23378.735240315997,27439.825485866502,23378.735240315997,1221.308,27439.825485866502,593.212,19898.097856297023,22914.730430000003,74.364,20.339999999999982,0.0,0.0,7405.999,6453.496432479528,0.0,11084.24014035644,-6453.496432479528,45674.55485381749,17.188680000074207,17.188680000074207,17.188680000074207
8338,82,96208.16866,22976.724909967004,45210.279409675495,22976.724909967004,1221.308,45210.279409675495,593.212,19898.097856297023,21319.988999999958,74.364,0.0,0.0,0.0,7405.999,22491.805515939504,0.0,32451.455380498966,-22491.805515939504,28021.1643403575,17.18867999995053,17.18867999995053,17.18867999995053
8339,83,95050.84869,20839.797892879997,55783.195799445995,20839.797892879997,1221.308,55783.195799445995,593.2120000000805,19898.097856297023,21319.989,74.364,0.0,0.0,0.0,7405.999000000001,32085.114858623125,0.0,62932.314496190935,-32085.114858623125,18427.854997674003,17.188680000045224,17.188680000045224,17.188680000045224
8340,84,93723.19182,21188.093609309002,58001.155206470496,21188.093609309002,1221.308,58001.155206470496,593.2120000000032,19898.097856297023,15256.564589998488,74.364,0.0,0.0,0.0,7405.999,29915.602442075025,0.0,91352.13681616221,-29915.602442075025,14533.943004220499,17.188679999999994,17.188679999999994,17.188679999999994
8341,85,92335.22677,21682.357002364,56458.5621837605,21682.357002364,1221.308,56458.5621837605,0.0,19898.097856297023,0.0,74.364,0.0,0.0,0.0,5554.49925,12553.96152242152,0.0,103278.40026246264,-12553.96152242152,14194.307583875503,0.0,0.0,0.0
8342,86,91734.15696,23513.137889777998,50515.097450228,23513.137889777998,1221.308,50515.097450228,593.212,19898.097856297023,15256.564589999994,74.364,0.0,0.0,0.0,7405.999,26743.623826303043,0.0,128684.84289745054,-26743.623826303043,17705.921619994,17.188680000000012,17.188680000000012,17.188680000000012
8343,87,91504.09455,22408.345199229,39491.641008776,22408.345199229,1221.308,39491.641008776,593.212,19898.097856297023,21319.988999999972,74.364,0.0,0.0,0.0,7405.999,20908.861514302047,0.0,148548.26133603748,-20908.861514302047,29604.108341994986,17.188680000023354,17.188680000023354,17.188680000023354
8344,88,93221.69373,24240.551008743998,28907.553186498502,24240.551008743998,1221.308,28907.553186498502,593.212,19898.097856297023,22914.73043,74.364,20.339999999999986,0.0,0.0,7405.999,12054.461751539495,0.0,160000.0,-12054.461751539495,40073.589534757506,17.188679999976365,17.188679999976365,17.188679999976365
8345,89,98993.71897,24151.18105467,6849.1190459435,24151.18105467,1221.308,6849.1190459435,593.212,19898.097856297023,25028.690000000002,74.364,469.10799999997806,257.0,0.0,7405.999,0.0,13045.640013089502,146267.74735464263,13045.640013089502,67993.4188693865,35.458,35.458,35.458
8346,90,103650.0599,18624.41761117,0.0,18624.41761117,1221.308,0.0,593.212,19898.097856297023,25028.690000000002,74.364,701.2,257.0,0.0,7405.999,0.0,29845.77143253297,114851.14584671319,29845.77143253297,85025.64228882999,35.458,35.458,35.458
8347,91,102859.6926,13354.010206763998,0.0,13354.010206763998,1221.308,0.0,593.212,19898.097856297023,25028.690000000002,74.364,4547.437367460366,257.0,0.0,7405.999,0.0,30479.574169478597,82767.38356305151,30479.574169478597,89505.682393236,35.45799999999997,35.45799999999997,35.45799999999997
8348,92,101010.1818,15319.974955678,0.0,15319.974955678,1221.308,0.0,593.212,19898.097856297023,25028.690000000002,74.364,701.2,257.0,0.0,7405.999,0.0,30510.335988024992,50651.24041776205,30510.335988024992,85690.206844322,35.458,35.458,35.458
8349,93,98442.19526,21832.265059409998,0.0,21832.265059409998,1221.308,0.0,593.212,19898.097856297023,25028.690000000002,74.364,701.2,257.0,0.0,7405.999,0.0,21430.05934429299,28093.283213243118,21430.05934429299,76609.93020059,35.458,35.458,35.458
8350,94,94202.55452,20181.884541760995,0.0,20181.884541760995,1221.308,0.0,593.212,19898.097856297023,25028.690000000002,74.364,701.2,257.0,0.0,7405.999,0.0,18840.799121941975,8260.863084883145,18840.799121941975,74020.669978239,35.458,35.458,35.458
8351,95,88980.99824,25953.307453064,0.0,25953.307453064,1221.308,0.0,593.212,19898.097856297023,25028.690000000002,74.364,701.2,257.0,0.0,7405.999,0.0,7847.819930638988,0.0,7847.819930638988,63027.690786936,35.458,35.458,35.458
8352,96,83415.09521,28337.731399810003,0.0,28337.731399810003,1221.308,0.0,593.212,19898.097856297023,25028.690000000002,74.364,598.6929538929578,257.0,0.0,7405.999,0.0,0.0,0.0,0.0,55077.36381019,33.44188,33.44188,33.44188
8353,1,79209.9355,29754.340110268997,0.0,29754.340110268997,1221.308,0.0,593.212,19898.097856297023,23688.690000000002,74.364,0.0,0.0,0.0,7405.999,3426.0754665660197,0.0,3254.771693237719,-3426.0754665660197,49455.59538973101,18.513479999999998,18.513479999999998,18.513479999999998
8354,2,77030.90288,31794.727806436,0.0,31794.727806436,1221.308,0.0,593.212,19898.097856297023,22338.530430000275,74.364,0.0,0.0,0.0,7405.999,6295.3362127333,0.0,9235.341095334354,-6295.3362127333,45236.175073563994,17.18868,17.18868,17.18868
8355,3,76220.43214,34828.09579280099,0.0,34828.09579280099,1221.308,0.0,593.212,19898.097856297023,21319.989,74.364,0.0,0.0,0.0,7405.999,9120.633509098008,0.0,17899.94292897746,-9120.633509098008,41392.336347199016,17.18868,17.18868,17.18868
8356,4,76137.79313,33829.49929988,0.0,33829.49929988,1221.308,0.0,593.212,19898.097856297023,22338.53043,74.364,0.0,0.0,0.0,7405.999,9223.217456177019,0.0,26661.999512345625,-9223.217456177019,42308.293830120005,17.188679999999657,17.188679999999657,17.188679999999657
8357,5,77371.97662,18263.511807814997,0.0,18263.511807814997,1221.308,0.0,593.212,19898.097856297023,24452.49,74.364,36.160000000000004,257.0,0.0,7405.999,0.0,5169.833955887973,21220.069032465482,5169.833955887973,59108.464812185004,33.44188,33.44188,33.44188
8358,6,80300.88779,28607.566145058,0.0,28607.566145058,1221.308,0.0,593.212,19898.097856297023,24154.587298044677,74.364,20.33999999999999,0.0,0.0,7405.999,1674.586509399724,0.0,22810.92621639522,-1674.586509399724,51693.32164494199,17.85108,17.85108,17.85108
8359,7,83999.45089,20229.275589023,0.0,20229.275589023,1221.308,0.0,593.212,19898.097856297023,25028.690000000002,74.364,469.1079999999998,257.0,0.0,7405.999,0.0,8822.396444679976,13524.193116732087,8822.396444679976,63770.17530097699,35.458000001160386,35.458000001160386,35.458000001160386
8360,8,87722.24628,17589.967855681,2336.5161071265,17589.967855681,1221.308,2336.5161071265,593.212,19898.097856297023,25028.690000000002,74.364,469.10800000000177,257.0,0.0,7405.999,0.0,12847.983460895484,0.0,12847.983460895484,67795.76231719251,35.45800000075383,35.45800000075383,35.45800000075383
8361,9,90883.1205,14604.762255589,30692.7509147665,14604.762255589,1221.308,30692.7509147665,593.212,19898.097856297023,22914.73043,74.364,20.33999999999999,0.0,0.0,7405.999,6542.4439566525,0.0,6215.321758819874,-6542.4439566525,45585.60732964451,17.188679999999998,17.188679999999998,17.188679999999998
8362,10,92894.6934,14710.787404559,44374.4449521,14710.787404559,1221.308,44374.4449521,593.212,19898.097856297023,21821.851178291792,74.364,0.0,0.0,0.0,7405.999,17205.37099124784,0.0,22560.424200505327,-17205.37099124784,33809.461043341005,17.851080000000124,17.851080000000124,17.851080000000124
8363,11,93239.33272,13856.990749798002,56414.110794648994,13856.990749798002,1221.308,56414.110794648994,593.212,19898.097856297023,13289.426409999993,74.364,0.0,0.0,0.0,7405.999,19514.176090742985,0.0,41098.89148671116,-19514.176090742985,22968.23117555301,16.526279999999765,16.526279999999765,16.526279999999765
8364,12,92497.88087,12077.003960254,60822.977358277996,12077.003960254,1221.308,60822.977358277996,0.0,19898.097856297023,0.0,74.364,0.0,0.0,0.0,5554.49925,7150.369554829018,0.0,47891.74256379873,-7150.369554829018,19597.899551467992,0.0,0.0,0.0
8365,13,91170.76364,11673.712551857,57622.041245856,11673.712551857,1221.308,57622.041245856,593.212,19898.097856297023,15256.56459000004,74.364,0.0,0.0,0.0,7405.999,22574.535604010056,0.0,69337.55138760828,-22574.535604010056,21875.009842287007,17.18867999999987,17.18867999999987,17.18867999999987
8366,14,90102.41369,14111.665051545,52098.308153971004,14111.665051545,1221.308,52098.308153971004,593.212,19898.097856297023,21319.988999999983,74.364,0.0,0.0,0.0,7405.999,26620.529371813016,0.0,94627.05429083065,-26620.529371813016,23892.440484483996,17.188680000000097,17.188680000000097,17.188680000000097
8367,15,90123.90625,18597.092659768998,44331.816348287,18597.092659768998,1221.308,44331.816348287,593.212,19898.097856297023,13310.92641,74.364,0.0,0.0,0.0,7405.999,15308.910024353034,0.0,109170.51881396603,-15308.910024353034,27194.997241944002,16.2426,16.2426,16.2426
8368,16,91894.05441,19320.435247235997,28508.325640427003,19320.435247235997,1221.308,28508.325640427003,593.212,19898.097856297023,23246.348570000002,74.364,20.339999999999996,0.0,0.0,7405.999,8394.375903960017,0.0,117145.17592272804,-8394.375903960017,44065.293522336986,18.134760000000004,18.134760000000004,18.134760000000004
8369,17,97603.07488,17460.353441918,7754.939256620999,17460.353441918,1221.308,7754.939256620999,593.212,19898.097856297023,25028.690000000002,74.364,469.1080000000027,257.0,0.0,7405.999,0.0,17440.003325163976,98787.27768571333,17440.003325163976,72387.78218146099,35.458000001162915,35.458000001162915,35.458000001162915
8370,18,101989.8779,20499.397745951,0.0,20499.397745951,1221.308,0.0,593.212,19898.097856297023,25028.690000000002,74.364,701.2,257.0,0.0,7405.999,0.0,26310.609297751984,71091.89947755335,26310.609297751984,81490.480154049,35.458,35.458,35.458
8371,19,101042.9972,25295.419956896003,0.0,25295.419956896003,1221.308,0.0,593.212,19898.097856297023,25028.690000000002,74.364,701.2,257.0,0.0,7405.999,0.0,20567.706386806974,49441.68222828285,20567.706386806974,75747.577243104,35.4580000011622,35.4580000011622,35.4580000011622
8372,20,99031.3862,26499.998807874,0.0,26499.998807874,1221.308,0.0,593.212,19898.097856297023,25028.690000000002,74.364,701.2,257.0,0.0,7405.999,0.0,17351.516535827548,31176.927980043325,17351.516535827548,72531.387392126,35.458000000000055,35.458000000000055,35.458000000000055
8373,21,96684.72875,27837.81759027,0.0,27837.81759027,1221.308,0.0,593.212,19898.097856297023,25028.690000000002,74.364,701.2,257.0,0.0,7405.999,0.0,13667.04030343107,16790.56976590536,13667.04030343107,68846.91115972999,35.458,35.458,35.458
8374,22,92732.98204,29711.431154242,0.0,29711.431154242,1221.308,0.0,593.212,19898.097856297023,25028.690000000002,74.364,701.2,257.0,0.0,7405.999,0.0,7841.680029462892,8536.169734891788,7841.680029462892,63021.550885758,35.45800000115969,35.45800000115969,35.45800000115969
8375,23,87740.81345,26419.387839586998,0.0,26419.387839586998,1221.308,0.0,593.212,19898.097856297023,24452.49,74.364,448.7679999999998,257.0,0.0,7405.999,0.0,6970.186754115983,1199.1310463486484,6970.186754115983,61321.425610413,34.78555999999927,34.78555999999927,34.78555999999927
8376,24,82277.63633,37616.013139672,0.0,37616.013139672,1221.308,0.0,593.212,19898.097856297023,14329.467839999968,74.364,0.0,0.0,0.0,7405.999,0.0,1139.174494031216,0.0,1139.174494031216,44661.62319032799,16.24260000000001,16.24260000000001,16.24260000000001
8377,25,78498.97248,40473.230548534,0.0,40473.230548534,1221.308,0.0,593.212,19898.097856297023,8832.761075168944,74.364,0.0,0.0,0.0,7405.999,0.0,0.0,0.0,0.0,38025.741931466,17.18868000000009,17.18868000000009,17.18868000000009
8378,26,76019.72937,46596.412997552,0.0,46596.412997552,1221.308,0.0,593.212,19898.097856297023,230.33551615096155,74.364,0.0,0.0,0.0,7405.999,0.0,0.0,0.0,0.0,29423.316372448004,16.242600000000095,16.242600000000095,16.242600000000095
8379,27,74757.90058,46157.964358568,0.0,46157.964358568,1221.308,0.0,593.212,19898.097856297023,21.5,74.364,0.0,0.0,0.0,7405.999,614.5446348666103,0.0,583.8174031233295,-614.5446348666103,28599.936221432,9.730500000000344,9.730500000000344,9.730500000000344
8380,28,74619.9108,45099.400442669,0.0,45099.400442669,1221.308,0.0,593.212,19898.097856297023,327.5295010339565,74.364,0.0,0.0,0.0,7405.999,0.0,0.0,583.8174031233295,0.0,29520.510357330997,16.242599999999836,16.242599999999836,16.242599999999836
8381,29,75612.59717,46188.952943168,0.0,46188.952943168,1221.308,0.0,593.212,19898.097856297023,230.66337053494527,74.364,0.0,0.0,0.0,7405.999,0.0,0.0,583.8174031233295,0.0,29423.644226831995,16.242600000000138,16.242600000000138,16.242600000000138
8382,30,77984.63675,43214.49804947999,0.0,43214.49804947999,1221.308,0.0,593.212,19898.097856297023,5577.157844222953,74.364,0.0,0.0,0.0,7405.999,0.0,0.0,583.8174031233295,0.0,34770.138700520016,16.242599999999783,16.242599999999783,16.242599999999783
8383,31,80945.2057,42717.839950676,93.803,42717.839950676,1221.308,93.803,593.212,19898.097856297023,8385.955360059806,74.364,0.0,0.0,0.0,7405.999,0.0,554.6265329671631,0.0,554.6265329671631,38133.562749324,17.18867999999985,17.18867999999985,17.18867999999985
8384,32,84071.52408,40131.764600006,5364.797989758501,40131.764600006,1221.308,5364.797989758501,593.212,19898.097856297023,11233.48038393847,74.364,0.0,0.0,0.0,5554.499250000001,0.0,0.0,0.0,0.0,38574.9614902355,17.1886800000001,17.1886800000001,17.1886800000001
8385,33,86725.07343,34625.001902755,30310.789503901993,34625.001902755,1221.308,30310.789503901993,11.235,19898.097856297023,0.0,74.364,0.0,0.0,0.0,3702.999500000014,3118.7223329540284,0.0,2962.786216306327,-3118.7223329540284,21789.28202334301,4.544639999998282,4.544639999998282,4.544639999998282
8386,34,88520.6641,31005.566092620997,48466.60256952,31005.566092620997,1221.308,48466.602569521914,0.0,19898.097856297023,0.0,74.364,0.0,0.0,0.0,1851.4997500000245,13996.774168440148,0.0,16259.721676324469,-13996.774168440148,9048.495437857084,0.0,0.0,0.0
8387,35,88827.40361,23828.427892782,57419.10721097201,23828.427892782,1221.308,57419.10721097389,0.0,19898.097856297023,0.0,74.364,0.0,0.0,0.0,0.0,13613.901350053146,0.0,29192.927958874956,-13613.901350053146,7579.868506244107,0.0,0.0,0.0
8388,36,88584.88419,25616.54870123,62651.61446696351,25616.54870123,1221.308000001476,62651.61446696351,0.0,19898.097856297023,0.0,74.364,0.0,0.0,0.0,0.0,20877.048834492558,0.0,49026.12435164288,-20877.048834492558,316.72102180648653,0.0,0.0,0.0
8389,37,88097.45081,28063.920600987003,61280.171765393,28063.920600987003,1221.308,61280.17176539494,0.0,19898.097856297023,0.0,74.364,0.0,0.0,0.0,0.0,22440.411412679194,0.0,70344.51519368812,-22440.411412679194,-1246.6415563819464,0.0,0.0,0.0
8390,38,87837.86366,26210.021648588005,57088.2106539525,26210.021648588005,1221.308,57088.2106539525,0.0,19898.097856297023,0.0,74.364,0.0,0.0,0.0,0.0,16654.138498837703,0.0,86165.94676758396,-16654.138498837703,4539.631357459497,0.0,0.0,0.0
8391,39,88013.19761,26728.123348603,49101.057249592,26728.123348603,1221.308,49101.057249592,0.0,19898.097856297023,0.0,74.364,0.0,0.0,0.0,1851.4997500000045,10861.252594492156,0.0,96484.1367323515,-10861.252594492156,12184.017011805008,0.0,0.0,0.0
8392,40,90236.1998,26643.192801282996,34545.990279380996,26643.192801282996,1221.308,34545.990279380996,0.0,19898.097856297023,21.5,74.364,0.0,0.0,0.0,3702.9995000000054,0.0,4128.7473630389795,92138.086876521,4128.7473630389795,29047.01671933601,0.0,0.0,0.0
8393,41,96996.30817,25308.443591744996,12599.659860710999,25308.443591744996,1221.308,12599.659860710999,593.212,19898.097856297023,17392.024159999997,74.364,448.7680000000001,257.0,0.0,5554.499250000005,0.0,13648.931451246974,77770.7906120505,13648.931451246974,59088.20471754402,34.37736,34.37736,34.37736
8394,42,102747.5487,22757.952753768,0.0,22757.952753768,1221.308,0.0,593.212,19898.097856297023,25028.690000000002,74.364,701.2,257.0,0.0,7405.999,0.0,24809.725089934953,51655.29051738214,24809.725089934953,79989.595946232,35.458,35.458,35.458
8395,43,102854.5947,26366.222100806,0.0,26366.222100806,1221.308,0.0,593.212,19898.097856297023,25028.690000000002,74.364,701.2,257.0,0.0,7405.999,0.0,21308.501742896977,29225.288682753748,21308.501742896977,76488.372599194,35.458000000812305,35.458000000812305,35.458000000812305
8396,44,101361.7363,31219.466547267995,0.0,31219.466547267995,1221.308,0.0,593.212,19898.097856297023,25028.690000000002,74.364,469.1079999997212,257.0,0.0,7405.999,0.0,15194.490896435284,13231.08773913766,15194.490896435284,70142.26975273201,35.45800000080922,35.45800000080922,35.45800000080922
8397,45,98317.97931,40483.907896159995,0.0,40483.907896159995,1221.308,0.0,593.212,19898.097856297023,24452.49,74.364,36.16,0.0,0.0,7405.999,0.0,4152.440557542988,8860.097678566093,4152.440557542988,57834.07141384,30.763720000000085,30.763720000000085,30.763720000000085
8398,46,92908.11789,49064.552299432005,0.0,49064.552299432005,1221.308,0.0,593.212,19898.097856297023,8084.991689633159,74.364,0.0,0.0,0.0,5554.49924999999,0.0,8417.092794637789,0.0,8417.092794637789,43843.56559056799,16.242599999999864,16.242599999999864,16.242599999999864
8399,47,85828.00097,54496.06490240699,0.0,54496.06490240699,1221.308,0.0,593.212,19898.097856297023,5841.9547112959835,74.364,0.0,0.0,0.0,3702.999499999979,0.0,0.0,0.0,0.0,31331.936067593,16.24260000000028,16.24260000000028,16.24260000000028
8400,48,79827.13697,58447.183244201005,0.0,56781.867363702986,1221.308,0.0,0.0,19898.097856297023,0.0,74.364,0.0,0.0,0.0,1851.4997499999972,0.0,0.0,0.0,0.0,23045.26960629702,0.0,0.0,0.0
8401,49,75890.16683,60378.500749347004,0.0,57578.21135334696,1010.456,0.0,0.0,17227.13547665306,0.0,74.364,0.0,0.0,0.0,0.0,0.0,0.0,0.0,0.0,18311.955476653042,0.0,0.0,0.0
8402,50,74005.55471,66003.654309094,0.0,66003.65430909545,1221.308,0.0,0.0,19898.097856297023,0.0,74.364,0.0,0.0,0.0,0.0,13191.869455392773,0.0,12532.275982623134,-13191.869455392773,8001.900400904546,0.0,0.0,0.0
8403,51,73663.9596,67710.734251776,0.0,67710.73425177725,1221.308,0.0,0.0,19898.097856297023,0.0,74.364,0.0,0.0,0.0,0.0,15240.544508074558,0.0,27010.793265293963,-15240.544508074558,5953.225348222753,0.0,0.0,0.0
8404,52,74848.04013,66674.600698588,0.0,66674.600698588,1221.3080000018622,0.0,0.0,19898.097856297023,0.0,74.364,0.0,0.0,0.0,0.0,13020.330424887165,0.0,39380.10716893677,-13020.330424887165,8173.439431412,0.0,0.0,0.0
8405,53,78427.75716,66003.42200533001,0.0,66003.42200533133,1221.308,0.0,0.0,19898.097856297023,0.0,74.364,0.0,0.0,0.0,0.0,8769.434701628663,0.0,47711.070135484,-8769.434701628663,12424.33515466866,0.0,0.0,0.0
8406,54,85204.53282,66104.65639527001,0.0,66104.65639527001,1221.3079999999904,0.0,0.0,17804.204424729993,0.0,74.364,0.0,0.0,0.0,0.0,0.0,0.0,47711.070135484,0.0,19099.876424729984,0.0,0.0,0.0
8407,55,92239.78741,66450.13634846099,139.2234,66450.13634846099,1221.308,139.2234,593.212,19898.097856297023,0.0,74.364,0.0,0.0,0.0,0.0,0.0,3863.445805241987,43644.28507733454,3863.445805241987,25650.427661539015,9.730500000000262,9.730500000000262,9.730500000000262
8408,56,95247.44176,54083.834390251,7587.484371027501,54083.834390251,1221.308,7587.484371027501,593.212,19898.097856297023,28.5,74.364,0.0,0.0,0.0,1851.4997500000136,0.0,9909.141392424459,33213.60992741406,9909.141392424459,33576.1229987215,16.2426,16.2426,16.2426
8409,57,95353.68029,67826.680952951,31000.130799967,57776.571402056,0.0,21446.625897646998,0.0,16056.118990296996,0.0,74.364,0.0,0.0,0.0,0.0,0.0,0.0,33213.60992741406,0.0,16130.482990297009,0.0,0.0,0.0
8410,58,95253.1729,69366.82735370501,49187.448596699505,32981.49335024,972.441,48768.262629863006,0.0,12456.611919896972,0.0,74.364,0.0,0.0,0.0,0.0,0.0,0.0,33213.60992741406,0.0,13503.416919896998,0.0,0.0,0.0
8411,59,94784.21431,66428.973743049,58505.4473085665,28779.246400124,1050.579,55128.382574979034,0.0,9751.642334896958,0.0,74.364,0.0,0.0,0.0,0.0,0.0,0.0,33213.60992741406,0.0,10876.585334896961,0.0,0.0,0.0
8412,60,94101.13173,66983.26901093901,62378.998085136496,24670.181049788,255.398,56644.57676031512,0.0,12456.611919896866,0.0,74.364,0.0,0.0,0.0,0.0,0.0,0.0,33213.60992741406,0.0,12786.373919896883,0.0,0.0,0.0
8413,61,92984.70003,68408.124056295,63245.9339029335,68408.124056295,1221.308,33054.62674372383,0.0,9543.61988644298,0.0,74.364,0.0,0.0,0.0,0.0,19317.34265646179,0.0,51565.08545105276,-19317.34265646179,-8478.050770018817,0.0,0.0,0.0
8414,62,92280.54784,68882.417147087,61688.504589692,68882.417147087,1221.308,49645.84677301616,0.0,12456.611919896837,0.0,74.364,0.0,0.0,0.0,0.0,40000.0,0.0,89565.08545105277,-40000.0,-26247.716080103164,0.0,0.0,0.0
8415,63,91956.005,70588.680494801,53706.013825183996,70569.04428595165,1196.0550000000003,44060.42272375149,0.0,16056.11899029687,0.0,74.364,0.0,0.0,0.0,0.0,40000.0,0.0,127565.08545105277,-40000.0,-22673.462009703137,0.0,0.0,0.0
8416,64,93703.34854,67701.79815075299,38949.7958476295,67701.79815075299,1221.308,38949.79584763104,0.0,19898.097856297023,0.0,74.364,0.0,0.0,0.0,0.0,34142.015314681295,0.0,160000.0,-34142.015314681295,-12948.245458384023,0.0,0.0,0.0
8417,65,100014.5861,64985.188490989,15387.679239908499,64639.05630379452,241.672,13309.8961899085,0.0,19898.097856297023,0.0,74.364,0.0,0.0,0.0,1851.49974999996,0.0,0.0,160000.0,0.0,22065.633606296982,0.0,0.0,0.0
8418,66,106613.3314,62927.46009891199,0.0,62927.46009891199,1221.308,0.0,593.212,19898.097856297023,28.499999999999996,74.364,0.0,0.0,0.0,3702.99949999997,0.0,18167.3899447929,140876.4316370601,18167.3899447929,43685.871301088,16.242600000000103,16.242600000000103,16.242600000000103
8419,67,106870.88,62264.400291236,0.0,62264.400291236,1221.308,0.0,593.212,19898.097856297023,50.0,74.364,0.0,0.0,0.0,5554.49925,0.0,17214.99860246823,122755.38047656724,17214.99860246823,44606.479708764,16.242599999999822,16.242599999999822,16.242599999999822
8420,68,105176.1304,64773.350958119,0.0,64773.350958119,1221.308,0.0,593.212,19898.097856297023,50.0,74.364,0.0,0.0,0.0,7405.999,0.0,11159.79858558566,111008.2240706876,11159.79858558566,40402.77944188099,16.242600000000248,16.242600000000248,16.242600000000248
8421,69,101966.5521,63186.491793909,0.0,63186.491793909,1221.308,0.0,593.212,19898.097856297023,50.0,74.364,0.0,0.0,0.0,7405.999,0.0,9537.079449795201,100969.19307090317,9537.079449795201,38780.060306091,16.242599999999758,16.242599999999758,16.242599999999758
8422,70,96177.1202,64633.115410716,0.0,64633.115410716,1221.308,0.0,593.212,19898.097856297023,28.499999999999996,74.364,0.0,0.0,0.0,5554.499250000002,0.0,4174.023682986994,96575.48393091687,4174.023682986994,31544.00478928401,16.2426,16.2426,16.2426
8423,71,88905.45739,64215.01264166801,0.0,64215.01264166801,1221.308,0.0,348.123,19898.097856297023,0.0,74.364,0.0,0.0,0.0,3702.999500000011,554.4476079650401,0.0,97102.20915848366,-554.4476079650401,24690.44474833199,6.43680000000024,6.43680000000024,6.43680000000024
8424,72,82825.29279,61680.92520257601,0.0,61680.92520257601,1221.308,0.0,0.0,19898.097856297023,0.0,74.364,0.0,0.0,0.0,1851.4997500000109,1900.9020188730303,0.0,98908.06607641304,-1900.9020188730303,21144.367587424,0.0,0.0,0.0
8425,73,78918.84871,62437.776408169,0.0,62437.77640817036,1221.308,0.0,0.0,19898.097856297023,0.0,74.364,0.0,0.0,0.0,0.0,4712.697554467678,0.0,103385.12875315733,-4712.697554467678,16481.07230182965,0.0,0.0,0.0
8426,74,76867.06646,60099.125107062006,0.0,60099.12510706336,1221.308,0.0,0.0,19898.097856297023,0.0,74.364,0.0,0.0,0.0,0.0,4425.82850336067,0.0,107589.66583134996,-4425.82850336067,16767.941352936643,0.0,0.0,0.0
8427,75,76868.62895,58877.483795055,0.0,58877.483795055,1221.308,0.0,0.0,19898.097856297023,0.0,74.364,0.0,0.0,0.0,912.5513678399248,4115.176069191952,0.0,111499.08309708232,-4115.176069191952,17991.145154945,0.0,0.0,0.0
8428,76,78036.28921,54350.77739088601,0.0,54350.77739088601,1221.308,0.0,348.123,19898.097856297023,0.0,74.364,0.0,0.0,0.0,2764.0511178399265,620.4321550229456,0.0,112088.49364435411,-620.4321550229456,23685.51181911399,6.436799999998383,6.436799999998383,6.436799999998383
8429,77,81780.4711,43412.498243606,0.0,43412.498243606,1221.308,0.0,593.212,19898.097856297023,28.499999999999996,74.364,0.0,0.0,0.0,4615.550867839927,0.0,11936.940132257037,99523.29350513619,11936.940132257037,38367.97285639399,16.242600000000216,16.242600000000216,16.242600000000216
8430,78,88563.25242,38296.349750072,0.0,38296.349750072,1221.308,0.0,593.212,19898.097856297023,50.0,74.364,0.0,0.0,0.0,6467.050617839927,0.0,21962.87019579106,76404.48277272454,21962.87019579106,50266.90266992801,16.2426,16.2426,16.2426
8431,79,95749.5177,39064.127151445,226.6083,39064.127151445,1221.308,226.6083,593.212,19898.097856297023,50.0,74.364,0.0,0.0,0.0,7405.999,0.0,27215.801392257963,47756.27078087406,27215.801392257963,56458.782248555,16.242600000000103,16.242600000000103,16.242600000000103
8432,80,98797.11286,33066.91790441499,3318.9555968025,33066.91790441499,1221.308,3318.9555968025,593.212,19898.097856297023,16628.224160000012,74.364,0.0,0.0,0.0,5554.499249999994,0.0,18441.53409248546,28344.129630889365,18441.53409248546,62411.2393587825,25.514080000000124,25.514080000000124,25.514080000000124
8433,81,98426.19697,35179.880497278,21068.2729861345,35179.880497278,1221.308,21068.2729861345,593.212,19898.097856297023,21.5,74.364,0.0,0.0,0.0,3702.9994999999926,0.0,16666.562130290484,10800.380020057273,16666.562130290484,42178.04348658751,9.80935999999997,9.80935999999997,9.80935999999997
8434,82,97926.50048,41558.770309858,37753.4294913725,41558.770309858,1221.308,37753.4294913725,0.0,19898.097856297023,0.0,74.364,0.0,0.0,0.0,1851.4997499999927,4430.968927527491,0.0,15009.800501208389,-4430.968927527491,18614.300678769498,0.0,0.0,0.0
8435,83,96747.23439,43946.631149058,46483.46650252099,43946.631149058,1221.308,46483.46650252099,0.0,19898.097856297023,0.0,74.364,0.0,0.0,0.0,0.0,14876.633117876045,0.0,29142.60196319063,-14876.633117876045,6317.13673842101,0.0,0.0,0.0
8436,84,95412.11551,45558.83174555899,53254.9401655995,45558.83174555899,1221.308,53254.940165601285,0.0,19898.097856297023,0.0,74.364,0.0,0.0,0.0,0.0,24595.42625745754,0.0,52508.25690777529,-24595.42625745754,-3401.656401160275,0.0,0.0,0.0
8437,85,94259.3506,43838.377942867,54643.4629178275,43838.377942867,1221.308,54643.4629178293,0.0,19898.097856297023,0.0,74.364,0.0,0.0,0.0,0.0,25416.260116993537,0.0,76653.70401891916,-25416.260116993537,-4222.4902606963005,0.0,0.0,0.0
8438,86,93344.29789,44338.972504908,50987.351743195,44338.972504908,1221.308,50987.351743195,0.0,19898.097856297023,0.0,74.364,0.0,0.0,0.0,0.0,23175.79621440001,0.0,98670.71042259916,-23175.79621440001,-1982.0263581030013,0.0,0.0,0.0
8439,87,93018.18281,52242.694943687995,43891.815199258504,52242.694943687995,1221.308,43891.815199258504,0.0,19898.097856297023,0.0,74.364,0.0,0.0,0.0,1851.4997499999963,26161.596939243525,0.0,123524.2275148805,-26161.596939243525,-3116.327332946501,0.0,0.0,0.0
8440,88,94870.35153,42964.437705729,34320.0937070165,42964.437705729,1221.308,34320.0937070165,0.0,19898.097856297023,21.5,74.364,0.0,0.0,0.0,3702.9994999999917,7332.4492390425185,0.0,130490.0542919709,-7332.4492390425185,17585.8201172545,0.0,0.0,0.0
8441,89,101081.7768,34874.298451145,14666.5934643045,34874.298451145,1221.308,14666.5934643045,593.212,19898.097856297023,17392.02416,74.364,448.76800000000014,257.0,0.0,5554.499249999993,0.0,6101.611618253031,124067.3052201256,6101.611618253031,51540.88488455051,34.37736000000021,34.37736000000021,34.37736000000021
8442,90,107766.1942,39584.90469564601,0.0,39584.90469564601,1221.308,0.0,593.212,19898.097856297023,25028.690000000002,74.364,701.2,257.0,0.0,7405.999,0.0,13001.418648056955,110381.60138006565,13001.418648056955,68181.28950435399,35.458000001158716,35.458000001158716,35.458000001158716
8443,91,108005.3547,45528.724508110005,0.0,45528.724508110005,1221.308,0.0,593.212,19898.097856297023,25028.690000000002,74.364,701.2,257.0,0.0,7405.999,0.0,7296.759335592965,102700.80207944148,7296.759335592965,62476.63019188999,35.4580000011586,35.4580000011586,35.4580000011586
8444,92,106658.2466,41374.516300482996,0.0,41374.516300482996,1221.308,0.0,593.212,19898.097856297023,24452.49,74.364,448.7679999999955,257.0,0.0,7405.999,0.0,10932.49144321999,91192.91634973628,10932.49144321999,65283.730299517,34.785560000000714,34.785560000000714,34.785560000000714
8445,93,104005.9078,41828.182661481995,0.0,41828.182661481995,1221.308,0.0,593.212,19898.097856297023,7110.465840000322,74.364,0.0,0.0,0.0,7405.999,0.0,25874.27844222063,63956.83377897772,25874.27844222063,62177.725138518006,16.242600000001065,16.242600000001065,16.242600000001065
8446,94,98202.72791,41957.248102474994,0.0,41957.248102474994,1221.308,0.0,593.212,19898.097856297023,50.0,74.364,0.0,0.0,0.0,7405.999,0.0,27002.49895122765,35533.1506724223,27002.49895122765,56245.47980752501,16.24259999999985,16.24259999999985,16.24259999999985
8447,95,90909.61705,40820.693999651005,0.0,40820.693999651005,1221.308,0.0,593.212,19898.097856297023,50.0,74.364,0.0,0.0,0.0,7405.999,0.0,20845.942194053438,13590.053626050265,20845.942194053438,50088.923050348996,16.24260000000048,16.24260000000048,16.24260000000048
8448,96,84591.76966,42438.237858956,0.0,42438.237858956,1221.308,0.0,593.212,19898.097856297023,50.0,74.364,0.0,0.0,0.0,7405.999,0.0,12910.550944747753,0.0,12910.550944747753,42153.531801044,16.24260000000008,16.24260000000008,16.24260000000008
8449,1,80683.47582,43417.208141147006,0.0,43417.208141147006,1221.308,0.0,593.212,19898.097856297023,12757.999667899148,74.364,0.0,0.0,0.0,7405.999,4684.712845343182,0.0,4450.477203076023,-4684.712845343182,37266.267678853,17.18867999999995,17.18867999999995,17.18867999999995
8450,2,79113.99467,44749.290995224,0.0,44749.290995224,1221.308,0.0,593.212,19898.097856297023,7269.002,74.364,0.0,0.0,0.0,7405.999,2097.2791815210157,0.0,6442.892425520988,-2097.2791815210157,34364.703674776,16.2426,16.2426,16.2426
8451,3,79017.09471,46317.86889468301,0.0,46317.86889468301,1221.308,0.0,593.212,19898.097856297023,7269.002,74.364,0.0,0.0,0.0,7405.999,3762.757040980021,0.0,10017.511614452007,-3762.757040980021,32699.225815316997,16.2426,16.2426,16.2426
8452,4,80164.13575,43740.007048618,0.0,43740.007048618,1221.308,0.0,593.212,19898.097856297023,13310.926409999993,74.364,0.0,0.0,0.0,7405.999,6079.77856491501,0.0,15793.301251121266,-6079.77856491501,36424.128701382004,16.242600000116415,16.242600000116415,16.242600000116415
8453,5,83904.6516,37252.830344689006,0.0,37252.830344689006,1221.308,0.0,593.212,19898.097856297023,22670.14856999999,74.364,0.0,0.0,0.0,7405.999,5211.3081709860235,0.0,20744.04401355799,-5211.3081709860235,46651.82125531099,18.134759999883588,18.134759999883588,18.134759999883588
8454,6,90871.79699,34167.853990539996,0.0,34167.853990539996,1221.308,0.0,593.212,19898.097856297023,24452.49,74.364,36.160000000000004,0.0,0.0,7405.999,0.0,3022.3121431630057,17562.66281022851,3022.3121431630057,56703.94299946001,30.76371999999995,30.76371999999995,30.76371999999995
8455,7,98312.15385,34968.72154906899,0.0,34968.72154906899,1221.308,0.0,593.212,19898.097856297023,25028.690000000002,74.364,469.1080002367557,256.9999999766376,0.0,7405.999,0.0,8395.65344442058,8725.132868733162,8395.65344442058,63343.43230093101,35.458000001156854,35.458000001156854,35.458000001156854
8456,8,101404.921,31986.248348130997,6778.5577166775,31986.248348130997,1221.308,6778.5577166775,593.212,19898.097856297023,24452.49,74.364,448.7680002366044,257.0,0.0,7405.998867556862,0.0,8288.876211100114,1.4943569112801924e-5,8288.876211100114,62640.11493519151,35.45800000115685,35.45800000115685,35.45800000115685
8457,9,101237.9522,30926.22640249,36058.048883634,30926.22640249,1221.308,36058.048883634,423.4420858257298,19898.097856297023,7081.965839999992,74.364,0.0,0.0,0.0,5554.499117556861,0.0,1.4196389574424258e-5,0.0,1.4196389574424258e-5,34253.67691387601,7.528999709217376,7.528999709217376,7.528999709217376
8458,10,100115.7289,37713.804895072004,53828.4603636565,37713.804895072,1221.308,53828.4603636565,0.0,19668.80969229702,0.0,74.364,0.0,0.0,0.0,3702.99936755686,16094.017418582378,0.0,15289.316547653258,-16094.017418582378,8573.463641271504,0.0,0.0,0.0
8459,11,98768.04741,41093.839457067996,64629.7928009375,28053.1005168977,1158.7310000000002,63870.8915509375,0.0,19439.52152829702,0.0,74.364,0.0,0.0,0.0,1851.49961755686,15680.060803689063,0.0,30185.374311157866,-15680.060803689063,6844.0553421648,0.0,0.0,0.0
8460,12,97241.01134,42707.671355106,70386.5553586265,40050.54263985646,1158.7310000000002,36288.5640078465,0.0,19668.80969229702,0.0,74.364,0.0,0.0,0.0,0.0,0.0,0.0,30185.374311157866,0.0,20901.904692297037,0.0,0.0,0.0
8461,13,95720.32903,45592.724901392,71240.3090933665,44042.194244336475,802.3860000000001,71240.3090933665,0.0,19561.07569229702,0.0,74.364,0.0,0.0,0.0,0.0,40000.0,0.0,68185.37431115787,-40000.0,-19562.174307702975,0.0,0.0,0.0
8462,14,94846.21438,45559.207957233004,69761.7873457225,45532.222957045,1033.6229677879553,69174.5348457225,0.0,19105.83360944453,0.0,0.0,0.0,0.0,0.0,0.0,40000.0,0.0,106185.37431115787,-40000.0,-19860.5434227675,0.0,0.0,0.0
8463,15,94672.52185,47663.55488861901,60423.52520688999,47663.55488861901,1221.308,60423.52520688999,0.0,19898.097856297023,0.0,74.364,0.0,0.0,0.0,0.0,34608.32810180601,0.0,139063.28600787357,-34608.32810180601,-13414.558245508997,0.0,0.0,0.0
8464,16,96389.12965,49247.35235546599,46135.153995738496,49247.35235546599,1221.308,46135.153995738496,0.0,19898.097856297023,0.0,74.364,0.0,0.0,0.0,1851.4997500000009,22038.646307501513,0.0,160000.0,-22038.646307501513,1006.6232987955154,0.0,0.0,0.0
8465,17,102491.2937,41137.782108203,19659.496407321,41137.782108203,1221.308,19659.496407321,593.212,19898.097856297023,28.5,74.364,0.0,0.0,0.0,3702.9995000000017,0.0,16175.533828178945,142973.12228612741,16175.533828178945,41694.015184476,16.242600000000852,16.242600000000852,16.242600000000852
8466,18,109299.8247,56014.881190921,0.0,56014.881190921,1221.308,0.0,593.212,19898.097856297023,50.0,74.364,0.0,0.0,0.0,5554.499250000003,0.0,25893.46240277987,115716.84607267492,25893.46240277987,53284.943509079,16.242599999999996,16.242599999999996,16.242599999999996
8467,19,109655.0887,58593.76341028899,0.0,58593.76341028899,1221.308,0.0,593.212,19898.097856297023,50.0,74.364,0.0,0.0,0.0,7405.999,0.0,21818.344433413975,92750.16772171285,21818.344433413975,51061.325289711,16.242600000000106,16.242600000000106,16.242600000000106
8468,20,108250.1754,58377.19170549399,0.0,58377.19170549399,1221.308,0.0,593.212,19898.097856297023,50.0,74.364,0.0,0.0,0.0,7405.999,0.0,20630.00283821113,71034.37526043797,20630.00283821113,49872.983694506,16.24259999999972,16.24259999999972,16.24259999999972
8469,21,105412.2769,60914.906489457004,0.0,60914.906489457004,1221.308,0.0,593.212,19898.097856297023,50.0,74.364,0.0,0.0,0.0,7405.999,0.0,15254.389554245969,54977.12309807379,15254.389554245969,44497.37041054299,16.24260000000029,16.24260000000029,16.24260000000029
8470,22,99906.87453,58038.738243025,0.0,58038.738243025,1221.308,0.0,593.212,19898.097856297023,50.0,74.364,0.0,0.0,0.0,7405.999,0.0,12625.155430677973,41687.4858026233,12625.155430677973,41868.136286975,16.242600000000063,16.242600000000063,16.242600000000063
8471,23,92804.13612,57041.445092538,0.0,57041.445092538,1221.308,0.0,593.212,19898.097856297023,50.0,74.364,0.0,0.0,0.0,7405.999,0.0,6519.710171166662,34824.632990868915,6519.710171166662,35762.691027461995,16.2426,16.2426,16.2426
8472,24,86407.77399,58123.945660942,0.0,58123.945660942,1221.308,0.0,593.212,19898.097856297023,50.0,74.364,0.0,0.0,0.0,6114.279422651494,0.0,332.5670501114846,34474.562411804196,332.5670501114846,28283.828329058,16.242599999883584,16.242599999883584,16.242599999883584
8473,25,82654.98079,55901.18309531199,0.0,55901.18309531199,1221.308,0.0,593.212,19898.097856297,28.5,74.364,0.0,0.0,0.0,4262.779672651494,0.0,675.5361657394969,33763.47171102578,675.5361657394969,26753.797694688008,16.242599999883584,16.242599999883584,16.242599999883584
8474,26,80485.89263,59610.51715050799,0.0,59610.51715050799,1221.308,0.0,0.0,19898.097856297023,0.0,74.364,0.0,0.0,0.0,2411.279922651492,2729.6742994573465,0.0,36356.66229551026,-2729.6742994573465,20875.37547949201,1.250940000001061,1.250940000001061,1.250940000001061
8475,27,79945.3468,61031.94600900401,0.0,61031.94600900401,1221.308,0.0,0.0,19898.097856297023,0.0,74.364,0.0,0.0,0.0,559.7801726514904,2840.149237952519,0.0,39054.80407156515,-2840.149237952519,18913.40079099599,0.0,0.0,0.0
8476,28,80840.23349,60477.843253076004,0.0,60477.843253076004,1221.308,0.0,0.0,19898.097856297023,0.0,74.364,0.0,0.0,0.0,2411.279922651492,3242.659542024538,0.0,42135.33063648846,-3242.659542024538,20362.390236923995,0.0,0.0,0.0
8477,29,83971.8221,56516.035154888996,0.0,56516.035154888996,1221.308,0.0,0.0,19898.097856297023,21.5,74.364,0.0,0.0,0.0,4262.7796726514935,0.0,1977.7374161624743,40053.501777370075,1977.7374161624743,27455.78694511101,0.0,0.0,0.0
8478,30,90595.67111,31318.728846505997,0.0,31318.728846505997,1221.308,0.0,593.212,19898.097856297023,17392.024159999997,74.364,448.7680000000001,257.0,0.0,6114.279422651493,0.0,13277.88882454642,26076.776698900157,13277.88882454642,59276.942263494,34.37735999999029,34.37735999999029,34.37735999999029
8479,31,97646.05899,31284.238303090002,120.9565,31284.238303090002,1221.308,120.9565,593.212,19898.097856297023,17392.024159999997,74.364,448.7679999997912,257.0,0.0,5554.499250000001,0.0,20801.59092061318,4180.365203517864,20801.59092061318,66240.86418691001,34.377360000000024,34.377360000000024,34.377360000000024
8480,32,99954.88568,62304.332442718995,8760.936937642,62304.332442718995,1221.308,8760.936937642,0.0,19898.097856297023,21.5,74.364,0.0,0.0,0.0,3702.999500000001,0.0,3971.3469433419705,0.0,3971.3469433419705,28889.616299639012,0.0,0.0,0.0
8481,33,99158.98516,53169.213241257996,36766.44670388201,53169.213241257996,1221.308,36766.44670388201,0.0,19898.097856297023,0.0,74.364,0.0,0.0,0.0,1851.4997499999993,13821.944391437026,0.0,13130.847171865174,-13821.944391437026,9223.325214859993,0.0,0.0,0.0
8482,34,98077.52876,50053.143548302,54616.95096081599,23641.399995615087,762.3580000000001,45143.346960815994,0.0,16056.118990297016,0.0,0.0,0.0,0.0,0.0,0.0,0.0,12474.304813271916,0.0,12474.304813271916,29292.781803568927,0.0,0.0,0.0
8483,35,96690.73994,43436.431689965,65771.42703992799,43436.431689965,1221.308,65771.42703992798,0.0,19898.097856297023,0.0,74.364,0.0,0.0,0.0,0.0,33710.88864619021,0.0,32025.344213880697,-33710.88864619021,-12517.118789892978,0.0,0.0,0.0
8484,36,94987.61163,42248.26003921,66348.3240448525,42248.26003921003,1221.308,66348.3240448525,0.0,19898.097856297023,0.0,74.364,0.0,0.0,0.0,0.0,34802.742310359725,0.0,65087.94940872243,-34802.742310359725,-13608.972454062532,0.0,0.0,0.0
8485,37,93563.74695,49341.55834345899,72169.90660542551,49341.55834345899,1221.308,66663.09548824401,0.0,16263.42111829702,0.0,74.364,0.0,0.0,0.0,0.0,40000.0,0.0,103087.94940872246,-40000.0,-22440.906881703006,0.0,0.0,0.0
8486,38,92532.60078,43774.80593993,69369.48299419449,43285.04739894398,1221.308,68912.95049419449,0.0,18092.63984587551,0.0,74.364,0.0,0.0,0.0,0.0,39053.70895901398,0.0,140188.97291978574,-39053.70895901398,-19665.397113138475,0.0,0.0,0.0
8487,39,92031.82152,44886.813955173995,60056.8131941345,16996.60428556848,558.957,56568.64149413449,0.0,16056.118990297016,0.0,0.0,0.0,0.0,0.0,1851.4997499999981,0.0,0.0,140188.97291978574,0.0,18466.575740297027,0.0,0.0,0.0
8488,40,93290.67547,44794.283839836,44453.334989882,44794.283839836,1221.308,44453.334989882,0.0,19898.097856297023,0.0,74.364,0.0,0.0,0.0,3702.999499999998,20853.712716015012,0.0,160000.0,-20853.712716015012,4043.056640281997,0.0,0.0,0.0
8489,41,99373.26591,36320.473953331995,21478.2664347555,36320.473953331995,1221.308,21478.2664347555,593.212,19898.097856297023,14212.704415615473,74.364,20.339999999999883,0.0,0.0,5554.49925,0.0,0.0,160000.0,0.0,41574.52552191251,16.242600000000003,16.242600000000003,16.242600000000003
8490,42,106364.2364,35827.676491111,0.0,35827.676491111,1221.308,0.0,593.212,19898.097856297023,25028.690000000002,74.364,469.10800000000006,257.0,0.0,7405.999,0.0,15588.781052591978,143590.75678674527,15588.781052591978,70536.559908889,35.458000001159135,35.458000001159135,35.458000001159135
8491,43,106581.6611,35326.391450587,0.0,35326.391450587,1221.308,0.0,593.212,19898.097856297023,25028.690000000002,74.364,701.2,257.0,0.0,7405.999,0.0,16075.39879311596,126669.284372939,16075.39879311596,71255.269649413,35.45800000005593,35.45800000005593,35.45800000005593
8492,44,105301.6249,34331.381151335,0.0,34331.381151335,1221.308,0.0,593.212,19898.097856297023,25028.690000000002,74.364,701.2,257.0,0.0,7405.999,0.0,15790.372892367963,110047.83922307799,15790.372892367963,70970.243748665,35.45800000080564,35.45800000080564,35.45800000080564
8493,45,102796.9209,35765.651606087,0.0,35765.651606087,1221.308,0.0,593.212,19898.097856297023,25028.690000000002,74.364,701.2,257.0,0.0,7405.999,0.0,11851.39843761599,97572.6829729559,11851.39843761599,67031.269293913,35.45800000115861,35.45800000115861,35.45800000115861
8494,46,97631.26211,34685.239596242,0.0,34685.239596242,1221.308,0.0,593.212,19898.097856297023,25028.690000000002,74.364,469.108000237021,257.0,0.0,7405.999,0.0,7998.243657223912,89153.47912324652,7998.243657223912,62946.022513758,35.45800000115814,35.45800000115814,35.45800000115814
8495,47,91132.02145,34063.783255535,0.0,34063.783255535,1221.308,0.0,593.212,19898.097856297023,24452.49,74.364,36.1600002370208,257.0,0.0,7405.999,0.0,3129.6073379309473,85859.155609635,3129.6073379309473,57068.238194465,31.425759998841855,31.425759998841855,31.425759998841855
8496,48,85180.65778,33013.272350442,0.0,33013.272350442,1221.308,0.0,593.212,19898.097856297023,23688.689999999973,74.364,0.0,0.0,0.0,7405.999,714.2854267390226,0.0,86537.72676503706,-714.2854267390226,52167.385429557995,17.85108,17.85108,17.85108
8497,49,81192.33527,32611.45569915,0.0,32611.45569915,1221.308,0.0,593.212,19898.097856297023,23688.69,74.364,0.0,0.0,0.0,7405.999,4300.79128544703,0.0,90623.47848621174,-4300.79128544703,48580.87957085,17.85108,17.85108,17.85108
8498,50,79249.72178,30831.893840825,0.0,30831.893840825,1221.308,0.0,593.212,19898.097856297023,23688.68999999998,74.364,0.0,0.0,0.0,7405.999,4463.842917122006,0.0,94864.12925747765,-4463.842917122006,48417.82793917501,17.85108000000009,17.85108000000009,17.85108000000009
8499,51,78943.22557,30524.840740542,0.0,30524.840740542,1221.308,0.0,593.212,19898.097856297023,23688.690000000002,74.364,0.0,0.0,0.0,7405.999,4463.2860268390305,0.0,99104.25098297473,-4463.2860268390305,48418.384829457995,17.851080000000284,17.851080000000284,17.851080000000284
8500,52,80021.09053,31558.376842605998,0.0,31558.376842605998,1221.308,0.0,593.212,19898.097856297023,23538.765104365673,74.364,0.0,0.0,0.0,7405.999,4269.032273268704,0.0,103159.83164258,-4269.032273268704,48462.713687394,17.85108,17.85108,17.85108
8501,53,83240.52725,27802.070093914997,0.0,27802.070093914997,1221.308,0.0,593.212,19898.097856297023,24452.49,74.364,36.16,0.0,0.0,7405.999,0.0,1756.8262997879792,101310.54080069791,1756.8262997879792,55438.457156085,30.76372000203455,30.76372000203455,30.76372000203455
8502,54,89116.18148,25765.541103026004,0.0,25765.541103026004,1221.308,0.0,593.212,19898.097856297023,25028.690000000002,74.364,469.10799999999955,257.0,0.0,7405.999,0.0,8402.861520914637,92465.42341026146,8402.861520914637,63350.640376974,35.45800000115965,35.45800000115965,35.45800000115965
8503,55,95246.53417,26593.525804128,0.0,26593.525804128,1221.308,0.0,593.212,19898.097856297023,25028.690000000002,74.364,701.2,257.0,0.0,7405.998999999996,0.0,13473.137509574979,78283.17340018254,13473.137509574979,68653.008365872,35.458000000804105,35.458000000804105,35.458000000804105
8504,56,97928.43692,28732.614406722998,8182.241353701001,28732.614406722998,1221.308,8182.241353701001,593.212,19898.097856297023,24452.49,74.364,448.7680000000001,257.0,0.0,7405.999,0.0,6662.342303280719,71270.18150199231,6662.342303280719,61013.581159576,34.78556000000002,34.78556000000002,34.78556000000002
8505,57,97923.6545,29795.842998286003,34525.2747986385,29795.842998286003,1221.308,34525.2747986385,593.212,19898.097856297023,14307.967839999967,74.364,0.0,0.0,0.0,5554.4992500000135,8046.91224322151,0.0,78914.74813305274,-8046.91224322151,33602.53670307549,16.2426,16.2426,16.2426
8506,58,97086.77608,28169.366903490998,50562.76460654,28169.366903490998,1221.308,50562.76460654,0.0,19898.097856297023,0.0,74.364,0.0,0.0,0.0,3702.9995000000117,6542.12478632621,0.0,85129.76668006263,-6542.12478632621,18354.644569969,0.0,0.0,0.0
8507,59,95742.75299,24338.593249800004,61367.817243985,24338.593249800004,1221.308,61367.817243985,0.0,19898.097856297023,0.0,74.364,0.0,0.0,0.0,1851.4997500000118,13008.927110080434,0.0,97488.24743463904,-13008.927110080434,10036.342496214987,0.0,0.0,0.0
8508,60,93866.88439,22058.545843547996,65995.452204198,22058.545843547996,1221.308,65995.452204198,0.0,19898.097856297023,0.0,74.364,0.0,0.0,0.0,3702.9995000000126,19083.883014043,0.0,115617.93629797989,-19083.883014043,5812.886342254016,2.2723200000000183,2.2723200000000183,2.2723200000000183
8509,61,91790.3546,13919.861892562998,58109.289103463496,13919.861892562998,1221.308,58109.289103463496,593.212,19898.097856297023,15256.56459000003,74.364,0.0,0.0,0.0,5554.499250000014,22836.842092323554,0.0,137312.93628568726,-22836.842092323554,19761.20360397351,17.18868,17.18868,17.18868
8510,62,90343.12878,16890.779849039,60352.55706188049,16890.779849039,1221.308,60352.55706188049,0.0,19898.097856297023,0.0,74.364,0.0,0.0,0.0,3702.999499999979,11796.977487216502,0.0,148520.06489854294,-11796.977487216502,13099.791869080509,0.0,0.0,0.0
8511,63,89611.76192,17013.390194396,50646.66405950901,17013.390194396,1221.308,50646.66405950901,593.212,19898.097856297016,21.5,74.364,0.0,0.0,0.0,5554.49924999999,5411.273440201993,0.0,153660.77466673483,-5411.273440201993,21951.70766609499,11.340420000236815,11.340420000236815,11.340420000236815
8512,64,90877.91583,16835.203096076,34297.836489485,16835.203096076,1221.308,34297.836489485,593.212,19898.097856297023,17204.424160000006,74.364,20.34000000000001,0.0,0.0,7405.999,6672.868771858054,0.0,160000.0,-6672.868771858054,39744.876244438994,17.851079999999993,17.851079999999993,17.851079999999993
8513,65,96924.60719,15745.704748933002,12615.8655149015,15745.704748933002,1221.308,12615.8655149015,593.212,19898.097856297023,25028.690000000002,74.364,5623.298892960997,257.0,0.0,7405.999,0.0,8461.067176907452,151093.61349799216,8461.067176907452,68563.0369261655,35.45800000000005,35.45800000000005,35.45800000000005
8514,66,102593.6371,17491.540058182,0.0,17491.540058182,1221.308,0.0,593.212,19898.097856297023,25028.690000000002,74.364,701.2,257.0,0.0,7405.999,0.0,29922.226185521,119596.5333027069,29922.226185521,85102.09704181801,35.45800000000009,35.45800000000009,35.45800000000009
8515,67,102097.2083,10171.950656731002,0.0,10171.950656731002,1221.308,0.0,593.212,19898.097856297023,25028.690000000002,74.364,701.2,257.0,0.0,7405.999,0.0,36745.38678697059,80917.17879010629,36745.38678697059,91925.257643269,35.45800000000134,35.45800000000134,35.45800000000134
8516,68,100297.3943,10662.941241476,0.0,10662.941241476,1221.308,0.0,593.212,19898.097856297023,25028.690000000002,74.364,701.2,257.0,0.0,7405.999,0.0,34454.582202226986,44649.1975246042,34454.582202226986,89634.453058524,35.457999999999835,35.457999999999835,35.457999999999835
8517,69,97863.2804,19495.036396651,0.0,19495.036396651,1221.308,0.0,593.212,19898.097856297023,25028.690000000002,74.364,701.2,257.0,0.0,7405.999,0.0,23188.373147051992,20240.383685602104,23188.373147051992,78368.244003349,35.458000000000354,35.458000000000354,35.458000000000354
8518,70,93740.07365,19331.838292381,0.0,19331.838292381,1221.308,0.0,593.212,19898.097856297023,25028.690000000002,74.364,701.2,257.0,0.0,7405.999,0.0,19228.364501322,0.0,19228.364501322,74408.235357619,35.45800000000005,35.45800000000005,35.45800000000005
8519,71,88380.30226,25797.440796131003,0.0,25797.440796131003,1221.308,0.0,593.212,19898.097856297023,25028.690000000002,74.364,8104.190607571973,257.0,0.0,7405.999,0.0,0.0,0.0,0.0,62582.86146386899,35.458000000000034,35.458000000000034,35.458000000000034
8520,72,82519.17453,32368.266650794998,0.0,32368.266650794998,1221.308,0.0,593.212,19898.097856297023,23246.348570000002,74.364,20.339999999999883,0.0,0.0,7405.999,2308.7615470920196,0.0,2193.3234697374187,-2308.7615470920196,50150.907879205006,18.134760000000153,18.134760000000153,18.134760000000153
8521,73,78532.69095,39330.690996683996,0.0,39330.690996683996,1221.308,0.0,593.212,19898.097856297023,13310.926409999991,74.364,0.0,0.0,0.0,7405.999,3301.9073129810167,0.0,5330.135417069385,-3301.9073129810167,39201.99995331601,16.24259999999985,16.24259999999985,16.24259999999985
8522,74,76502.87813,39134.257660411,0.0,39134.257660411,1221.308,0.0,593.212,19898.097856297023,9196.475015873017,74.364,0.0,0.0,0.0,7405.999,1020.8354026304921,0.0,6299.929049568353,-1020.8354026304921,37368.620469589,17.18868000000047,17.18868000000047,17.18868000000047
8523,75,75938.23136,37375.006698044,0.0,37375.006698044,1221.308,0.0,593.212,19898.097856297023,14329.467840000007,74.364,0.0,0.0,0.0,7405.999,4959.2240343424955,0.0,11011.191882193722,-4959.2240343424955,38563.224661956,16.242600000000067,16.242600000000067,16.242600000000067
8524,76,75780.39534,18722.155759888,0.0,18722.155759888,1221.308,0.0,593.212,19898.097856297023,24452.49,74.364,36.16,257.0,0.0,7405.999,0.0,3119.608723814974,7727.3932255463815,3119.608723814974,57058.239580112,33.441880000000666,33.441880000000666,33.441880000000666
8525,77,76882.10548,19060.744498167,0.0,19060.744498167,1221.308,0.0,593.212,19898.097856297023,25028.690000000002,74.364,56.5,257.0,0.0,7405.999,0.0,3286.1901255359694,4268.245724982204,3286.1901255359694,57821.360981833,33.44188,33.44188,33.44188
8526,78,79596.2322,21602.767904970002,0.0,21602.767904970002,1221.308,0.0,593.212,19898.097856297023,24452.49,74.364,36.160000000000004,257.0,0.0,7405.998999999994,0.0,4054.8334387330938,0.0,4054.8334387330938,57993.46429503,33.44188,33.44188,33.44188
8527,79,82817.46097,35895.115792722005,38.5086,35895.115792722005,1221.308,38.5086,593.212,19898.097856297023,17690.855720980973,74.364,0.0,0.0,0.0,7405.998999999996,0.0,0.0,0.0,0.0,46883.836577277994,17.18868000000008,17.18868000000008,17.18868000000008
8528,80,86057.58806,35201.091893035,4615.1923377545,35201.091893035,1221.308,4615.1923377545,593.212,19898.097856297023,17048.32297291344,74.364,0.0,0.0,0.0,7405.999,0.0,0.0,0.0,0.0,46241.30382921049,25.514080000000003,25.514080000000003,25.514080000000003
8529,81,88394.41075,35403.987897488994,27389.830557967496,35403.987897488994,1221.308,27389.830557967496,593.212,19898.097856297023,441.598812913439,74.364,0.0,0.0,0.0,5554.4992499999735,2182.4876246669955,0.0,2073.3632434336455,-2182.4876246669955,25600.592294543505,8.86328,8.86328,8.86328
8530,82,89217.51002,29273.548591134,43060.0478519385,29273.548591134,1221.308,43060.0478519385,11.235,19898.097856297023,0.0,74.364,0.0,0.0,0.0,3702.999499999987,8024.090779369557,0.0,9696.249483834725,-8024.090779369557,16883.9135769275,4.5446399999999585,4.5446399999999585,4.5446399999999585
8531,83,88233.90914,22282.211540264,52936.089547348,22282.211540264,1221.308,52936.089547348,0.0,19898.097856297023,0.0,74.364,0.0,0.0,0.0,1851.499749999999,10029.661553909042,0.0,19224.427960048313,-10029.661553909042,13015.608052388001,0.0,0.0,0.0
8532,84,86815.73101,21306.948443098,60630.4093473955,21306.948443098,1221.308,60630.4093473955,0.0,19898.097856297023,0.0,74.364,0.0,0.0,0.0,0.0,16315.396636790507,0.0,34724.054764999295,-16315.396636790507,4878.373219506502,0.0,0.0,0.0
8533,85,84779.91772,20063.743546636,60934.097365786496,20063.743546636,1221.308,60934.097365786496,0.0,19898.097856297023,0.0,74.364,0.0,0.0,0.0,0.0,17411.69304871952,0.0,51265.163161282835,-17411.69304871952,3782.0768075774977,0.0,0.0,0.0
8534,86,83308.60496,21203.793401434,57803.6782513165,21203.793401434,1221.308,57803.6782513165,0.0,19898.097856297023,0.0,74.364,0.0,0.0,0.0,1851.4997499999963,18744.136299047575,0.0,69072.09264537803,-18744.136299047575,4301.133307249496,0.0,0.0,0.0
8535,87,83011.60329,25930.546500185003,50017.310148100005,25930.546500185003,1221.308,50017.310148100005,0.0,19898.097856297023,0.0,74.364,0.0,0.0,0.0,3702.999499999998,17833.02271458207,0.0,86013.46422423101,-17833.02271458207,7063.746641714992,0.0,0.0,0.0
8536,88,84780.51614,23167.12830103,36332.922379208,23167.12830103,1221.308,36332.922379208,0.0,19898.097856297023,7081.965839999985,74.364,0.0,0.0,0.0,5554.499249999999,8549.769486535013,0.0,94135.74523643927,-8549.769486535013,25280.46545976201,3.4640000000002664,3.4640000000002664,3.4640000000002664
8537,89,91000.30466,21329.185897710002,14884.65370254,21329.185897710002,1221.308,14884.65370254,593.212,19898.097856297023,24452.489999999987,74.364,448.76800000000003,257.0,0.0,7405.999,0.0,435.2262034526839,93677.61239069959,435.2262034526839,54786.465059749986,35.45800000000014,35.45800000000014,35.45800000000014
8538,90,96905.42967,13118.642197670002,0.0,13118.642197670002,1221.308,0.0,593.212,19898.097856297023,25028.690000000002,74.364,701.2,257.0,0.0,7405.999,0.0,28606.91661603298,63565.06858434909,28606.91661603298,83786.78747232999,35.458,35.458,35.458
8539,91,96963.41311,25672.427455466997,0.0,25672.427455466997,1221.308,0.0,593.212,19898.097856297023,25028.690000000002,74.364,701.2,257.0,0.0,7405.999,0.0,16111.114798235965,46606.00037567965,16111.114798235965,71290.985654533,35.458,35.458,35.458
8540,92,95764.41534,24271.930556307,0.0,24271.930556307,1221.308,0.0,593.212,19898.097856297023,25028.690000000002,74.364,701.2,257.0,0.0,7405.999,0.0,16312.613927395974,29434.827820525992,16312.613927395974,71492.48478369301,35.458,35.458,35.458
8541,93,93647.68507,31047.526959024995,0.0,31047.526959024995,1221.308,0.0,593.212,19898.097856297023,25028.690000000002,74.364,469.1079999999999,257.0,0.0,7405.999,0.0,7652.379254677984,21379.691762970222,7652.379254677984,62600.15811097501,35.45800000080418,35.45800000080418,35.45800000080418
8542,94,89969.85841,36376.496546343,0.0,36376.496546343,1221.308,0.0,593.212,19898.097856297023,16110.850746483145,74.364,20.340000000000003,0.0,0.0,7405.999,0.0,8269.190260873751,12675.280962050481,8269.190260873751,53593.361863657,17.188679999999955,17.188679999999955,17.188679999999955
8543,95,85313.08817,40435.698995157,0.0,40435.698995157,1221.308,0.0,593.212,19898.097856297023,7269.002,74.364,0.0,0.0,0.0,7405.998999999999,0.0,8415.406318545976,3816.9585214757703,8415.406318545976,44877.389174843,17.188679999999888,17.188679999999888,17.188679999999888
8544,96,80593.37001,40505.276558301,0.0,40505.276558301,1221.308,0.0,593.212,19898.097856297023,7269.002,74.364,0.0,0.0,0.0,7405.999,0.0,3626.110595401982,0.0,3626.110595401982,40088.093451699,17.18868000000001,17.18868000000001,17.18868000000001
8545,1,76831.87005,45268.599147827,0.0,45268.599147827,1221.308,0.0,593.212,19898.097856297023,2370.2900458757113,74.364,0.0,0.0,0.0,7405.998999997215,0.0,0.0,0.0,0.0,31563.270902172997,16.242600000000106,16.242600000000106,16.242600000000106
8546,2,74353.25955,50254.10803992199,0.0,50254.10803992199,1221.308,0.0,593.212,19898.097856297023,28.499999999999996,74.364,0.0,0.0,0.0,5554.499249997214,3270.8295962162356,0.0,3107.2881164025266,-3270.8295962162356,24099.15151007801,12.948900000235465,12.948900000235465,12.948900000235465
8547,3,73172.69778,56946.819508336,0.0,56946.819508337445,1221.308,0.0,0.0,19898.097856297023,0.0,74.364,0.0,0.0,0.0,3702.999499997213,8670.891084638846,0.0,11344.63464680943,-8670.891084638846,16225.878271662557,0.0,0.0,0.0
8548,4,73113.61362,55438.010193104994,0.0,55438.010193104994,1221.308,0.0,0.0,19898.097856297023,0.0,74.364,0.0,0.0,0.0,3702.9994999999954,7221.16592940202,0.0,18204.74227974135,-7221.16592940202,17675.60342689501,0.0,0.0,0.0
8549,5,74157.38084,49630.056848093,0.0,49630.056848093,1221.308,0.0,593.212,19898.097856297023,28.499999999999996,74.364,0.0,0.0,0.0,5554.499249999995,2842.657114390011,0.0,20905.26653841186,-2842.657114390011,24527.323991906997,12.948900000940748,12.948900000940748,12.948900000940748
8550,6,76903.23357,44720.90378994401,0.0,44720.90378994401,1221.308,0.0,593.212,19898.097856297023,2989.3489237589492,74.364,0.0,0.0,0.0,7405.999,0.0,0.0,20905.26653841186,0.0,32182.32978005599,16.242599999999918,16.242599999999918,16.242599999999918
8551,7,79954.22526,43769.791803432,0.0,43769.791803516004,1221.308,0.0,593.212,19898.097856297023,324.982138056097,74.364,0.0,0.0,0.0,5554.4992500000035,0.0,8517.97021213086,11938.9821045899,8517.97021213086,36184.433456484,16.242599999996393,16.242599999996393,16.242599999996393
8552,8,82770.99126,39707.948309283005,5994.491434218,39707.948309283005,1221.308,5994.491434218,593.212,19898.097856297023,7247.502,74.364,0.0,0.0,0.0,3702.9994999999944,0.0,4331.06816020197,7379.962988587826,4331.06816020197,37068.55151649899,17.18867999999987,17.18867999999987,17.18867999999987
8553,9,84910.01142,42552.917350934,28459.098055396003,42552.917350934,1221.308,28459.098055396003,0.0,19898.097856297023,0.0,74.364,0.0,0.0,0.0,1851.499749999999,9147.273592627054,0.0,16069.872901583527,-9147.273592627054,13897.996013669988,0.0,0.0,0.0
8554,10,86219.70283,36720.41639644901,42582.231653847,36720.41639644901,1221.308,42582.231653847,0.0,19898.097856297023,0.0,74.364,0.0,0.0,0.0,0.0,14276.715076593035,0.0,29632.752224346907,-14276.715076593035,6917.054779703991,0.0,0.0,0.0
8555,11,85761.79051,33994.977705671,50878.363980662005,33994.977705671,1221.308,50878.363980662005,0.0,19898.09785629701,0.0,74.364,0.0,0.0,0.0,0.0,20305.321032630003,0.0,48922.80720534541,-20305.321032630003,888.4488236670004,0.0,0.0,0.0
8556,12,85065.77614,37603.969944683005,52204.0545740635,37603.969944683005,1221.308,52204.0545740635,0.0,19898.097856297023,0.0,74.364,0.0,0.0,0.0,0.0,25936.018235043535,0.0,73562.02452863679,-25936.018235043535,-4742.248378746503,0.0,0.0,0.0
8557,13,84444.03466,36206.472296828,50853.910755499,36206.472296828,1221.308,50853.910755499,0.0,19898.097856297023,0.0,74.364,0.0,0.0,0.0,0.0,23810.11824862402,0.0,96181.6368648296,-23810.11824862402,-2616.3483923269887,0.0,0.0,0.0
8558,14,83840.27845,39733.250254601,49115.721838027996,39733.250254601,1221.308,49115.721838027996,0.0,19898.097856297023,0.0,74.364,0.0,0.0,0.0,0.0,26202.463498926045,0.0,121073.97718880934,-26202.463498926045,-5008.693642628998,0.0,0.0,0.0
8559,15,83909.39657,38422.538043420995,39327.927793705494,38422.538043420995,1221.308,39327.927793705494,0.0,19898.097856297023,0.0,74.364,0.0,0.0,0.0,1851.4997500000063,16886.338873423534,0.0,137115.99911856168,-16886.338873423534,6158.9307328735085,0.0,0.0,0.0
8560,16,85391.49699,36238.437553398995,28547.213258614,36238.437553398995,1221.308,28547.213258614,0.0,19898.097856297023,21.5,74.364,0.0,0.0,0.0,3702.999500000016,4312.4231784617305,0.0,141212.80113810033,-4312.4231784617305,20605.846177987005,0.0,0.0,0.0
8561,17,91383.12044,35487.17335302,9789.0774138915,35487.17335302,1221.308,9789.0774138915,593.212,19898.097856297023,17392.024160000037,74.364,36.160000000000124,0.0,0.0,5554.499250000001,0.0,1337.2044067908937,139805.21755200464,1337.2044067908937,46106.8696730885,30.76372000000012,30.76372000000012,30.76372000000012
8562,18,96915.60678,26774.522253267998,0.0,26774.522253267998,1221.308,0.0,593.212,19898.097856297023,25028.690000000002,74.364,469.108000000002,257.0,0.0,7405.999,0.0,15193.30567043496,123812.26421470469,15193.30567043496,70141.08452673201,35.45800000080205,35.45800000080205,35.45800000080205
8563,19,96850.19832,25244.41180768,0.0,25244.41180768,1221.308,0.0,593.212,19898.097856297023,25028.690000000002,74.364,701.2,257.0,0.0,7405.999,0.0,16425.91565602295,106521.82668204895,16425.91565602295,71605.78651231999,35.45800000074827,35.45800000074827,35.45800000074827
8564,20,95755.2389,31788.162094702,0.0,31788.162094702,1221.308,0.0,593.212,19898.097856297023,24452.49,74.364,448.7680000000001,257.0,0.0,7405.999,0.0,9615.837949000994,96399.89199889002,9615.837949000994,63967.076805298,34.785560000019935,34.785560000019935,34.785560000019935
8565,21,93762.55101,39930.422301238,0.0,39930.422301238,1221.308,0.0,593.212,19898.097856297023,7110.465839999971,74.364,0.0,0.0,0.0,7405.999,0.0,17528.682012465,77948.64777524264,17528.682012465,53832.12870876199,16.242599999980076,16.242599999980076,16.242599999980076
8566,22,89966.85378,38214.730590398,0.0,38214.730590398,1221.308,0.0,593.212,19898.097856297023,7269.002,74.364,0.0,0.0,0.0,7405.999,0.0,15290.140333304967,61853.763213868995,15290.140333304967,51752.123189602,17.188680000000232,17.188680000000232,17.188680000000232
8567,23,85205.19132,34360.17534906501,0.0,34360.17534906501,1221.308,0.0,593.212,19898.097856297023,7269.002,74.364,0.0,0.0,0.0,7405.999,0.0,14383.03311463929,46713.72835635395,14383.03311463929,50845.01597093499,17.18868000000011,17.18868000000011,17.18868000000011
8568,24,80405.79808,36397.644209176,0.0,36397.644209176,1221.308,0.0,593.212,19898.097856297023,7269.002,74.364,0.0,0.0,0.0,7405.999,0.0,7546.171014526972,38770.39044632556,7546.171014526972,44008.153870824,17.18868000000007,17.18868000000007,17.18868000000007
8569,25,76541.70398,35464.311297076994,0.0,35464.311297076994,1221.308,0.0,593.212,19898.097856297023,50.0,74.364,0.0,0.0,0.0,7405.999,0.0,11834.41182662598,26313.114839350845,11834.41182662598,41077.39268292301,16.242599999999825,16.242599999999825,16.242599999999825
8570,26,74338.77041,37777.1678098,0.0,37777.1678098,1221.308,0.0,593.212,19898.097856297023,50.0,74.364,0.0,0.0,0.0,7405.999,0.0,7318.621743902979,18609.30247734771,7318.621743902979,36561.6026002,16.242599999999555,16.242599999999555,16.242599999999555
8571,27,73207.78996,38110.450392645005,0.0,38110.450392645005,1221.308,0.0,593.212,19898.097856297023,28.499999999999996,74.364,0.0,0.0,0.0,7405.999,0.0,5875.85871105798,12424.188044655095,5875.85871105798,35097.33956735499,16.242600000000515,16.242600000000515,16.242600000000515
8572,28,73441.06447,48838.795099742,0.0,48838.795099742,1221.308000001633,0.0,0.0,19898.097856297023,0.0,74.364,0.0,0.0,0.0,5554.499250000001,2145.99973604103,0.0,14462.887793894073,-2145.99973604103,24602.269370258,0.0,0.0,0.0
8573,29,75083.90236,46697.552747830996,0.0,46697.552747830996,1221.308,0.0,593.212,19898.097856297023,28.499999999999996,74.364,0.0,0.0,0.0,7405.999,835.1312441280206,0.0,15256.262475815693,-835.1312441280206,28386.349612168997,12.94889999999915,12.94889999999915,12.94889999999915
8574,30,78615.27968,41870.099850285005,0.0,41870.099850285005,1221.308,0.0,593.212,19890.0527126783,50.0,74.364,0.0,0.0,0.0,7405.999,0.0,7510.244117036707,7350.742352619159,7510.244117036707,36745.179829715,16.242600000000078,16.242600000000078,16.242600000000078
8575,31,82216.57808,40702.491705486005,23.697599999999998,40702.491705486005,1221.308,23.697599999999998,593.212,19879.21155539938,7269.002,74.364,0.0,0.0,0.0,7405.999,0.0,5047.292219114626,2037.8031746031745,5047.292219114626,41490.388774514,17.188679999999888,17.188679999999888,17.188679999999888
8576,32,85466.96045,34613.412802269,3920.5762399725,34613.412802269,1221.308,3920.5762399725,593.212,19868.490981884457,17392.024159999997,74.364,36.160000000000004,257.0,0.0,5554.49925,0.0,1935.9130158740322,0.0,1935.9130158740322,46932.9714077585,33.441880000000246,33.441880000000246,33.441880000000246
8577,33,88256.46961,43203.357390349,29300.8889435075,39780.57517427391,812.1850000000001,25199.661643507498,0.0,18665.184292218597,21.5,74.364,0.0,0.0,0.0,3702.999499999999,0.0,0.0,0.0,0.0,23276.232792218594,0.0,0.0,0.0
8578,34,89594.84781,46438.081292726,49423.477658105505,20655.179555307684,786.544,47038.4129581055,0.0,19263.211546586816,0.0,0.0,0.0,0.0,0.0,1851.499749999999,0.0,0.0,0.0,0.0,21901.255296586824,0.0,0.0,0.0
8579,35,88801.54244,45190.80950864,60495.023991919,45190.80950864,1136.7939999999994,60495.023991919,0.0,19838.45893578438,0.0,74.364,0.0,0.0,0.0,0.0,37933.907996343405,0.0,36037.21259652624,-37933.907996343405,-16884.291060558993,0.0,0.0,0.0
8580,36,87520.12161,42702.802092847,65415.8119984385,17410.52790584537,1189.694,64350.6060984385,0.0,18184.442878314472,0.0,74.364,0.0,0.0,0.0,0.0,13689.513272598371,0.0,49042.25020549469,-13689.513272598371,5758.987605716131,0.0,0.0,0.0
8581,37,86115.38684,46066.608094106996,66208.2116867455,43611.240893947,1221.308,66013.02461776015,0.0,15195.449328292862,0.0,74.364,0.0,0.0,0.0,0.0,40000.0,0.0,87042.25020549471,-40000.0,-23508.87867170714,0.0,0.0,0.0
8582,38,84869.40397,45602.381460047,65565.5651495925,40917.89485969,1221.308,65321.49102142995,0.0,17334.346088880015,0.0,74.364,0.0,0.0,0.0,0.0,40000.0,0.0,125042.25020549471,-40000.0,-21369.981911119954,0.0,0.0,0.0
8583,39,84529.32501,43440.51264309,56789.7636445585,43440.51264309,1221.308,56789.7636445585,0.0,19801.00808498861,0.0,74.364,0.0,0.0,0.0,0.0,36797.63136263715,0.0,160000.0,-36797.63136263715,-15700.951277648499,0.0,0.0,0.0
8584,40,85902.27097,40757.15945329399,43179.3114563095,34814.03551798432,694.8710000000001,28751.807059841998,0.0,19790.057642173684,0.0,0.0,0.0,0.0,0.0,1851.4997499999718,0.0,0.0,160000.0,0.0,22336.428392173682,0.0,0.0,0.0
8585,41,90687.89527,38110.019850916,21977.890784755997,38110.00467109957,1221.308,21977.890784755997,0.0,19537.90390432803,6063.42441,74.364,0.0,0.0,0.0,3702.999499999981,0.0,-1.832508156588301e-7,160000.0000001899,-1.832508156588301e-7,30599.99981414443,0.0,0.0,0.0
8586,42,95292.73516,38448.662705592,0.0,38448.662705592,1221.308,0.0,593.212,19771.756332714045,23433.948570000004,74.364,448.76800000000105,257.0,0.0,5554.499249999986,0.0,5489.216301693937,154221.8775773575,5489.216301693937,56844.07245440799,35.45800000115526,35.45800000115526,35.45800000115526
8587,43,93412.83097,39934.931845185,0.0,39934.931845185,1221.308,0.0,593.212,19761.080720261114,22338.530430000003,74.364,0.0,0.0,0.0,7405.999,0.0,2083.4049745538955,152028.81970940603,2083.4049745538955,53477.899124815,17.586279999998943,17.586279999998943,17.586279999998943
8588,44,91209.98882,34152.625497638,0.0,34152.625497638,1221.308,0.0,593.212,19750.303255716397,24452.49,74.364,36.160000000000004,257.0,0.0,7405.999,0.0,3266.527066645591,148590.37016556857,3266.527066645591,57057.363322362,33.44188000000007,33.44188000000007,33.44188000000007
8589,45,89544.33641,31451.809009538003,0.0,31451.809009538003,1221.308,0.0,593.212,19741.828226713966,25028.690000000002,74.364,469.10799999999955,257.0,0.0,7405.999,0.0,3301.01817374825,145115.6141932022,3301.01817374825,58092.527400462,35.45800000115387,35.45800000115387,35.45800000115387
8590,46,87168.56634,32025.804308476,0.0,32025.804308476,1221.308,0.0,593.212,19730.862603899037,24264.890000000003,74.364,20.34,0.0,0.0,7405.999,0.0,1831.7864276249893,143187.41795359697,1831.7864276249893,55142.762031524006,25.514079999997502,25.514079999997502,25.514079999997502
8591,47,83881.6344,27015.985507352,0.0,27015.985507352,1221.308,0.0,593.212,19720.021446620118,25028.690000000002,74.364,56.5,257.0,0.0,7405.999,0.0,2508.554446027887,140546.83432619917,2508.554446027887,56865.648892647994,33.44188000204255,33.44188000204255,33.44188000204255
8592,48,79690.76605,20976.899253238003,0.0,20976.899253238003,1221.308,0.0,593.212,19712.221352301396,24452.49,74.364,36.159999999999926,257.0,0.0,7405.999,0.0,4961.112444460595,135324.6107004512,4961.112444460595,58713.866796762,33.44187999999997,33.44187999999997,33.44187999999997
8593,49,76988.44643,23117.653858766,0.0,23117.653858766,1221.308,0.0,593.212,19701.25573676048,22338.530430000003,74.364,0.0,0.0,0.0,7405.999,0.0,2536.12340447351,132655.00711679488,2536.12340447351,53870.79257123399,17.5862799999993,17.5862799999993,17.5862799999993
8594,50,74913.52611,22473.903507093,0.0,22473.903507093,1221.308,0.0,593.212,19690.847146641754,22670.14857,74.364,0.0,0.0,0.0,7405.999,0.0,783.7438862652452,131830.01355230514,783.7438862652452,52439.62260290701,18.513479999999102,18.513479999999102,18.513479999999102
8595,51,73384.98229,24263.732651905997,0.0,24263.732651905997,1221.308,0.0,593.212,19682.796599350346,20143.570038743615,74.364,0.0,0.0,0.0,7405.999,0.0,0.0,131830.01355230514,0.0,49121.249638094,17.188679999997156,17.188679999997156,17.188679999997156
8596,52,73390.56922,23935.312389854003,0.0,23935.312389854003,1221.308,0.0,593.212,19672.27339510943,20488.100435036566,74.364,0.0,0.0,0.0,7405.999,0.0,0.0,131830.01355230514,0.0,49455.256830146,17.18868,17.18868,17.18868
8597,53,74433.44105,27324.109301022007,0.0,27324.109301022007,1221.308,0.0,593.212,19661.464062890704,18152.984686087286,74.364,0.0,0.0,0.0,7405.999,0.0,0.0,131830.01355230514,0.0,47109.33174897799,17.18868000000097,17.18868000000097,17.18868000000097
8598,54,77128.74608,24454.981060543,0.0,24454.981060543,1221.308,0.0,593.212,19653.544847075776,22670.14857,74.364,0.0,0.0,0.0,7405.999,0.0,1055.1886023812167,130719.28870769334,1055.1886023812167,52673.765019457,18.513479999998783,18.513479999998783,18.513479999998783
8599,55,79996.83899,23521.865739811998,0.0,23521.865739811998,1221.308,0.0,593.212,19642.80762989686,24452.49,74.364,36.160000000000004,257.0,0.0,7405.999,0.0,2791.632620291163,127780.72805475528,2791.632620291163,56474.973250188006,33.441880000000054,33.441880000000054,33.441880000000054
8600,56,82448.91355,26371.893350922997,5016.030903083999,26371.893350922997,1221.308,5016.030903083999,593.212,19631.167075190628,19388.36444714467,74.364,0.0,0.0,0.0,7405.999,0.0,2746.5747736576936,124889.59671406298,2746.5747736576936,51060.989295993,18.13475999999956,18.13475999999956,18.13475999999956
8601,57,85249.93994,27368.946502999,21028.990495168,27368.946502999,1221.308,21028.990495168,593.212,19623.414019875705,10029.142287144656,74.364,0.0,0.0,0.0,7405.999,2095.436365187383,0.0,126880.261260991,-2095.436365187383,36852.002941833,16.242599999967517,16.242599999967517,16.242599999967517
8602,58,86161.59619,27235.921605147,35682.0897882495,27235.921605147,1221.308,35682.0897882495,593.212,19612.854456530982,28.5,74.364,0.0,0.0,0.0,5554.499250000001,3841.1529099274912,0.0,130529.35652542212,-3841.1529099274912,23243.5847966035,12.948900000114424,12.948900000114424,12.948900000114424
8603,59,86134.31777,28138.188502319997,45342.6104052615,28138.188502319997,1221.308,45342.6104052615,0.0,19601.913902478056,0.0,74.364,0.0,0.0,0.0,3702.999499999999,11947.066540059588,0.0,141879.06973847872,-11947.066540059588,12653.518862418496,0.0,0.0,0.0
8604,60,85602.22931,21508.079502285997,45373.615734189996,21508.079502285997,1221.3079999999968,45373.615734189996,0.0,19594.056914337136,0.0,74.364,0.0,0.0,0.0,3702.999500000001,5872.194340813141,0.0,147457.65436225117,-5872.194340813141,18720.534073524002,0.0,0.0,0.0
8605,61,84568.39218,16911.713189925005,42951.486739184,16911.713189925005,1221.308,42951.486739184,593.212,19583.232402118414,28.499999999999996,74.364,0.0,0.0,0.0,5554.499250000001,2349.9234012274164,0.0,149690.0815934172,-2349.9234012274164,24705.192250890985,12.948899999999686,12.948899999999686,12.948899999999686
8606,62,83395.38319,14519.540441182002,40165.066449390004,14519.540441182002,1221.308,40165.066449390004,593.212,19572.31014966501,7269.002,74.364,0.0,0.0,0.0,7405.999,7425.418850237023,0.0,156744.2295011424,-7425.418850237023,28710.776299427984,16.242600000000078,16.242600000000078,16.242600000000078
8607,63,82620.16313,11874.777440285001,30841.269692777503,11874.777440285001,1221.308,30841.269692777503,593.212,19564.37429018609,14471.985547654107,74.364,0.0,0.0,0.0,7405.999,3427.126840902723,0.0,160000.0,-3427.126840902723,39904.11599693749,16.2426000000004,16.2426000000004,16.2426000000004
8608,64,83656.17928,9452.660558365998,20053.930045112502,9452.660558365998,1221.308,20053.930045112502,593.212,19553.929968867364,24595.007707654153,74.364,448.76799999969774,257.0,0.0,7405.999,0.0,0.0,160000.0,0.0,54149.5886765215,34.7855599999996,34.7855599999996,34.7855599999996
8609,65,88277.23208,10318.448901904998,4833.0897914465,10318.448901904998,1221.308,4833.0897914465,593.212,19543.27633532644,25028.690000000002,74.364,701.2,257.0,0.0,7405.999,0.0,18300.64405132148,140736.16415650348,18300.64405132148,73125.6933866485,35.457999999998265,35.457999999998265,35.457999999998265
8610,66,92495.07167,11162.209901817,0.0,11162.209901817,1221.308,0.0,593.212,19534.786120446202,25028.690000000002,74.364,701.2,257.0,0.0,7405.999,0.0,26516.3026477363,112824.2666325705,26516.3026477363,81332.86176818301,35.45800000000018,35.45800000000018,35.45800000000018
8611,67,92593.22836,9985.257502678998,0.0,9985.257502678998,1221.308,0.0,593.212,19523.89792276729,25028.690000000002,74.364,701.2,257.0,0.0,7405.999,0.0,27802.299934553666,83558.68775409297,27802.299934553666,82607.970857321,35.45800000000005,35.45800000000005,35.45800000000005
8612,68,92119.1103,12028.17915815,0.0,12028.17915815,1221.308,0.0,593.212,19512.994520352364,25028.690000000002,74.364,701.2,257.0,0.0,7405.999,0.0,25296.163621497646,56931.14709988492,25296.163621497646,80090.93114185,35.457999999997845,35.457999999997845,35.457999999997845
8613,69,90813.12442,11904.233839239,0.0,11904.233839239,1221.308,0.0,593.212,19505.179253307644,25028.690000000002,74.364,1061.525304722126,257.0,0.0,7405.999,0.0,23761.613022731206,31918.922865431017,23761.613022731206,78908.890580761,35.45799999999542,35.45799999999542,35.45799999999542
8614,70,87547.02791,13067.306950844999,0.0,13067.306950844999,1221.308,0.0,593.212,19494.36991969272,25028.690000000002,74.364,701.2,257.0,0.0,7405.999,0.0,19703.578039462278,11178.314402839149,19703.578039462278,74479.720959155,35.45800000000004,35.45800000000004,35.45800000000004
8615,71,83059.6758,17674.886594789,0.0,17674.886594789,1221.308,0.0,593.212,19483.6175225138,25028.690000000002,74.364,701.2,257.0,0.0,7405.999,0.0,10619.398682697192,0.0,10619.398682697192,65384.789205211,35.457999999999714,35.457999999999714,35.457999999999714
8616,72,78813.11938,20240.167049423,0.0,20240.167049423,1221.308,0.0,593.212,19475.82214049508,25028.690000000002,74.364,4516.557190081939,257.0,0.0,7405.999,0.0,0.0,0.0,0.0,58572.952330577005,35.4579999999999,35.4579999999999,35.4579999999999
8617,73,76015.96073,24326.718505757,0.0,24326.718505757,1221.308,0.0,593.212,19465.148614654157,24264.890000000003,74.364,20.339999999999883,0.0,0.0,7405.999,1356.019390411151,0.0,1288.2184208905935,-1356.019390411151,51689.242224243004,17.851080000000035,17.851080000000035,17.851080000000035
8618,74,74863.89079,23469.982244193998,0.0,23469.982244193998,1221.308,0.0,593.212,19454.286822296952,25028.690000000002,74.364,56.49999999994179,0.0,0.0,7405.999,2440.4512764909373,0.0,3606.647133556984,-2440.4512764909373,51393.90854580601,25.637059999999927,25.637059999999927,25.637059999999927
8619,75,74337.25153,22029.136493189002,0.0,22029.136493189002,1221.308,0.0,593.212,19446.241677282025,25028.690000000002,74.364,56.5,0.0,0.0,7405.999,1518.1996404710246,0.0,5048.936792004457,-1518.1996404710246,52308.115036810996,25.637059999999906,25.637059999999906,25.637059999999906
8620,76,75250.50367,22645.49249438,0.0,22645.49249438,1221.308,0.0,593.212,19435.090590341588,25028.690000000002,74.364,56.5,0.0,0.0,7405.999,1210.1524147215846,0.0,6198.581585989962,-1210.1524147215846,52605.011175620006,25.637059999999902,25.637059999999902,25.637059999999902
8621,77,77600.41679,25906.22119126,0.0,25906.22119126,1221.308,0.0,593.212,19424.28125812286,24264.889999999985,74.364,20.339999999999947,0.0,0.0,7405.999,1310.1986593828585,0.0,7443.270312403678,-1310.1986593828585,51694.19559874,17.85108000000004,17.85108000000004,17.85108000000004
8622,78,82505.74696,26680.24935797,0.0,26680.24935797,1221.308,0.0,593.212,19416.371920881946,25028.690000000002,74.364,1828.5526811480156,257.0,0.0,7405.999,0.0,0.0,7443.270312403665,0.0,55825.49760203001,35.45800000000007,35.45800000000007,35.45800000000007
8623,79,87776.70047,29221.652993073996,22.2165,29221.652993073996,1221.308,22.2165,593.212,19405.501840001223,25028.690000000002,74.364,4546.756136924783,257.0,0.0,7405.998999999997,0.0,0.0,7443.270312403665,0.0,58532.830976926,35.45799999999986,35.45799999999986,35.45799999999986
8624,80,91038.20948,13688.177398319998,4081.309642302,13688.177398319998,1221.308,4081.309642302,593.212,19394.9673440223,25028.690000000002,74.364,12222.0752985722,257.0,0.0,7405.999,0.0,7071.106796783482,0.0,7071.106796783482,73268.722439378,35.457999998104555,35.457999998104555,35.457999998104555
8625,81,93026.49161,25366.377460067004,28448.606256543004,25366.377460067004,1221.308,28448.606256543004,593.212,19386.954060803582,12360.83058258644,74.364,20.339999999999993,0.0,0.0,5554.499249999976,0.0,0.0,0.0,0.0,39211.50789338999,16.24259999999999,16.24259999999999,16.24259999999999
8626,82,93877.24598,27133.641655747004,46522.670255927,27133.641655747004,1221.308,46522.670255927,0.0,19376.144734462665,0.0,74.364,0.0,0.0,0.0,3702.9994999999817,4153.882166136754,0.0,3946.188057829927,-4153.882166136754,20220.934068326,0.0,0.0,0.0
8627,83,93316.45895,28802.60554927,58040.495647105,28802.60554927,1221.308,58040.495647105,0.0,19365.424162343934,0.0,74.364,0.0,0.0,0.0,1851.4997499999772,16039.238158720933,0.0,19183.464308614813,-16039.238158720933,6473.357753625001,0.0,0.0,0.0
8628,84,92212.60999,31108.244739301997,62090.543092646505,31108.244739301997,1221.308,62090.54309282366,0.0,19357.34719366502,0.0,74.364,0.0,0.0,0.0,0.0,21639.19703579167,0.0,39740.7014926169,-21639.19703579167,-986.1778421256604,0.0,0.0,0.0
8629,85,91022.09974,32576.493296640998,63201.804284352,32576.493296640998,1221.308,63201.804284351885,0.0,19346.64180015009,0.0,74.364,0.0,0.0,0.0,0.0,25398.51164114298,0.0,63869.28755170273,-25398.51164114298,-4756.197840992878,0.0,0.0,0.0
8630,86,90084.92805,32291.756691351,61617.010109166,32291.756691351,1221.3079999999966,61617.01010918059,0.0,19335.13693490538,0.0,74.364,0.0,0.0,0.0,0.0,24454.647685437223,0.0,87101.2028528681,-24454.647685437223,-3823.8387505315914,0.0,0.0,0.0
8631,87,89636.65992,31175.443541914,52987.532862794,31175.443541914,1221.307999999994,52987.532862794,0.0,19327.69845279045,0.0,74.364,0.0,0.0,0.0,1851.4997499999981,17001.186687498433,0.0,103252.3302059916,-17001.186687498433,5473.683515292003,0.0,0.0,0.0
8632,88,90935.57231,31062.876254101,40344.9210173705,31062.876254101633,1221.308,40344.92101737051,0.0,19316.795075111528,21.5,74.364,0.0,0.0,0.0,3702.9994999999954,4809.191536583895,0.0,107821.0621657463,-4809.191536583895,19527.775038527863,0.0,0.0,0.0
8633,89,96337.29842,28995.114591160996,18802.914846617,28995.114591160996,1221.308,18802.914846617,593.212,19306.0327832928,17392.02415999999,74.364,36.16000000000008,0.0,0.0,5554.499249999996,0.0,4361.668788929188,103229.83186161032,4361.668788929188,48539.26898222201,30.76371999999998,30.76371999999998,30.76371999999998
8634,90,102857.2683,27783.820054923,0.0,27783.820054923,1221.308,0.0,593.212,19298.232687577878,25028.690000000002,74.364,469.10800000001774,257.0,0.0,7405.999,0.0,20725.534557499093,81413.4796958218,20725.534557499093,75073.448245077,35.45800000074995,35.45800000074995,35.45800000074995
8635,91,103007.2827,32558.001804453997,0.0,32558.001804453997,1221.308,0.0,593.212,19287.31411383316,25028.690000000002,74.364,701.2,257.0,0.0,7405.999,0.0,15880.19378171278,64697.486241387276,15880.19378171278,70449.28089554599,35.45800000080397,35.45800000080397,35.45800000080397
8636,92,101371.8014,33565.348245778005,0.0,33565.348245778005,1221.308,0.0,593.212,19276.529848980237,25028.690000000002,74.364,701.2,257.0,0.0,7405.999,0.0,13248.150305241736,50752.06486744861,13248.150305241736,67806.45315422199,35.45800000006533,35.45800000006533,35.45800000006533
8637,93,98585.40306,35052.684795521,0.0,35052.684795521,1221.308,0.0,593.212,19268.61064043932,25028.690000000002,74.364,701.2,257.0,0.0,7405.999,0.0,8982.33462403967,41296.975789512115,8982.33462403967,63532.718264478994,35.45800000080397,35.45800000080397,35.45800000080397
8638,94,93322.542,31624.175206745003,0.0,31624.175206745003,1221.308,0.0,593.212,19257.811179520595,24452.49,74.364,448.7680000000001,257.0,0.0,7405.999,0.0,7987.414613734414,32889.17093294957,7987.414613734414,61698.366793255,34.78556000000016,34.78556000000016,34.78556000000016
8639,95,87773.76433,32167.809047525,0.0,32167.809047525,1221.308,0.0,593.212,19247.23643477968,11453.469804758854,74.364,0.0,0.0,0.0,7405.999,0.0,15610.366042936452,16457.20667722699,15610.366042936452,55605.955282475006,16.242599999999946,16.242599999999946,16.242599999999946
8640,96,82129.04902,30692.135141713,0.0,30692.135141713,1221.308,0.0,593.212,19238.68253443924,7269.002000482055,74.364,0.0,0.0,0.0,7405.999,0.0,15634.346343365683,0.0,15634.346343365683,51436.91387828701,17.18868000000038,17.18868000000038,17.18868000000038
