r_id,hour,gen,resource
26,1,0.0,biomass
13,1,0.0,biomass
108,1,0.0,biomass
40,1,0.0,biomass
97,1,0.0,biomass
1,1,0.0,biomass
66,1,0.0,biomass
2,1,840.9074352,conventional_hydroelectric
14,1,147.5186944,conventional_hydroelectric
27,1,900.7000236,conventional_hydroelectric
35,1,1579.7421199999999,conventional_hydroelectric
54,1,432.5986961999791,conventional_hydroelectric
67,1,2964.238848567945,conventional_hydroelectric
84,1,2411.3971740000025,conventional_hydroelectric
109,1,347.6538000000048,conventional_hydroelectric
128,1,44.43185999999997,conventional_hydroelectric
139,1,152.64003839999998,conventional_hydroelectric
110,1,0.0,conventional_steam_coal
41,1,0.0,conventional_steam_coal
3,1,0.0,conventional_steam_coal
36,1,0.0,conventional_steam_coal
85,1,0.0,conventional_steam_coal
28,1,74.364,geothermal
116,1,0.0,natural_gas_fired_combined_cycle
73,1,0.0,natural_gas_fired_combined_cycle
71,1,0.0,natural_gas_fired_combined_cycle
44,1,0.0,natural_gas_fired_combined_cycle
115,1,0.0,natural_gas_fired_combined_cycle
70,1,0.0,natural_gas_fired_combined_cycle
131,1,0.0,natural_gas_fired_combined_cycle
18,1,0.0,natural_gas_fired_combined_cycle
72,1,0.0,natural_gas_fired_combined_cycle
114,1,0.0,natural_gas_fired_combined_cycle
45,1,0.0,natural_gas_fired_combined_cycle
78,1,0.0,natural_gas_fired_combustion_turbine
75,1,0.0,natural_gas_fired_combustion_turbine
119,1,0.0,natural_gas_fired_combustion_turbine
117,1,0.0,natural_gas_fired_combustion_turbine
134,1,0.0,natural_gas_fired_combustion_turbine
103,1,0.0,natural_gas_fired_combustion_turbine
47,1,0.0,natural_gas_fired_combustion_turbine
8,1,0.0,natural_gas_fired_combustion_turbine
90,1,0.0,natural_gas_fired_combustion_turbine
60,1,0.0,natural_gas_fired_combustion_turbine
46,1,0.0,natural_gas_fired_combustion_turbine
37,1,0.0,natural_gas_fired_combustion_turbine
7,1,0.0,natural_gas_fired_combustion_turbine
133,1,0.0,natural_gas_fired_combustion_turbine
74,1,0.0,natural_gas_fired_combustion_turbine
20,1,0.0,natural_gas_fired_combustion_turbine
135,1,0.0,natural_gas_fired_combustion_turbine
142,1,0.0,natural_gas_fired_combustion_turbine
121,1,0.0,natural_gas_fired_combustion_turbine
91,1,0.0,natural_gas_fired_combustion_turbine
22,1,0.0,natural_gas_steam_turbine
123,1,0.0,natural_gas_steam_turbine
62,1,0.0,natural_gas_steam_turbine
49,1,0.0,natural_gas_steam_turbine
48,1,0.0,natural_gas_steam_turbine
21,1,0.0,natural_gas_steam_turbine
79,1,0.0,nuclear
10,1,138.14437,onshore_wind_turbine
23,1,7319.4352,onshore_wind_turbine
31,1,5903.80252,onshore_wind_turbine
38,1,1133.8278,onshore_wind_turbine
50,1,1356.2749199999998,onshore_wind_turbine
63,1,117.94299986559999,onshore_wind_turbine
80,1,3774.8978399999996,onshore_wind_turbine
94,1,6282.752573426267,onshore_wind_turbine
105,1,1424.2923803639999,onshore_wind_turbine
124,1,23810.137665976206,onshore_wind_turbine
136,1,1176.4544400000002,onshore_wind_turbine
144,1,7617.34638,onshore_wind_turbine
11,1,19.125,small_hydroelectric
24,1,62.577,small_hydroelectric
32,1,192.0,small_hydroelectric
39,1,52.9,small_hydroelectric
51,1,25.641,small_hydroelectric
64,1,6.128,small_hydroelectric
81,1,241.672,small_hydroelectric
95,1,0.0,small_hydroelectric
106,1,31.614,small_hydroelectric
125,1,0.0,small_hydroelectric
137,1,36.822,small_hydroelectric
145,1,33.21,small_hydroelectric
12,1,0.0,solar_photovoltaic
25,1,0.0,solar_photovoltaic
33,1,0.0,solar_photovoltaic
52,1,0.0,solar_photovoltaic
65,1,0.0,solar_photovoltaic
82,1,0.0,solar_photovoltaic
96,1,0.0,solar_photovoltaic
107,1,0.0,solar_photovoltaic
126,1,0.0,solar_photovoltaic
138,1,0.0,solar_photovoltaic
26,2,0.0,biomass
13,2,0.0,biomass
108,2,0.0,biomass
40,2,0.0,biomass
97,2,0.0,biomass
1,2,0.0,biomass
66,2,0.0,biomass
2,2,611.6192712000004,conventional_hydroelectric
14,2,108.47516240000004,conventional_hydroelectric
27,2,900.7000236,conventional_hydroelectric
35,2,1373.938561599999,conventional_hydroelectric
54,2,346.3284131999786,conventional_hydroelectric
67,2,2961.112305783178,conventional_hydroelectric
84,2,4822.794348000008,conventional_hydroelectric
109,2,231.76920000000453,conventional_hydroelectric
128,2,57.03125999999999,conventional_hydroelectric
139,2,152.68661759999998,conventional_hydroelectric
110,2,0.0,conventional_steam_coal
41,2,0.0,conventional_steam_coal
3,2,0.0,conventional_steam_coal
36,2,0.0,conventional_steam_coal
85,2,0.0,conventional_steam_coal
28,2,0.0,geothermal
116,2,0.0,natural_gas_fired_combined_cycle
73,2,0.0,natural_gas_fired_combined_cycle
71,2,0.0,natural_gas_fired_combined_cycle
44,2,0.0,natural_gas_fired_combined_cycle
115,2,0.0,natural_gas_fired_combined_cycle
70,2,0.0,natural_gas_fired_combined_cycle
131,2,0.0,natural_gas_fired_combined_cycle
18,2,0.0,natural_gas_fired_combined_cycle
72,2,0.0,natural_gas_fired_combined_cycle
114,2,0.0,natural_gas_fired_combined_cycle
45,2,0.0,natural_gas_fired_combined_cycle
78,2,0.0,natural_gas_fired_combustion_turbine
75,2,0.0,natural_gas_fired_combustion_turbine
119,2,0.0,natural_gas_fired_combustion_turbine
117,2,0.0,natural_gas_fired_combustion_turbine
134,2,0.0,natural_gas_fired_combustion_turbine
103,2,0.0,natural_gas_fired_combustion_turbine
47,2,0.0,natural_gas_fired_combustion_turbine
8,2,0.0,natural_gas_fired_combustion_turbine
90,2,0.0,natural_gas_fired_combustion_turbine
60,2,0.0,natural_gas_fired_combustion_turbine
46,2,0.0,natural_gas_fired_combustion_turbine
37,2,0.0,natural_gas_fired_combustion_turbine
7,2,0.0,natural_gas_fired_combustion_turbine
133,2,0.0,natural_gas_fired_combustion_turbine
74,2,0.0,natural_gas_fired_combustion_turbine
20,2,0.0,natural_gas_fired_combustion_turbine
135,2,0.0,natural_gas_fired_combustion_turbine
142,2,0.0,natural_gas_fired_combustion_turbine
121,2,0.0,natural_gas_fired_combustion_turbine
91,2,0.0,natural_gas_fired_combustion_turbine
22,2,0.0,natural_gas_steam_turbine
123,2,0.0,natural_gas_steam_turbine
62,2,0.0,natural_gas_steam_turbine
49,2,0.0,natural_gas_steam_turbine
48,2,0.0,natural_gas_steam_turbine
21,2,0.0,natural_gas_steam_turbine
79,2,0.0,nuclear
10,2,81.95005,onshore_wind_turbine
23,2,5088.9454000000005,onshore_wind_turbine
31,2,5159.29645,onshore_wind_turbine
38,2,1165.0705500000001,onshore_wind_turbine
50,2,1541.8989599999998,onshore_wind_turbine
63,2,83.2369998152,onshore_wind_turbine
80,2,3261.9131999999995,onshore_wind_turbine
94,2,12835.521999999999,onshore_wind_turbine
105,2,1726.2602013720002,onshore_wind_turbine
124,2,16740.193895429657,onshore_wind_turbine
136,2,0.0,onshore_wind_turbine
144,2,8588.43909,onshore_wind_turbine
11,2,19.125,small_hydroelectric
24,2,0.0,small_hydroelectric
32,2,0.0,small_hydroelectric
39,2,52.9,small_hydroelectric
51,2,0.0,small_hydroelectric
64,2,6.128,small_hydroelectric
81,2,241.672,small_hydroelectric
95,2,418.922,small_hydroelectric
106,2,31.614,small_hydroelectric
125,2,100.697,small_hydroelectric
137,2,0.0,small_hydroelectric
145,2,0.0,small_hydroelectric
12,2,0.0,solar_photovoltaic
25,2,0.0,solar_photovoltaic
33,2,0.0,solar_photovoltaic
52,2,0.0,solar_photovoltaic
65,2,0.0,solar_photovoltaic
82,2,0.0,solar_photovoltaic
96,2,0.0,solar_photovoltaic
107,2,0.0,solar_photovoltaic
126,2,0.0,solar_photovoltaic
138,2,0.0,solar_photovoltaic
26,3,0.0,biomass
13,3,0.0,biomass
108,3,0.0,biomass
40,3,0.0,biomass
97,3,0.0,biomass
1,3,0.0,biomass
66,3,0.0,biomass
2,3,382.3311072000008,conventional_hydroelectric
14,3,147.471654,conventional_hydroelectric
27,3,783.5793875999988,conventional_hydroelectric
35,3,1581.2406896,conventional_hydroelectric
54,3,260.0581301999784,conventional_hydroelectric
67,3,2357.369724783178,conventional_hydroelectric
84,3,2411.397173999998,conventional_hydroelectric
109,3,115.88460000000345,conventional_hydroelectric
128,3,69.63066,conventional_hydroelectric
139,3,133.3562495999998,conventional_hydroelectric
110,3,0.0,conventional_steam_coal
41,3,0.0,conventional_steam_coal
3,3,0.0,conventional_steam_coal
36,3,0.0,conventional_steam_coal
85,3,0.0,conventional_steam_coal
28,3,74.364,geothermal
116,3,0.0,natural_gas_fired_combined_cycle
73,3,0.0,natural_gas_fired_combined_cycle
71,3,0.0,natural_gas_fired_combined_cycle
44,3,0.0,natural_gas_fired_combined_cycle
115,3,0.0,natural_gas_fired_combined_cycle
70,3,0.0,natural_gas_fired_combined_cycle
131,3,0.0,natural_gas_fired_combined_cycle
18,3,0.0,natural_gas_fired_combined_cycle
72,3,0.0,natural_gas_fired_combined_cycle
114,3,0.0,natural_gas_fired_combined_cycle
45,3,0.0,natural_gas_fired_combined_cycle
78,3,0.0,natural_gas_fired_combustion_turbine
75,3,0.0,natural_gas_fired_combustion_turbine
119,3,0.0,natural_gas_fired_combustion_turbine
117,3,0.0,natural_gas_fired_combustion_turbine
134,3,0.0,natural_gas_fired_combustion_turbine
103,3,0.0,natural_gas_fired_combustion_turbine
47,3,0.0,natural_gas_fired_combustion_turbine
8,3,0.0,natural_gas_fired_combustion_turbine
90,3,0.0,natural_gas_fired_combustion_turbine
60,3,0.0,natural_gas_fired_combustion_turbine
46,3,0.0,natural_gas_fired_combustion_turbine
37,3,0.0,natural_gas_fired_combustion_turbine
7,3,0.0,natural_gas_fired_combustion_turbine
133,3,0.0,natural_gas_fired_combustion_turbine
74,3,0.0,natural_gas_fired_combustion_turbine
20,3,0.0,natural_gas_fired_combustion_turbine
135,3,0.0,natural_gas_fired_combustion_turbine
142,3,0.0,natural_gas_fired_combustion_turbine
121,3,0.0,natural_gas_fired_combustion_turbine
91,3,0.0,natural_gas_fired_combustion_turbine
22,3,0.0,natural_gas_steam_turbine
123,3,0.0,natural_gas_steam_turbine
62,3,0.0,natural_gas_steam_turbine
49,3,0.0,natural_gas_steam_turbine
48,3,0.0,natural_gas_steam_turbine
21,3,0.0,natural_gas_steam_turbine
79,3,0.0,nuclear
10,3,74.56554,onshore_wind_turbine
23,3,3743.5706,onshore_wind_turbine
31,3,5716.19174,onshore_wind_turbine
38,3,995.7916500000001,onshore_wind_turbine
50,3,1743.1045799999997,onshore_wind_turbine
63,3,52.639159888,onshore_wind_turbine
80,3,3147.6068399999995,onshore_wind_turbine
94,3,14630.2884,onshore_wind_turbine
105,3,1573.207301442,onshore_wind_turbine
124,3,19250.20635168683,onshore_wind_turbine
136,3,1433.69142,onshore_wind_turbine
144,3,6650.579249999999,onshore_wind_turbine
11,3,0.0,small_hydroelectric
24,3,62.577,small_hydroelectric
32,3,0.0,small_hydroelectric
39,3,0.0,small_hydroelectric
51,3,25.641,small_hydroelectric
64,3,0.0,small_hydroelectric
81,3,241.672,small_hydroelectric
95,3,0.0,small_hydroelectric
106,3,31.614,small_hydroelectric
125,3,100.697,small_hydroelectric
137,3,36.822,small_hydroelectric
145,3,33.21,small_hydroelectric
12,3,0.0,solar_photovoltaic
25,3,0.0,solar_photovoltaic
33,3,0.0,solar_photovoltaic
52,3,0.0,solar_photovoltaic
65,3,0.0,solar_photovoltaic
82,3,0.0,solar_photovoltaic
96,3,0.0,solar_photovoltaic
107,3,0.0,solar_photovoltaic
126,3,0.0,solar_photovoltaic
138,3,0.0,solar_photovoltaic
26,4,0.0,biomass
13,4,0.0,biomass
108,4,0.0,biomass
40,4,0.0,biomass
97,4,0.0,biomass
1,4,0.0,biomass
66,4,0.0,biomass
2,4,269.643855433471,conventional_hydroelectric
14,4,147.42461360000001,conventional_hydroelectric
27,4,666.4587515999968,conventional_hydroelectric
35,4,1581.9899744,conventional_hydroelectric
54,4,346.3284131999787,conventional_hydroelectric
67,4,2961.112305783177,conventional_hydroelectric
84,4,4822.794348000003,conventional_hydroelectric
109,4,231.7692000000028,conventional_hydroelectric
128,4,69.64584,conventional_hydroelectric
139,4,114.02588159999965,conventional_hydroelectric
110,4,0.0,conventional_steam_coal
41,4,0.0,conventional_steam_coal
3,4,0.0,conventional_steam_coal
36,4,0.0,conventional_steam_coal
85,4,0.0,conventional_steam_coal
28,4,74.364,geothermal
116,4,0.0,natural_gas_fired_combined_cycle
73,4,0.0,natural_gas_fired_combined_cycle
71,4,0.0,natural_gas_fired_combined_cycle
44,4,0.0,natural_gas_fired_combined_cycle
115,4,0.0,natural_gas_fired_combined_cycle
70,4,0.0,natural_gas_fired_combined_cycle
131,4,0.0,natural_gas_fired_combined_cycle
18,4,0.0,natural_gas_fired_combined_cycle
72,4,0.0,natural_gas_fired_combined_cycle
114,4,0.0,natural_gas_fired_combined_cycle
45,4,0.0,natural_gas_fired_combined_cycle
78,4,0.0,natural_gas_fired_combustion_turbine
75,4,0.0,natural_gas_fired_combustion_turbine
119,4,0.0,natural_gas_fired_combustion_turbine
117,4,0.0,natural_gas_fired_combustion_turbine
134,4,0.0,natural_gas_fired_combustion_turbine
103,4,0.0,natural_gas_fired_combustion_turbine
47,4,0.0,natural_gas_fired_combustion_turbine
8,4,0.0,natural_gas_fired_combustion_turbine
90,4,0.0,natural_gas_fired_combustion_turbine
60,4,0.0,natural_gas_fired_combustion_turbine
46,4,0.0,natural_gas_fired_combustion_turbine
37,4,0.0,natural_gas_fired_combustion_turbine
7,4,0.0,natural_gas_fired_combustion_turbine
133,4,0.0,natural_gas_fired_combustion_turbine
74,4,0.0,natural_gas_fired_combustion_turbine
20,4,0.0,natural_gas_fired_combustion_turbine
135,4,0.0,natural_gas_fired_combustion_turbine
142,4,0.0,natural_gas_fired_combustion_turbine
121,4,0.0,natural_gas_fired_combustion_turbine
91,4,0.0,natural_gas_fired_combustion_turbine
22,4,0.0,natural_gas_steam_turbine
123,4,0.0,natural_gas_steam_turbine
62,4,0.0,natural_gas_steam_turbine
49,4,0.0,natural_gas_steam_turbine
48,4,0.0,natural_gas_steam_turbine
21,4,0.0,natural_gas_steam_turbine
79,4,0.0,nuclear
10,4,0.0,onshore_wind_turbine
23,4,5763.4962000000005,onshore_wind_turbine
31,4,5450.2119,onshore_wind_turbine
38,4,0.0,onshore_wind_turbine
50,4,2045.9291999999998,onshore_wind_turbine
63,4,31.750879955200002,onshore_wind_turbine
80,4,0.0,onshore_wind_turbine
94,4,14258.8306,onshore_wind_turbine
105,4,0.0,onshore_wind_turbine
124,4,23119.246440521005,onshore_wind_turbine
136,4,1033.835535907171,onshore_wind_turbine
144,4,5127.97509,onshore_wind_turbine
11,4,19.125,small_hydroelectric
24,4,0.0,small_hydroelectric
32,4,192.0,small_hydroelectric
39,4,0.0,small_hydroelectric
51,4,0.0,small_hydroelectric
64,4,0.0,small_hydroelectric
81,4,241.672,small_hydroelectric
95,4,0.0,small_hydroelectric
106,4,0.0,small_hydroelectric
125,4,0.0,small_hydroelectric
137,4,0.0,small_hydroelectric
145,4,0.0,small_hydroelectric
12,4,0.0,solar_photovoltaic
25,4,0.0,solar_photovoltaic
33,4,0.0,solar_photovoltaic
52,4,0.0,solar_photovoltaic
65,4,0.0,solar_photovoltaic
82,4,0.0,solar_photovoltaic
96,4,0.0,solar_photovoltaic
107,4,0.0,solar_photovoltaic
126,4,0.0,solar_photovoltaic
138,4,0.0,solar_photovoltaic
26,5,0.0,biomass
13,5,0.0,biomass
108,5,0.0,biomass
40,5,0.0,biomass
97,5,0.0,biomass
1,5,0.0,biomass
66,5,0.0,biomass
2,5,498.93201943347117,conventional_hydroelectric
14,5,147.3305328,conventional_hydroelectric
27,5,783.5793875999959,conventional_hydroelectric
35,5,1374.687846400001,conventional_hydroelectric
54,5,260.0581301999781,conventional_hydroelectric
67,5,2960.745062991768,conventional_hydroelectric
84,5,2411.3971739999974,conventional_hydroelectric
109,5,347.6538000000025,conventional_hydroelectric
128,5,57.09197999999999,conventional_hydroelectric
139,5,94.69551359999947,conventional_hydroelectric
110,5,0.0,conventional_steam_coal
41,5,0.0,conventional_steam_coal
3,5,0.0,conventional_steam_coal
36,5,0.0,conventional_steam_coal
85,5,0.0,conventional_steam_coal
28,5,74.364,geothermal
116,5,0.0,natural_gas_fired_combined_cycle
73,5,0.0,natural_gas_fired_combined_cycle
71,5,0.0,natural_gas_fired_combined_cycle
44,5,0.0,natural_gas_fired_combined_cycle
115,5,0.0,natural_gas_fired_combined_cycle
70,5,0.0,natural_gas_fired_combined_cycle
131,5,0.0,natural_gas_fired_combined_cycle
18,5,0.0,natural_gas_fired_combined_cycle
72,5,0.0,natural_gas_fired_combined_cycle
114,5,0.0,natural_gas_fired_combined_cycle
45,5,0.0,natural_gas_fired_combined_cycle
78,5,0.0,natural_gas_fired_combustion_turbine
75,5,0.0,natural_gas_fired_combustion_turbine
119,5,0.0,natural_gas_fired_combustion_turbine
117,5,0.0,natural_gas_fired_combustion_turbine
134,5,0.0,natural_gas_fired_combustion_turbine
103,5,0.0,natural_gas_fired_combustion_turbine
47,5,0.0,natural_gas_fired_combustion_turbine
8,5,0.0,natural_gas_fired_combustion_turbine
90,5,0.0,natural_gas_fired_combustion_turbine
60,5,0.0,natural_gas_fired_combustion_turbine
46,5,0.0,natural_gas_fired_combustion_turbine
37,5,0.0,natural_gas_fired_combustion_turbine
7,5,0.0,natural_gas_fired_combustion_turbine
133,5,0.0,natural_gas_fired_combustion_turbine
74,5,0.0,natural_gas_fired_combustion_turbine
20,5,0.0,natural_gas_fired_combustion_turbine
135,5,0.0,natural_gas_fired_combustion_turbine
142,5,0.0,natural_gas_fired_combustion_turbine
121,5,0.0,natural_gas_fired_combustion_turbine
91,5,0.0,natural_gas_fired_combustion_turbine
22,5,0.0,natural_gas_steam_turbine
123,5,0.0,natural_gas_steam_turbine
62,5,0.0,natural_gas_steam_turbine
49,5,0.0,natural_gas_steam_turbine
48,5,0.0,natural_gas_steam_turbine
21,5,0.0,natural_gas_steam_turbine
79,5,0.0,nuclear
10,5,11.527040000000001,onshore_wind_turbine
23,5,3754.751,onshore_wind_turbine
31,5,5666.32052,onshore_wind_turbine
38,5,877.0692,onshore_wind_turbine
50,5,1961.92416,onshore_wind_turbine
63,5,58.8061599888,onshore_wind_turbine
80,5,2568.6404799999996,onshore_wind_turbine
94,5,12971.6006,onshore_wind_turbine
105,5,2262.146040525,onshore_wind_turbine
124,5,23423.825732461002,onshore_wind_turbine
136,5,1701.7215600000002,onshore_wind_turbine
144,5,5054.440229999999,onshore_wind_turbine
11,5,0.0,small_hydroelectric
24,5,62.577,small_hydroelectric
32,5,0.0,small_hydroelectric
39,5,52.9,small_hydroelectric
51,5,0.0,small_hydroelectric
64,5,6.128,small_hydroelectric
81,5,241.672,small_hydroelectric
95,5,418.922,small_hydroelectric
106,5,31.614,small_hydroelectric
125,5,100.697,small_hydroelectric
137,5,36.822,small_hydroelectric
145,5,33.21,small_hydroelectric
12,5,0.0,solar_photovoltaic
25,5,684.5451199999999,solar_photovoltaic
33,5,0.0,solar_photovoltaic
52,5,196.9863,solar_photovoltaic
65,5,0.0,solar_photovoltaic
82,5,0.0,solar_photovoltaic
96,5,0.0,solar_photovoltaic
107,5,0.0,solar_photovoltaic
126,5,0.0,solar_photovoltaic
138,5,0.0,solar_photovoltaic
26,6,0.0,biomass
13,6,0.0,biomass
108,6,0.0,biomass
40,6,0.0,biomass
97,6,0.0,biomass
1,6,0.0,biomass
66,6,0.0,biomass
2,6,728.2201834334713,conventional_hydroelectric
14,6,108.28700079999999,conventional_hydroelectric
27,6,666.458751599994,conventional_hydroelectric
35,6,1167.385718400002,conventional_hydroelectric
54,6,173.7878471999776,conventional_hydroelectric
67,6,2959.70288691285,conventional_hydroelectric
84,6,0.0,conventional_hydroelectric
109,6,231.7692000000014,conventional_hydroelectric
128,6,69.69138000000001,conventional_hydroelectric
139,6,75.3651455999993,conventional_hydroelectric
110,6,0.0,conventional_steam_coal
41,6,0.0,conventional_steam_coal
3,6,0.0,conventional_steam_coal
36,6,0.0,conventional_steam_coal
85,6,0.0,conventional_steam_coal
28,6,74.364,geothermal
116,6,0.0,natural_gas_fired_combined_cycle
73,6,0.0,natural_gas_fired_combined_cycle
71,6,0.0,natural_gas_fired_combined_cycle
44,6,0.0,natural_gas_fired_combined_cycle
115,6,0.0,natural_gas_fired_combined_cycle
70,6,0.0,natural_gas_fired_combined_cycle
131,6,0.0,natural_gas_fired_combined_cycle
18,6,0.0,natural_gas_fired_combined_cycle
72,6,0.0,natural_gas_fired_combined_cycle
114,6,0.0,natural_gas_fired_combined_cycle
45,6,0.0,natural_gas_fired_combined_cycle
78,6,0.0,natural_gas_fired_combustion_turbine
75,6,0.0,natural_gas_fired_combustion_turbine
119,6,0.0,natural_gas_fired_combustion_turbine
117,6,0.0,natural_gas_fired_combustion_turbine
134,6,0.0,natural_gas_fired_combustion_turbine
103,6,0.0,natural_gas_fired_combustion_turbine
47,6,0.0,natural_gas_fired_combustion_turbine
8,6,0.0,natural_gas_fired_combustion_turbine
90,6,0.0,natural_gas_fired_combustion_turbine
60,6,0.0,natural_gas_fired_combustion_turbine
46,6,0.0,natural_gas_fired_combustion_turbine
37,6,0.0,natural_gas_fired_combustion_turbine
7,6,0.0,natural_gas_fired_combustion_turbine
133,6,0.0,natural_gas_fired_combustion_turbine
74,6,0.0,natural_gas_fired_combustion_turbine
20,6,0.0,natural_gas_fired_combustion_turbine
135,6,0.0,natural_gas_fired_combustion_turbine
142,6,0.0,natural_gas_fired_combustion_turbine
121,6,0.0,natural_gas_fired_combustion_turbine
91,6,0.0,natural_gas_fired_combustion_turbine
22,6,0.0,natural_gas_steam_turbine
123,6,0.0,natural_gas_steam_turbine
62,6,0.0,natural_gas_steam_turbine
49,6,0.0,natural_gas_steam_turbine
48,6,0.0,natural_gas_steam_turbine
21,6,0.0,natural_gas_steam_turbine
79,6,0.0,nuclear
10,6,0.0,onshore_wind_turbine
23,6,3523.6893999999998,onshore_wind_turbine
31,6,0.0,onshore_wind_turbine
38,6,875.9331,onshore_wind_turbine
50,6,0.0,onshore_wind_turbine
63,6,128.7980400672,onshore_wind_turbine
80,6,0.0,onshore_wind_turbine
94,6,10497.035124865226,onshore_wind_turbine
105,6,2239.464358593,onshore_wind_turbine
124,6,22698.685180787004,onshore_wind_turbine
136,6,1902.29445,onshore_wind_turbine
144,6,3579.41745,onshore_wind_turbine
11,6,19.125,small_hydroelectric
24,6,0.0,small_hydroelectric
32,6,192.0,small_hydroelectric
39,6,0.0,small_hydroelectric
51,6,25.641,small_hydroelectric
64,6,0.0,small_hydroelectric
81,6,0.0,small_hydroelectric
95,6,0.0,small_hydroelectric
106,6,0.0,small_hydroelectric
125,6,0.0,small_hydroelectric
137,6,0.0,small_hydroelectric
145,6,0.0,small_hydroelectric
12,6,3062.21328,solar_photovoltaic
25,6,0.0,solar_photovoltaic
33,6,498.5736,solar_photovoltaic
52,6,2361.76206,solar_photovoltaic
65,6,5009.8092127188,solar_photovoltaic
82,6,0.0,solar_photovoltaic
96,6,232.73712,solar_photovoltaic
107,6,3952.9765798844996,solar_photovoltaic
126,6,7208.147399138001,solar_photovoltaic
138,6,1483.52589,solar_photovoltaic
26,7,0.0,biomass
13,7,0.0,biomass
108,7,0.0,biomass
40,7,0.0,biomass
97,7,0.0,biomass
1,7,0.0,biomass
66,7,0.0,biomass
2,7,498.93201943347117,conventional_hydroelectric
14,7,147.3305328,conventional_hydroelectric
27,7,549.3381155999938,conventional_hydroelectric
35,7,960.0835903999981,conventional_hydroelectric
54,7,87.51756419997832,conventional_hydroelectric
67,7,2957.198817277098,conventional_hydroelectric
84,7,2411.3971739999924,conventional_hydroelectric
109,7,115.8846000000006,conventional_hydroelectric
128,7,57.09197999999998,conventional_hydroelectric
139,7,56.034777599999245,conventional_hydroelectric
110,7,0.0,conventional_steam_coal
41,7,0.0,conventional_steam_coal
3,7,0.0,conventional_steam_coal
36,7,0.0,conventional_steam_coal
85,7,0.0,conventional_steam_coal
28,7,74.364,geothermal
116,7,0.0,natural_gas_fired_combined_cycle
73,7,0.0,natural_gas_fired_combined_cycle
71,7,0.0,natural_gas_fired_combined_cycle
44,7,0.0,natural_gas_fired_combined_cycle
115,7,0.0,natural_gas_fired_combined_cycle
70,7,0.0,natural_gas_fired_combined_cycle
131,7,0.0,natural_gas_fired_combined_cycle
18,7,0.0,natural_gas_fired_combined_cycle
72,7,0.0,natural_gas_fired_combined_cycle
114,7,0.0,natural_gas_fired_combined_cycle
45,7,0.0,natural_gas_fired_combined_cycle
78,7,0.0,natural_gas_fired_combustion_turbine
75,7,0.0,natural_gas_fired_combustion_turbine
119,7,0.0,natural_gas_fired_combustion_turbine
117,7,0.0,natural_gas_fired_combustion_turbine
134,7,0.0,natural_gas_fired_combustion_turbine
103,7,0.0,natural_gas_fired_combustion_turbine
47,7,0.0,natural_gas_fired_combustion_turbine
8,7,0.0,natural_gas_fired_combustion_turbine
90,7,0.0,natural_gas_fired_combustion_turbine
60,7,0.0,natural_gas_fired_combustion_turbine
46,7,0.0,natural_gas_fired_combustion_turbine
37,7,0.0,natural_gas_fired_combustion_turbine
7,7,0.0,natural_gas_fired_combustion_turbine
133,7,0.0,natural_gas_fired_combustion_turbine
74,7,0.0,natural_gas_fired_combustion_turbine
20,7,0.0,natural_gas_fired_combustion_turbine
135,7,0.0,natural_gas_fired_combustion_turbine
142,7,0.0,natural_gas_fired_combustion_turbine
121,7,0.0,natural_gas_fired_combustion_turbine
91,7,0.0,natural_gas_fired_combustion_turbine
22,7,0.0,natural_gas_steam_turbine
123,7,0.0,natural_gas_steam_turbine
62,7,0.0,natural_gas_steam_turbine
49,7,0.0,natural_gas_steam_turbine
48,7,0.0,natural_gas_steam_turbine
21,7,0.0,natural_gas_steam_turbine
79,7,0.0,nuclear
10,7,0.0,onshore_wind_turbine
23,7,0.0,onshore_wind_turbine
31,7,5656.82124,onshore_wind_turbine
38,7,0.0,onshore_wind_turbine
50,7,0.0,onshore_wind_turbine
63,7,88.16835997199999,onshore_wind_turbine
80,7,0.0,onshore_wind_turbine
94,7,6167.6705999999995,onshore_wind_turbine
105,7,2059.550498964,onshore_wind_turbine
124,7,19749.129875167004,onshore_wind_turbine
136,7,0.0,onshore_wind_turbine
144,7,0.0,onshore_wind_turbine
11,7,0.0,small_hydroelectric
24,7,0.0,small_hydroelectric
32,7,192.0,small_hydroelectric
39,7,52.9,small_hydroelectric
51,7,0.0,small_hydroelectric
64,7,6.128,small_hydroelectric
81,7,0.0,small_hydroelectric
95,7,0.0,small_hydroelectric
106,7,31.614,small_hydroelectric
125,7,100.697,small_hydroelectric
137,7,36.822,small_hydroelectric
145,7,0.0,small_hydroelectric
12,7,4491.646826098464,solar_photovoltaic
25,7,0.0,solar_photovoltaic
33,7,0.0,solar_photovoltaic
52,7,3678.45996,solar_photovoltaic
65,7,0.0,solar_photovoltaic
82,7,6783.522690000001,solar_photovoltaic
96,7,506.17384999999996,solar_photovoltaic
107,7,7779.056466247499,solar_photovoltaic
126,7,15903.9424522405,solar_photovoltaic
138,7,0.0,solar_photovoltaic
26,8,0.0,biomass
13,8,0.0,biomass
108,8,0.0,biomass
40,8,0.0,biomass
97,8,0.0,biomass
1,8,0.0,biomass
66,8,0.0,biomass
2,8,728.2201834334713,conventional_hydroelectric
14,8,108.28700079999999,conventional_hydroelectric
27,8,432.21747959999357,conventional_hydroelectric
35,8,760.0245487999932,conventional_hydroelectric
54,8,173.78784719998055,conventional_hydroelectric
67,8,2353.456236277103,conventional_hydroelectric
84,8,2411.397174000025,conventional_hydroelectric
109,8,0.0,conventional_hydroelectric
128,8,44.49257999999996,conventional_hydroelectric
139,8,75.36514559999927,conventional_hydroelectric
110,8,0.0,conventional_steam_coal
41,8,0.0,conventional_steam_coal
3,8,0.0,conventional_steam_coal
36,8,0.0,conventional_steam_coal
85,8,0.0,conventional_steam_coal
28,8,0.0,geothermal
116,8,0.0,natural_gas_fired_combined_cycle
73,8,0.0,natural_gas_fired_combined_cycle
71,8,0.0,natural_gas_fired_combined_cycle
44,8,0.0,natural_gas_fired_combined_cycle
115,8,0.0,natural_gas_fired_combined_cycle
70,8,0.0,natural_gas_fired_combined_cycle
131,8,0.0,natural_gas_fired_combined_cycle
18,8,0.0,natural_gas_fired_combined_cycle
72,8,0.0,natural_gas_fired_combined_cycle
114,8,0.0,natural_gas_fired_combined_cycle
45,8,0.0,natural_gas_fired_combined_cycle
78,8,0.0,natural_gas_fired_combustion_turbine
75,8,0.0,natural_gas_fired_combustion_turbine
119,8,0.0,natural_gas_fired_combustion_turbine
117,8,0.0,natural_gas_fired_combustion_turbine
134,8,0.0,natural_gas_fired_combustion_turbine
103,8,0.0,natural_gas_fired_combustion_turbine
47,8,0.0,natural_gas_fired_combustion_turbine
8,8,0.0,natural_gas_fired_combustion_turbine
90,8,0.0,natural_gas_fired_combustion_turbine
60,8,0.0,natural_gas_fired_combustion_turbine
46,8,0.0,natural_gas_fired_combustion_turbine
37,8,0.0,natural_gas_fired_combustion_turbine
7,8,0.0,natural_gas_fired_combustion_turbine
133,8,0.0,natural_gas_fired_combustion_turbine
74,8,0.0,natural_gas_fired_combustion_turbine
20,8,0.0,natural_gas_fired_combustion_turbine
135,8,0.0,natural_gas_fired_combustion_turbine
142,8,0.0,natural_gas_fired_combustion_turbine
121,8,0.0,natural_gas_fired_combustion_turbine
91,8,0.0,natural_gas_fired_combustion_turbine
22,8,0.0,natural_gas_steam_turbine
123,8,0.0,natural_gas_steam_turbine
62,8,0.0,natural_gas_steam_turbine
49,8,0.0,natural_gas_steam_turbine
48,8,0.0,natural_gas_steam_turbine
21,8,0.0,natural_gas_steam_turbine
79,8,0.0,nuclear
10,8,0.0,onshore_wind_turbine
23,8,1854.083,onshore_wind_turbine
31,8,0.0,onshore_wind_turbine
38,8,1082.13525,onshore_wind_turbine
50,8,296.72747999999996,onshore_wind_turbine
63,8,23.3816796136,onshore_wind_turbine
80,8,936.7545599999999,onshore_wind_turbine
94,8,2534.0042000000003,onshore_wind_turbine
105,8,678.02770098,onshore_wind_turbine
124,8,12597.807815269603,onshore_wind_turbine
136,8,492.8876400000001,onshore_wind_turbine
144,8,2238.4876499999996,onshore_wind_turbine
11,8,0.0,small_hydroelectric
24,8,62.577,small_hydroelectric
32,8,0.0,small_hydroelectric
39,8,52.9,small_hydroelectric
51,8,25.641,small_hydroelectric
64,8,0.0,small_hydroelectric
81,8,241.672,small_hydroelectric
95,8,0.0,small_hydroelectric
106,8,31.614,small_hydroelectric
125,8,0.0,small_hydroelectric
137,8,36.822,small_hydroelectric
145,8,0.0,small_hydroelectric
12,8,7529.82426,solar_photovoltaic
25,8,2679.8895199999993,solar_photovoltaic
33,8,1147.31785,solar_photovoltaic
52,8,4646.80314,solar_photovoltaic
65,8,12411.924059340401,solar_photovoltaic
82,8,10322.58227,solar_photovoltaic
96,8,643.1126099999999,solar_photovoltaic
107,8,10328.238267076338,solar_photovoltaic
126,8,23336.2229020095,solar_photovoltaic
138,8,2981.6632999999997,solar_photovoltaic
26,9,0.0,biomass
13,9,0.0,biomass
108,9,0.0,biomass
40,9,0.0,biomass
97,9,0.0,biomass
1,9,0.0,biomass
66,9,0.0,biomass
2,9,611.8955219999989,conventional_hydroelectric
14,9,69.24346879999999,conventional_hydroelectric
27,9,315.09684359999335,conventional_hydroelectric
35,9,967.3266767999937,conventional_hydroelectric
54,9,260.05813019998277,conventional_hydroelectric
67,9,2957.198817277107,conventional_hydroelectric
84,9,0.0,conventional_hydroelectric
109,9,115.8846000000006,conventional_hydroelectric
128,9,44.644379999999956,conventional_hydroelectric
139,9,94.69551359999903,conventional_hydroelectric
110,9,0.0,conventional_steam_coal
41,9,0.0,conventional_steam_coal
3,9,0.0,conventional_steam_coal
36,9,0.0,conventional_steam_coal
85,9,0.0,conventional_steam_coal
28,9,74.364,geothermal
116,9,0.0,natural_gas_fired_combined_cycle
73,9,0.0,natural_gas_fired_combined_cycle
71,9,0.0,natural_gas_fired_combined_cycle
44,9,0.0,natural_gas_fired_combined_cycle
115,9,0.0,natural_gas_fired_combined_cycle
70,9,0.0,natural_gas_fired_combined_cycle
131,9,0.0,natural_gas_fired_combined_cycle
18,9,0.0,natural_gas_fired_combined_cycle
72,9,0.0,natural_gas_fired_combined_cycle
114,9,0.0,natural_gas_fired_combined_cycle
45,9,0.0,natural_gas_fired_combined_cycle
78,9,0.0,natural_gas_fired_combustion_turbine
75,9,0.0,natural_gas_fired_combustion_turbine
119,9,0.0,natural_gas_fired_combustion_turbine
117,9,0.0,natural_gas_fired_combustion_turbine
134,9,0.0,natural_gas_fired_combustion_turbine
103,9,0.0,natural_gas_fired_combustion_turbine
47,9,0.0,natural_gas_fired_combustion_turbine
8,9,0.0,natural_gas_fired_combustion_turbine
90,9,0.0,natural_gas_fired_combustion_turbine
60,9,0.0,natural_gas_fired_combustion_turbine
46,9,0.0,natural_gas_fired_combustion_turbine
37,9,0.0,natural_gas_fired_combustion_turbine
7,9,0.0,natural_gas_fired_combustion_turbine
133,9,0.0,natural_gas_fired_combustion_turbine
74,9,0.0,natural_gas_fired_combustion_turbine
20,9,0.0,natural_gas_fired_combustion_turbine
135,9,0.0,natural_gas_fired_combustion_turbine
142,9,0.0,natural_gas_fired_combustion_turbine
121,9,0.0,natural_gas_fired_combustion_turbine
91,9,0.0,natural_gas_fired_combustion_turbine
22,9,0.0,natural_gas_steam_turbine
123,9,0.0,natural_gas_steam_turbine
62,9,0.0,natural_gas_steam_turbine
49,9,0.0,natural_gas_steam_turbine
48,9,0.0,natural_gas_steam_turbine
21,9,0.0,natural_gas_steam_turbine
79,9,0.0,nuclear
10,9,0.0,onshore_wind_turbine
23,9,1030.4602,onshore_wind_turbine
31,9,2448.43942,onshore_wind_turbine
38,9,977.0459999999999,onshore_wind_turbine
50,9,280.46844,onshore_wind_turbine
63,9,0.0,onshore_wind_turbine
80,9,0.0,onshore_wind_turbine
94,9,2909.1398,onshore_wind_turbine
105,9,18.887679258000002,onshore_wind_turbine
124,9,4313.170045461201,onshore_wind_turbine
136,9,117.82533000000002,onshore_wind_turbine
144,9,2322.8364599999995,onshore_wind_turbine
11,9,19.125,small_hydroelectric
24,9,62.577,small_hydroelectric
32,9,192.0,small_hydroelectric
39,9,0.0,small_hydroelectric
51,9,25.641,small_hydroelectric
64,9,6.128,small_hydroelectric
81,9,241.672,small_hydroelectric
95,9,0.0,small_hydroelectric
106,9,0.0,small_hydroelectric
125,9,100.697,small_hydroelectric
137,9,36.822,small_hydroelectric
145,9,33.21,small_hydroelectric
12,9,8932.39704,solar_photovoltaic
25,9,2816.27542,solar_photovoltaic
33,9,0.0,solar_photovoltaic
52,9,0.0,solar_photovoltaic
65,9,15017.7002456362,solar_photovoltaic
82,9,0.0,solar_photovoltaic
96,9,800.62157,solar_photovoltaic
107,9,13901.757456481999,solar_photovoltaic
126,9,24331.921210885543,solar_photovoltaic
138,9,3178.4622099999997,solar_photovoltaic
26,10,0.0,biomass
13,10,0.0,biomass
108,10,0.0,biomass
40,10,0.0,biomass
97,10,0.0,biomass
1,10,0.0,biomass
66,10,0.0,biomass
2,10,841.183686,conventional_hydroelectric
14,10,68.96122639999999,conventional_hydroelectric
27,10,432.2174795999938,conventional_hydroelectric
35,10,1173.1302351999987,conventional_hydroelectric
54,10,173.7878471999835,conventional_hydroelectric
67,10,2353.4562362771085,conventional_hydroelectric
84,10,0.0,conventional_hydroelectric
109,10,115.88460000000131,conventional_hydroelectric
128,10,32.04497999999994,conventional_hydroelectric
139,10,114.02588159999905,conventional_hydroelectric
110,10,0.0,conventional_steam_coal
41,10,0.0,conventional_steam_coal
3,10,0.0,conventional_steam_coal
36,10,0.0,conventional_steam_coal
85,10,0.0,conventional_steam_coal
28,10,74.364,geothermal
116,10,0.0,natural_gas_fired_combined_cycle
73,10,0.0,natural_gas_fired_combined_cycle
71,10,0.0,natural_gas_fired_combined_cycle
44,10,0.0,natural_gas_fired_combined_cycle
115,10,0.0,natural_gas_fired_combined_cycle
70,10,0.0,natural_gas_fired_combined_cycle
131,10,0.0,natural_gas_fired_combined_cycle
18,10,0.0,natural_gas_fired_combined_cycle
72,10,0.0,natural_gas_fired_combined_cycle
114,10,0.0,natural_gas_fired_combined_cycle
45,10,0.0,natural_gas_fired_combined_cycle
78,10,0.0,natural_gas_fired_combustion_turbine
75,10,0.0,natural_gas_fired_combustion_turbine
119,10,0.0,natural_gas_fired_combustion_turbine
117,10,0.0,natural_gas_fired_combustion_turbine
134,10,0.0,natural_gas_fired_combustion_turbine
103,10,0.0,natural_gas_fired_combustion_turbine
47,10,0.0,natural_gas_fired_combustion_turbine
8,10,0.0,natural_gas_fired_combustion_turbine
90,10,0.0,natural_gas_fired_combustion_turbine
60,10,0.0,natural_gas_fired_combustion_turbine
46,10,0.0,natural_gas_fired_combustion_turbine
37,10,0.0,natural_gas_fired_combustion_turbine
7,10,0.0,natural_gas_fired_combustion_turbine
133,10,0.0,natural_gas_fired_combustion_turbine
74,10,0.0,natural_gas_fired_combustion_turbine
20,10,0.0,natural_gas_fired_combustion_turbine
135,10,0.0,natural_gas_fired_combustion_turbine
142,10,0.0,natural_gas_fired_combustion_turbine
121,10,0.0,natural_gas_fired_combustion_turbine
91,10,0.0,natural_gas_fired_combustion_turbine
22,10,0.0,natural_gas_steam_turbine
123,10,0.0,natural_gas_steam_turbine
62,10,0.0,natural_gas_steam_turbine
49,10,0.0,natural_gas_steam_turbine
48,10,0.0,natural_gas_steam_turbine
21,10,0.0,natural_gas_steam_turbine
79,10,0.0,nuclear
10,10,6.483960000000001,onshore_wind_turbine
23,10,1039.7772,onshore_wind_turbine
31,10,2581.42934,onshore_wind_turbine
38,10,0.0,onshore_wind_turbine
50,10,339.40745999999996,onshore_wind_turbine
63,10,5.8800001288,onshore_wind_turbine
80,10,0.0,onshore_wind_turbine
94,10,5814.6017999999995,onshore_wind_turbine
105,10,152.135479104,onshore_wind_turbine
124,10,2003.6652435030003,onshore_wind_turbine
136,10,0.0,onshore_wind_turbine
144,10,2461.2550199999996,onshore_wind_turbine
11,10,19.125,small_hydroelectric
24,10,0.0,small_hydroelectric
32,10,0.0,small_hydroelectric
39,10,52.9,small_hydroelectric
51,10,0.0,small_hydroelectric
64,10,0.0,small_hydroelectric
81,10,0.0,small_hydroelectric
95,10,0.0,small_hydroelectric
106,10,31.614,small_hydroelectric
125,10,0.0,small_hydroelectric
137,10,0.0,small_hydroelectric
145,10,33.21,small_hydroelectric
12,10,5395.966906851936,solar_photovoltaic
25,10,2873.81906,solar_photovoltaic
33,10,1302.4179,solar_photovoltaic
52,10,0.0,solar_photovoltaic
65,10,16554.8432795872,solar_photovoltaic
82,10,0.0,solar_photovoltaic
96,10,913.3168800000001,solar_photovoltaic
107,10,15016.020948232499,solar_photovoltaic
126,10,30699.1970503155,solar_photovoltaic
138,10,0.0,solar_photovoltaic
26,11,0.0,biomass
13,11,0.0,biomass
108,11,0.0,biomass
40,11,0.0,biomass
97,11,0.0,biomass
1,11,0.0,biomass
66,11,0.0,biomass
2,11,611.8955219999987,conventional_hydroelectric
14,11,108.00475839999999,conventional_hydroelectric
27,11,432.6408072000016,conventional_hydroelectric
35,11,1380.4323631999991,conventional_hydroelectric
54,11,260.0581301999869,conventional_hydroelectric
67,11,1749.7136552771108,conventional_hydroelectric
84,11,0.0,conventional_hydroelectric
109,11,0.0,conventional_hydroelectric
128,11,44.644379999999956,conventional_hydroelectric
139,11,114.5149631999999,conventional_hydroelectric
110,11,0.0,conventional_steam_coal
41,11,0.0,conventional_steam_coal
3,11,0.0,conventional_steam_coal
36,11,0.0,conventional_steam_coal
85,11,0.0,conventional_steam_coal
28,11,0.0,geothermal
116,11,0.0,natural_gas_fired_combined_cycle
73,11,0.0,natural_gas_fired_combined_cycle
71,11,0.0,natural_gas_fired_combined_cycle
44,11,0.0,natural_gas_fired_combined_cycle
115,11,0.0,natural_gas_fired_combined_cycle
70,11,0.0,natural_gas_fired_combined_cycle
131,11,0.0,natural_gas_fired_combined_cycle
18,11,0.0,natural_gas_fired_combined_cycle
72,11,0.0,natural_gas_fired_combined_cycle
114,11,0.0,natural_gas_fired_combined_cycle
45,11,0.0,natural_gas_fired_combined_cycle
78,11,0.0,natural_gas_fired_combustion_turbine
75,11,0.0,natural_gas_fired_combustion_turbine
119,11,0.0,natural_gas_fired_combustion_turbine
117,11,0.0,natural_gas_fired_combustion_turbine
134,11,0.0,natural_gas_fired_combustion_turbine
103,11,0.0,natural_gas_fired_combustion_turbine
47,11,0.0,natural_gas_fired_combustion_turbine
8,11,0.0,natural_gas_fired_combustion_turbine
90,11,0.0,natural_gas_fired_combustion_turbine
60,11,0.0,natural_gas_fired_combustion_turbine
46,11,0.0,natural_gas_fired_combustion_turbine
37,11,0.0,natural_gas_fired_combustion_turbine
7,11,0.0,natural_gas_fired_combustion_turbine
133,11,0.0,natural_gas_fired_combustion_turbine
74,11,0.0,natural_gas_fired_combustion_turbine
20,11,0.0,natural_gas_fired_combustion_turbine
135,11,0.0,natural_gas_fired_combustion_turbine
142,11,0.0,natural_gas_fired_combustion_turbine
121,11,0.0,natural_gas_fired_combustion_turbine
91,11,0.0,natural_gas_fired_combustion_turbine
22,11,0.0,natural_gas_steam_turbine
123,11,0.0,natural_gas_steam_turbine
62,11,0.0,natural_gas_steam_turbine
49,11,0.0,natural_gas_steam_turbine
48,11,0.0,natural_gas_steam_turbine
21,11,0.0,natural_gas_steam_turbine
79,11,0.0,nuclear
10,11,50.250690000000006,onshore_wind_turbine
23,11,0.0,onshore_wind_turbine
31,11,1904.60564,onshore_wind_turbine
38,11,0.0,onshore_wind_turbine
50,11,518.2569,onshore_wind_turbine
63,11,29.0091200784,onshore_wind_turbine
80,11,242.46371347029014,onshore_wind_turbine
94,11,0.0,onshore_wind_turbine
105,11,1064.441558733,onshore_wind_turbine
124,11,0.0,onshore_wind_turbine
136,11,447.91614000000004,onshore_wind_turbine
144,11,0.0,onshore_wind_turbine
11,11,0.0,small_hydroelectric
24,11,0.0,small_hydroelectric
32,11,0.0,small_hydroelectric
39,11,0.0,small_hydroelectric
51,11,25.641,small_hydroelectric
64,11,6.128,small_hydroelectric
81,11,241.672,small_hydroelectric
95,11,418.922,small_hydroelectric
106,11,31.614,small_hydroelectric
125,11,100.697,small_hydroelectric
137,11,0.0,small_hydroelectric
145,11,0.0,small_hydroelectric
12,11,0.0,solar_photovoltaic
25,11,0.0,solar_photovoltaic
33,11,0.0,solar_photovoltaic
52,11,5187.305899999999,solar_photovoltaic
65,11,17614.6005576947,solar_photovoltaic
82,11,14048.93497,solar_photovoltaic
96,11,960.3344799999999,solar_photovoltaic
107,11,15787.0339298385,solar_photovoltaic
126,11,31695.776400708,solar_photovoltaic
138,11,0.0,solar_photovoltaic
26,12,0.0,biomass
13,12,0.0,biomass
108,12,0.0,biomass
40,12,0.0,biomass
97,12,0.0,biomass
1,12,0.0,biomass
66,12,0.0,biomass
2,12,382.6073579999966,conventional_hydroelectric
14,12,68.96122639999999,conventional_hydroelectric
27,12,549.761443200002,conventional_hydroelectric
35,12,1174.628804799997,conventional_hydroelectric
54,12,173.7878471999867,conventional_hydroelectric
67,12,1145.9710742771124,conventional_hydroelectric
84,12,0.0,conventional_hydroelectric
109,12,115.88460000000075,conventional_hydroelectric
128,12,57.24377999999997,conventional_hydroelectric
139,12,133.84533119999995,conventional_hydroelectric
110,12,0.0,conventional_steam_coal
41,12,0.0,conventional_steam_coal
3,12,0.0,conventional_steam_coal
36,12,0.0,conventional_steam_coal
85,12,0.0,conventional_steam_coal
28,12,74.364,geothermal
116,12,0.0,natural_gas_fired_combined_cycle
73,12,0.0,natural_gas_fired_combined_cycle
71,12,0.0,natural_gas_fired_combined_cycle
44,12,0.0,natural_gas_fired_combined_cycle
115,12,0.0,natural_gas_fired_combined_cycle
70,12,0.0,natural_gas_fired_combined_cycle
131,12,0.0,natural_gas_fired_combined_cycle
18,12,0.0,natural_gas_fired_combined_cycle
72,12,0.0,natural_gas_fired_combined_cycle
114,12,0.0,natural_gas_fired_combined_cycle
45,12,0.0,natural_gas_fired_combined_cycle
78,12,0.0,natural_gas_fired_combustion_turbine
75,12,0.0,natural_gas_fired_combustion_turbine
119,12,0.0,natural_gas_fired_combustion_turbine
117,12,0.0,natural_gas_fired_combustion_turbine
134,12,0.0,natural_gas_fired_combustion_turbine
103,12,0.0,natural_gas_fired_combustion_turbine
47,12,0.0,natural_gas_fired_combustion_turbine
8,12,0.0,natural_gas_fired_combustion_turbine
90,12,0.0,natural_gas_fired_combustion_turbine
60,12,0.0,natural_gas_fired_combustion_turbine
46,12,0.0,natural_gas_fired_combustion_turbine
37,12,0.0,natural_gas_fired_combustion_turbine
7,12,0.0,natural_gas_fired_combustion_turbine
133,12,0.0,natural_gas_fired_combustion_turbine
74,12,0.0,natural_gas_fired_combustion_turbine
20,12,0.0,natural_gas_fired_combustion_turbine
135,12,0.0,natural_gas_fired_combustion_turbine
142,12,0.0,natural_gas_fired_combustion_turbine
121,12,0.0,natural_gas_fired_combustion_turbine
91,12,0.0,natural_gas_fired_combustion_turbine
22,12,0.0,natural_gas_steam_turbine
123,12,0.0,natural_gas_steam_turbine
62,12,0.0,natural_gas_steam_turbine
49,12,0.0,natural_gas_steam_turbine
48,12,0.0,natural_gas_steam_turbine
21,12,0.0,natural_gas_steam_turbine
79,12,0.0,nuclear
10,12,39.083870000000005,onshore_wind_turbine
23,12,0.0,onshore_wind_turbine
31,12,0.0,onshore_wind_turbine
38,12,0.0,onshore_wind_turbine
50,12,478.96421999999995,onshore_wind_turbine
63,12,91.4530398376,onshore_wind_turbine
80,12,0.0,onshore_wind_turbine
94,12,13732.905200000001,onshore_wind_turbine
105,12,1369.885859181,onshore_wind_turbine
124,12,0.0,onshore_wind_turbine
136,12,0.0,onshore_wind_turbine
144,12,0.0,onshore_wind_turbine
11,12,0.0,small_hydroelectric
24,12,62.577,small_hydroelectric
32,12,192.0,small_hydroelectric
39,12,52.9,small_hydroelectric
51,12,25.641,small_hydroelectric
64,12,0.0,small_hydroelectric
81,12,0.0,small_hydroelectric
95,12,0.0,small_hydroelectric
106,12,0.0,small_hydroelectric
125,12,0.0,small_hydroelectric
137,12,36.822,small_hydroelectric
145,12,33.21,small_hydroelectric
12,12,10099.089,solar_photovoltaic
25,12,0.0,solar_photovoltaic
33,12,0.0,solar_photovoltaic
52,12,0.0,solar_photovoltaic
65,12,18122.0340698929,solar_photovoltaic
82,12,13128.172486234904,solar_photovoltaic
96,12,0.0,solar_photovoltaic
107,12,0.0,solar_photovoltaic
126,12,32413.1837997765,solar_photovoltaic
138,12,3363.38926,solar_photovoltaic
26,13,0.0,biomass
13,13,0.0,biomass
108,13,0.0,biomass
40,13,0.0,biomass
97,13,0.0,biomass
1,13,0.0,biomass
66,13,0.0,biomass
2,13,229.28816400000167,conventional_hydroelectric
14,13,108.00475839999999,conventional_hydroelectric
27,13,666.882079200001,conventional_hydroelectric
35,13,1381.9309328000006,conventional_hydroelectric
54,13,260.05813019998834,conventional_hydroelectric
67,13,603.7425810000032,conventional_hydroelectric
84,13,2411.3971740000275,conventional_hydroelectric
109,13,0.0,conventional_hydroelectric
128,13,69.84318,conventional_hydroelectric
139,13,153.17569919999997,conventional_hydroelectric
110,13,0.0,conventional_steam_coal
41,13,0.0,conventional_steam_coal
3,13,0.0,conventional_steam_coal
36,13,0.0,conventional_steam_coal
85,13,0.0,conventional_steam_coal
28,13,0.0,geothermal
116,13,0.0,natural_gas_fired_combined_cycle
73,13,0.0,natural_gas_fired_combined_cycle
71,13,0.0,natural_gas_fired_combined_cycle
44,13,0.0,natural_gas_fired_combined_cycle
115,13,0.0,natural_gas_fired_combined_cycle
70,13,0.0,natural_gas_fired_combined_cycle
131,13,0.0,natural_gas_fired_combined_cycle
18,13,0.0,natural_gas_fired_combined_cycle
72,13,0.0,natural_gas_fired_combined_cycle
114,13,0.0,natural_gas_fired_combined_cycle
45,13,0.0,natural_gas_fired_combined_cycle
78,13,0.0,natural_gas_fired_combustion_turbine
75,13,0.0,natural_gas_fired_combustion_turbine
119,13,0.0,natural_gas_fired_combustion_turbine
117,13,0.0,natural_gas_fired_combustion_turbine
134,13,0.0,natural_gas_fired_combustion_turbine
103,13,0.0,natural_gas_fired_combustion_turbine
47,13,0.0,natural_gas_fired_combustion_turbine
8,13,0.0,natural_gas_fired_combustion_turbine
90,13,0.0,natural_gas_fired_combustion_turbine
60,13,0.0,natural_gas_fired_combustion_turbine
46,13,0.0,natural_gas_fired_combustion_turbine
37,13,0.0,natural_gas_fired_combustion_turbine
7,13,0.0,natural_gas_fired_combustion_turbine
133,13,0.0,natural_gas_fired_combustion_turbine
74,13,0.0,natural_gas_fired_combustion_turbine
20,13,0.0,natural_gas_fired_combustion_turbine
135,13,0.0,natural_gas_fired_combustion_turbine
142,13,0.0,natural_gas_fired_combustion_turbine
121,13,0.0,natural_gas_fired_combustion_turbine
91,13,0.0,natural_gas_fired_combustion_turbine
22,13,0.0,natural_gas_steam_turbine
123,13,0.0,natural_gas_steam_turbine
62,13,0.0,natural_gas_steam_turbine
49,13,0.0,natural_gas_steam_turbine
48,13,0.0,natural_gas_steam_turbine
21,13,0.0,natural_gas_steam_turbine
79,13,0.0,nuclear
10,13,24.134740000000004,onshore_wind_turbine
23,13,0.0,onshore_wind_turbine
31,13,3108.6393799999996,onshore_wind_turbine
38,13,1547.9362500000002,onshore_wind_turbine
50,13,985.7042999999999,onshore_wind_turbine
63,13,146.5206403696,onshore_wind_turbine
80,13,78.9922,onshore_wind_turbine
94,13,15891.773799999999,onshore_wind_turbine
105,13,0.0,onshore_wind_turbine
124,13,0.0,onshore_wind_turbine
136,13,661.08105,onshore_wind_turbine
144,13,0.0,onshore_wind_turbine
11,13,0.0,small_hydroelectric
24,13,0.0,small_hydroelectric
32,13,192.0,small_hydroelectric
39,13,0.0,small_hydroelectric
51,13,0.0,small_hydroelectric
64,13,6.128,small_hydroelectric
81,13,241.672,small_hydroelectric
95,13,418.922,small_hydroelectric
106,13,31.614,small_hydroelectric
125,13,0.0,small_hydroelectric
137,13,0.0,small_hydroelectric
145,13,0.0,small_hydroelectric
12,13,10289.7711,solar_photovoltaic
25,13,2928.3734199999994,solar_photovoltaic
33,13,1311.9246,solar_photovoltaic
52,13,5209.42366,solar_photovoltaic
65,13,18182.8756172098,solar_photovoltaic
82,13,0.0,solar_photovoltaic
96,13,986.19416,solar_photovoltaic
107,13,16301.608333415996,solar_photovoltaic
126,13,32122.035548375497,solar_photovoltaic
138,13,0.0,solar_photovoltaic
26,14,0.0,biomass
13,14,0.0,biomass
108,14,0.0,biomass
40,14,0.0,biomass
97,14,0.0,biomass
1,14,0.0,biomass
66,14,0.0,biomass
2,14,0.0,conventional_hydroelectric
14,14,147.04829039999998,conventional_hydroelectric
27,14,784.0027152000001,conventional_hydroelectric
35,14,1589.2330608,conventional_hydroelectric
54,14,346.32841319999034,conventional_hydroelectric
67,14,0.0,conventional_hydroelectric
84,14,4822.794348000068,conventional_hydroelectric
109,14,0.0,conventional_hydroelectric
128,14,57.31967999999997,conventional_hydroelectric
139,14,133.84533119999998,conventional_hydroelectric
110,14,0.0,conventional_steam_coal
41,14,0.0,conventional_steam_coal
3,14,0.0,conventional_steam_coal
36,14,0.0,conventional_steam_coal
85,14,0.0,conventional_steam_coal
28,14,0.0,geothermal
116,14,0.0,natural_gas_fired_combined_cycle
73,14,0.0,natural_gas_fired_combined_cycle
71,14,0.0,natural_gas_fired_combined_cycle
44,14,0.0,natural_gas_fired_combined_cycle
115,14,0.0,natural_gas_fired_combined_cycle
70,14,0.0,natural_gas_fired_combined_cycle
131,14,0.0,natural_gas_fired_combined_cycle
18,14,0.0,natural_gas_fired_combined_cycle
72,14,0.0,natural_gas_fired_combined_cycle
114,14,0.0,natural_gas_fired_combined_cycle
45,14,0.0,natural_gas_fired_combined_cycle
78,14,0.0,natural_gas_fired_combustion_turbine
75,14,0.0,natural_gas_fired_combustion_turbine
119,14,0.0,natural_gas_fired_combustion_turbine
117,14,0.0,natural_gas_fired_combustion_turbine
134,14,0.0,natural_gas_fired_combustion_turbine
103,14,0.0,natural_gas_fired_combustion_turbine
47,14,0.0,natural_gas_fired_combustion_turbine
8,14,0.0,natural_gas_fired_combustion_turbine
90,14,0.0,natural_gas_fired_combustion_turbine
60,14,0.0,natural_gas_fired_combustion_turbine
46,14,0.0,natural_gas_fired_combustion_turbine
37,14,0.0,natural_gas_fired_combustion_turbine
7,14,0.0,natural_gas_fired_combustion_turbine
133,14,0.0,natural_gas_fired_combustion_turbine
74,14,0.0,natural_gas_fired_combustion_turbine
20,14,0.0,natural_gas_fired_combustion_turbine
135,14,0.0,natural_gas_fired_combustion_turbine
142,14,0.0,natural_gas_fired_combustion_turbine
121,14,0.0,natural_gas_fired_combustion_turbine
91,14,0.0,natural_gas_fired_combustion_turbine
22,14,0.0,natural_gas_steam_turbine
123,14,0.0,natural_gas_steam_turbine
62,14,0.0,natural_gas_steam_turbine
49,14,0.0,natural_gas_steam_turbine
48,14,0.0,natural_gas_steam_turbine
21,14,0.0,natural_gas_steam_turbine
79,14,0.0,nuclear
10,14,213.07013000000003,onshore_wind_turbine
23,14,2277.0748,onshore_wind_turbine
31,14,0.0,onshore_wind_turbine
38,14,0.0,onshore_wind_turbine
50,14,1504.6386599999998,onshore_wind_turbine
63,14,0.0,onshore_wind_turbine
80,14,250.91639999999998,onshore_wind_turbine
94,14,0.0,onshore_wind_turbine
105,14,0.0,onshore_wind_turbine
124,14,5580.515706535,onshore_wind_turbine
136,14,2659.6145100000003,onshore_wind_turbine
144,14,3166.3245599999996,onshore_wind_turbine
11,14,0.0,small_hydroelectric
24,14,62.577,small_hydroelectric
32,14,192.0,small_hydroelectric
39,14,0.0,small_hydroelectric
51,14,25.641,small_hydroelectric
64,14,0.0,small_hydroelectric
81,14,0.0,small_hydroelectric
95,14,0.0,small_hydroelectric
106,14,0.0,small_hydroelectric
125,14,0.0,small_hydroelectric
137,14,0.0,small_hydroelectric
145,14,0.0,small_hydroelectric
12,14,0.0,solar_photovoltaic
25,14,0.0,solar_photovoltaic
33,14,0.0,solar_photovoltaic
52,14,5116.11436,solar_photovoltaic
65,14,0.0,solar_photovoltaic
82,14,14448.883820000001,solar_photovoltaic
96,14,0.0,solar_photovoltaic
107,14,16253.814357700501,solar_photovoltaic
126,14,17758.635556964444,solar_photovoltaic
138,14,3251.0631999999996,solar_photovoltaic
26,15,0.0,biomass
13,15,0.0,biomass
108,15,0.0,biomass
40,15,0.0,biomass
97,15,0.0,biomass
1,15,0.0,biomass
66,15,0.0,biomass
2,15,229.28816400000167,conventional_hydroelectric
14,15,108.00475839999999,conventional_hydroelectric
27,15,901.1233512,conventional_hydroelectric
35,15,1386.1768799999925,conventional_hydroelectric
54,15,432.59869619999216,conventional_hydroelectric
67,15,603.7425810000025,conventional_hydroelectric
84,15,6019.777041599926,conventional_hydroelectric
109,15,0.0,conventional_hydroelectric
128,15,44.72027999999995,conventional_hydroelectric
139,15,134.0549375999999,conventional_hydroelectric
110,15,0.0,conventional_steam_coal
41,15,0.0,conventional_steam_coal
3,15,0.0,conventional_steam_coal
36,15,0.0,conventional_steam_coal
85,15,0.0,conventional_steam_coal
28,15,74.364,geothermal
116,15,0.0,natural_gas_fired_combined_cycle
73,15,0.0,natural_gas_fired_combined_cycle
71,15,0.0,natural_gas_fired_combined_cycle
44,15,0.0,natural_gas_fired_combined_cycle
115,15,0.0,natural_gas_fired_combined_cycle
70,15,0.0,natural_gas_fired_combined_cycle
131,15,0.0,natural_gas_fired_combined_cycle
18,15,0.0,natural_gas_fired_combined_cycle
72,15,0.0,natural_gas_fired_combined_cycle
114,15,0.0,natural_gas_fired_combined_cycle
45,15,0.0,natural_gas_fired_combined_cycle
78,15,0.0,natural_gas_fired_combustion_turbine
75,15,0.0,natural_gas_fired_combustion_turbine
119,15,0.0,natural_gas_fired_combustion_turbine
117,15,0.0,natural_gas_fired_combustion_turbine
134,15,0.0,natural_gas_fired_combustion_turbine
103,15,0.0,natural_gas_fired_combustion_turbine
47,15,0.0,natural_gas_fired_combustion_turbine
8,15,0.0,natural_gas_fired_combustion_turbine
90,15,0.0,natural_gas_fired_combustion_turbine
60,15,0.0,natural_gas_fired_combustion_turbine
46,15,0.0,natural_gas_fired_combustion_turbine
37,15,0.0,natural_gas_fired_combustion_turbine
7,15,0.0,natural_gas_fired_combustion_turbine
133,15,0.0,natural_gas_fired_combustion_turbine
74,15,0.0,natural_gas_fired_combustion_turbine
20,15,0.0,natural_gas_fired_combustion_turbine
135,15,0.0,natural_gas_fired_combustion_turbine
142,15,0.0,natural_gas_fired_combustion_turbine
121,15,0.0,natural_gas_fired_combustion_turbine
91,15,0.0,natural_gas_fired_combustion_turbine
22,15,0.0,natural_gas_steam_turbine
123,15,0.0,natural_gas_steam_turbine
62,15,0.0,natural_gas_steam_turbine
49,15,0.0,natural_gas_steam_turbine
48,15,0.0,natural_gas_steam_turbine
21,15,0.0,natural_gas_steam_turbine
79,15,0.0,nuclear
10,15,591.4812400000001,onshore_wind_turbine
23,15,0.0,onshore_wind_turbine
31,15,0.0,onshore_wind_turbine
38,15,587.3637,onshore_wind_turbine
50,15,2521.5061199999996,onshore_wind_turbine
63,15,0.0,onshore_wind_turbine
80,15,723.0109599999998,onshore_wind_turbine
94,15,26149.158,onshore_wind_turbine
105,15,968.057160273,onshore_wind_turbine
124,15,9209.679018155002,onshore_wind_turbine
136,15,2659.6145100000003,onshore_wind_turbine
144,15,2402.85969,onshore_wind_turbine
11,15,19.125,small_hydroelectric
24,15,0.0,small_hydroelectric
32,15,192.0,small_hydroelectric
39,15,52.9,small_hydroelectric
51,15,0.0,small_hydroelectric
64,15,0.0,small_hydroelectric
81,15,241.672,small_hydroelectric
95,15,0.0,small_hydroelectric
106,15,0.0,small_hydroelectric
125,15,100.697,small_hydroelectric
137,15,36.822,small_hydroelectric
145,15,33.21,small_hydroelectric
12,15,7555.2186262627765,solar_photovoltaic
25,15,0.0,solar_photovoltaic
33,15,0.0,solar_photovoltaic
52,15,0.0,solar_photovoltaic
65,15,0.0,solar_photovoltaic
82,15,0.0,solar_photovoltaic
96,15,906.26424,solar_photovoltaic
107,15,0.0,solar_photovoltaic
126,15,31624.224097921,solar_photovoltaic
138,15,3282.1126799999997,solar_photovoltaic
26,16,0.0,biomass
13,16,0.0,biomass
108,16,0.0,biomass
40,16,0.0,biomass
97,16,0.0,biomass
1,16,0.0,biomass
66,16,0.0,biomass
2,16,383.1598595999978,conventional_hydroelectric
14,16,68.96122639999999,conventional_hydroelectric
27,16,784.0027151999997,conventional_hydroelectric
35,16,1178.874751999992,conventional_hydroelectric
54,16,518.8689791999946,conventional_hydroelectric
67,16,1207.4851620000063,conventional_hydroelectric
84,16,8431.17421559993,conventional_hydroelectric
109,16,39.48213732839906,conventional_hydroelectric
128,16,44.44703999999911,conventional_hydroelectric
139,16,114.72456959999988,conventional_hydroelectric
110,16,0.0,conventional_steam_coal
41,16,0.0,conventional_steam_coal
3,16,0.0,conventional_steam_coal
36,16,0.0,conventional_steam_coal
85,16,0.0,conventional_steam_coal
28,16,0.0,geothermal
116,16,0.0,natural_gas_fired_combined_cycle
73,16,0.0,natural_gas_fired_combined_cycle
71,16,0.0,natural_gas_fired_combined_cycle
44,16,0.0,natural_gas_fired_combined_cycle
115,16,0.0,natural_gas_fired_combined_cycle
70,16,0.0,natural_gas_fired_combined_cycle
131,16,0.0,natural_gas_fired_combined_cycle
18,16,0.0,natural_gas_fired_combined_cycle
72,16,0.0,natural_gas_fired_combined_cycle
114,16,0.0,natural_gas_fired_combined_cycle
45,16,0.0,natural_gas_fired_combined_cycle
78,16,0.0,natural_gas_fired_combustion_turbine
75,16,0.0,natural_gas_fired_combustion_turbine
119,16,0.0,natural_gas_fired_combustion_turbine
117,16,0.0,natural_gas_fired_combustion_turbine
134,16,0.0,natural_gas_fired_combustion_turbine
103,16,0.0,natural_gas_fired_combustion_turbine
47,16,0.0,natural_gas_fired_combustion_turbine
8,16,0.0,natural_gas_fired_combustion_turbine
90,16,0.0,natural_gas_fired_combustion_turbine
60,16,0.0,natural_gas_fired_combustion_turbine
46,16,0.0,natural_gas_fired_combustion_turbine
37,16,0.0,natural_gas_fired_combustion_turbine
7,16,0.0,natural_gas_fired_combustion_turbine
133,16,0.0,natural_gas_fired_combustion_turbine
74,16,0.0,natural_gas_fired_combustion_turbine
20,16,0.0,natural_gas_fired_combustion_turbine
135,16,0.0,natural_gas_fired_combustion_turbine
142,16,0.0,natural_gas_fired_combustion_turbine
121,16,0.0,natural_gas_fired_combustion_turbine
91,16,0.0,natural_gas_fired_combustion_turbine
22,16,0.0,natural_gas_steam_turbine
123,16,0.0,natural_gas_steam_turbine
62,16,0.0,natural_gas_steam_turbine
49,16,0.0,natural_gas_steam_turbine
48,16,0.0,natural_gas_steam_turbine
21,16,0.0,natural_gas_steam_turbine
79,16,0.0,nuclear
10,16,663.52524,onshore_wind_turbine
23,16,0.0,onshore_wind_turbine
31,16,2655.04876,onshore_wind_turbine
38,16,657.23385,onshore_wind_turbine
50,16,2776.90854,onshore_wind_turbine
63,16,143.5089601736,onshore_wind_turbine
80,16,1554.75236,onshore_wind_turbine
94,16,3434.5086675691746,onshore_wind_turbine
105,16,0.0,onshore_wind_turbine
124,16,14856.634578647403,onshore_wind_turbine
136,16,0.0,onshore_wind_turbine
144,16,1585.3250699999999,onshore_wind_turbine
11,16,0.0,small_hydroelectric
24,16,0.0,small_hydroelectric
32,16,0.0,small_hydroelectric
39,16,0.0,small_hydroelectric
51,16,25.641,small_hydroelectric
64,16,6.128,small_hydroelectric
81,16,0.0,small_hydroelectric
95,16,0.0,small_hydroelectric
106,16,31.614,small_hydroelectric
125,16,0.0,small_hydroelectric
137,16,0.0,small_hydroelectric
145,16,33.21,small_hydroelectric
12,16,9079.29288,solar_photovoltaic
25,16,2598.8052999999995,solar_photovoltaic
33,16,1215.27315,solar_photovoltaic
52,16,4570.08216,solar_photovoltaic
65,16,0.0,solar_photovoltaic
82,16,13594.35896,solar_photovoltaic
96,16,826.3343199999999,solar_photovoltaic
107,16,0.0,solar_photovoltaic
126,16,30021.175246681498,solar_photovoltaic
138,16,0.0,solar_photovoltaic
26,17,0.0,biomass
13,17,0.0,biomass
108,17,0.0,biomass
40,17,0.0,biomass
97,17,0.0,biomass
1,17,0.0,biomass
66,17,0.0,biomass
2,17,612.4480235999984,conventional_hydroelectric
14,17,108.00475839999999,conventional_hydroelectric
27,17,666.8820791999993,conventional_hydroelectric
35,17,1384.9280719999992,conventional_hydroelectric
54,17,605.1392621999973,conventional_hydroelectric
67,17,1811.2277430000104,conventional_hydroelectric
84,17,10842.571389599956,conventional_hydroelectric
109,17,155.36673732839918,conventional_hydroelectric
128,17,57.04643999999914,conventional_hydroelectric
139,17,95.48735999999933,conventional_hydroelectric
110,17,0.0,conventional_steam_coal
41,17,0.0,conventional_steam_coal
3,17,0.0,conventional_steam_coal
36,17,0.0,conventional_steam_coal
85,17,0.0,conventional_steam_coal
28,17,74.364,geothermal
116,17,0.0,natural_gas_fired_combined_cycle
73,17,0.0,natural_gas_fired_combined_cycle
71,17,0.0,natural_gas_fired_combined_cycle
44,17,0.0,natural_gas_fired_combined_cycle
115,17,0.0,natural_gas_fired_combined_cycle
70,17,0.0,natural_gas_fired_combined_cycle
131,17,0.0,natural_gas_fired_combined_cycle
18,17,0.0,natural_gas_fired_combined_cycle
72,17,0.0,natural_gas_fired_combined_cycle
114,17,0.0,natural_gas_fired_combined_cycle
45,17,0.0,natural_gas_fired_combined_cycle
78,17,0.0,natural_gas_fired_combustion_turbine
75,17,0.0,natural_gas_fired_combustion_turbine
119,17,0.0,natural_gas_fired_combustion_turbine
117,17,0.0,natural_gas_fired_combustion_turbine
134,17,0.0,natural_gas_fired_combustion_turbine
103,17,0.0,natural_gas_fired_combustion_turbine
47,17,0.0,natural_gas_fired_combustion_turbine
8,17,0.0,natural_gas_fired_combustion_turbine
90,17,0.0,natural_gas_fired_combustion_turbine
60,17,0.0,natural_gas_fired_combustion_turbine
46,17,0.0,natural_gas_fired_combustion_turbine
37,17,0.0,natural_gas_fired_combustion_turbine
7,17,0.0,natural_gas_fired_combustion_turbine
133,17,0.0,natural_gas_fired_combustion_turbine
74,17,0.0,natural_gas_fired_combustion_turbine
20,17,0.0,natural_gas_fired_combustion_turbine
135,17,0.0,natural_gas_fired_combustion_turbine
142,17,0.0,natural_gas_fired_combustion_turbine
121,17,0.0,natural_gas_fired_combustion_turbine
91,17,0.0,natural_gas_fired_combustion_turbine
22,17,0.0,natural_gas_steam_turbine
123,17,0.0,natural_gas_steam_turbine
62,17,0.0,natural_gas_steam_turbine
49,17,0.0,natural_gas_steam_turbine
48,17,0.0,natural_gas_steam_turbine
21,17,0.0,natural_gas_steam_turbine
79,17,0.0,nuclear
10,17,656.1407300000001,onshore_wind_turbine
23,17,2131.7296,onshore_wind_turbine
31,17,2600.4279,onshore_wind_turbine
38,17,0.0,onshore_wind_turbine
50,17,2743.03554,onshore_wind_turbine
63,17,201.38831975920002,onshore_wind_turbine
80,17,3761.8873599999997,onshore_wind_turbine
94,17,23942.478,onshore_wind_turbine
105,17,764.939700504,onshore_wind_turbine
124,17,0.0,onshore_wind_turbine
136,17,0.0,onshore_wind_turbine
144,17,0.0,onshore_wind_turbine
11,17,0.0,small_hydroelectric
24,17,0.0,small_hydroelectric
32,17,192.0,small_hydroelectric
39,17,0.0,small_hydroelectric
51,17,0.0,small_hydroelectric
64,17,0.0,small_hydroelectric
81,17,0.0,small_hydroelectric
95,17,0.0,small_hydroelectric
106,17,0.0,small_hydroelectric
125,17,0.0,small_hydroelectric
137,17,0.0,small_hydroelectric
145,17,33.21,small_hydroelectric
12,17,7696.494540000001,solar_photovoltaic
25,17,0.0,solar_photovoltaic
33,17,0.0,solar_photovoltaic
52,17,0.0,solar_photovoltaic
65,17,13959.661377102699,solar_photovoltaic
82,17,0.0,solar_photovoltaic
96,17,836.17863,solar_photovoltaic
107,17,0.0,solar_photovoltaic
126,17,27045.668137305765,solar_photovoltaic
138,17,0.0,solar_photovoltaic
26,18,0.0,biomass
13,18,0.0,biomass
108,18,0.0,biomass
40,18,0.0,biomass
97,18,0.0,biomass
1,18,0.0,biomass
66,18,0.0,biomass
2,18,841.7361876,conventional_hydroelectric
14,18,78.08706399999994,conventional_hydroelectric
27,18,784.0027151999996,conventional_hydroelectric
35,18,1178.8747519999963,conventional_hydroelectric
54,18,691.4095451999993,conventional_hydroelectric
67,18,1740.2220290370178,conventional_hydroelectric
84,18,13253.968563599981,conventional_hydroelectric
109,18,271.25133732839936,conventional_hydroelectric
128,18,44.79617999999983,conventional_hydroelectric
139,18,114.81772799999956,conventional_hydroelectric
110,18,0.0,conventional_steam_coal
41,18,0.0,conventional_steam_coal
3,18,0.0,conventional_steam_coal
36,18,0.0,conventional_steam_coal
85,18,0.0,conventional_steam_coal
28,18,74.364,geothermal
116,18,0.0,natural_gas_fired_combined_cycle
73,18,0.0,natural_gas_fired_combined_cycle
71,18,0.0,natural_gas_fired_combined_cycle
44,18,0.0,natural_gas_fired_combined_cycle
115,18,0.0,natural_gas_fired_combined_cycle
70,18,0.0,natural_gas_fired_combined_cycle
131,18,0.0,natural_gas_fired_combined_cycle
18,18,0.0,natural_gas_fired_combined_cycle
72,18,0.0,natural_gas_fired_combined_cycle
114,18,0.0,natural_gas_fired_combined_cycle
45,18,0.0,natural_gas_fired_combined_cycle
78,18,0.0,natural_gas_fired_combustion_turbine
75,18,0.0,natural_gas_fired_combustion_turbine
119,18,0.0,natural_gas_fired_combustion_turbine
117,18,0.0,natural_gas_fired_combustion_turbine
134,18,0.0,natural_gas_fired_combustion_turbine
103,18,0.0,natural_gas_fired_combustion_turbine
47,18,0.0,natural_gas_fired_combustion_turbine
8,18,0.0,natural_gas_fired_combustion_turbine
90,18,0.0,natural_gas_fired_combustion_turbine
60,18,0.0,natural_gas_fired_combustion_turbine
46,18,0.0,natural_gas_fired_combustion_turbine
37,18,0.0,natural_gas_fired_combustion_turbine
7,18,0.0,natural_gas_fired_combustion_turbine
133,18,0.0,natural_gas_fired_combustion_turbine
74,18,0.0,natural_gas_fired_combustion_turbine
20,18,0.0,natural_gas_fired_combustion_turbine
135,18,0.0,natural_gas_fired_combustion_turbine
142,18,0.0,natural_gas_fired_combustion_turbine
121,18,0.0,natural_gas_fired_combustion_turbine
91,18,0.0,natural_gas_fired_combustion_turbine
22,18,0.0,natural_gas_steam_turbine
123,18,0.0,natural_gas_steam_turbine
62,18,0.0,natural_gas_steam_turbine
49,18,0.0,natural_gas_steam_turbine
48,18,0.0,natural_gas_steam_turbine
21,18,0.0,natural_gas_steam_turbine
79,18,0.0,nuclear
10,18,124.79548964441346,onshore_wind_turbine
23,18,3147.2826,onshore_wind_turbine
31,18,0.0,onshore_wind_turbine
38,18,0.0,onshore_wind_turbine
50,18,2039.1545999999998,onshore_wind_turbine
63,18,172.3010802352,onshore_wind_turbine
80,18,0.0,onshore_wind_turbine
94,18,24670.682399999998,onshore_wind_turbine
105,18,1079.7112197479998,onshore_wind_turbine
124,18,21854.327751025005,onshore_wind_turbine
136,18,4978.345050000001,onshore_wind_turbine
144,18,592.6044599999999,onshore_wind_turbine
11,18,19.125,small_hydroelectric
24,18,62.577,small_hydroelectric
32,18,0.0,small_hydroelectric
39,18,52.9,small_hydroelectric
51,18,25.641,small_hydroelectric
64,18,6.128,small_hydroelectric
81,18,241.672,small_hydroelectric
95,18,418.922,small_hydroelectric
106,18,0.0,small_hydroelectric
125,18,100.697,small_hydroelectric
137,18,0.0,small_hydroelectric
145,18,0.0,small_hydroelectric
12,18,0.0,solar_photovoltaic
25,18,0.0,solar_photovoltaic
33,18,0.0,solar_photovoltaic
52,18,2229.0555,solar_photovoltaic
65,18,0.0,solar_photovoltaic
82,18,0.0,solar_photovoltaic
96,18,0.0,solar_photovoltaic
107,18,0.0,solar_photovoltaic
126,18,21091.929947382,solar_photovoltaic
138,18,0.0,solar_photovoltaic
26,19,0.0,biomass
13,19,0.0,biomass
108,19,0.0,biomass
40,19,0.0,biomass
97,19,0.0,biomass
1,19,0.0,biomass
66,19,0.0,biomass
2,19,841.7361876,conventional_hydroelectric
14,19,107.7695563999998,conventional_hydroelectric
27,19,901.1233511999998,conventional_hydroelectric
35,19,1386.1768799999973,conventional_hydroelectric
54,19,777.679828200001,conventional_hydroelectric
67,19,2343.964610037018,conventional_hydroelectric
84,19,15665.365737600006,conventional_hydroelectric
109,19,387.1359373284,conventional_hydroelectric
128,19,57.39558000000004,conventional_hydroelectric
139,19,134.14809599999975,conventional_hydroelectric
110,19,0.0,conventional_steam_coal
41,19,0.0,conventional_steam_coal
3,19,0.0,conventional_steam_coal
36,19,0.0,conventional_steam_coal
85,19,0.0,conventional_steam_coal
28,19,0.0,geothermal
116,19,0.0,natural_gas_fired_combined_cycle
73,19,0.0,natural_gas_fired_combined_cycle
71,19,0.0,natural_gas_fired_combined_cycle
44,19,0.0,natural_gas_fired_combined_cycle
115,19,0.0,natural_gas_fired_combined_cycle
70,19,0.0,natural_gas_fired_combined_cycle
131,19,0.0,natural_gas_fired_combined_cycle
18,19,0.0,natural_gas_fired_combined_cycle
72,19,0.0,natural_gas_fired_combined_cycle
114,19,0.0,natural_gas_fired_combined_cycle
45,19,0.0,natural_gas_fired_combined_cycle
78,19,0.0,natural_gas_fired_combustion_turbine
75,19,0.0,natural_gas_fired_combustion_turbine
119,19,0.0,natural_gas_fired_combustion_turbine
117,19,0.0,natural_gas_fired_combustion_turbine
134,19,0.0,natural_gas_fired_combustion_turbine
103,19,0.0,natural_gas_fired_combustion_turbine
47,19,0.0,natural_gas_fired_combustion_turbine
8,19,0.0,natural_gas_fired_combustion_turbine
90,19,0.0,natural_gas_fired_combustion_turbine
60,19,0.0,natural_gas_fired_combustion_turbine
46,19,0.0,natural_gas_fired_combustion_turbine
37,19,0.0,natural_gas_fired_combustion_turbine
7,19,0.0,natural_gas_fired_combustion_turbine
133,19,0.0,natural_gas_fired_combustion_turbine
74,19,0.0,natural_gas_fired_combustion_turbine
20,19,0.0,natural_gas_fired_combustion_turbine
135,19,0.0,natural_gas_fired_combustion_turbine
142,19,0.0,natural_gas_fired_combustion_turbine
121,19,0.0,natural_gas_fired_combustion_turbine
91,19,0.0,natural_gas_fired_combustion_turbine
22,19,0.0,natural_gas_steam_turbine
123,19,0.0,natural_gas_steam_turbine
62,19,0.0,natural_gas_steam_turbine
49,19,0.0,natural_gas_steam_turbine
48,19,0.0,natural_gas_steam_turbine
21,19,0.0,natural_gas_steam_turbine
79,19,0.0,nuclear
10,19,562.84375,onshore_wind_turbine
23,19,0.0,onshore_wind_turbine
31,19,1891.54413,onshore_wind_turbine
38,19,0.0,onshore_wind_turbine
50,19,0.0,onshore_wind_turbine
63,19,120.27008037519998,onshore_wind_turbine
80,19,2692.2400399999997,onshore_wind_turbine
94,19,25005.3622,onshore_wind_turbine
105,19,1467.4813994610001,onshore_wind_turbine
124,19,3768.484417153373,onshore_wind_turbine
136,19,4434.1899,onshore_wind_turbine
144,19,1751.8599,onshore_wind_turbine
11,19,0.0,small_hydroelectric
24,19,0.0,small_hydroelectric
32,19,0.0,small_hydroelectric
39,19,0.0,small_hydroelectric
51,19,0.0,small_hydroelectric
64,19,0.0,small_hydroelectric
81,19,0.0,small_hydroelectric
95,19,0.0,small_hydroelectric
106,19,0.0,small_hydroelectric
125,19,0.0,small_hydroelectric
137,19,36.822,small_hydroelectric
145,19,0.0,small_hydroelectric
12,19,2724.63534,solar_photovoltaic
25,19,0.0,solar_photovoltaic
33,19,0.0,solar_photovoltaic
52,19,271.63374000000005,solar_photovoltaic
65,19,6299.474511967001,solar_photovoltaic
82,19,6762.06202,solar_photovoltaic
96,19,475.17162,solar_photovoltaic
107,19,4739.685658834001,solar_photovoltaic
126,19,13067.000447844,solar_photovoltaic
138,19,1387.1811799999998,solar_photovoltaic
26,20,11.235,biomass
13,20,15.682,biomass
108,20,137.081,biomass
40,20,5.952,biomass
97,20,178.173,biomass
1,20,16.294,biomass
66,20,228.795,biomass
2,20,841.7361876,conventional_hydroelectric
14,20,146.8130884,conventional_hydroelectric
27,20,901.2644604000001,conventional_hydroelectric
35,20,1593.479008,conventional_hydroelectric
54,20,863.9501112000002,conventional_hydroelectric
67,20,2947.7071910370237,conventional_hydroelectric
84,20,18076.7629116,conventional_hydroelectric
109,20,387.0751900626,conventional_hydroelectric
128,20,69.99498000000001,conventional_hydroelectric
139,20,153.478464,conventional_hydroelectric
110,20,0.0,conventional_steam_coal
41,20,0.0,conventional_steam_coal
3,20,0.0,conventional_steam_coal
36,20,0.0,conventional_steam_coal
85,20,0.0,conventional_steam_coal
28,20,74.364,geothermal
116,20,0.0,natural_gas_fired_combined_cycle
73,20,0.0,natural_gas_fired_combined_cycle
71,20,0.0,natural_gas_fired_combined_cycle
44,20,0.0,natural_gas_fired_combined_cycle
115,20,0.0,natural_gas_fired_combined_cycle
70,20,0.0,natural_gas_fired_combined_cycle
131,20,0.0,natural_gas_fired_combined_cycle
18,20,0.0,natural_gas_fired_combined_cycle
72,20,0.0,natural_gas_fired_combined_cycle
114,20,0.0,natural_gas_fired_combined_cycle
45,20,0.0,natural_gas_fired_combined_cycle
78,20,0.0,natural_gas_fired_combustion_turbine
75,20,0.0,natural_gas_fired_combustion_turbine
119,20,0.0,natural_gas_fired_combustion_turbine
117,20,0.0,natural_gas_fired_combustion_turbine
134,20,0.0,natural_gas_fired_combustion_turbine
103,20,0.0,natural_gas_fired_combustion_turbine
47,20,0.0,natural_gas_fired_combustion_turbine
8,20,0.0,natural_gas_fired_combustion_turbine
90,20,0.0,natural_gas_fired_combustion_turbine
60,20,0.0,natural_gas_fired_combustion_turbine
46,20,0.0,natural_gas_fired_combustion_turbine
37,20,0.0,natural_gas_fired_combustion_turbine
7,20,0.0,natural_gas_fired_combustion_turbine
133,20,0.0,natural_gas_fired_combustion_turbine
74,20,0.0,natural_gas_fired_combustion_turbine
20,20,0.0,natural_gas_fired_combustion_turbine
135,20,0.0,natural_gas_fired_combustion_turbine
142,20,0.0,natural_gas_fired_combustion_turbine
121,20,0.0,natural_gas_fired_combustion_turbine
91,20,0.0,natural_gas_fired_combustion_turbine
22,20,0.0,natural_gas_steam_turbine
123,20,0.0,natural_gas_steam_turbine
62,20,0.0,natural_gas_steam_turbine
49,20,0.0,natural_gas_steam_turbine
48,20,0.0,natural_gas_steam_turbine
21,20,0.0,natural_gas_steam_turbine
79,20,0.0,nuclear
10,20,663.34513,onshore_wind_turbine
23,20,5280.875599999999,onshore_wind_turbine
31,20,1304.96359,onshore_wind_turbine
38,20,2013.73725,onshore_wind_turbine
50,20,2290.49226,onshore_wind_turbine
63,20,128.45055997199998,onshore_wind_turbine
80,20,1659.76552,onshore_wind_turbine
94,20,22169.7784,onshore_wind_turbine
105,20,1971.1907586210002,onshore_wind_turbine
124,20,17507.833842914803,onshore_wind_turbine
136,20,3702.9533100000003,onshore_wind_turbine
144,20,5437.254059999999,onshore_wind_turbine
11,20,19.125,small_hydroelectric
24,20,62.577,small_hydroelectric
32,20,192.0,small_hydroelectric
39,20,52.9,small_hydroelectric
51,20,25.641,small_hydroelectric
64,20,6.128,small_hydroelectric
81,20,241.672,small_hydroelectric
95,20,418.922,small_hydroelectric
106,20,31.614,small_hydroelectric
125,20,100.697,small_hydroelectric
137,20,36.822,small_hydroelectric
145,20,33.21,small_hydroelectric
12,20,0.0,solar_photovoltaic
25,20,0.0,solar_photovoltaic
33,20,125.6997,solar_photovoltaic
52,20,0.0,solar_photovoltaic
65,20,306.70123230390004,solar_photovoltaic
82,20,1244.71886,solar_photovoltaic
96,20,175.72827999999998,solar_photovoltaic
107,20,0.0,solar_photovoltaic
126,20,676.687196381,solar_photovoltaic
138,20,0.0,solar_photovoltaic
26,21,0.0,biomass
13,21,0.0,biomass
108,21,0.0,biomass
40,21,0.0,biomass
97,21,0.0,biomass
1,21,0.0,biomass
66,21,0.0,biomass
2,21,687.864492000005,conventional_hydroelectric
14,21,107.76955640000006,conventional_hydroelectric
27,21,901.2644604000001,conventional_hydroelectric
35,21,1386.1768799999973,conventional_hydroelectric
54,21,777.679828200001,conventional_hydroelectric
67,21,2343.9646100370246,conventional_hydroelectric
84,21,15665.365737599968,conventional_hydroelectric
109,21,271.1905900625991,conventional_hydroelectric
128,21,70.01016,conventional_hydroelectric
139,21,153.5250432,conventional_hydroelectric
110,21,0.0,conventional_steam_coal
41,21,0.0,conventional_steam_coal
3,21,0.0,conventional_steam_coal
36,21,0.0,conventional_steam_coal
85,21,0.0,conventional_steam_coal
28,21,74.364,geothermal
116,21,0.0,natural_gas_fired_combined_cycle
73,21,0.0,natural_gas_fired_combined_cycle
71,21,0.0,natural_gas_fired_combined_cycle
44,21,0.0,natural_gas_fired_combined_cycle
115,21,0.0,natural_gas_fired_combined_cycle
70,21,0.0,natural_gas_fired_combined_cycle
131,21,0.0,natural_gas_fired_combined_cycle
18,21,0.0,natural_gas_fired_combined_cycle
72,21,0.0,natural_gas_fired_combined_cycle
114,21,0.0,natural_gas_fired_combined_cycle
45,21,0.0,natural_gas_fired_combined_cycle
78,21,0.0,natural_gas_fired_combustion_turbine
75,21,0.0,natural_gas_fired_combustion_turbine
119,21,0.0,natural_gas_fired_combustion_turbine
117,21,0.0,natural_gas_fired_combustion_turbine
134,21,0.0,natural_gas_fired_combustion_turbine
103,21,0.0,natural_gas_fired_combustion_turbine
47,21,0.0,natural_gas_fired_combustion_turbine
8,21,0.0,natural_gas_fired_combustion_turbine
90,21,0.0,natural_gas_fired_combustion_turbine
60,21,0.0,natural_gas_fired_combustion_turbine
46,21,0.0,natural_gas_fired_combustion_turbine
37,21,0.0,natural_gas_fired_combustion_turbine
7,21,0.0,natural_gas_fired_combustion_turbine
133,21,0.0,natural_gas_fired_combustion_turbine
74,21,0.0,natural_gas_fired_combustion_turbine
20,21,0.0,natural_gas_fired_combustion_turbine
135,21,0.0,natural_gas_fired_combustion_turbine
142,21,0.0,natural_gas_fired_combustion_turbine
121,21,0.0,natural_gas_fired_combustion_turbine
91,21,0.0,natural_gas_fired_combustion_turbine
22,21,0.0,natural_gas_steam_turbine
123,21,0.0,natural_gas_steam_turbine
62,21,0.0,natural_gas_steam_turbine
49,21,0.0,natural_gas_steam_turbine
48,21,0.0,natural_gas_steam_turbine
21,21,0.0,natural_gas_steam_turbine
79,21,0.0,nuclear
10,21,694.5041600000001,onshore_wind_turbine
23,21,8534.372000000001,onshore_wind_turbine
31,21,1063.91936,onshore_wind_turbine
38,21,1709.26245,onshore_wind_turbine
50,21,3194.2238999999995,onshore_wind_turbine
63,21,324.14844024079997,onshore_wind_turbine
80,21,3020.29,onshore_wind_turbine
94,21,23361.385599999998,onshore_wind_turbine
105,21,2180.848181358,onshore_wind_turbine
124,21,19508.334369539403,onshore_wind_turbine
136,21,3480.7941000000005,onshore_wind_turbine
144,21,6695.997839999999,onshore_wind_turbine
11,21,19.125,small_hydroelectric
24,21,62.577,small_hydroelectric
32,21,192.0,small_hydroelectric
39,21,52.9,small_hydroelectric
51,21,25.641,small_hydroelectric
64,21,6.128,small_hydroelectric
81,21,241.672,small_hydroelectric
95,21,418.922,small_hydroelectric
106,21,31.614,small_hydroelectric
125,21,100.69699999999912,small_hydroelectric
137,21,36.822,small_hydroelectric
145,21,33.21,small_hydroelectric
12,21,0.0,solar_photovoltaic
25,21,0.0,solar_photovoltaic
33,21,0.0,solar_photovoltaic
52,21,0.0,solar_photovoltaic
65,21,0.0,solar_photovoltaic
82,21,0.0,solar_photovoltaic
96,21,0.0,solar_photovoltaic
107,21,0.0,solar_photovoltaic
126,21,0.0,solar_photovoltaic
138,21,0.0,solar_photovoltaic
26,22,0.0,biomass
13,22,0.0,biomass
108,22,0.0,biomass
40,22,0.0,biomass
97,22,0.0,biomass
1,22,0.0,biomass
66,22,0.0,biomass
2,22,458.5763280000033,conventional_hydroelectric
14,22,107.6754756,conventional_hydroelectric
27,22,784.1438244000005,conventional_hydroelectric
35,22,1178.8747519999943,conventional_hydroelectric
54,22,862.7028300000104,conventional_hydroelectric
67,22,2341.460540401281,conventional_hydroelectric
84,22,13253.968563599945,conventional_hydroelectric
109,22,155.30599006259797,conventional_hydroelectric
128,22,57.45629999999997,conventional_hydroelectric
139,22,134.19467520000012,conventional_hydroelectric
110,22,0.0,conventional_steam_coal
41,22,0.0,conventional_steam_coal
3,22,0.0,conventional_steam_coal
36,22,0.0,conventional_steam_coal
85,22,0.0,conventional_steam_coal
28,22,74.364,geothermal
116,22,0.0,natural_gas_fired_combined_cycle
73,22,0.0,natural_gas_fired_combined_cycle
71,22,0.0,natural_gas_fired_combined_cycle
44,22,0.0,natural_gas_fired_combined_cycle
115,22,0.0,natural_gas_fired_combined_cycle
70,22,0.0,natural_gas_fired_combined_cycle
131,22,0.0,natural_gas_fired_combined_cycle
18,22,0.0,natural_gas_fired_combined_cycle
72,22,0.0,natural_gas_fired_combined_cycle
114,22,0.0,natural_gas_fired_combined_cycle
45,22,0.0,natural_gas_fired_combined_cycle
78,22,0.0,natural_gas_fired_combustion_turbine
75,22,0.0,natural_gas_fired_combustion_turbine
119,22,0.0,natural_gas_fired_combustion_turbine
117,22,0.0,natural_gas_fired_combustion_turbine
134,22,0.0,natural_gas_fired_combustion_turbine
103,22,0.0,natural_gas_fired_combustion_turbine
47,22,0.0,natural_gas_fired_combustion_turbine
8,22,0.0,natural_gas_fired_combustion_turbine
90,22,0.0,natural_gas_fired_combustion_turbine
60,22,0.0,natural_gas_fired_combustion_turbine
46,22,0.0,natural_gas_fired_combustion_turbine
37,22,0.0,natural_gas_fired_combustion_turbine
7,22,0.0,natural_gas_fired_combustion_turbine
133,22,0.0,natural_gas_fired_combustion_turbine
74,22,0.0,natural_gas_fired_combustion_turbine
20,22,0.0,natural_gas_fired_combustion_turbine
135,22,0.0,natural_gas_fired_combustion_turbine
142,22,0.0,natural_gas_fired_combustion_turbine
121,22,0.0,natural_gas_fired_combustion_turbine
91,22,0.0,natural_gas_fired_combustion_turbine
22,22,0.0,natural_gas_steam_turbine
123,22,0.0,natural_gas_steam_turbine
62,22,0.0,natural_gas_steam_turbine
49,22,0.0,natural_gas_steam_turbine
48,22,0.0,natural_gas_steam_turbine
21,22,0.0,natural_gas_steam_turbine
79,22,0.0,nuclear
10,22,650.0169900000001,onshore_wind_turbine
23,22,7746.1538,onshore_wind_turbine
31,22,783.6906,onshore_wind_turbine
38,22,1947.2754,onshore_wind_turbine
50,22,3986.8520999999996,onshore_wind_turbine
63,22,419.28375965839996,onshore_wind_turbine
80,22,1883.100577948786,onshore_wind_turbine
94,22,21349.629,onshore_wind_turbine
105,22,0.0,onshore_wind_turbine
124,22,24195.469273129005,onshore_wind_turbine
136,22,3713.7464700000005,onshore_wind_turbine
144,22,5800.602779999999,onshore_wind_turbine
11,22,19.125,small_hydroelectric
24,22,62.577,small_hydroelectric
32,22,192.0,small_hydroelectric
39,22,52.9,small_hydroelectric
51,22,25.641,small_hydroelectric
64,22,6.128,small_hydroelectric
81,22,241.672,small_hydroelectric
95,22,418.922,small_hydroelectric
106,22,31.614,small_hydroelectric
125,22,100.697,small_hydroelectric
137,22,36.822,small_hydroelectric
145,22,33.21,small_hydroelectric
12,22,0.0,solar_photovoltaic
25,22,0.0,solar_photovoltaic
33,22,0.0,solar_photovoltaic
52,22,0.0,solar_photovoltaic
65,22,0.0,solar_photovoltaic
82,22,0.0,solar_photovoltaic
96,22,0.0,solar_photovoltaic
107,22,0.0,solar_photovoltaic
126,22,0.0,solar_photovoltaic
138,22,0.0,solar_photovoltaic
26,23,0.0,biomass
13,23,0.0,biomass
108,23,0.0,biomass
40,23,0.0,biomass
97,23,0.0,biomass
1,23,0.0,biomass
66,23,0.0,biomass
2,23,229.28816400000161,conventional_hydroelectric
14,23,146.7190076,conventional_hydroelectric
27,23,667.0231883999991,conventional_hydroelectric
35,23,971.5726239999914,conventional_hydroelectric
54,23,776.4325470000101,conventional_hydroelectric
67,23,2945.203121401281,conventional_hydroelectric
84,23,10842.571389599916,conventional_hydroelectric
109,23,39.42139006259677,conventional_hydroelectric
128,23,70.0557,conventional_hydroelectric
139,23,114.86430720000021,conventional_hydroelectric
110,23,0.0,conventional_steam_coal
41,23,0.0,conventional_steam_coal
3,23,0.0,conventional_steam_coal
36,23,0.0,conventional_steam_coal
85,23,0.0,conventional_steam_coal
28,23,0.0,geothermal
116,23,0.0,natural_gas_fired_combined_cycle
73,23,0.0,natural_gas_fired_combined_cycle
71,23,0.0,natural_gas_fired_combined_cycle
44,23,0.0,natural_gas_fired_combined_cycle
115,23,0.0,natural_gas_fired_combined_cycle
70,23,0.0,natural_gas_fired_combined_cycle
131,23,0.0,natural_gas_fired_combined_cycle
18,23,0.0,natural_gas_fired_combined_cycle
72,23,0.0,natural_gas_fired_combined_cycle
114,23,0.0,natural_gas_fired_combined_cycle
45,23,0.0,natural_gas_fired_combined_cycle
78,23,0.0,natural_gas_fired_combustion_turbine
75,23,0.0,natural_gas_fired_combustion_turbine
119,23,0.0,natural_gas_fired_combustion_turbine
117,23,0.0,natural_gas_fired_combustion_turbine
134,23,0.0,natural_gas_fired_combustion_turbine
103,23,0.0,natural_gas_fired_combustion_turbine
47,23,0.0,natural_gas_fired_combustion_turbine
8,23,0.0,natural_gas_fired_combustion_turbine
90,23,0.0,natural_gas_fired_combustion_turbine
60,23,0.0,natural_gas_fired_combustion_turbine
46,23,0.0,natural_gas_fired_combustion_turbine
37,23,0.0,natural_gas_fired_combustion_turbine
7,23,0.0,natural_gas_fired_combustion_turbine
133,23,0.0,natural_gas_fired_combustion_turbine
74,23,0.0,natural_gas_fired_combustion_turbine
20,23,0.0,natural_gas_fired_combustion_turbine
135,23,0.0,natural_gas_fired_combustion_turbine
142,23,0.0,natural_gas_fired_combustion_turbine
121,23,0.0,natural_gas_fired_combustion_turbine
91,23,0.0,natural_gas_fired_combustion_turbine
22,23,0.0,natural_gas_steam_turbine
123,23,0.0,natural_gas_steam_turbine
62,23,0.0,natural_gas_steam_turbine
49,23,0.0,natural_gas_steam_turbine
48,23,0.0,natural_gas_steam_turbine
21,23,0.0,natural_gas_steam_turbine
79,23,0.0,nuclear
10,23,659.92304,onshore_wind_turbine
23,23,8021.937,onshore_wind_turbine
31,23,1014.0481400000001,onshore_wind_turbine
38,23,3005.55255,onshore_wind_turbine
50,23,3380.5253999999995,onshore_wind_turbine
63,23,175.553560028,onshore_wind_turbine
80,23,3850.1727599999995,onshore_wind_turbine
94,23,11331.3018,onshore_wind_turbine
105,23,2263.5614386979983,onshore_wind_turbine
124,23,23834.715304015,onshore_wind_turbine
136,23,3894.5319000000004,onshore_wind_turbine
144,23,5279.37039,onshore_wind_turbine
11,23,0.0,small_hydroelectric
24,23,0.0,small_hydroelectric
32,23,0.0,small_hydroelectric
39,23,52.9,small_hydroelectric
51,23,0.0,small_hydroelectric
64,23,6.128,small_hydroelectric
81,23,241.672,small_hydroelectric
95,23,0.0,small_hydroelectric
106,23,0.0,small_hydroelectric
125,23,100.697,small_hydroelectric
137,23,36.822,small_hydroelectric
145,23,0.0,small_hydroelectric
12,23,0.0,solar_photovoltaic
25,23,0.0,solar_photovoltaic
33,23,0.0,solar_photovoltaic
52,23,0.0,solar_photovoltaic
65,23,0.0,solar_photovoltaic
82,23,0.0,solar_photovoltaic
96,23,0.0,solar_photovoltaic
107,23,0.0,solar_photovoltaic
126,23,0.0,solar_photovoltaic
138,23,0.0,solar_photovoltaic
26,24,0.0,biomass
13,24,0.0,biomass
108,24,0.0,biomass
40,24,0.0,biomass
97,24,0.0,biomass
1,24,0.0,biomass
66,24,0.0,biomass
2,24,0.0,conventional_hydroelectric
14,24,146.6719672,conventional_hydroelectric
27,24,549.9025523999978,conventional_hydroelectric
35,24,764.2704959999884,conventional_hydroelectric
54,24,690.1622640000098,conventional_hydroelectric
67,24,2341.460540401281,conventional_hydroelectric
84,24,8431.174215599887,conventional_hydroelectric
109,24,155.30599006259638,conventional_hydroelectric
128,24,70.07088,conventional_hydroelectric
139,24,115.19036159999999,conventional_hydroelectric
110,24,0.0,conventional_steam_coal
41,24,0.0,conventional_steam_coal
3,24,0.0,conventional_steam_coal
36,24,0.0,conventional_steam_coal
85,24,0.0,conventional_steam_coal
28,24,0.0,geothermal
116,24,0.0,natural_gas_fired_combined_cycle
73,24,0.0,natural_gas_fired_combined_cycle
71,24,0.0,natural_gas_fired_combined_cycle
44,24,0.0,natural_gas_fired_combined_cycle
115,24,0.0,natural_gas_fired_combined_cycle
70,24,0.0,natural_gas_fired_combined_cycle
131,24,0.0,natural_gas_fired_combined_cycle
18,24,0.0,natural_gas_fired_combined_cycle
72,24,0.0,natural_gas_fired_combined_cycle
114,24,0.0,natural_gas_fired_combined_cycle
45,24,0.0,natural_gas_fired_combined_cycle
78,24,0.0,natural_gas_fired_combustion_turbine
75,24,0.0,natural_gas_fired_combustion_turbine
119,24,0.0,natural_gas_fired_combustion_turbine
117,24,0.0,natural_gas_fired_combustion_turbine
134,24,0.0,natural_gas_fired_combustion_turbine
103,24,0.0,natural_gas_fired_combustion_turbine
47,24,0.0,natural_gas_fired_combustion_turbine
8,24,0.0,natural_gas_fired_combustion_turbine
90,24,0.0,natural_gas_fired_combustion_turbine
60,24,0.0,natural_gas_fired_combustion_turbine
46,24,0.0,natural_gas_fired_combustion_turbine
37,24,0.0,natural_gas_fired_combustion_turbine
7,24,0.0,natural_gas_fired_combustion_turbine
133,24,0.0,natural_gas_fired_combustion_turbine
74,24,0.0,natural_gas_fired_combustion_turbine
20,24,0.0,natural_gas_fired_combustion_turbine
135,24,0.0,natural_gas_fired_combustion_turbine
142,24,0.0,natural_gas_fired_combustion_turbine
121,24,0.0,natural_gas_fired_combustion_turbine
91,24,0.0,natural_gas_fired_combustion_turbine
22,24,0.0,natural_gas_steam_turbine
123,24,0.0,natural_gas_steam_turbine
62,24,0.0,natural_gas_steam_turbine
49,24,0.0,natural_gas_steam_turbine
48,24,0.0,natural_gas_steam_turbine
21,24,0.0,natural_gas_steam_turbine
79,24,0.0,nuclear
10,24,705.1306500000001,onshore_wind_turbine
23,24,9194.0156,onshore_wind_turbine
31,24,1540.0707700000003,onshore_wind_turbine
38,24,3961.5807,onshore_wind_turbine
50,24,3946.2045,onshore_wind_turbine
63,24,37.312800156799995,onshore_wind_turbine
80,24,2826.99144,onshore_wind_turbine
94,24,8021.723528600837,onshore_wind_turbine
105,24,2432.5037808959996,onshore_wind_turbine
124,24,24762.834733082604,onshore_wind_turbine
136,24,3287.41665,onshore_wind_turbine
144,24,4161.20796,onshore_wind_turbine
11,24,19.125,small_hydroelectric
24,24,62.577,small_hydroelectric
32,24,0.0,small_hydroelectric
39,24,0.0,small_hydroelectric
51,24,0.0,small_hydroelectric
64,24,0.0,small_hydroelectric
81,24,241.672,small_hydroelectric
95,24,418.922,small_hydroelectric
106,24,31.614,small_hydroelectric
125,24,0.0,small_hydroelectric
137,24,0.0,small_hydroelectric
145,24,33.21,small_hydroelectric
12,24,0.0,solar_photovoltaic
25,24,0.0,solar_photovoltaic
33,24,0.0,solar_photovoltaic
52,24,0.0,solar_photovoltaic
65,24,0.0,solar_photovoltaic
82,24,0.0,solar_photovoltaic
96,24,0.0,solar_photovoltaic
107,24,0.0,solar_photovoltaic
126,24,0.0,solar_photovoltaic
138,24,0.0,solar_photovoltaic
26,25,0.0,biomass
13,25,0.0,biomass
108,25,0.0,biomass
40,25,0.0,biomass
97,25,0.0,biomass
1,25,0.0,biomass
66,25,0.0,biomass
2,25,0.0,conventional_hydroelectric
14,25,107.62843519999987,conventional_hydroelectric
27,25,432.7819163999965,conventional_hydroelectric
35,25,556.9683679999849,conventional_hydroelectric
54,25,603.8919810000095,conventional_hydroelectric
67,25,2943.118761969438,conventional_hydroelectric
84,25,6019.777041599858,conventional_hydroelectric
109,25,39.4213900625962,conventional_hydroelectric
128,25,57.47148000000005,conventional_hydroelectric
139,25,95.85999359999997,conventional_hydroelectric
110,25,0.0,conventional_steam_coal
41,25,0.0,conventional_steam_coal
3,25,0.0,conventional_steam_coal
36,25,0.0,conventional_steam_coal
85,25,0.0,conventional_steam_coal
28,25,74.364,geothermal
116,25,0.0,natural_gas_fired_combined_cycle
73,25,0.0,natural_gas_fired_combined_cycle
71,25,0.0,natural_gas_fired_combined_cycle
44,25,0.0,natural_gas_fired_combined_cycle
115,25,0.0,natural_gas_fired_combined_cycle
70,25,0.0,natural_gas_fired_combined_cycle
131,25,0.0,natural_gas_fired_combined_cycle
18,25,0.0,natural_gas_fired_combined_cycle
72,25,0.0,natural_gas_fired_combined_cycle
114,25,0.0,natural_gas_fired_combined_cycle
45,25,0.0,natural_gas_fired_combined_cycle
78,25,0.0,natural_gas_fired_combustion_turbine
75,25,0.0,natural_gas_fired_combustion_turbine
119,25,0.0,natural_gas_fired_combustion_turbine
117,25,0.0,natural_gas_fired_combustion_turbine
134,25,0.0,natural_gas_fired_combustion_turbine
103,25,0.0,natural_gas_fired_combustion_turbine
47,25,0.0,natural_gas_fired_combustion_turbine
8,25,0.0,natural_gas_fired_combustion_turbine
90,25,0.0,natural_gas_fired_combustion_turbine
60,25,0.0,natural_gas_fired_combustion_turbine
46,25,0.0,natural_gas_fired_combustion_turbine
37,25,0.0,natural_gas_fired_combustion_turbine
7,25,0.0,natural_gas_fired_combustion_turbine
133,25,0.0,natural_gas_fired_combustion_turbine
74,25,0.0,natural_gas_fired_combustion_turbine
20,25,0.0,natural_gas_fired_combustion_turbine
135,25,0.0,natural_gas_fired_combustion_turbine
142,25,0.0,natural_gas_fired_combustion_turbine
121,25,0.0,natural_gas_fired_combustion_turbine
91,25,0.0,natural_gas_fired_combustion_turbine
22,25,0.0,natural_gas_steam_turbine
123,25,0.0,natural_gas_steam_turbine
62,25,0.0,natural_gas_steam_turbine
49,25,0.0,natural_gas_steam_turbine
48,25,0.0,natural_gas_steam_turbine
21,25,0.0,natural_gas_steam_turbine
79,25,0.0,nuclear
10,25,519.0770200000001,onshore_wind_turbine
23,25,10397.772,onshore_wind_turbine
31,25,2564.8056,onshore_wind_turbine
38,25,3922.38525,onshore_wind_turbine
50,25,3721.2877799999997,onshore_wind_turbine
63,25,48.649719776,onshore_wind_turbine
80,25,3679.1778799999993,onshore_wind_turbine
94,25,7848.425200000001,onshore_wind_turbine
105,25,2482.792338747,onshore_wind_turbine
124,25,23816.778802555204,onshore_wind_turbine
136,25,0.0,onshore_wind_turbine
144,25,2928.4176599999996,onshore_wind_turbine
11,25,19.125,small_hydroelectric
24,25,62.576999999999316,small_hydroelectric
32,25,192.0,small_hydroelectric
39,25,0.0,small_hydroelectric
51,25,25.641,small_hydroelectric
64,25,6.128,small_hydroelectric
81,25,241.672,small_hydroelectric
95,25,0.0,small_hydroelectric
106,25,31.614,small_hydroelectric
125,25,100.697,small_hydroelectric
137,25,36.822,small_hydroelectric
145,25,0.0,small_hydroelectric
12,25,0.0,solar_photovoltaic
25,25,0.0,solar_photovoltaic
33,25,0.0,solar_photovoltaic
52,25,0.0,solar_photovoltaic
65,25,0.0,solar_photovoltaic
82,25,0.0,solar_photovoltaic
96,25,0.0,solar_photovoltaic
107,25,0.0,solar_photovoltaic
126,25,0.0,solar_photovoltaic
138,25,0.0,solar_photovoltaic
26,26,0.0,biomass
13,26,0.0,biomass
108,26,0.0,biomass
40,26,0.0,biomass
97,26,0.0,biomass
1,26,0.0,biomass
66,26,0.0,biomass
2,26,229.28816400000142,conventional_hydroelectric
14,26,68.58490319999972,conventional_hydroelectric
27,26,315.66128039999444,conventional_hydroelectric
35,26,764.2704959999854,conventional_hydroelectric
54,26,517.6216980000092,conventional_hydroelectric
67,26,2942.07658589052,conventional_hydroelectric
84,26,8431.174215599842,conventional_hydroelectric
109,26,115.88460000000089,conventional_hydroelectric
128,26,44.87208000000009,conventional_hydroelectric
139,26,115.19036160000002,conventional_hydroelectric
110,26,0.0,conventional_steam_coal
41,26,0.0,conventional_steam_coal
3,26,0.0,conventional_steam_coal
36,26,0.0,conventional_steam_coal
85,26,0.0,conventional_steam_coal
28,26,74.364,geothermal
116,26,0.0,natural_gas_fired_combined_cycle
73,26,0.0,natural_gas_fired_combined_cycle
71,26,0.0,natural_gas_fired_combined_cycle
44,26,0.0,natural_gas_fired_combined_cycle
115,26,0.0,natural_gas_fired_combined_cycle
70,26,0.0,natural_gas_fired_combined_cycle
131,26,0.0,natural_gas_fired_combined_cycle
18,26,0.0,natural_gas_fired_combined_cycle
72,26,0.0,natural_gas_fired_combined_cycle
114,26,0.0,natural_gas_fired_combined_cycle
45,26,0.0,natural_gas_fired_combined_cycle
78,26,0.0,natural_gas_fired_combustion_turbine
75,26,0.0,natural_gas_fired_combustion_turbine
119,26,0.0,natural_gas_fired_combustion_turbine
117,26,0.0,natural_gas_fired_combustion_turbine
134,26,0.0,natural_gas_fired_combustion_turbine
103,26,0.0,natural_gas_fired_combustion_turbine
47,26,0.0,natural_gas_fired_combustion_turbine
8,26,0.0,natural_gas_fired_combustion_turbine
90,26,0.0,natural_gas_fired_combustion_turbine
60,26,0.0,natural_gas_fired_combustion_turbine
46,26,0.0,natural_gas_fired_combustion_turbine
37,26,0.0,natural_gas_fired_combustion_turbine
7,26,0.0,natural_gas_fired_combustion_turbine
133,26,0.0,natural_gas_fired_combustion_turbine
74,26,0.0,natural_gas_fired_combustion_turbine
20,26,0.0,natural_gas_fired_combustion_turbine
135,26,0.0,natural_gas_fired_combustion_turbine
142,26,0.0,natural_gas_fired_combustion_turbine
121,26,0.0,natural_gas_fired_combustion_turbine
91,26,0.0,natural_gas_fired_combustion_turbine
22,26,0.0,natural_gas_steam_turbine
123,26,0.0,natural_gas_steam_turbine
62,26,0.0,natural_gas_steam_turbine
49,26,0.0,natural_gas_steam_turbine
48,26,0.0,natural_gas_steam_turbine
21,26,0.0,natural_gas_steam_turbine
79,26,0.0,nuclear
10,26,0.0,onshore_wind_turbine
23,26,8888.483007125278,onshore_wind_turbine
31,26,2878.28184,onshore_wind_turbine
38,26,3647.44905,onshore_wind_turbine
50,26,3524.1469199999997,onshore_wind_turbine
63,26,0.0,onshore_wind_turbine
80,26,3380.8661599999996,onshore_wind_turbine
94,26,7907.2699999999995,onshore_wind_turbine
105,26,0.0,onshore_wind_turbine
124,26,24157.955298184403,onshore_wind_turbine
136,26,3044.5705500000004,onshore_wind_turbine
144,26,0.0,onshore_wind_turbine
11,26,19.125,small_hydroelectric
24,26,62.577,small_hydroelectric
32,26,192.0,small_hydroelectric
39,26,52.9,small_hydroelectric
51,26,25.641,small_hydroelectric
64,26,0.0,small_hydroelectric
81,26,0.0,small_hydroelectric
95,26,418.922,small_hydroelectric
106,26,31.614,small_hydroelectric
125,26,100.697,small_hydroelectric
137,26,0.0,small_hydroelectric
145,26,33.21,small_hydroelectric
12,26,0.0,solar_photovoltaic
25,26,0.0,solar_photovoltaic
33,26,0.0,solar_photovoltaic
52,26,0.0,solar_photovoltaic
65,26,0.0,solar_photovoltaic
82,26,0.0,solar_photovoltaic
96,26,0.0,solar_photovoltaic
107,26,0.0,solar_photovoltaic
126,26,0.0,solar_photovoltaic
138,26,0.0,solar_photovoltaic
26,27,0.0,biomass
13,27,0.0,biomass
108,27,0.0,biomass
40,27,0.0,biomass
97,27,0.0,biomass
1,27,0.0,biomass
66,27,0.0,biomass
2,27,0.0,conventional_hydroelectric
14,27,107.3932332000002,conventional_hydroelectric
27,27,198.54064439999308,conventional_hydroelectric
35,27,556.9683679999849,conventional_hydroelectric
54,27,431.35141500000896,conventional_hydroelectric
67,27,2338.334004890521,conventional_hydroelectric
84,27,10842.571389599821,conventional_hydroelectric
109,27,0.0,conventional_hydroelectric
128,27,57.47148000000021,conventional_hydroelectric
139,27,134.52072960000004,conventional_hydroelectric
110,27,0.0,conventional_steam_coal
41,27,0.0,conventional_steam_coal
3,27,0.0,conventional_steam_coal
36,27,0.0,conventional_steam_coal
85,27,0.0,conventional_steam_coal
28,27,0.0,geothermal
116,27,0.0,natural_gas_fired_combined_cycle
73,27,0.0,natural_gas_fired_combined_cycle
71,27,0.0,natural_gas_fired_combined_cycle
44,27,0.0,natural_gas_fired_combined_cycle
115,27,0.0,natural_gas_fired_combined_cycle
70,27,0.0,natural_gas_fired_combined_cycle
131,27,0.0,natural_gas_fired_combined_cycle
18,27,0.0,natural_gas_fired_combined_cycle
72,27,0.0,natural_gas_fired_combined_cycle
114,27,0.0,natural_gas_fired_combined_cycle
45,27,0.0,natural_gas_fired_combined_cycle
78,27,0.0,natural_gas_fired_combustion_turbine
75,27,0.0,natural_gas_fired_combustion_turbine
119,27,0.0,natural_gas_fired_combustion_turbine
117,27,0.0,natural_gas_fired_combustion_turbine
134,27,0.0,natural_gas_fired_combustion_turbine
103,27,0.0,natural_gas_fired_combustion_turbine
47,27,0.0,natural_gas_fired_combustion_turbine
8,27,0.0,natural_gas_fired_combustion_turbine
90,27,0.0,natural_gas_fired_combustion_turbine
60,27,0.0,natural_gas_fired_combustion_turbine
46,27,0.0,natural_gas_fired_combustion_turbine
37,27,0.0,natural_gas_fired_combustion_turbine
7,27,0.0,natural_gas_fired_combustion_turbine
133,27,0.0,natural_gas_fired_combustion_turbine
74,27,0.0,natural_gas_fired_combustion_turbine
20,27,0.0,natural_gas_fired_combustion_turbine
135,27,0.0,natural_gas_fired_combustion_turbine
142,27,0.0,natural_gas_fired_combustion_turbine
121,27,0.0,natural_gas_fired_combustion_turbine
91,27,0.0,natural_gas_fired_combustion_turbine
22,27,0.0,natural_gas_steam_turbine
123,27,0.0,natural_gas_steam_turbine
62,27,0.0,natural_gas_steam_turbine
49,27,0.0,natural_gas_steam_turbine
48,27,0.0,natural_gas_steam_turbine
21,27,0.0,natural_gas_steam_turbine
79,27,0.0,nuclear
10,27,0.0,onshore_wind_turbine
23,27,9566.6956,onshore_wind_turbine
31,27,0.0,onshore_wind_turbine
38,27,3521.91,onshore_wind_turbine
50,27,2844.6545399999995,onshore_wind_turbine
63,27,0.0,onshore_wind_turbine
80,27,2727.5541999999996,onshore_wind_turbine
94,27,5193.053599999999,onshore_wind_turbine
105,27,2000.621104927669,onshore_wind_turbine
124,27,24057.870680382006,onshore_wind_turbine
136,27,0.0,onshore_wind_turbine
144,27,5649.207479999999,onshore_wind_turbine
11,27,0.0,small_hydroelectric
24,27,0.0,small_hydroelectric
32,27,0.0,small_hydroelectric
39,27,0.0,small_hydroelectric
51,27,25.641,small_hydroelectric
64,27,6.128,small_hydroelectric
81,27,0.0,small_hydroelectric
95,27,418.922,small_hydroelectric
106,27,0.0,small_hydroelectric
125,27,0.0,small_hydroelectric
137,27,0.0,small_hydroelectric
145,27,0.0,small_hydroelectric
12,27,0.0,solar_photovoltaic
25,27,0.0,solar_photovoltaic
33,27,0.0,solar_photovoltaic
52,27,0.0,solar_photovoltaic
65,27,0.0,solar_photovoltaic
82,27,0.0,solar_photovoltaic
96,27,0.0,solar_photovoltaic
107,27,0.0,solar_photovoltaic
126,27,0.0,solar_photovoltaic
138,27,0.0,solar_photovoltaic
26,28,0.0,biomass
13,28,0.0,biomass
108,28,0.0,biomass
40,28,0.0,biomass
97,28,0.0,biomass
1,28,0.0,biomass
66,28,0.0,biomass
2,28,0.0,conventional_hydroelectric
14,28,146.4367652000002,conventional_hydroelectric
27,28,81.42000839999105,conventional_hydroelectric
35,28,349.6662399999759,conventional_hydroelectric
54,28,345.08113200000867,conventional_hydroelectric
67,28,2940.667159746186,conventional_hydroelectric
84,28,8431.174215599782,conventional_hydroelectric
109,28,115.8845999999998,conventional_hydroelectric
128,28,44.87208000000026,conventional_hydroelectric
139,28,153.85109759999997,conventional_hydroelectric
110,28,0.0,conventional_steam_coal
41,28,0.0,conventional_steam_coal
3,28,0.0,conventional_steam_coal
36,28,0.0,conventional_steam_coal
85,28,0.0,conventional_steam_coal
28,28,74.364,geothermal
116,28,0.0,natural_gas_fired_combined_cycle
73,28,0.0,natural_gas_fired_combined_cycle
71,28,0.0,natural_gas_fired_combined_cycle
44,28,0.0,natural_gas_fired_combined_cycle
115,28,0.0,natural_gas_fired_combined_cycle
70,28,0.0,natural_gas_fired_combined_cycle
131,28,0.0,natural_gas_fired_combined_cycle
18,28,0.0,natural_gas_fired_combined_cycle
72,28,0.0,natural_gas_fired_combined_cycle
114,28,0.0,natural_gas_fired_combined_cycle
45,28,0.0,natural_gas_fired_combined_cycle
78,28,0.0,natural_gas_fired_combustion_turbine
75,28,0.0,natural_gas_fired_combustion_turbine
119,28,0.0,natural_gas_fired_combustion_turbine
117,28,0.0,natural_gas_fired_combustion_turbine
134,28,0.0,natural_gas_fired_combustion_turbine
103,28,0.0,natural_gas_fired_combustion_turbine
47,28,0.0,natural_gas_fired_combustion_turbine
8,28,0.0,natural_gas_fired_combustion_turbine
90,28,0.0,natural_gas_fired_combustion_turbine
60,28,0.0,natural_gas_fired_combustion_turbine
46,28,0.0,natural_gas_fired_combustion_turbine
37,28,0.0,natural_gas_fired_combustion_turbine
7,28,0.0,natural_gas_fired_combustion_turbine
133,28,0.0,natural_gas_fired_combustion_turbine
74,28,0.0,natural_gas_fired_combustion_turbine
20,28,0.0,natural_gas_fired_combustion_turbine
135,28,0.0,natural_gas_fired_combustion_turbine
142,28,0.0,natural_gas_fired_combustion_turbine
121,28,0.0,natural_gas_fired_combustion_turbine
91,28,0.0,natural_gas_fired_combustion_turbine
22,28,0.0,natural_gas_steam_turbine
123,28,0.0,natural_gas_steam_turbine
62,28,0.0,natural_gas_steam_turbine
49,28,0.0,natural_gas_steam_turbine
48,28,0.0,natural_gas_steam_turbine
21,28,0.0,natural_gas_steam_turbine
79,28,0.0,nuclear
10,28,424.15905000000004,onshore_wind_turbine
23,28,8774.7506,onshore_wind_turbine
31,28,2238.26785,onshore_wind_turbine
38,28,3568.4901,onshore_wind_turbine
50,28,2909.0132399999998,onshore_wind_turbine
63,28,131.5050801904,onshore_wind_turbine
80,28,2525.8917599999995,onshore_wind_turbine
94,28,4005.1241999999997,onshore_wind_turbine
105,28,0.0,onshore_wind_turbine
124,28,23968.301351779402,onshore_wind_turbine
136,28,1949.0648100000003,onshore_wind_turbine
144,28,6125.02128,onshore_wind_turbine
11,28,19.125,small_hydroelectric
24,28,0.0,small_hydroelectric
32,28,0.0,small_hydroelectric
39,28,52.9,small_hydroelectric
51,28,25.641,small_hydroelectric
64,28,0.0,small_hydroelectric
81,28,241.672,small_hydroelectric
95,28,418.922,small_hydroelectric
106,28,31.614,small_hydroelectric
125,28,100.697,small_hydroelectric
137,28,36.822,small_hydroelectric
145,28,0.0,small_hydroelectric
12,28,0.0,solar_photovoltaic
25,28,0.0,solar_photovoltaic
33,28,0.0,solar_photovoltaic
52,28,0.0,solar_photovoltaic
65,28,0.0,solar_photovoltaic
82,28,0.0,solar_photovoltaic
96,28,0.0,solar_photovoltaic
107,28,0.0,solar_photovoltaic
126,28,0.0,solar_photovoltaic
138,28,0.0,solar_photovoltaic
26,29,0.0,biomass
13,29,0.0,biomass
108,29,0.0,biomass
40,29,0.0,biomass
97,29,0.0,biomass
1,29,0.0,biomass
66,29,0.0,biomass
2,29,229.2881639999996,conventional_hydroelectric
14,29,107.39323320000005,conventional_hydroelectric
27,29,198.54064439999138,conventional_hydroelectric
35,29,556.9683679999748,conventional_hydroelectric
54,29,258.8108490000046,conventional_hydroelectric
67,29,2336.924578746186,conventional_hydroelectric
84,29,6019.777041599777,conventional_hydroelectric
109,29,0.0,conventional_hydroelectric
128,29,57.47148000000037,conventional_hydroelectric
139,29,134.52072960000004,conventional_hydroelectric
110,29,0.0,conventional_steam_coal
41,29,0.0,conventional_steam_coal
3,29,0.0,conventional_steam_coal
36,29,0.0,conventional_steam_coal
85,29,0.0,conventional_steam_coal
28,29,74.364,geothermal
116,29,0.0,natural_gas_fired_combined_cycle
73,29,0.0,natural_gas_fired_combined_cycle
71,29,0.0,natural_gas_fired_combined_cycle
44,29,0.0,natural_gas_fired_combined_cycle
115,29,0.0,natural_gas_fired_combined_cycle
70,29,0.0,natural_gas_fired_combined_cycle
131,29,0.0,natural_gas_fired_combined_cycle
18,29,0.0,natural_gas_fired_combined_cycle
72,29,0.0,natural_gas_fired_combined_cycle
114,29,0.0,natural_gas_fired_combined_cycle
45,29,0.0,natural_gas_fired_combined_cycle
78,29,0.0,natural_gas_fired_combustion_turbine
75,29,0.0,natural_gas_fired_combustion_turbine
119,29,0.0,natural_gas_fired_combustion_turbine
117,29,0.0,natural_gas_fired_combustion_turbine
134,29,0.0,natural_gas_fired_combustion_turbine
103,29,0.0,natural_gas_fired_combustion_turbine
47,29,0.0,natural_gas_fired_combustion_turbine
8,29,0.0,natural_gas_fired_combustion_turbine
90,29,0.0,natural_gas_fired_combustion_turbine
60,29,0.0,natural_gas_fired_combustion_turbine
46,29,0.0,natural_gas_fired_combustion_turbine
37,29,0.0,natural_gas_fired_combustion_turbine
7,29,0.0,natural_gas_fired_combustion_turbine
133,29,0.0,natural_gas_fired_combustion_turbine
74,29,0.0,natural_gas_fired_combustion_turbine
20,29,0.0,natural_gas_fired_combustion_turbine
135,29,0.0,natural_gas_fired_combustion_turbine
142,29,0.0,natural_gas_fired_combustion_turbine
121,29,0.0,natural_gas_fired_combustion_turbine
91,29,0.0,natural_gas_fired_combustion_turbine
22,29,0.0,natural_gas_steam_turbine
123,29,0.0,natural_gas_steam_turbine
62,29,0.0,natural_gas_steam_turbine
49,29,0.0,natural_gas_steam_turbine
48,29,0.0,natural_gas_steam_turbine
21,29,0.0,natural_gas_steam_turbine
79,29,0.0,nuclear
10,29,356.97802,onshore_wind_turbine
23,29,6195.805,onshore_wind_turbine
31,29,3277.2516000000005,onshore_wind_turbine
38,29,3607.68555,onshore_wind_turbine
50,29,2752.5199799999996,onshore_wind_turbine
63,29,0.0,onshore_wind_turbine
80,29,1897.6714399999996,onshore_wind_turbine
94,29,7925.659,onshore_wind_turbine
105,29,2477.8186984110002,onshore_wind_turbine
124,29,24137.489035552204,onshore_wind_turbine
136,29,1823.1780374908558,onshore_wind_turbine
144,29,7615.18359,onshore_wind_turbine
11,29,19.125,small_hydroelectric
24,29,0.0,small_hydroelectric
32,29,192.0,small_hydroelectric
39,29,0.0,small_hydroelectric
51,29,25.641,small_hydroelectric
64,29,6.128,small_hydroelectric
81,29,0.0,small_hydroelectric
95,29,0.0,small_hydroelectric
106,29,0.0,small_hydroelectric
125,29,0.0,small_hydroelectric
137,29,0.0,small_hydroelectric
145,29,0.0,small_hydroelectric
12,29,0.0,solar_photovoltaic
25,29,656.5206199999999,solar_photovoltaic
33,29,0.0,solar_photovoltaic
52,29,0.0,solar_photovoltaic
65,29,0.0,solar_photovoltaic
82,29,0.0,solar_photovoltaic
96,29,0.0,solar_photovoltaic
107,29,0.0,solar_photovoltaic
126,29,0.0,solar_photovoltaic
138,29,0.0,solar_photovoltaic
26,30,0.0,biomass
13,30,0.0,biomass
108,30,0.0,biomass
40,30,0.0,biomass
97,30,0.0,biomass
1,30,0.0,biomass
66,30,0.0,biomass
2,30,0.0,conventional_hydroelectric
14,30,146.4367652,conventional_hydroelectric
27,30,117.12063600000039,conventional_hydroelectric
35,30,414.60425600000144,conventional_hydroelectric
54,30,172.54056600000405,conventional_hydroelectric
67,30,1733.181997746186,conventional_hydroelectric
84,30,3608.3798675997714,conventional_hydroelectric
109,30,115.88460000000089,conventional_hydroelectric
128,30,70.07088000000047,conventional_hydroelectric
139,30,115.19036159999999,conventional_hydroelectric
110,30,0.0,conventional_steam_coal
41,30,0.0,conventional_steam_coal
3,30,0.0,conventional_steam_coal
36,30,0.0,conventional_steam_coal
85,30,0.0,conventional_steam_coal
28,30,74.364,geothermal
116,30,0.0,natural_gas_fired_combined_cycle
73,30,0.0,natural_gas_fired_combined_cycle
71,30,0.0,natural_gas_fired_combined_cycle
44,30,0.0,natural_gas_fired_combined_cycle
115,30,0.0,natural_gas_fired_combined_cycle
70,30,0.0,natural_gas_fired_combined_cycle
131,30,0.0,natural_gas_fired_combined_cycle
18,30,0.0,natural_gas_fired_combined_cycle
72,30,0.0,natural_gas_fired_combined_cycle
114,30,0.0,natural_gas_fired_combined_cycle
45,30,0.0,natural_gas_fired_combined_cycle
78,30,0.0,natural_gas_fired_combustion_turbine
75,30,0.0,natural_gas_fired_combustion_turbine
119,30,0.0,natural_gas_fired_combustion_turbine
117,30,0.0,natural_gas_fired_combustion_turbine
134,30,0.0,natural_gas_fired_combustion_turbine
103,30,0.0,natural_gas_fired_combustion_turbine
47,30,0.0,natural_gas_fired_combustion_turbine
8,30,0.0,natural_gas_fired_combustion_turbine
90,30,0.0,natural_gas_fired_combustion_turbine
60,30,0.0,natural_gas_fired_combustion_turbine
46,30,0.0,natural_gas_fired_combustion_turbine
37,30,0.0,natural_gas_fired_combustion_turbine
7,30,0.0,natural_gas_fired_combustion_turbine
133,30,0.0,natural_gas_fired_combustion_turbine
74,30,0.0,natural_gas_fired_combustion_turbine
20,30,0.0,natural_gas_fired_combustion_turbine
135,30,0.0,natural_gas_fired_combustion_turbine
142,30,0.0,natural_gas_fired_combustion_turbine
121,30,0.0,natural_gas_fired_combustion_turbine
91,30,0.0,natural_gas_fired_combustion_turbine
22,30,0.0,natural_gas_steam_turbine
123,30,0.0,natural_gas_steam_turbine
62,30,0.0,natural_gas_steam_turbine
49,30,0.0,natural_gas_steam_turbine
48,30,0.0,natural_gas_steam_turbine
21,30,0.0,natural_gas_steam_turbine
79,30,0.0,nuclear
10,30,170.20395000000002,onshore_wind_turbine
23,30,4241.0984,onshore_wind_turbine
31,30,3806.83646,onshore_wind_turbine
38,30,2601.10095,onshore_wind_turbine
50,30,2348.75382,onshore_wind_turbine
63,30,244.16839991039998,onshore_wind_turbine
80,30,1265.1628009598207,onshore_wind_turbine
94,30,8789.942,onshore_wind_turbine
105,30,2651.338620462,onshore_wind_turbine
124,30,25011.046628521806,onshore_wind_turbine
136,30,1927.4784900000002,onshore_wind_turbine
144,30,8605.741409999999,onshore_wind_turbine
11,30,19.125,small_hydroelectric
24,30,62.577,small_hydroelectric
32,30,192.0,small_hydroelectric
39,30,0.0,small_hydroelectric
51,30,0.0,small_hydroelectric
64,30,0.0,small_hydroelectric
81,30,241.672,small_hydroelectric
95,30,418.922,small_hydroelectric
106,30,31.614,small_hydroelectric
125,30,100.697,small_hydroelectric
137,30,36.822,small_hydroelectric
145,30,33.21,small_hydroelectric
12,30,0.0,solar_photovoltaic
25,30,1611.22192,solar_photovoltaic
33,30,0.0,solar_photovoltaic
52,30,2387.33572,solar_photovoltaic
65,30,0.0,solar_photovoltaic
82,30,2514.80033,solar_photovoltaic
96,30,149.28088,solar_photovoltaic
107,30,0.0,solar_photovoltaic
126,30,0.0,solar_photovoltaic
138,30,1406.8154099999997,solar_photovoltaic
26,31,0.0,biomass
13,31,0.0,biomass
108,31,0.0,biomass
40,31,0.0,biomass
97,31,0.0,biomass
1,31,0.0,biomass
66,31,0.0,biomass
2,31,0.0,conventional_hydroelectric
14,31,146.4367652,conventional_hydroelectric
27,31,0.0,conventional_hydroelectric
35,31,207.3021280000005,conventional_hydroelectric
54,31,86.27028300000191,conventional_hydroelectric
67,31,2336.924578746186,conventional_hydroelectric
84,31,1196.9826935997662,conventional_hydroelectric
109,31,0.0,conventional_hydroelectric
128,31,57.47148000000045,conventional_hydroelectric
139,31,95.85999359999994,conventional_hydroelectric
110,31,0.0,conventional_steam_coal
41,31,0.0,conventional_steam_coal
3,31,0.0,conventional_steam_coal
36,31,0.0,conventional_steam_coal
85,31,0.0,conventional_steam_coal
28,31,0.0,geothermal
116,31,0.0,natural_gas_fired_combined_cycle
73,31,0.0,natural_gas_fired_combined_cycle
71,31,0.0,natural_gas_fired_combined_cycle
44,31,0.0,natural_gas_fired_combined_cycle
115,31,0.0,natural_gas_fired_combined_cycle
70,31,0.0,natural_gas_fired_combined_cycle
131,31,0.0,natural_gas_fired_combined_cycle
18,31,0.0,natural_gas_fired_combined_cycle
72,31,0.0,natural_gas_fired_combined_cycle
114,31,0.0,natural_gas_fired_combined_cycle
45,31,0.0,natural_gas_fired_combined_cycle
78,31,0.0,natural_gas_fired_combustion_turbine
75,31,0.0,natural_gas_fired_combustion_turbine
119,31,0.0,natural_gas_fired_combustion_turbine
117,31,0.0,natural_gas_fired_combustion_turbine
134,31,0.0,natural_gas_fired_combustion_turbine
103,31,0.0,natural_gas_fired_combustion_turbine
47,31,0.0,natural_gas_fired_combustion_turbine
8,31,0.0,natural_gas_fired_combustion_turbine
90,31,0.0,natural_gas_fired_combustion_turbine
60,31,0.0,natural_gas_fired_combustion_turbine
46,31,0.0,natural_gas_fired_combustion_turbine
37,31,0.0,natural_gas_fired_combustion_turbine
7,31,0.0,natural_gas_fired_combustion_turbine
133,31,0.0,natural_gas_fired_combustion_turbine
74,31,0.0,natural_gas_fired_combustion_turbine
20,31,0.0,natural_gas_fired_combustion_turbine
135,31,0.0,natural_gas_fired_combustion_turbine
142,31,0.0,natural_gas_fired_combustion_turbine
121,31,0.0,natural_gas_fired_combustion_turbine
91,31,0.0,natural_gas_fired_combustion_turbine
22,31,0.0,natural_gas_steam_turbine
123,31,0.0,natural_gas_steam_turbine
62,31,0.0,natural_gas_steam_turbine
49,31,0.0,natural_gas_steam_turbine
48,31,0.0,natural_gas_steam_turbine
21,31,0.0,natural_gas_steam_turbine
79,31,0.0,nuclear
10,31,102.84281,onshore_wind_turbine
23,31,3626.1764,onshore_wind_turbine
31,31,4057.37997,onshore_wind_turbine
38,31,0.0,onshore_wind_turbine
50,31,0.0,onshore_wind_turbine
63,31,0.0,onshore_wind_turbine
80,31,2629.9755999999993,onshore_wind_turbine
94,31,5233.5094,onshore_wind_turbine
105,31,0.0,onshore_wind_turbine
124,31,24417.349171430604,onshore_wind_turbine
136,31,985.7752800000002,onshore_wind_turbine
144,31,0.0,onshore_wind_turbine
11,31,0.0,small_hydroelectric
24,31,0.0,small_hydroelectric
32,31,0.0,small_hydroelectric
39,31,52.9,small_hydroelectric
51,31,25.641,small_hydroelectric
64,31,6.128,small_hydroelectric
81,31,241.672,small_hydroelectric
95,31,0.0,small_hydroelectric
106,31,31.614,small_hydroelectric
125,31,0.0,small_hydroelectric
137,31,0.0,small_hydroelectric
145,31,0.0,small_hydroelectric
12,31,0.0,solar_photovoltaic
25,31,0.0,solar_photovoltaic
33,31,190.46042235223467,solar_photovoltaic
52,31,3697.813,solar_photovoltaic
65,31,8497.7340638477,solar_photovoltaic
82,31,6994.22745,solar_photovoltaic
96,31,0.0,solar_photovoltaic
107,31,0.0,solar_photovoltaic
126,31,15503.796850223498,solar_photovoltaic
138,31,2346.9754,solar_photovoltaic
26,32,0.0,biomass
13,32,0.0,biomass
108,32,0.0,biomass
40,32,0.0,biomass
97,32,0.0,biomass
1,32,0.0,biomass
66,32,0.0,biomass
2,32,0.0,conventional_hydroelectric
14,32,107.39323320000005,conventional_hydroelectric
27,32,117.12063600000042,conventional_hydroelectric
35,32,0.0,conventional_hydroelectric
54,32,0.0,conventional_hydroelectric
67,32,1734.5914238905127,conventional_hydroelectric
84,32,3608.379867599777,conventional_hydroelectric
109,32,115.88460000000075,conventional_hydroelectric
128,32,44.87208000000042,conventional_hydroelectric
139,32,76.97212799999879,conventional_hydroelectric
110,32,0.0,conventional_steam_coal
41,32,0.0,conventional_steam_coal
3,32,0.0,conventional_steam_coal
36,32,0.0,conventional_steam_coal
85,32,0.0,conventional_steam_coal
28,32,51.011474601118834,geothermal
116,32,0.0,natural_gas_fired_combined_cycle
73,32,0.0,natural_gas_fired_combined_cycle
71,32,0.0,natural_gas_fired_combined_cycle
44,32,0.0,natural_gas_fired_combined_cycle
115,32,0.0,natural_gas_fired_combined_cycle
70,32,0.0,natural_gas_fired_combined_cycle
131,32,0.0,natural_gas_fired_combined_cycle
18,32,0.0,natural_gas_fired_combined_cycle
72,32,0.0,natural_gas_fired_combined_cycle
114,32,0.0,natural_gas_fired_combined_cycle
45,32,0.0,natural_gas_fired_combined_cycle
78,32,0.0,natural_gas_fired_combustion_turbine
75,32,0.0,natural_gas_fired_combustion_turbine
119,32,0.0,natural_gas_fired_combustion_turbine
117,32,0.0,natural_gas_fired_combustion_turbine
134,32,0.0,natural_gas_fired_combustion_turbine
103,32,0.0,natural_gas_fired_combustion_turbine
47,32,0.0,natural_gas_fired_combustion_turbine
8,32,0.0,natural_gas_fired_combustion_turbine
90,32,0.0,natural_gas_fired_combustion_turbine
60,32,0.0,natural_gas_fired_combustion_turbine
46,32,0.0,natural_gas_fired_combustion_turbine
37,32,0.0,natural_gas_fired_combustion_turbine
7,32,0.0,natural_gas_fired_combustion_turbine
133,32,0.0,natural_gas_fired_combustion_turbine
74,32,0.0,natural_gas_fired_combustion_turbine
20,32,0.0,natural_gas_fired_combustion_turbine
135,32,0.0,natural_gas_fired_combustion_turbine
142,32,0.0,natural_gas_fired_combustion_turbine
121,32,0.0,natural_gas_fired_combustion_turbine
91,32,0.0,natural_gas_fired_combustion_turbine
22,32,0.0,natural_gas_steam_turbine
123,32,0.0,natural_gas_steam_turbine
62,32,0.0,natural_gas_steam_turbine
49,32,0.0,natural_gas_steam_turbine
48,32,0.0,natural_gas_steam_turbine
21,32,0.0,natural_gas_steam_turbine
79,32,0.0,nuclear
10,32,16.93034,onshore_wind_turbine
23,32,722.9992,onshore_wind_turbine
31,32,0.0,onshore_wind_turbine
38,32,1940.4588,onshore_wind_turbine
50,32,670.00794,onshore_wind_turbine
63,32,0.0,onshore_wind_turbine
80,32,2050.0799199999997,onshore_wind_turbine
94,32,3412.9984,onshore_wind_turbine
105,32,2033.9331589709998,onshore_wind_turbine
124,32,22074.672354411603,onshore_wind_turbine
136,32,444.31842000000006,onshore_wind_turbine
144,32,0.0,onshore_wind_turbine
11,32,0.0,small_hydroelectric
24,32,0.0,small_hydroelectric
32,32,192.0,small_hydroelectric
39,32,0.0,small_hydroelectric
51,32,25.641,small_hydroelectric
64,32,0.0,small_hydroelectric
81,32,0.0,small_hydroelectric
95,32,0.0,small_hydroelectric
106,32,0.0,small_hydroelectric
125,32,0.0,small_hydroelectric
137,32,0.0,small_hydroelectric
145,32,33.21,small_hydroelectric
12,32,7521.3495,solar_photovoltaic
25,32,2667.1850799999997,solar_photovoltaic
33,32,0.0,solar_photovoltaic
52,32,4615.70004,solar_photovoltaic
65,32,0.0,solar_photovoltaic
82,32,10336.239060000002,solar_photovoltaic
96,32,623.86478,solar_photovoltaic
107,32,0.0,solar_photovoltaic
126,32,22977.601203325998,solar_photovoltaic
138,32,0.0,solar_photovoltaic
26,33,0.0,biomass
13,33,0.0,biomass
108,33,0.0,biomass
40,33,0.0,biomass
97,33,0.0,biomass
1,33,0.0,biomass
66,33,0.0,biomass
2,33,0.0,conventional_hydroelectric
14,33,68.3497011999999,conventional_hydroelectric
27,33,0.0,conventional_hydroelectric
35,33,207.30212800000072,conventional_hydroelectric
54,33,86.27028300000191,conventional_hydroelectric
67,33,1730.67793538445,conventional_hydroelectric
84,33,4914.639270408366,conventional_hydroelectric
109,33,0.0,conventional_hydroelectric
128,33,32.27268000000039,conventional_hydroelectric
139,33,96.30249599999905,conventional_hydroelectric
110,33,0.0,conventional_steam_coal
41,33,0.0,conventional_steam_coal
3,33,0.0,conventional_steam_coal
36,33,0.0,conventional_steam_coal
85,33,0.0,conventional_steam_coal
28,33,74.364,geothermal
116,33,0.0,natural_gas_fired_combined_cycle
73,33,0.0,natural_gas_fired_combined_cycle
71,33,0.0,natural_gas_fired_combined_cycle
44,33,0.0,natural_gas_fired_combined_cycle
115,33,0.0,natural_gas_fired_combined_cycle
70,33,0.0,natural_gas_fired_combined_cycle
131,33,0.0,natural_gas_fired_combined_cycle
18,33,0.0,natural_gas_fired_combined_cycle
72,33,0.0,natural_gas_fired_combined_cycle
114,33,0.0,natural_gas_fired_combined_cycle
45,33,0.0,natural_gas_fired_combined_cycle
78,33,0.0,natural_gas_fired_combustion_turbine
75,33,0.0,natural_gas_fired_combustion_turbine
119,33,0.0,natural_gas_fired_combustion_turbine
117,33,0.0,natural_gas_fired_combustion_turbine
134,33,0.0,natural_gas_fired_combustion_turbine
103,33,0.0,natural_gas_fired_combustion_turbine
47,33,0.0,natural_gas_fired_combustion_turbine
8,33,0.0,natural_gas_fired_combustion_turbine
90,33,0.0,natural_gas_fired_combustion_turbine
60,33,0.0,natural_gas_fired_combustion_turbine
46,33,0.0,natural_gas_fired_combustion_turbine
37,33,0.0,natural_gas_fired_combustion_turbine
7,33,0.0,natural_gas_fired_combustion_turbine
133,33,0.0,natural_gas_fired_combustion_turbine
74,33,0.0,natural_gas_fired_combustion_turbine
20,33,0.0,natural_gas_fired_combustion_turbine
135,33,0.0,natural_gas_fired_combustion_turbine
142,33,0.0,natural_gas_fired_combustion_turbine
121,33,0.0,natural_gas_fired_combustion_turbine
91,33,0.0,natural_gas_fired_combustion_turbine
22,33,0.0,natural_gas_steam_turbine
123,33,0.0,natural_gas_steam_turbine
62,33,0.0,natural_gas_steam_turbine
49,33,0.0,natural_gas_steam_turbine
48,33,0.0,natural_gas_steam_turbine
21,33,0.0,natural_gas_steam_turbine
79,33,0.0,nuclear
10,33,10.986710000000002,onshore_wind_turbine
23,33,290.6904,onshore_wind_turbine
31,33,2497.12323,onshore_wind_turbine
38,33,1190.2242970853817,onshore_wind_turbine
50,33,390.89441999999997,onshore_wind_turbine
63,33,52.0674001792,onshore_wind_turbine
80,33,1006.4535599999998,onshore_wind_turbine
94,33,3788.134,onshore_wind_turbine
105,33,907.774559139,onshore_wind_turbine
124,33,17676.293247674603,onshore_wind_turbine
136,33,0.0,onshore_wind_turbine
144,33,7357.81158,onshore_wind_turbine
11,33,0.0,small_hydroelectric
24,33,0.0,small_hydroelectric
32,33,192.0,small_hydroelectric
39,33,0.0,small_hydroelectric
51,33,0.0,small_hydroelectric
64,33,6.128,small_hydroelectric
81,33,0.0,small_hydroelectric
95,33,418.922,small_hydroelectric
106,33,0.0,small_hydroelectric
125,33,100.697,small_hydroelectric
137,33,0.0,small_hydroelectric
145,33,33.21,small_hydroelectric
12,33,8901.32292,solar_photovoltaic
25,33,2769.9415799999992,solar_photovoltaic
33,33,1189.5698499999999,solar_photovoltaic
52,33,4911.52508,solar_photovoltaic
65,33,0.0,solar_photovoltaic
82,33,12665.697240000001,solar_photovoltaic
96,33,744.2004499999999,solar_photovoltaic
107,33,13779.096021929001,solar_photovoltaic
126,33,0.0,solar_photovoltaic
138,33,3136.4540899999993,solar_photovoltaic
26,34,0.0,biomass
13,34,0.0,biomass
108,34,0.0,biomass
40,34,0.0,biomass
97,34,0.0,biomass
1,34,0.0,biomass
66,34,0.0,biomass
2,34,0.0,conventional_hydroelectric
14,34,68.1615396,conventional_hydroelectric
27,34,0.0,conventional_hydroelectric
35,34,414.60425600000144,conventional_hydroelectric
54,34,172.54056600000362,conventional_hydroelectric
67,34,1722.5957207406777,conventional_hydroelectric
84,34,7326.036444408372,conventional_hydroelectric
109,34,0.0,conventional_hydroelectric
128,34,44.87208000000041,conventional_hydroelectric
139,34,115.63286399999936,conventional_hydroelectric
110,34,0.0,conventional_steam_coal
41,34,0.0,conventional_steam_coal
3,34,0.0,conventional_steam_coal
36,34,0.0,conventional_steam_coal
85,34,0.0,conventional_steam_coal
28,34,74.364,geothermal
116,34,0.0,natural_gas_fired_combined_cycle
73,34,0.0,natural_gas_fired_combined_cycle
71,34,0.0,natural_gas_fired_combined_cycle
44,34,0.0,natural_gas_fired_combined_cycle
115,34,0.0,natural_gas_fired_combined_cycle
70,34,0.0,natural_gas_fired_combined_cycle
131,34,0.0,natural_gas_fired_combined_cycle
18,34,0.0,natural_gas_fired_combined_cycle
72,34,0.0,natural_gas_fired_combined_cycle
114,34,0.0,natural_gas_fired_combined_cycle
45,34,0.0,natural_gas_fired_combined_cycle
78,34,0.0,natural_gas_fired_combustion_turbine
75,34,0.0,natural_gas_fired_combustion_turbine
119,34,0.0,natural_gas_fired_combustion_turbine
117,34,0.0,natural_gas_fired_combustion_turbine
134,34,0.0,natural_gas_fired_combustion_turbine
103,34,0.0,natural_gas_fired_combustion_turbine
47,34,0.0,natural_gas_fired_combustion_turbine
8,34,0.0,natural_gas_fired_combustion_turbine
90,34,0.0,natural_gas_fired_combustion_turbine
60,34,0.0,natural_gas_fired_combustion_turbine
46,34,0.0,natural_gas_fired_combustion_turbine
37,34,0.0,natural_gas_fired_combustion_turbine
7,34,0.0,natural_gas_fired_combustion_turbine
133,34,0.0,natural_gas_fired_combustion_turbine
74,34,0.0,natural_gas_fired_combustion_turbine
20,34,0.0,natural_gas_fired_combustion_turbine
135,34,0.0,natural_gas_fired_combustion_turbine
142,34,0.0,natural_gas_fired_combustion_turbine
121,34,0.0,natural_gas_fired_combustion_turbine
91,34,0.0,natural_gas_fired_combustion_turbine
22,34,0.0,natural_gas_steam_turbine
123,34,0.0,natural_gas_steam_turbine
62,34,0.0,natural_gas_steam_turbine
49,34,0.0,natural_gas_steam_turbine
48,34,0.0,natural_gas_steam_turbine
21,34,0.0,natural_gas_steam_turbine
79,34,0.0,nuclear
10,34,0.0,onshore_wind_turbine
23,34,1390.0964,onshore_wind_turbine
31,34,2582.61675,onshore_wind_turbine
38,34,0.0,onshore_wind_turbine
50,34,137.52437999999998,onshore_wind_turbine
63,34,0.0,onshore_wind_turbine
80,34,0.0,onshore_wind_turbine
94,34,1794.7664000000002,onshore_wind_turbine
105,34,0.0,onshore_wind_turbine
124,34,6102.362701173201,onshore_wind_turbine
136,34,1138.67838,onshore_wind_turbine
144,34,7282.1139299999995,onshore_wind_turbine
11,34,19.125,small_hydroelectric
24,34,0.0,small_hydroelectric
32,34,0.0,small_hydroelectric
39,34,52.9,small_hydroelectric
51,34,0.0,small_hydroelectric
64,34,6.128,small_hydroelectric
81,34,241.672,small_hydroelectric
95,34,418.922,small_hydroelectric
106,34,31.614,small_hydroelectric
125,34,0.0,small_hydroelectric
137,34,36.822,small_hydroelectric
145,34,33.21,small_hydroelectric
12,34,9576.4788,solar_photovoltaic
25,34,2830.1008399999996,solar_photovoltaic
33,34,0.0,solar_photovoltaic
52,34,5037.31984,solar_photovoltaic
65,34,16480.7951795872,solar_photovoltaic
82,34,13583.181475973555,solar_photovoltaic
96,34,861.45059,solar_photovoltaic
107,34,14888.834722517,solar_photovoltaic
126,34,0.0,solar_photovoltaic
138,34,0.0,solar_photovoltaic
26,35,0.0,biomass
13,35,0.0,biomass
108,35,0.0,biomass
40,35,0.0,biomass
97,35,0.0,biomass
1,35,0.0,biomass
66,35,0.0,biomass
2,35,0.0,conventional_hydroelectric
14,35,39.043532,conventional_hydroelectric
27,35,0.0,conventional_hydroelectric
35,35,621.9063840000022,conventional_hydroelectric
54,35,186.9882398999818,conventional_hydroelectric
67,35,1118.8531397406778,conventional_hydroelectric
84,35,9737.433618408377,conventional_hydroelectric
109,35,115.88460000000077,conventional_hydroelectric
128,35,32.27268000000038,conventional_hydroelectric
139,35,134.96323199999958,conventional_hydroelectric
110,35,0.0,conventional_steam_coal
41,35,0.0,conventional_steam_coal
3,35,0.0,conventional_steam_coal
36,35,0.0,conventional_steam_coal
85,35,0.0,conventional_steam_coal
28,35,0.0,geothermal
116,35,0.0,natural_gas_fired_combined_cycle
73,35,0.0,natural_gas_fired_combined_cycle
71,35,0.0,natural_gas_fired_combined_cycle
44,35,0.0,natural_gas_fired_combined_cycle
115,35,0.0,natural_gas_fired_combined_cycle
70,35,0.0,natural_gas_fired_combined_cycle
131,35,0.0,natural_gas_fired_combined_cycle
18,35,0.0,natural_gas_fired_combined_cycle
72,35,0.0,natural_gas_fired_combined_cycle
114,35,0.0,natural_gas_fired_combined_cycle
45,35,0.0,natural_gas_fired_combined_cycle
78,35,0.0,natural_gas_fired_combustion_turbine
75,35,0.0,natural_gas_fired_combustion_turbine
119,35,0.0,natural_gas_fired_combustion_turbine
117,35,0.0,natural_gas_fired_combustion_turbine
134,35,0.0,natural_gas_fired_combustion_turbine
103,35,0.0,natural_gas_fired_combustion_turbine
47,35,0.0,natural_gas_fired_combustion_turbine
8,35,0.0,natural_gas_fired_combustion_turbine
90,35,0.0,natural_gas_fired_combustion_turbine
60,35,0.0,natural_gas_fired_combustion_turbine
46,35,0.0,natural_gas_fired_combustion_turbine
37,35,0.0,natural_gas_fired_combustion_turbine
7,35,0.0,natural_gas_fired_combustion_turbine
133,35,0.0,natural_gas_fired_combustion_turbine
74,35,0.0,natural_gas_fired_combustion_turbine
20,35,0.0,natural_gas_fired_combustion_turbine
135,35,0.0,natural_gas_fired_combustion_turbine
142,35,0.0,natural_gas_fired_combustion_turbine
121,35,0.0,natural_gas_fired_combustion_turbine
91,35,0.0,natural_gas_fired_combustion_turbine
22,35,0.0,natural_gas_steam_turbine
123,35,0.0,natural_gas_steam_turbine
62,35,0.0,natural_gas_steam_turbine
49,35,0.0,natural_gas_steam_turbine
48,35,0.0,natural_gas_steam_turbine
21,35,0.0,natural_gas_steam_turbine
79,35,0.0,nuclear
10,35,0.0,onshore_wind_turbine
23,35,2021.789,onshore_wind_turbine
31,35,2599.24049,onshore_wind_turbine
38,35,1176.9995999999999,onshore_wind_turbine
50,35,52.16442,onshore_wind_turbine
63,35,0.0,onshore_wind_turbine
80,35,1144.9222399999999,onshore_wind_turbine
94,35,4063.969,onshore_wind_turbine
105,35,0.0,onshore_wind_turbine
124,35,0.0,onshore_wind_turbine
136,35,0.0,onshore_wind_turbine
144,35,6214.233165567941,onshore_wind_turbine
11,35,0.0,small_hydroelectric
24,35,62.577,small_hydroelectric
32,35,0.0,small_hydroelectric
39,35,0.0,small_hydroelectric
51,35,25.641,small_hydroelectric
64,35,0.0,small_hydroelectric
81,35,0.0,small_hydroelectric
95,35,0.0,small_hydroelectric
106,35,31.614,small_hydroelectric
125,35,0.0,small_hydroelectric
137,35,0.0,small_hydroelectric
145,35,0.0,small_hydroelectric
12,35,10106.151300000001,solar_photovoltaic
25,35,2884.6551999999997,solar_photovoltaic
33,35,0.0,solar_photovoltaic
52,35,5133.39386,solar_photovoltaic
65,35,0.0,solar_photovoltaic
82,35,14136.728620000002,solar_photovoltaic
96,35,0.0,solar_photovoltaic
107,35,0.0,solar_photovoltaic
126,35,32302.681598383,solar_photovoltaic
138,35,3303.5733499999997,solar_photovoltaic
26,36,0.0,biomass
13,36,0.0,biomass
108,36,0.0,biomass
40,36,0.0,biomass
97,36,0.0,biomass
1,36,0.0,biomass
66,36,0.0,biomass
2,36,229.2881639999997,conventional_hydroelectric
14,36,0.0,conventional_hydroelectric
27,36,0.0,conventional_hydroelectric
35,36,414.6042560000016,conventional_hydroelectric
54,36,246.05206846337023,conventional_hydroelectric
67,36,515.1105587406778,conventional_hydroelectric
84,36,10726.110539263373,conventional_hydroelectric
109,36,0.0,conventional_hydroelectric
128,36,32.59145999999997,conventional_hydroelectric
139,36,115.63286399999981,conventional_hydroelectric
110,36,0.0,conventional_steam_coal
41,36,0.0,conventional_steam_coal
3,36,0.0,conventional_steam_coal
36,36,0.0,conventional_steam_coal
85,36,0.0,conventional_steam_coal
28,36,74.364,geothermal
116,36,0.0,natural_gas_fired_combined_cycle
73,36,0.0,natural_gas_fired_combined_cycle
71,36,0.0,natural_gas_fired_combined_cycle
44,36,0.0,natural_gas_fired_combined_cycle
115,36,0.0,natural_gas_fired_combined_cycle
70,36,0.0,natural_gas_fired_combined_cycle
131,36,0.0,natural_gas_fired_combined_cycle
18,36,0.0,natural_gas_fired_combined_cycle
72,36,0.0,natural_gas_fired_combined_cycle
114,36,0.0,natural_gas_fired_combined_cycle
45,36,0.0,natural_gas_fired_combined_cycle
78,36,0.0,natural_gas_fired_combustion_turbine
75,36,0.0,natural_gas_fired_combustion_turbine
119,36,0.0,natural_gas_fired_combustion_turbine
117,36,0.0,natural_gas_fired_combustion_turbine
134,36,0.0,natural_gas_fired_combustion_turbine
103,36,0.0,natural_gas_fired_combustion_turbine
47,36,0.0,natural_gas_fired_combustion_turbine
8,36,0.0,natural_gas_fired_combustion_turbine
90,36,0.0,natural_gas_fired_combustion_turbine
60,36,0.0,natural_gas_fired_combustion_turbine
46,36,0.0,natural_gas_fired_combustion_turbine
37,36,0.0,natural_gas_fired_combustion_turbine
7,36,0.0,natural_gas_fired_combustion_turbine
133,36,0.0,natural_gas_fired_combustion_turbine
74,36,0.0,natural_gas_fired_combustion_turbine
20,36,0.0,natural_gas_fired_combustion_turbine
135,36,0.0,natural_gas_fired_combustion_turbine
142,36,0.0,natural_gas_fired_combustion_turbine
121,36,0.0,natural_gas_fired_combustion_turbine
91,36,0.0,natural_gas_fired_combustion_turbine
22,36,0.0,natural_gas_steam_turbine
123,36,0.0,natural_gas_steam_turbine
62,36,0.0,natural_gas_steam_turbine
49,36,0.0,natural_gas_steam_turbine
48,36,0.0,natural_gas_steam_turbine
21,36,0.0,natural_gas_steam_turbine
79,36,0.0,nuclear
10,36,0.0,onshore_wind_turbine
23,36,2681.4326,onshore_wind_turbine
31,36,0.0,onshore_wind_turbine
38,36,0.0,onshore_wind_turbine
50,36,0.0,onshore_wind_turbine
63,36,0.0,onshore_wind_turbine
80,36,0.0,onshore_wind_turbine
94,36,0.0,onshore_wind_turbine
105,36,237.466881414,onshore_wind_turbine
124,36,0.0,onshore_wind_turbine
136,36,1708.9170000000001,onshore_wind_turbine
144,36,0.0,onshore_wind_turbine
11,36,19.125,small_hydroelectric
24,36,0.0,small_hydroelectric
32,36,192.0,small_hydroelectric
39,36,0.0,small_hydroelectric
51,36,25.641,small_hydroelectric
64,36,6.128,small_hydroelectric
81,36,0.0,small_hydroelectric
95,36,418.922,small_hydroelectric
106,36,31.614,small_hydroelectric
125,36,100.697,small_hydroelectric
137,36,0.0,small_hydroelectric
145,36,33.21,small_hydroelectric
12,36,10094.85162,solar_photovoltaic
25,36,2744.15904,solar_photovoltaic
33,36,0.0,solar_photovoltaic
52,36,5171.40876,solar_photovoltaic
65,36,15922.006042289582,solar_photovoltaic
82,36,0.0,solar_photovoltaic
96,36,0.0,solar_photovoltaic
107,36,15880.107664812998,solar_photovoltaic
126,36,32227.203101016003,solar_photovoltaic
138,36,0.0,solar_photovoltaic
26,37,0.0,biomass
13,37,0.0,biomass
108,37,0.0,biomass
40,37,0.0,biomass
97,37,0.0,biomass
1,37,0.0,biomass
66,37,0.0,biomass
2,37,0.0,conventional_hydroelectric
14,37,39.043532,conventional_hydroelectric
27,37,117.12063600000042,conventional_hydroelectric
35,37,360.6557503999965,conventional_hydroelectric
54,37,332.3223514633705,conventional_hydroelectric
67,37,1118.8531397406787,conventional_hydroelectric
84,37,10819.329007200005,conventional_hydroelectric
109,37,0.0,conventional_hydroelectric
128,37,19.992059999999956,conventional_hydroelectric
139,37,134.96323200000006,conventional_hydroelectric
110,37,0.0,conventional_steam_coal
41,37,0.0,conventional_steam_coal
3,37,0.0,conventional_steam_coal
36,37,0.0,conventional_steam_coal
85,37,0.0,conventional_steam_coal
28,37,0.0,geothermal
116,37,0.0,natural_gas_fired_combined_cycle
73,37,0.0,natural_gas_fired_combined_cycle
71,37,0.0,natural_gas_fired_combined_cycle
44,37,0.0,natural_gas_fired_combined_cycle
115,37,0.0,natural_gas_fired_combined_cycle
70,37,0.0,natural_gas_fired_combined_cycle
131,37,0.0,natural_gas_fired_combined_cycle
18,37,0.0,natural_gas_fired_combined_cycle
72,37,0.0,natural_gas_fired_combined_cycle
114,37,0.0,natural_gas_fired_combined_cycle
45,37,0.0,natural_gas_fired_combined_cycle
78,37,0.0,natural_gas_fired_combustion_turbine
75,37,0.0,natural_gas_fired_combustion_turbine
119,37,0.0,natural_gas_fired_combustion_turbine
117,37,0.0,natural_gas_fired_combustion_turbine
134,37,0.0,natural_gas_fired_combustion_turbine
103,37,0.0,natural_gas_fired_combustion_turbine
47,37,0.0,natural_gas_fired_combustion_turbine
8,37,0.0,natural_gas_fired_combustion_turbine
90,37,0.0,natural_gas_fired_combustion_turbine
60,37,0.0,natural_gas_fired_combustion_turbine
46,37,0.0,natural_gas_fired_combustion_turbine
37,37,0.0,natural_gas_fired_combustion_turbine
7,37,0.0,natural_gas_fired_combustion_turbine
133,37,0.0,natural_gas_fired_combustion_turbine
74,37,0.0,natural_gas_fired_combustion_turbine
20,37,0.0,natural_gas_fired_combustion_turbine
135,37,0.0,natural_gas_fired_combustion_turbine
142,37,0.0,natural_gas_fired_combustion_turbine
121,37,0.0,natural_gas_fired_combustion_turbine
91,37,0.0,natural_gas_fired_combustion_turbine
22,37,0.0,natural_gas_steam_turbine
123,37,0.0,natural_gas_steam_turbine
62,37,0.0,natural_gas_steam_turbine
49,37,0.0,natural_gas_steam_turbine
48,37,0.0,natural_gas_steam_turbine
21,37,0.0,natural_gas_steam_turbine
79,37,0.0,nuclear
10,37,34.58112,onshore_wind_turbine
23,37,0.0,onshore_wind_turbine
31,37,3919.4886773919498,onshore_wind_turbine
38,37,0.0,onshore_wind_turbine
50,37,945.73416,onshore_wind_turbine
63,37,0.0,onshore_wind_turbine
80,37,87.35607999999999,onshore_wind_turbine
94,37,0.0,onshore_wind_turbine
105,37,0.0,onshore_wind_turbine
124,37,0.0,onshore_wind_turbine
136,37,0.0,onshore_wind_turbine
144,37,0.0,onshore_wind_turbine
11,37,0.0,small_hydroelectric
24,37,0.0,small_hydroelectric
32,37,0.0,small_hydroelectric
39,37,52.9,small_hydroelectric
51,37,0.0,small_hydroelectric
64,37,0.0,small_hydroelectric
81,37,241.672,small_hydroelectric
95,37,0.0,small_hydroelectric
106,37,0.0,small_hydroelectric
125,37,0.0,small_hydroelectric
137,37,0.0,small_hydroelectric
145,37,0.0,small_hydroelectric
12,37,10190.8989,solar_photovoltaic
25,37,2642.1498599999995,solar_photovoltaic
33,37,0.0,solar_photovoltaic
52,37,5213.57074,solar_photovoltaic
65,37,0.0,solar_photovoltaic
82,37,14208.914509999999,solar_photovoltaic
96,37,0.0,solar_photovoltaic
107,37,15961.3003268915,solar_photovoltaic
126,37,32087.8944469125,solar_photovoltaic
138,37,3245.1272699999995,solar_photovoltaic
26,38,0.0,biomass
13,38,0.0,biomass
108,38,0.0,biomass
40,38,0.0,biomass
97,38,0.0,biomass
1,38,0.0,biomass
66,38,0.0,biomass
2,38,229.28816399999948,conventional_hydroelectric
14,38,67.83225679999899,conventional_hydroelectric
27,38,234.24127200000063,conventional_hydroelectric
35,38,414.60425600000144,conventional_hydroelectric
54,38,273.2585228999866,conventional_hydroelectric
67,38,1722.5957207406786,conventional_hydroelectric
84,38,8407.931833199997,conventional_hydroelectric
109,38,0.0,conventional_hydroelectric
128,38,12.599400000000017,conventional_hydroelectric
139,38,154.2936,conventional_hydroelectric
110,38,0.0,conventional_steam_coal
41,38,0.0,conventional_steam_coal
3,38,0.0,conventional_steam_coal
36,38,0.0,conventional_steam_coal
85,38,0.0,conventional_steam_coal
28,38,0.0,geothermal
116,38,0.0,natural_gas_fired_combined_cycle
73,38,0.0,natural_gas_fired_combined_cycle
71,38,0.0,natural_gas_fired_combined_cycle
44,38,0.0,natural_gas_fired_combined_cycle
115,38,0.0,natural_gas_fired_combined_cycle
70,38,0.0,natural_gas_fired_combined_cycle
131,38,0.0,natural_gas_fired_combined_cycle
18,38,0.0,natural_gas_fired_combined_cycle
72,38,0.0,natural_gas_fired_combined_cycle
114,38,0.0,natural_gas_fired_combined_cycle
45,38,0.0,natural_gas_fired_combined_cycle
78,38,0.0,natural_gas_fired_combustion_turbine
75,38,0.0,natural_gas_fired_combustion_turbine
119,38,0.0,natural_gas_fired_combustion_turbine
117,38,0.0,natural_gas_fired_combustion_turbine
134,38,0.0,natural_gas_fired_combustion_turbine
103,38,0.0,natural_gas_fired_combustion_turbine
47,38,0.0,natural_gas_fired_combustion_turbine
8,38,0.0,natural_gas_fired_combustion_turbine
90,38,0.0,natural_gas_fired_combustion_turbine
60,38,0.0,natural_gas_fired_combustion_turbine
46,38,0.0,natural_gas_fired_combustion_turbine
37,38,0.0,natural_gas_fired_combustion_turbine
7,38,0.0,natural_gas_fired_combustion_turbine
133,38,0.0,natural_gas_fired_combustion_turbine
74,38,0.0,natural_gas_fired_combustion_turbine
20,38,0.0,natural_gas_fired_combustion_turbine
135,38,0.0,natural_gas_fired_combustion_turbine
142,38,0.0,natural_gas_fired_combustion_turbine
121,38,0.0,natural_gas_fired_combustion_turbine
91,38,0.0,natural_gas_fired_combustion_turbine
22,38,0.0,natural_gas_steam_turbine
123,38,0.0,natural_gas_steam_turbine
62,38,0.0,natural_gas_steam_turbine
49,38,0.0,natural_gas_steam_turbine
48,38,0.0,natural_gas_steam_turbine
21,38,0.0,natural_gas_steam_turbine
79,38,0.0,nuclear
10,38,0.0,onshore_wind_turbine
23,38,3756.6144,onshore_wind_turbine
31,38,3754.59042,onshore_wind_turbine
38,38,1863.2040000000002,onshore_wind_turbine
50,38,2579.76768,onshore_wind_turbine
63,38,30.6532799104,onshore_wind_turbine
80,38,227.68339999999998,onshore_wind_turbine
94,38,9602.7358,onshore_wind_turbine
105,38,0.0,onshore_wind_turbine
124,38,7097.678376642738,onshore_wind_turbine
136,38,0.0,onshore_wind_turbine
144,38,10861.531379999999,onshore_wind_turbine
11,38,0.0,small_hydroelectric
24,38,0.0,small_hydroelectric
32,38,192.0,small_hydroelectric
39,38,52.9,small_hydroelectric
51,38,25.641,small_hydroelectric
64,38,6.128,small_hydroelectric
81,38,0.0,small_hydroelectric
95,38,418.922,small_hydroelectric
106,38,31.614,small_hydroelectric
125,38,0.0,small_hydroelectric
137,38,36.822,small_hydroelectric
145,38,33.21,small_hydroelectric
12,38,10277.05896,solar_photovoltaic
25,38,2547.2402199999997,solar_photovoltaic
33,38,1210.34375,solar_photovoltaic
52,38,0.0,solar_photovoltaic
65,38,18242.4353919157,solar_photovoltaic
82,38,0.0,solar_photovoltaic
96,38,0.0,solar_photovoltaic
107,38,16252.343105890499,solar_photovoltaic
126,38,0.0,solar_photovoltaic
138,38,3329.1435099999994,solar_photovoltaic
26,39,0.0,biomass
13,39,0.0,biomass
108,39,0.0,biomass
40,39,0.0,biomass
97,39,0.0,biomass
1,39,0.0,biomass
66,39,0.0,biomass
2,39,229.28816400000028,conventional_hydroelectric
14,39,28.788724799998988,conventional_hydroelectric
27,39,316.36682639998764,conventional_hydroelectric
35,39,621.9063840000019,conventional_hydroelectric
54,39,359.5288058999869,conventional_hydroelectric
67,39,2326.3383017406786,conventional_hydroelectric
84,39,8405.026535399751,conventional_hydroelectric
109,39,0.0,conventional_hydroelectric
128,39,25.19880000000004,conventional_hydroelectric
139,39,134.96323199999964,conventional_hydroelectric
110,39,0.0,conventional_steam_coal
41,39,0.0,conventional_steam_coal
3,39,0.0,conventional_steam_coal
36,39,0.0,conventional_steam_coal
85,39,0.0,conventional_steam_coal
28,39,74.364,geothermal
116,39,0.0,natural_gas_fired_combined_cycle
73,39,0.0,natural_gas_fired_combined_cycle
71,39,0.0,natural_gas_fired_combined_cycle
44,39,0.0,natural_gas_fired_combined_cycle
115,39,0.0,natural_gas_fired_combined_cycle
70,39,0.0,natural_gas_fired_combined_cycle
131,39,0.0,natural_gas_fired_combined_cycle
18,39,0.0,natural_gas_fired_combined_cycle
72,39,0.0,natural_gas_fired_combined_cycle
114,39,0.0,natural_gas_fired_combined_cycle
45,39,0.0,natural_gas_fired_combined_cycle
78,39,0.0,natural_gas_fired_combustion_turbine
75,39,0.0,natural_gas_fired_combustion_turbine
119,39,0.0,natural_gas_fired_combustion_turbine
117,39,0.0,natural_gas_fired_combustion_turbine
134,39,0.0,natural_gas_fired_combustion_turbine
103,39,0.0,natural_gas_fired_combustion_turbine
47,39,0.0,natural_gas_fired_combustion_turbine
8,39,0.0,natural_gas_fired_combustion_turbine
90,39,0.0,natural_gas_fired_combustion_turbine
60,39,0.0,natural_gas_fired_combustion_turbine
46,39,0.0,natural_gas_fired_combustion_turbine
37,39,0.0,natural_gas_fired_combustion_turbine
7,39,0.0,natural_gas_fired_combustion_turbine
133,39,0.0,natural_gas_fired_combustion_turbine
74,39,0.0,natural_gas_fired_combustion_turbine
20,39,0.0,natural_gas_fired_combustion_turbine
135,39,0.0,natural_gas_fired_combustion_turbine
142,39,0.0,natural_gas_fired_combustion_turbine
121,39,0.0,natural_gas_fired_combustion_turbine
91,39,0.0,natural_gas_fired_combustion_turbine
22,39,0.0,natural_gas_steam_turbine
123,39,0.0,natural_gas_steam_turbine
62,39,0.0,natural_gas_steam_turbine
49,39,0.0,natural_gas_steam_turbine
48,39,0.0,natural_gas_steam_turbine
21,39,0.0,natural_gas_steam_turbine
79,39,0.0,nuclear
10,39,262.42027,onshore_wind_turbine
23,39,951.8195124884805,onshore_wind_turbine
31,39,0.0,onshore_wind_turbine
38,39,0.0,onshore_wind_turbine
50,39,0.0,onshore_wind_turbine
63,39,101.03911990479999,onshore_wind_turbine
80,39,0.0,onshore_wind_turbine
94,39,17304.049,onshore_wind_turbine
105,39,0.0,onshore_wind_turbine
124,39,0.0,onshore_wind_turbine
136,39,1849.2280800000003,onshore_wind_turbine
144,39,0.0,onshore_wind_turbine
11,39,19.125,small_hydroelectric
24,39,62.577,small_hydroelectric
32,39,0.0,small_hydroelectric
39,39,0.0,small_hydroelectric
51,39,0.0,small_hydroelectric
64,39,0.0,small_hydroelectric
81,39,0.0,small_hydroelectric
95,39,0.0,small_hydroelectric
106,39,0.0,small_hydroelectric
125,39,100.697,small_hydroelectric
137,39,36.822,small_hydroelectric
145,39,33.21,small_hydroelectric
12,39,9611.7903,solar_photovoltaic
25,39,0.0,solar_photovoltaic
33,39,0.0,solar_photovoltaic
52,39,0.0,solar_photovoltaic
65,39,17204.7442748293,solar_photovoltaic
82,39,14029.42527,solar_photovoltaic
96,39,0.0,solar_photovoltaic
107,39,0.0,solar_photovoltaic
126,39,31588.164998537002,solar_photovoltaic
138,39,0.0,solar_photovoltaic
26,40,0.0,biomass
13,40,0.0,biomass
108,40,0.0,biomass
40,40,0.0,biomass
97,40,0.0,biomass
1,40,0.0,biomass
66,40,0.0,biomass
2,40,0.0,conventional_hydroelectric
14,40,67.83225679999931,conventional_hydroelectric
27,40,433.4874623999947,conventional_hydroelectric
35,40,829.2085120000024,conventional_hydroelectric
54,40,445.7990888999916,conventional_hydroelectric
67,40,2930.080882740687,conventional_hydroelectric
84,40,10816.423709399756,conventional_hydroelectric
109,40,0.0,conventional_hydroelectric
128,40,12.599400000000024,conventional_hydroelectric
139,40,115.88904959999999,conventional_hydroelectric
110,40,0.0,conventional_steam_coal
41,40,0.0,conventional_steam_coal
3,40,0.0,conventional_steam_coal
36,40,0.0,conventional_steam_coal
85,40,0.0,conventional_steam_coal
28,40,74.364,geothermal
116,40,0.0,natural_gas_fired_combined_cycle
73,40,0.0,natural_gas_fired_combined_cycle
71,40,0.0,natural_gas_fired_combined_cycle
44,40,0.0,natural_gas_fired_combined_cycle
115,40,0.0,natural_gas_fired_combined_cycle
70,40,0.0,natural_gas_fired_combined_cycle
131,40,0.0,natural_gas_fired_combined_cycle
18,40,0.0,natural_gas_fired_combined_cycle
72,40,0.0,natural_gas_fired_combined_cycle
114,40,0.0,natural_gas_fired_combined_cycle
45,40,0.0,natural_gas_fired_combined_cycle
78,40,0.0,natural_gas_fired_combustion_turbine
75,40,0.0,natural_gas_fired_combustion_turbine
119,40,0.0,natural_gas_fired_combustion_turbine
117,40,0.0,natural_gas_fired_combustion_turbine
134,40,0.0,natural_gas_fired_combustion_turbine
103,40,0.0,natural_gas_fired_combustion_turbine
47,40,0.0,natural_gas_fired_combustion_turbine
8,40,0.0,natural_gas_fired_combustion_turbine
90,40,0.0,natural_gas_fired_combustion_turbine
60,40,0.0,natural_gas_fired_combustion_turbine
46,40,0.0,natural_gas_fired_combustion_turbine
37,40,0.0,natural_gas_fired_combustion_turbine
7,40,0.0,natural_gas_fired_combustion_turbine
133,40,0.0,natural_gas_fired_combustion_turbine
74,40,0.0,natural_gas_fired_combustion_turbine
20,40,0.0,natural_gas_fired_combustion_turbine
135,40,0.0,natural_gas_fired_combustion_turbine
142,40,0.0,natural_gas_fired_combustion_turbine
121,40,0.0,natural_gas_fired_combustion_turbine
91,40,0.0,natural_gas_fired_combustion_turbine
22,40,0.0,natural_gas_steam_turbine
123,40,0.0,natural_gas_steam_turbine
62,40,0.0,natural_gas_steam_turbine
49,40,0.0,natural_gas_steam_turbine
48,40,0.0,natural_gas_steam_turbine
21,40,0.0,natural_gas_steam_turbine
79,40,0.0,nuclear
10,40,0.0,onshore_wind_turbine
23,40,0.0,onshore_wind_turbine
31,40,0.0,onshore_wind_turbine
38,40,2319.9162,onshore_wind_turbine
50,40,0.0,onshore_wind_turbine
63,40,170.3601203752,onshore_wind_turbine
80,40,0.0,onshore_wind_turbine
94,40,0.0,onshore_wind_turbine
105,40,0.0,onshore_wind_turbine
124,40,0.0,onshore_wind_turbine
136,40,1409.4068100000002,onshore_wind_turbine
144,40,11839.112459999998,onshore_wind_turbine
11,40,0.0,small_hydroelectric
24,40,0.0,small_hydroelectric
32,40,0.0,small_hydroelectric
39,40,52.9,small_hydroelectric
51,40,25.641,small_hydroelectric
64,40,6.128,small_hydroelectric
81,40,0.0,small_hydroelectric
95,40,418.922,small_hydroelectric
106,40,31.614,small_hydroelectric
125,40,0.0,small_hydroelectric
137,40,0.0,small_hydroelectric
145,40,0.0,small_hydroelectric
12,40,0.0,solar_photovoltaic
25,40,0.0,solar_photovoltaic
33,40,1220.3786,solar_photovoltaic
52,40,0.0,solar_photovoltaic
65,40,15860.1634730245,solar_photovoltaic
82,40,13473.39882,solar_photovoltaic
96,40,817.37159,solar_photovoltaic
107,40,14418.945248778,solar_photovoltaic
126,40,29043.950115981854,solar_photovoltaic
138,40,0.0,solar_photovoltaic
26,41,0.0,biomass
13,41,0.0,biomass
108,41,0.0,biomass
40,41,0.0,biomass
97,41,0.0,biomass
1,41,0.0,biomass
66,41,0.0,biomass
2,41,0.0,conventional_hydroelectric
14,41,28.788724799999315,conventional_hydroelectric
27,41,550.6080983999949,conventional_hydroelectric
35,41,1036.5106400000034,conventional_hydroelectric
54,41,532.0693718999919,conventional_hydroelectric
67,41,2326.3383017406877,conventional_hydroelectric
84,41,10819.329007200004,conventional_hydroelectric
109,41,0.0,conventional_hydroelectric
128,41,20.113499999999867,conventional_hydroelectric
139,41,135.2194176,conventional_hydroelectric
110,41,0.0,conventional_steam_coal
41,41,0.0,conventional_steam_coal
3,41,0.0,conventional_steam_coal
36,41,0.0,conventional_steam_coal
85,41,0.0,conventional_steam_coal
28,41,0.0,geothermal
116,41,0.0,natural_gas_fired_combined_cycle
73,41,0.0,natural_gas_fired_combined_cycle
71,41,0.0,natural_gas_fired_combined_cycle
44,41,0.0,natural_gas_fired_combined_cycle
115,41,0.0,natural_gas_fired_combined_cycle
70,41,0.0,natural_gas_fired_combined_cycle
131,41,0.0,natural_gas_fired_combined_cycle
18,41,0.0,natural_gas_fired_combined_cycle
72,41,0.0,natural_gas_fired_combined_cycle
114,41,0.0,natural_gas_fired_combined_cycle
45,41,0.0,natural_gas_fired_combined_cycle
78,41,0.0,natural_gas_fired_combustion_turbine
75,41,0.0,natural_gas_fired_combustion_turbine
119,41,0.0,natural_gas_fired_combustion_turbine
117,41,0.0,natural_gas_fired_combustion_turbine
134,41,0.0,natural_gas_fired_combustion_turbine
103,41,0.0,natural_gas_fired_combustion_turbine
47,41,0.0,natural_gas_fired_combustion_turbine
8,41,0.0,natural_gas_fired_combustion_turbine
90,41,0.0,natural_gas_fired_combustion_turbine
60,41,0.0,natural_gas_fired_combustion_turbine
46,41,0.0,natural_gas_fired_combustion_turbine
37,41,0.0,natural_gas_fired_combustion_turbine
7,41,0.0,natural_gas_fired_combustion_turbine
133,41,0.0,natural_gas_fired_combustion_turbine
74,41,0.0,natural_gas_fired_combustion_turbine
20,41,0.0,natural_gas_fired_combustion_turbine
135,41,0.0,natural_gas_fired_combustion_turbine
142,41,0.0,natural_gas_fired_combustion_turbine
121,41,0.0,natural_gas_fired_combustion_turbine
91,41,0.0,natural_gas_fired_combustion_turbine
22,41,0.0,natural_gas_steam_turbine
123,41,0.0,natural_gas_steam_turbine
62,41,0.0,natural_gas_steam_turbine
49,41,0.0,natural_gas_steam_turbine
48,41,0.0,natural_gas_steam_turbine
21,41,0.0,natural_gas_steam_turbine
79,41,0.0,nuclear
10,41,272.50643,onshore_wind_turbine
23,41,0.0,onshore_wind_turbine
31,41,1498.51142,onshore_wind_turbine
38,41,0.0,onshore_wind_turbine
50,41,0.0,onshore_wind_turbine
63,41,54.045039804,onshore_wind_turbine
80,41,5148.4328,onshore_wind_turbine
94,41,0.0,onshore_wind_turbine
105,41,1572.067978824,onshore_wind_turbine
124,41,24218.487712388203,onshore_wind_turbine
136,41,0.0,onshore_wind_turbine
144,41,11032.39179,onshore_wind_turbine
11,41,0.0,small_hydroelectric
24,41,0.0,small_hydroelectric
32,41,0.0,small_hydroelectric
39,41,0.0,small_hydroelectric
51,41,0.0,small_hydroelectric
64,41,0.0,small_hydroelectric
81,41,0.0,small_hydroelectric
95,41,0.0,small_hydroelectric
106,41,31.614,small_hydroelectric
125,41,0.0,small_hydroelectric
137,41,0.0,small_hydroelectric
145,41,33.21,small_hydroelectric
12,41,7522.76196,solar_photovoltaic
25,41,2040.9309199999998,solar_photovoltaic
33,41,0.0,solar_photovoltaic
52,41,0.0,solar_photovoltaic
65,41,13731.426941752801,solar_photovoltaic
82,41,1521.6736897878036,solar_photovoltaic
96,41,774.02724,solar_photovoltaic
107,41,12262.771507657999,solar_photovoltaic
126,41,27171.7699481445,solar_photovoltaic
138,41,2655.64376,solar_photovoltaic
26,42,0.0,biomass
13,42,0.0,biomass
108,42,0.0,biomass
40,42,0.0,biomass
97,42,0.0,biomass
1,42,0.0,biomass
66,42,0.0,biomass
2,42,154.97669879999614,conventional_hydroelectric
14,42,67.83225679999956,conventional_hydroelectric
27,42,667.7287343999951,conventional_hydroelectric
35,42,989.8052207999925,conventional_hydroelectric
54,42,618.339654899996,conventional_hydroelectric
67,42,2928.6714638703597,conventional_hydroelectric
84,42,13230.726181200009,conventional_hydroelectric
109,42,115.88460000000072,conventional_hydroelectric
128,42,32.71289999999989,conventional_hydroelectric
139,42,115.88904959999999,conventional_hydroelectric
110,42,0.0,conventional_steam_coal
41,42,0.0,conventional_steam_coal
3,42,0.0,conventional_steam_coal
36,42,0.0,conventional_steam_coal
85,42,0.0,conventional_steam_coal
28,42,0.0,geothermal
116,42,0.0,natural_gas_fired_combined_cycle
73,42,0.0,natural_gas_fired_combined_cycle
71,42,0.0,natural_gas_fired_combined_cycle
44,42,0.0,natural_gas_fired_combined_cycle
115,42,0.0,natural_gas_fired_combined_cycle
70,42,0.0,natural_gas_fired_combined_cycle
131,42,0.0,natural_gas_fired_combined_cycle
18,42,0.0,natural_gas_fired_combined_cycle
72,42,0.0,natural_gas_fired_combined_cycle
114,42,0.0,natural_gas_fired_combined_cycle
45,42,0.0,natural_gas_fired_combined_cycle
78,42,0.0,natural_gas_fired_combustion_turbine
75,42,0.0,natural_gas_fired_combustion_turbine
119,42,0.0,natural_gas_fired_combustion_turbine
117,42,0.0,natural_gas_fired_combustion_turbine
134,42,0.0,natural_gas_fired_combustion_turbine
103,42,0.0,natural_gas_fired_combustion_turbine
47,42,0.0,natural_gas_fired_combustion_turbine
8,42,0.0,natural_gas_fired_combustion_turbine
90,42,0.0,natural_gas_fired_combustion_turbine
60,42,0.0,natural_gas_fired_combustion_turbine
46,42,0.0,natural_gas_fired_combustion_turbine
37,42,0.0,natural_gas_fired_combustion_turbine
7,42,0.0,natural_gas_fired_combustion_turbine
133,42,0.0,natural_gas_fired_combustion_turbine
74,42,0.0,natural_gas_fired_combustion_turbine
20,42,0.0,natural_gas_fired_combustion_turbine
135,42,0.0,natural_gas_fired_combustion_turbine
142,42,0.0,natural_gas_fired_combustion_turbine
121,42,0.0,natural_gas_fired_combustion_turbine
91,42,0.0,natural_gas_fired_combustion_turbine
22,42,0.0,natural_gas_steam_turbine
123,42,0.0,natural_gas_steam_turbine
62,42,0.0,natural_gas_steam_turbine
49,42,0.0,natural_gas_steam_turbine
48,42,0.0,natural_gas_steam_turbine
21,42,0.0,natural_gas_steam_turbine
79,42,0.0,nuclear
10,42,0.0,onshore_wind_turbine
23,42,0.0,onshore_wind_turbine
31,42,0.0,onshore_wind_turbine
38,42,2179.0398,onshore_wind_turbine
50,42,1806.10836,onshore_wind_turbine
63,42,35.4880398488,onshore_wind_turbine
80,42,0.0,onshore_wind_turbine
94,42,18107.152826577636,onshore_wind_turbine
105,42,0.0,onshore_wind_turbine
124,42,24174.942610819002,onshore_wind_turbine
136,42,0.0,onshore_wind_turbine
144,42,7003.114019999999,onshore_wind_turbine
11,42,19.125,small_hydroelectric
24,42,62.577,small_hydroelectric
32,42,192.0,small_hydroelectric
39,42,52.9,small_hydroelectric
51,42,25.641,small_hydroelectric
64,42,6.128,small_hydroelectric
81,42,241.672,small_hydroelectric
95,42,418.922,small_hydroelectric
106,42,0.0,small_hydroelectric
125,42,100.697,small_hydroelectric
137,42,0.0,small_hydroelectric
145,42,0.0,small_hydroelectric
12,42,0.0,solar_photovoltaic
25,42,1445.3168799999996,solar_photovoltaic
33,42,0.0,solar_photovoltaic
52,42,0.0,solar_photovoltaic
65,42,9970.7067675117,solar_photovoltaic
82,42,10129.43624,solar_photovoltaic
96,42,0.0,solar_photovoltaic
107,42,8724.4310248725,solar_photovoltaic
126,42,0.0,solar_photovoltaic
138,42,2012.2802699999997,solar_photovoltaic
26,43,0.0,biomass
13,43,0.0,biomass
108,43,0.0,biomass
40,43,0.0,biomass
97,43,0.0,biomass
1,43,0.0,biomass
66,43,0.0,biomass
2,43,384.2648627999981,conventional_hydroelectric
14,43,106.87578879999981,conventional_hydroelectric
27,43,784.8493703999977,conventional_hydroelectric
35,43,1197.107348799996,conventional_hydroelectric
54,43,704.6099378999963,conventional_hydroelectric
67,43,2927.5768203789507,conventional_hydroelectric
84,43,15639.218057399989,conventional_hydroelectric
109,43,231.76920000000163,conventional_hydroelectric
128,43,45.31229999999979,conventional_hydroelectric
139,43,135.21941760000004,conventional_hydroelectric
110,43,0.0,conventional_steam_coal
41,43,0.0,conventional_steam_coal
3,43,0.0,conventional_steam_coal
36,43,0.0,conventional_steam_coal
85,43,0.0,conventional_steam_coal
28,43,0.0,geothermal
116,43,0.0,natural_gas_fired_combined_cycle
73,43,0.0,natural_gas_fired_combined_cycle
71,43,0.0,natural_gas_fired_combined_cycle
44,43,0.0,natural_gas_fired_combined_cycle
115,43,0.0,natural_gas_fired_combined_cycle
70,43,0.0,natural_gas_fired_combined_cycle
131,43,0.0,natural_gas_fired_combined_cycle
18,43,0.0,natural_gas_fired_combined_cycle
72,43,0.0,natural_gas_fired_combined_cycle
114,43,0.0,natural_gas_fired_combined_cycle
45,43,0.0,natural_gas_fired_combined_cycle
78,43,0.0,natural_gas_fired_combustion_turbine
75,43,0.0,natural_gas_fired_combustion_turbine
119,43,0.0,natural_gas_fired_combustion_turbine
117,43,0.0,natural_gas_fired_combustion_turbine
134,43,0.0,natural_gas_fired_combustion_turbine
103,43,0.0,natural_gas_fired_combustion_turbine
47,43,0.0,natural_gas_fired_combustion_turbine
8,43,0.0,natural_gas_fired_combustion_turbine
90,43,0.0,natural_gas_fired_combustion_turbine
60,43,0.0,natural_gas_fired_combustion_turbine
46,43,0.0,natural_gas_fired_combustion_turbine
37,43,0.0,natural_gas_fired_combustion_turbine
7,43,0.0,natural_gas_fired_combustion_turbine
133,43,0.0,natural_gas_fired_combustion_turbine
74,43,0.0,natural_gas_fired_combustion_turbine
20,43,0.0,natural_gas_fired_combustion_turbine
135,43,0.0,natural_gas_fired_combustion_turbine
142,43,0.0,natural_gas_fired_combustion_turbine
121,43,0.0,natural_gas_fired_combustion_turbine
91,43,0.0,natural_gas_fired_combustion_turbine
22,43,0.0,natural_gas_steam_turbine
123,43,0.0,natural_gas_steam_turbine
62,43,0.0,natural_gas_steam_turbine
49,43,0.0,natural_gas_steam_turbine
48,43,0.0,natural_gas_steam_turbine
21,43,0.0,natural_gas_steam_turbine
79,43,0.0,nuclear
10,43,0.0,onshore_wind_turbine
23,43,0.0,onshore_wind_turbine
31,43,0.0,onshore_wind_turbine
38,43,2083.6074,onshore_wind_turbine
50,43,1861.6358422877593,onshore_wind_turbine
63,43,89.9869600224,onshore_wind_turbine
80,43,2747.9992399999996,onshore_wind_turbine
94,43,20018.2654,onshore_wind_turbine
105,43,1497.551719314,onshore_wind_turbine
124,43,24530.589011713404,onshore_wind_turbine
136,43,1751.1902100000002,onshore_wind_turbine
144,43,5391.835469999999,onshore_wind_turbine
11,43,0.0,small_hydroelectric
24,43,0.0,small_hydroelectric
32,43,0.0,small_hydroelectric
39,43,0.0,small_hydroelectric
51,43,25.641,small_hydroelectric
64,43,0.0,small_hydroelectric
81,43,0.0,small_hydroelectric
95,43,0.0,small_hydroelectric
106,43,0.0,small_hydroelectric
125,43,0.0,small_hydroelectric
137,43,0.0,small_hydroelectric
145,43,33.21,small_hydroelectric
12,43,2652.59988,solar_photovoltaic
25,43,0.0,solar_photovoltaic
33,43,0.0,solar_photovoltaic
52,43,270.94256,solar_photovoltaic
65,43,0.0,solar_photovoltaic
82,43,0.0,solar_photovoltaic
96,43,420.66059,solar_photovoltaic
107,43,4837.3238130455,solar_photovoltaic
126,43,12992.013999538,solar_photovoltaic
138,43,0.0,solar_photovoltaic
26,44,0.0,biomass
13,44,0.0,biomass
108,44,0.0,biomass
40,44,0.0,biomass
97,44,0.0,biomass
1,44,0.0,biomass
66,44,0.0,biomass
2,44,613.5530268000003,conventional_hydroelectric
14,44,145.91932079999998,conventional_hydroelectric
27,44,901.9700064000001,conventional_hydroelectric
35,44,1404.4094768000007,conventional_hydroelectric
54,44,790.8802208999981,conventional_hydroelectric
67,44,2926.534637026026,conventional_hydroelectric
84,44,16686.870396694576,conventional_hydroelectric
109,44,347.65380000000175,conventional_hydroelectric
128,44,57.9116999999999,conventional_hydroelectric
139,44,154.54978559999998,conventional_hydroelectric
110,44,0.0,conventional_steam_coal
41,44,0.0,conventional_steam_coal
3,44,0.0,conventional_steam_coal
36,44,0.0,conventional_steam_coal
85,44,0.0,conventional_steam_coal
28,44,74.364,geothermal
116,44,0.0,natural_gas_fired_combined_cycle
73,44,0.0,natural_gas_fired_combined_cycle
71,44,0.0,natural_gas_fired_combined_cycle
44,44,0.0,natural_gas_fired_combined_cycle
115,44,0.0,natural_gas_fired_combined_cycle
70,44,0.0,natural_gas_fired_combined_cycle
131,44,0.0,natural_gas_fired_combined_cycle
18,44,0.0,natural_gas_fired_combined_cycle
72,44,0.0,natural_gas_fired_combined_cycle
114,44,0.0,natural_gas_fired_combined_cycle
45,44,0.0,natural_gas_fired_combined_cycle
78,44,0.0,natural_gas_fired_combustion_turbine
75,44,0.0,natural_gas_fired_combustion_turbine
119,44,0.0,natural_gas_fired_combustion_turbine
117,44,0.0,natural_gas_fired_combustion_turbine
134,44,0.0,natural_gas_fired_combustion_turbine
103,44,0.0,natural_gas_fired_combustion_turbine
47,44,0.0,natural_gas_fired_combustion_turbine
8,44,0.0,natural_gas_fired_combustion_turbine
90,44,0.0,natural_gas_fired_combustion_turbine
60,44,0.0,natural_gas_fired_combustion_turbine
46,44,0.0,natural_gas_fired_combustion_turbine
37,44,0.0,natural_gas_fired_combustion_turbine
7,44,0.0,natural_gas_fired_combustion_turbine
133,44,0.0,natural_gas_fired_combustion_turbine
74,44,0.0,natural_gas_fired_combustion_turbine
20,44,0.0,natural_gas_fired_combustion_turbine
135,44,0.0,natural_gas_fired_combustion_turbine
142,44,0.0,natural_gas_fired_combustion_turbine
121,44,0.0,natural_gas_fired_combustion_turbine
91,44,0.0,natural_gas_fired_combustion_turbine
22,44,0.0,natural_gas_steam_turbine
123,44,0.0,natural_gas_steam_turbine
62,44,0.0,natural_gas_steam_turbine
49,44,0.0,natural_gas_steam_turbine
48,44,0.0,natural_gas_steam_turbine
21,44,0.0,natural_gas_steam_turbine
79,44,0.0,nuclear
10,44,516.55548,onshore_wind_turbine
23,44,14009.0412,onshore_wind_turbine
31,44,1784.67723,onshore_wind_turbine
38,44,2029.0746000000001,onshore_wind_turbine
50,44,3173.2226399999995,onshore_wind_turbine
63,44,155.09787978720001,onshore_wind_turbine
80,44,2987.7637999999997,onshore_wind_turbine
94,44,17995.4754,onshore_wind_turbine
105,44,2043.4761193769998,onshore_wind_turbine
124,44,24645.950550683006,onshore_wind_turbine
136,44,2117.25822,onshore_wind_turbine
144,44,3017.09205,onshore_wind_turbine
11,44,19.125,small_hydroelectric
24,44,62.577,small_hydroelectric
32,44,192.0,small_hydroelectric
39,44,52.9,small_hydroelectric
51,44,25.641,small_hydroelectric
64,44,6.128,small_hydroelectric
81,44,241.672,small_hydroelectric
95,44,418.922,small_hydroelectric
106,44,31.614,small_hydroelectric
125,44,100.697,small_hydroelectric
137,44,36.822,small_hydroelectric
145,44,33.21,small_hydroelectric
12,44,0.0,solar_photovoltaic
25,44,0.0,solar_photovoltaic
33,44,5.6336,solar_photovoltaic
52,44,0.0,solar_photovoltaic
65,44,324.8733518422,solar_photovoltaic
82,44,1199.84655,solar_photovoltaic
96,44,194.24146000000002,solar_photovoltaic
107,44,0.0,solar_photovoltaic
126,44,54.710897290000005,solar_photovoltaic
138,44,0.0,solar_photovoltaic
26,45,11.235,biomass
13,45,15.682,biomass
108,45,137.081,biomass
40,45,5.952,biomass
97,45,178.173,biomass
1,45,16.294,biomass
66,45,228.795,biomass
2,45,842.8411907999999,conventional_hydroelectric
14,45,145.8722804,conventional_hydroelectric
27,45,901.9700064000001,conventional_hydroelectric
35,45,1611.7116048,conventional_hydroelectric
54,45,877.1505039,conventional_hydroelectric
67,45,2926.167394234617,conventional_hydroelectric
84,45,18050.6152314,conventional_hydroelectric
109,45,385.5628667124,conventional_hydroelectric
128,45,70.51110000000001,conventional_hydroelectric
139,45,154.59636479999998,conventional_hydroelectric
110,45,0.0,conventional_steam_coal
41,45,0.0,conventional_steam_coal
3,45,0.0,conventional_steam_coal
36,45,0.0,conventional_steam_coal
85,45,0.0,conventional_steam_coal
28,45,74.364,geothermal
116,45,0.0,natural_gas_fired_combined_cycle
73,45,0.0,natural_gas_fired_combined_cycle
71,45,0.0,natural_gas_fired_combined_cycle
44,45,0.0,natural_gas_fired_combined_cycle
115,45,0.0,natural_gas_fired_combined_cycle
70,45,0.0,natural_gas_fired_combined_cycle
131,45,0.0,natural_gas_fired_combined_cycle
18,45,0.0,natural_gas_fired_combined_cycle
72,45,0.0,natural_gas_fired_combined_cycle
114,45,0.0,natural_gas_fired_combined_cycle
45,45,0.0,natural_gas_fired_combined_cycle
78,45,0.0,natural_gas_fired_combustion_turbine
75,45,0.0,natural_gas_fired_combustion_turbine
119,45,0.0,natural_gas_fired_combustion_turbine
117,45,0.0,natural_gas_fired_combustion_turbine
134,45,0.0,natural_gas_fired_combustion_turbine
103,45,0.0,natural_gas_fired_combustion_turbine
47,45,0.0,natural_gas_fired_combustion_turbine
8,45,0.0,natural_gas_fired_combustion_turbine
90,45,0.0,natural_gas_fired_combustion_turbine
60,45,0.0,natural_gas_fired_combustion_turbine
46,45,0.0,natural_gas_fired_combustion_turbine
37,45,0.0,natural_gas_fired_combustion_turbine
7,45,0.0,natural_gas_fired_combustion_turbine
133,45,0.0,natural_gas_fired_combustion_turbine
74,45,0.0,natural_gas_fired_combustion_turbine
20,45,0.0,natural_gas_fired_combustion_turbine
135,45,0.0,natural_gas_fired_combustion_turbine
142,45,0.0,natural_gas_fired_combustion_turbine
121,45,0.0,natural_gas_fired_combustion_turbine
91,45,0.0,natural_gas_fired_combustion_turbine
22,45,0.0,natural_gas_steam_turbine
123,45,0.0,natural_gas_steam_turbine
62,45,0.0,natural_gas_steam_turbine
49,45,0.0,natural_gas_steam_turbine
48,45,0.0,natural_gas_steam_turbine
21,45,0.0,natural_gas_steam_turbine
79,45,0.0,nuclear
10,45,311.04997000000003,onshore_wind_turbine
23,45,10366.0942,onshore_wind_turbine
31,45,1630.31393,onshore_wind_turbine
38,45,1721.1915,onshore_wind_turbine
50,45,3216.5800799999997,onshore_wind_turbine
63,45,265.6214401792,onshore_wind_turbine
80,45,4519.28316,onshore_wind_turbine
94,45,16318.398599999999,onshore_wind_turbine
105,45,2114.53606035,onshore_wind_turbine
124,45,24877.250089815203,onshore_wind_turbine
136,45,2391.5843700000005,onshore_wind_turbine
144,45,2106.55746,onshore_wind_turbine
11,45,19.125,small_hydroelectric
24,45,62.577,small_hydroelectric
32,45,192.0,small_hydroelectric
39,45,52.9,small_hydroelectric
51,45,25.641,small_hydroelectric
64,45,6.128,small_hydroelectric
81,45,241.672,small_hydroelectric
95,45,418.922,small_hydroelectric
106,45,31.614,small_hydroelectric
125,45,100.697,small_hydroelectric
137,45,36.822,small_hydroelectric
145,45,33.21,small_hydroelectric
12,45,0.0,solar_photovoltaic
25,45,0.0,solar_photovoltaic
33,45,0.0,solar_photovoltaic
52,45,0.0,solar_photovoltaic
65,45,0.0,solar_photovoltaic
82,45,0.0,solar_photovoltaic
96,45,0.0,solar_photovoltaic
107,45,0.0,solar_photovoltaic
126,45,0.0,solar_photovoltaic
138,45,0.0,solar_photovoltaic
26,46,11.235,biomass
13,46,15.682,biomass
108,46,137.081,biomass
40,46,5.952,biomass
97,46,178.173,biomass
1,46,16.294,biomass
66,46,228.79499999999996,biomass
2,46,842.8411907999999,conventional_hydroelectric
14,46,145.8722804,conventional_hydroelectric
27,46,901.9700064000001,conventional_hydroelectric
35,46,1612.4608896,conventional_hydroelectric
54,46,877.6702044000001,conventional_hydroelectric
67,46,2925.125218155699,conventional_hydroelectric
84,46,18050.6152314,conventional_hydroelectric
109,46,385.50211805040004,conventional_hydroelectric
128,46,70.54146,conventional_hydroelectric
139,46,154.642944,conventional_hydroelectric
110,46,0.0,conventional_steam_coal
41,46,0.0,conventional_steam_coal
3,46,0.0,conventional_steam_coal
36,46,0.0,conventional_steam_coal
85,46,0.0,conventional_steam_coal
28,46,74.364,geothermal
116,46,0.0,natural_gas_fired_combined_cycle
73,46,0.0,natural_gas_fired_combined_cycle
71,46,0.0,natural_gas_fired_combined_cycle
44,46,0.0,natural_gas_fired_combined_cycle
115,46,0.0,natural_gas_fired_combined_cycle
70,46,0.0,natural_gas_fired_combined_cycle
131,46,0.0,natural_gas_fired_combined_cycle
18,46,0.0,natural_gas_fired_combined_cycle
72,46,0.0,natural_gas_fired_combined_cycle
114,46,0.0,natural_gas_fired_combined_cycle
45,46,0.0,natural_gas_fired_combined_cycle
78,46,0.0,natural_gas_fired_combustion_turbine
75,46,0.0,natural_gas_fired_combustion_turbine
119,46,0.0,natural_gas_fired_combustion_turbine
117,46,0.0,natural_gas_fired_combustion_turbine
134,46,0.0,natural_gas_fired_combustion_turbine
103,46,0.0,natural_gas_fired_combustion_turbine
47,46,0.0,natural_gas_fired_combustion_turbine
8,46,0.0,natural_gas_fired_combustion_turbine
90,46,0.0,natural_gas_fired_combustion_turbine
60,46,0.0,natural_gas_fired_combustion_turbine
46,46,0.0,natural_gas_fired_combustion_turbine
37,46,0.0,natural_gas_fired_combustion_turbine
7,46,0.0,natural_gas_fired_combustion_turbine
133,46,0.0,natural_gas_fired_combustion_turbine
74,46,0.0,natural_gas_fired_combustion_turbine
20,46,0.0,natural_gas_fired_combustion_turbine
135,46,0.0,natural_gas_fired_combustion_turbine
142,46,0.0,natural_gas_fired_combustion_turbine
121,46,0.0,natural_gas_fired_combustion_turbine
91,46,0.0,natural_gas_fired_combustion_turbine
22,46,0.0,natural_gas_steam_turbine
123,46,0.0,natural_gas_steam_turbine
62,46,0.0,natural_gas_steam_turbine
49,46,0.0,natural_gas_steam_turbine
48,46,0.0,natural_gas_steam_turbine
21,46,0.0,natural_gas_steam_turbine
79,46,0.0,nuclear
10,46,533.30571,onshore_wind_turbine
23,46,8545.5524,onshore_wind_turbine
31,46,2415.19194,onshore_wind_turbine
38,46,2068.27005,onshore_wind_turbine
50,46,3049.9249199999995,onshore_wind_turbine
63,46,0.38499975360000005,onshore_wind_turbine
80,46,3065.8266799999997,onshore_wind_turbine
94,46,11717.4708,onshore_wind_turbine
105,46,2092.156501197,onshore_wind_turbine
124,46,24550.855202273404,onshore_wind_turbine
136,46,2531.89545,onshore_wind_turbine
144,46,1673.9994599999998,onshore_wind_turbine
11,46,19.125,small_hydroelectric
24,46,62.577,small_hydroelectric
32,46,192.0,small_hydroelectric
39,46,52.9,small_hydroelectric
51,46,25.641,small_hydroelectric
64,46,6.128,small_hydroelectric
81,46,241.672,small_hydroelectric
95,46,418.922,small_hydroelectric
106,46,31.614,small_hydroelectric
125,46,100.697,small_hydroelectric
137,46,36.822,small_hydroelectric
145,46,33.21,small_hydroelectric
12,46,0.0,solar_photovoltaic
25,46,0.0,solar_photovoltaic
33,46,0.0,solar_photovoltaic
52,46,0.0,solar_photovoltaic
65,46,0.0,solar_photovoltaic
82,46,0.0,solar_photovoltaic
96,46,0.0,solar_photovoltaic
107,46,0.0,solar_photovoltaic
126,46,0.0,solar_photovoltaic
138,46,0.0,solar_photovoltaic
26,47,11.235,biomass
13,47,15.681999999999972,biomass
108,47,137.08099999999854,biomass
40,47,5.952,biomass
97,47,178.173,biomass
1,47,16.294,biomass
66,47,228.795,biomass
2,47,842.8411907999999,conventional_hydroelectric
14,47,145.82524,conventional_hydroelectric
27,47,901.9700064000001,conventional_hydroelectric
35,47,1613.2101744000001,conventional_hydroelectric
54,47,878.1899049,conventional_hydroelectric
67,47,2924.083034802774,conventional_hydroelectric
84,47,18047.7099336,conventional_hydroelectric
109,47,385.3624980504,conventional_hydroelectric
128,47,70.55664,conventional_hydroelectric
139,47,154.6895232,conventional_hydroelectric
110,47,0.0,conventional_steam_coal
41,47,0.0,conventional_steam_coal
3,47,0.0,conventional_steam_coal
36,47,0.0,conventional_steam_coal
85,47,0.0,conventional_steam_coal
28,47,74.364,geothermal
116,47,0.0,natural_gas_fired_combined_cycle
73,47,0.0,natural_gas_fired_combined_cycle
71,47,0.0,natural_gas_fired_combined_cycle
44,47,0.0,natural_gas_fired_combined_cycle
115,47,0.0,natural_gas_fired_combined_cycle
70,47,0.0,natural_gas_fired_combined_cycle
131,47,0.0,natural_gas_fired_combined_cycle
18,47,0.0,natural_gas_fired_combined_cycle
72,47,0.0,natural_gas_fired_combined_cycle
114,47,0.0,natural_gas_fired_combined_cycle
45,47,0.0,natural_gas_fired_combined_cycle
78,47,0.0,natural_gas_fired_combustion_turbine
75,47,0.0,natural_gas_fired_combustion_turbine
119,47,0.0,natural_gas_fired_combustion_turbine
117,47,0.0,natural_gas_fired_combustion_turbine
134,47,0.0,natural_gas_fired_combustion_turbine
103,47,0.0,natural_gas_fired_combustion_turbine
47,47,0.0,natural_gas_fired_combustion_turbine
8,47,0.0,natural_gas_fired_combustion_turbine
90,47,0.0,natural_gas_fired_combustion_turbine
60,47,0.0,natural_gas_fired_combustion_turbine
46,47,0.0,natural_gas_fired_combustion_turbine
37,47,0.0,natural_gas_fired_combustion_turbine
7,47,0.0,natural_gas_fired_combustion_turbine
133,47,0.0,natural_gas_fired_combustion_turbine
74,47,0.0,natural_gas_fired_combustion_turbine
20,47,0.0,natural_gas_fired_combustion_turbine
135,47,0.0,natural_gas_fired_combustion_turbine
142,47,0.0,natural_gas_fired_combustion_turbine
121,47,0.0,natural_gas_fired_combustion_turbine
91,47,0.0,natural_gas_fired_combustion_turbine
22,47,0.0,natural_gas_steam_turbine
123,47,0.0,natural_gas_steam_turbine
62,47,0.0,natural_gas_steam_turbine
49,47,0.0,natural_gas_steam_turbine
48,47,0.0,natural_gas_steam_turbine
21,47,0.0,natural_gas_steam_turbine
79,47,0.0,nuclear
10,47,819.3203900000001,onshore_wind_turbine
23,47,4401.3508,onshore_wind_turbine
31,47,2099.34088,onshore_wind_turbine
38,47,2851.611,onshore_wind_turbine
50,47,2812.81392,onshore_wind_turbine
63,47,159.1855999048,onshore_wind_turbine
80,47,2967.318759999999,onshore_wind_turbine
94,47,10691.3646,onshore_wind_turbine
105,47,2256.7325185649997,onshore_wind_turbine
124,47,24323.7299982908,onshore_wind_turbine
136,47,2354.7077400000003,onshore_wind_turbine
144,47,795.90672,onshore_wind_turbine
11,47,19.125,small_hydroelectric
24,47,62.577,small_hydroelectric
32,47,192.0,small_hydroelectric
39,47,52.9,small_hydroelectric
51,47,25.641,small_hydroelectric
64,47,6.128,small_hydroelectric
81,47,241.672,small_hydroelectric
95,47,418.922,small_hydroelectric
106,47,31.614,small_hydroelectric
125,47,100.697,small_hydroelectric
137,47,36.822,small_hydroelectric
145,47,33.21,small_hydroelectric
12,47,0.0,solar_photovoltaic
25,47,0.0,solar_photovoltaic
33,47,0.0,solar_photovoltaic
52,47,0.0,solar_photovoltaic
65,47,0.0,solar_photovoltaic
82,47,0.0,solar_photovoltaic
96,47,0.0,solar_photovoltaic
107,47,0.0,solar_photovoltaic
126,47,0.0,solar_photovoltaic
138,47,0.0,solar_photovoltaic
26,48,0.0,biomass
13,48,0.0,biomass
108,48,0.0,biomass
40,48,0.0,biomass
97,48,0.0,biomass
1,48,0.0,biomass
66,48,0.0,biomass
2,48,797.5506568760186,conventional_hydroelectric
14,48,145.7781996,conventional_hydroelectric
27,48,784.8493704000009,conventional_hydroelectric
35,48,1405.9080464000008,conventional_hydroelectric
54,48,878.7096054000001,conventional_hydroelectric
67,48,2923.715792011365,conventional_hydroelectric
84,48,15636.312759599976,conventional_hydroelectric
109,48,385.3017507846,conventional_hydroelectric
128,48,57.957239999999885,conventional_hydroelectric
139,48,135.35915519999975,conventional_hydroelectric
110,48,0.0,conventional_steam_coal
41,48,0.0,conventional_steam_coal
3,48,0.0,conventional_steam_coal
36,48,0.0,conventional_steam_coal
85,48,0.0,conventional_steam_coal
28,48,74.364,geothermal
116,48,0.0,natural_gas_fired_combined_cycle
73,48,0.0,natural_gas_fired_combined_cycle
71,48,0.0,natural_gas_fired_combined_cycle
44,48,0.0,natural_gas_fired_combined_cycle
115,48,0.0,natural_gas_fired_combined_cycle
70,48,0.0,natural_gas_fired_combined_cycle
131,48,0.0,natural_gas_fired_combined_cycle
18,48,0.0,natural_gas_fired_combined_cycle
72,48,0.0,natural_gas_fired_combined_cycle
114,48,0.0,natural_gas_fired_combined_cycle
45,48,0.0,natural_gas_fired_combined_cycle
78,48,0.0,natural_gas_fired_combustion_turbine
75,48,0.0,natural_gas_fired_combustion_turbine
119,48,0.0,natural_gas_fired_combustion_turbine
117,48,0.0,natural_gas_fired_combustion_turbine
134,48,0.0,natural_gas_fired_combustion_turbine
103,48,0.0,natural_gas_fired_combustion_turbine
47,48,0.0,natural_gas_fired_combustion_turbine
8,48,0.0,natural_gas_fired_combustion_turbine
90,48,0.0,natural_gas_fired_combustion_turbine
60,48,0.0,natural_gas_fired_combustion_turbine
46,48,0.0,natural_gas_fired_combustion_turbine
37,48,0.0,natural_gas_fired_combustion_turbine
7,48,0.0,natural_gas_fired_combustion_turbine
133,48,0.0,natural_gas_fired_combustion_turbine
74,48,0.0,natural_gas_fired_combustion_turbine
20,48,0.0,natural_gas_fired_combustion_turbine
135,48,0.0,natural_gas_fired_combustion_turbine
142,48,0.0,natural_gas_fired_combustion_turbine
121,48,0.0,natural_gas_fired_combustion_turbine
91,48,0.0,natural_gas_fired_combustion_turbine
22,48,0.0,natural_gas_steam_turbine
123,48,0.0,natural_gas_steam_turbine
62,48,0.0,natural_gas_steam_turbine
49,48,0.0,natural_gas_steam_turbine
48,48,0.0,natural_gas_steam_turbine
21,48,0.0,natural_gas_steam_turbine
79,48,0.0,nuclear
10,48,793.56466,onshore_wind_turbine
23,48,1615.5678,onshore_wind_turbine
31,48,1969.91319,onshore_wind_turbine
38,48,3219.13935,onshore_wind_turbine
50,48,1970.0536799999998,onshore_wind_turbine
63,48,218.895599832,onshore_wind_turbine
80,48,4244.2044399999995,onshore_wind_turbine
94,48,13144.4572,onshore_wind_turbine
105,48,2340.9278822382294,onshore_wind_turbine
124,48,24640.208681657805,onshore_wind_turbine
136,48,1513.7406900000003,onshore_wind_turbine
144,48,1124.6508,onshore_wind_turbine
11,48,0.0,small_hydroelectric
24,48,62.577,small_hydroelectric
32,48,192.0,small_hydroelectric
39,48,0.0,small_hydroelectric
51,48,0.0,small_hydroelectric
64,48,0.0,small_hydroelectric
81,48,241.672,small_hydroelectric
95,48,0.0,small_hydroelectric
106,48,0.0,small_hydroelectric
125,48,100.697,small_hydroelectric
137,48,0.0,small_hydroelectric
145,48,0.0,small_hydroelectric
12,48,0.0,solar_photovoltaic
25,48,0.0,solar_photovoltaic
33,48,0.0,solar_photovoltaic
52,48,0.0,solar_photovoltaic
65,48,0.0,solar_photovoltaic
82,48,0.0,solar_photovoltaic
96,48,0.0,solar_photovoltaic
107,48,0.0,solar_photovoltaic
126,48,0.0,solar_photovoltaic
138,48,0.0,solar_photovoltaic
26,49,0.0,biomass
13,49,0.0,biomass
108,49,0.0,biomass
40,49,0.0,biomass
97,49,0.0,biomass
1,49,0.0,biomass
66,49,0.0,biomass
2,49,568.2624928760184,conventional_hydroelectric
14,49,145.7311592,conventional_hydroelectric
27,49,667.7287344000015,conventional_hydroelectric
35,49,1613.2101744000029,conventional_hydroelectric
54,49,792.4393223999986,conventional_hydroelectric
67,49,2922.673615932447,conventional_hydroelectric
84,49,13224.915585599943,conventional_hydroelectric
109,49,269.41715078459913,conventional_hydroelectric
128,49,70.55663999999983,conventional_hydroelectric
139,49,154.68952319999963,conventional_hydroelectric
110,49,0.0,conventional_steam_coal
41,49,0.0,conventional_steam_coal
3,49,0.0,conventional_steam_coal
36,49,0.0,conventional_steam_coal
85,49,0.0,conventional_steam_coal
28,49,74.364,geothermal
116,49,0.0,natural_gas_fired_combined_cycle
73,49,0.0,natural_gas_fired_combined_cycle
71,49,0.0,natural_gas_fired_combined_cycle
44,49,0.0,natural_gas_fired_combined_cycle
115,49,0.0,natural_gas_fired_combined_cycle
70,49,0.0,natural_gas_fired_combined_cycle
131,49,0.0,natural_gas_fired_combined_cycle
18,49,0.0,natural_gas_fired_combined_cycle
72,49,0.0,natural_gas_fired_combined_cycle
114,49,0.0,natural_gas_fired_combined_cycle
45,49,0.0,natural_gas_fired_combined_cycle
78,49,0.0,natural_gas_fired_combustion_turbine
75,49,0.0,natural_gas_fired_combustion_turbine
119,49,0.0,natural_gas_fired_combustion_turbine
117,49,0.0,natural_gas_fired_combustion_turbine
134,49,0.0,natural_gas_fired_combustion_turbine
103,49,0.0,natural_gas_fired_combustion_turbine
47,49,0.0,natural_gas_fired_combustion_turbine
8,49,0.0,natural_gas_fired_combustion_turbine
90,49,0.0,natural_gas_fired_combustion_turbine
60,49,0.0,natural_gas_fired_combustion_turbine
46,49,0.0,natural_gas_fired_combustion_turbine
37,49,0.0,natural_gas_fired_combustion_turbine
7,49,0.0,natural_gas_fired_combustion_turbine
133,49,0.0,natural_gas_fired_combustion_turbine
74,49,0.0,natural_gas_fired_combustion_turbine
20,49,0.0,natural_gas_fired_combustion_turbine
135,49,0.0,natural_gas_fired_combustion_turbine
142,49,0.0,natural_gas_fired_combustion_turbine
121,49,0.0,natural_gas_fired_combustion_turbine
91,49,0.0,natural_gas_fired_combustion_turbine
22,49,0.0,natural_gas_steam_turbine
123,49,0.0,natural_gas_steam_turbine
62,49,0.0,natural_gas_steam_turbine
49,49,0.0,natural_gas_steam_turbine
48,49,0.0,natural_gas_steam_turbine
21,49,0.0,natural_gas_steam_turbine
79,49,0.0,nuclear
10,49,604.2690500000001,onshore_wind_turbine
23,49,726.726,onshore_wind_turbine
31,49,2645.54948,onshore_wind_turbine
38,49,3225.3878999999997,onshore_wind_turbine
50,49,3291.77814,onshore_wind_turbine
63,49,313.47456018479943,onshore_wind_turbine
80,49,4299.03432,onshore_wind_turbine
94,49,10261.062000000002,onshore_wind_turbine
105,49,2445.9293599860002,onshore_wind_turbine
124,49,24622.907761036204,onshore_wind_turbine
136,49,1230.4202400000001,onshore_wind_turbine
144,49,798.0695099999999,onshore_wind_turbine
11,49,19.125,small_hydroelectric
24,49,0.0,small_hydroelectric
32,49,192.0,small_hydroelectric
39,49,52.9,small_hydroelectric
51,49,25.641,small_hydroelectric
64,49,6.128,small_hydroelectric
81,49,241.672,small_hydroelectric
95,49,418.922,small_hydroelectric
106,49,31.614,small_hydroelectric
125,49,0.0,small_hydroelectric
137,49,36.822,small_hydroelectric
145,49,33.21,small_hydroelectric
12,49,0.0,solar_photovoltaic
25,49,0.0,solar_photovoltaic
33,49,0.0,solar_photovoltaic
52,49,0.0,solar_photovoltaic
65,49,0.0,solar_photovoltaic
82,49,0.0,solar_photovoltaic
96,49,0.0,solar_photovoltaic
107,49,0.0,solar_photovoltaic
126,49,0.0,solar_photovoltaic
138,49,0.0,solar_photovoltaic
26,50,0.0,biomass
13,50,0.0,biomass
108,50,0.0,biomass
40,50,0.0,biomass
97,50,0.0,biomass
1,50,0.0,biomass
66,50,0.0,biomass
2,50,384.54111359999723,conventional_hydroelectric
14,50,106.68762720000007,conventional_hydroelectric
27,50,784.8493704000032,conventional_hydroelectric
35,50,1405.9080463999965,conventional_hydroelectric
54,50,706.1690393999964,conventional_hydroelectric
67,50,2920.1695462967064,conventional_hydroelectric
84,50,12056.985870000002,conventional_hydroelectric
109,50,153.53255078459821,conventional_hydroelectric
128,50,57.957239999999686,conventional_hydroelectric
139,50,154.8292608,conventional_hydroelectric
110,50,0.0,conventional_steam_coal
41,50,0.0,conventional_steam_coal
3,50,0.0,conventional_steam_coal
36,50,0.0,conventional_steam_coal
85,50,0.0,conventional_steam_coal
28,50,0.0,geothermal
116,50,0.0,natural_gas_fired_combined_cycle
73,50,0.0,natural_gas_fired_combined_cycle
71,50,0.0,natural_gas_fired_combined_cycle
44,50,0.0,natural_gas_fired_combined_cycle
115,50,0.0,natural_gas_fired_combined_cycle
70,50,0.0,natural_gas_fired_combined_cycle
131,50,0.0,natural_gas_fired_combined_cycle
18,50,0.0,natural_gas_fired_combined_cycle
72,50,0.0,natural_gas_fired_combined_cycle
114,50,0.0,natural_gas_fired_combined_cycle
45,50,0.0,natural_gas_fired_combined_cycle
78,50,0.0,natural_gas_fired_combustion_turbine
75,50,0.0,natural_gas_fired_combustion_turbine
119,50,0.0,natural_gas_fired_combustion_turbine
117,50,0.0,natural_gas_fired_combustion_turbine
134,50,0.0,natural_gas_fired_combustion_turbine
103,50,0.0,natural_gas_fired_combustion_turbine
47,50,0.0,natural_gas_fired_combustion_turbine
8,50,0.0,natural_gas_fired_combustion_turbine
90,50,0.0,natural_gas_fired_combustion_turbine
60,50,0.0,natural_gas_fired_combustion_turbine
46,50,0.0,natural_gas_fired_combustion_turbine
37,50,0.0,natural_gas_fired_combustion_turbine
7,50,0.0,natural_gas_fired_combustion_turbine
133,50,0.0,natural_gas_fired_combustion_turbine
74,50,0.0,natural_gas_fired_combustion_turbine
20,50,0.0,natural_gas_fired_combustion_turbine
135,50,0.0,natural_gas_fired_combustion_turbine
142,50,0.0,natural_gas_fired_combustion_turbine
121,50,0.0,natural_gas_fired_combustion_turbine
91,50,0.0,natural_gas_fired_combustion_turbine
22,50,0.0,natural_gas_steam_turbine
123,50,0.0,natural_gas_steam_turbine
62,50,0.0,natural_gas_steam_turbine
49,50,0.0,natural_gas_steam_turbine
48,50,0.0,natural_gas_steam_turbine
21,50,0.0,natural_gas_steam_turbine
79,50,0.0,nuclear
10,50,644.43358,onshore_wind_turbine
23,50,473.30359999999996,onshore_wind_turbine
31,50,3823.4602000000004,onshore_wind_turbine
38,50,3209.4824999999996,onshore_wind_turbine
50,50,3961.7860799999994,onshore_wind_turbine
63,50,0.0,onshore_wind_turbine
80,50,0.0,onshore_wind_turbine
94,50,17300.371199999998,onshore_wind_turbine
105,50,0.0,onshore_wind_turbine
124,50,23669.390645118707,onshore_wind_turbine
136,50,795.0961200000002,onshore_wind_turbine
144,50,0.0,onshore_wind_turbine
11,50,0.0,small_hydroelectric
24,50,62.577,small_hydroelectric
32,50,0.0,small_hydroelectric
39,50,0.0,small_hydroelectric
51,50,0.0,small_hydroelectric
64,50,0.0,small_hydroelectric
81,50,0.0,small_hydroelectric
95,50,418.922,small_hydroelectric
106,50,31.614,small_hydroelectric
125,50,0.0,small_hydroelectric
137,50,0.0,small_hydroelectric
145,50,0.0,small_hydroelectric
12,50,0.0,solar_photovoltaic
25,50,0.0,solar_photovoltaic
33,50,0.0,solar_photovoltaic
52,50,0.0,solar_photovoltaic
65,50,0.0,solar_photovoltaic
82,50,0.0,solar_photovoltaic
96,50,0.0,solar_photovoltaic
107,50,0.0,solar_photovoltaic
126,50,0.0,solar_photovoltaic
138,50,0.0,solar_photovoltaic
26,51,0.0,biomass
13,51,0.0,biomass
108,51,0.0,biomass
40,51,0.0,biomass
97,51,0.0,biomass
1,51,0.0,biomass
66,51,0.0,biomass
2,51,613.8292775999989,conventional_hydroelectric
14,51,78.08706400000032,conventional_hydroelectric
27,51,668.0109528000011,conventional_hydroelectric
35,51,1203.101627199996,conventional_hydroelectric
54,51,619.8987563999942,conventional_hydroelectric
67,51,2316.426965296701,conventional_hydroelectric
84,51,9645.588695999992,conventional_hydroelectric
109,51,37.647950784597185,conventional_hydroelectric
128,51,45.35783999999955,conventional_hydroelectric
139,51,135.4988928000001,conventional_hydroelectric
110,51,0.0,conventional_steam_coal
41,51,0.0,conventional_steam_coal
3,51,0.0,conventional_steam_coal
36,51,0.0,conventional_steam_coal
85,51,0.0,conventional_steam_coal
28,51,74.364,geothermal
116,51,0.0,natural_gas_fired_combined_cycle
73,51,0.0,natural_gas_fired_combined_cycle
71,51,0.0,natural_gas_fired_combined_cycle
44,51,0.0,natural_gas_fired_combined_cycle
115,51,0.0,natural_gas_fired_combined_cycle
70,51,0.0,natural_gas_fired_combined_cycle
131,51,0.0,natural_gas_fired_combined_cycle
18,51,0.0,natural_gas_fired_combined_cycle
72,51,0.0,natural_gas_fired_combined_cycle
114,51,0.0,natural_gas_fired_combined_cycle
45,51,0.0,natural_gas_fired_combined_cycle
78,51,0.0,natural_gas_fired_combustion_turbine
75,51,0.0,natural_gas_fired_combustion_turbine
119,51,0.0,natural_gas_fired_combustion_turbine
117,51,0.0,natural_gas_fired_combustion_turbine
134,51,0.0,natural_gas_fired_combustion_turbine
103,51,0.0,natural_gas_fired_combustion_turbine
47,51,0.0,natural_gas_fired_combustion_turbine
8,51,0.0,natural_gas_fired_combustion_turbine
90,51,0.0,natural_gas_fired_combustion_turbine
60,51,0.0,natural_gas_fired_combustion_turbine
46,51,0.0,natural_gas_fired_combustion_turbine
37,51,0.0,natural_gas_fired_combustion_turbine
7,51,0.0,natural_gas_fired_combustion_turbine
133,51,0.0,natural_gas_fired_combustion_turbine
74,51,0.0,natural_gas_fired_combustion_turbine
20,51,0.0,natural_gas_fired_combustion_turbine
135,51,0.0,natural_gas_fired_combustion_turbine
142,51,0.0,natural_gas_fired_combustion_turbine
121,51,0.0,natural_gas_fired_combustion_turbine
91,51,0.0,natural_gas_fired_combustion_turbine
22,51,0.0,natural_gas_steam_turbine
123,51,0.0,natural_gas_steam_turbine
62,51,0.0,natural_gas_steam_turbine
49,51,0.0,natural_gas_steam_turbine
48,51,0.0,natural_gas_steam_turbine
21,51,0.0,natural_gas_steam_turbine
79,51,0.0,nuclear
10,51,678.1141500000001,onshore_wind_turbine
23,51,393.5579404985095,onshore_wind_turbine
31,51,5648.509370000001,onshore_wind_turbine
38,51,0.0,onshore_wind_turbine
50,51,4753.736819999999,onshore_wind_turbine
63,51,359.7728402016,onshore_wind_turbine
80,51,0.0,onshore_wind_turbine
94,51,15487.2158,onshore_wind_turbine
105,51,2454.211619874,onshore_wind_turbine
124,51,24138.979886544606,onshore_wind_turbine
136,51,543.2557200000001,onshore_wind_turbine
144,51,1035.9764099999998,onshore_wind_turbine
11,51,19.125,small_hydroelectric
24,51,62.577,small_hydroelectric
32,51,192.0,small_hydroelectric
39,51,52.9,small_hydroelectric
51,51,0.0,small_hydroelectric
64,51,0.0,small_hydroelectric
81,51,241.672,small_hydroelectric
95,51,0.0,small_hydroelectric
106,51,0.0,small_hydroelectric
125,51,100.697,small_hydroelectric
137,51,36.822,small_hydroelectric
145,51,33.21,small_hydroelectric
12,51,0.0,solar_photovoltaic
25,51,0.0,solar_photovoltaic
33,51,0.0,solar_photovoltaic
52,51,0.0,solar_photovoltaic
65,51,0.0,solar_photovoltaic
82,51,0.0,solar_photovoltaic
96,51,0.0,solar_photovoltaic
107,51,0.0,solar_photovoltaic
126,51,0.0,solar_photovoltaic
138,51,0.0,solar_photovoltaic
26,52,0.0,biomass
13,52,0.0,biomass
108,52,0.0,biomass
40,52,0.0,biomass
97,52,0.0,biomass
1,52,0.0,biomass
66,52,0.0,biomass
2,52,843.1174416,conventional_hydroelectric
14,52,117.13059600000032,conventional_hydroelectric
27,52,785.1315888000005,conventional_hydroelectric
35,52,1410.4037552000007,conventional_hydroelectric
54,52,533.6284733999939,conventional_hydroelectric
67,52,2920.169546296704,conventional_hydroelectric
84,52,7234.191521999986,conventional_hydroelectric
109,52,153.53255078459688,conventional_hydroelectric
128,52,32.758439999999425,conventional_hydroelectric
139,52,116.1685248000002,conventional_hydroelectric
110,52,0.0,conventional_steam_coal
41,52,0.0,conventional_steam_coal
3,52,0.0,conventional_steam_coal
36,52,0.0,conventional_steam_coal
85,52,0.0,conventional_steam_coal
28,52,0.0,geothermal
116,52,0.0,natural_gas_fired_combined_cycle
73,52,0.0,natural_gas_fired_combined_cycle
71,52,0.0,natural_gas_fired_combined_cycle
44,52,0.0,natural_gas_fired_combined_cycle
115,52,0.0,natural_gas_fired_combined_cycle
70,52,0.0,natural_gas_fired_combined_cycle
131,52,0.0,natural_gas_fired_combined_cycle
18,52,0.0,natural_gas_fired_combined_cycle
72,52,0.0,natural_gas_fired_combined_cycle
114,52,0.0,natural_gas_fired_combined_cycle
45,52,0.0,natural_gas_fired_combined_cycle
78,52,0.0,natural_gas_fired_combustion_turbine
75,52,0.0,natural_gas_fired_combustion_turbine
119,52,0.0,natural_gas_fired_combustion_turbine
117,52,0.0,natural_gas_fired_combustion_turbine
134,52,0.0,natural_gas_fired_combustion_turbine
103,52,0.0,natural_gas_fired_combustion_turbine
47,52,0.0,natural_gas_fired_combustion_turbine
8,52,0.0,natural_gas_fired_combustion_turbine
90,52,0.0,natural_gas_fired_combustion_turbine
60,52,0.0,natural_gas_fired_combustion_turbine
46,52,0.0,natural_gas_fired_combustion_turbine
37,52,0.0,natural_gas_fired_combustion_turbine
7,52,0.0,natural_gas_fired_combustion_turbine
133,52,0.0,natural_gas_fired_combustion_turbine
74,52,0.0,natural_gas_fired_combustion_turbine
20,52,0.0,natural_gas_fired_combustion_turbine
135,52,0.0,natural_gas_fired_combustion_turbine
142,52,0.0,natural_gas_fired_combustion_turbine
121,52,0.0,natural_gas_fired_combustion_turbine
91,52,0.0,natural_gas_fired_combustion_turbine
22,52,0.0,natural_gas_steam_turbine
123,52,0.0,natural_gas_steam_turbine
62,52,0.0,natural_gas_steam_turbine
49,52,0.0,natural_gas_steam_turbine
48,52,0.0,natural_gas_steam_turbine
21,52,0.0,natural_gas_steam_turbine
79,52,0.0,nuclear
10,52,937.8327700000002,onshore_wind_turbine
23,52,0.0,onshore_wind_turbine
31,52,6011.85683,onshore_wind_turbine
38,52,2749.93005,onshore_wind_turbine
50,52,4552.167481751312,onshore_wind_turbine
63,52,466.0336798096,onshore_wind_turbine
80,52,1189.5295999999998,onshore_wind_turbine
94,52,15336.426,onshore_wind_turbine
105,52,2186.192818824,onshore_wind_turbine
124,52,22947.713260733806,onshore_wind_turbine
136,52,390.35262000000006,onshore_wind_turbine
144,52,0.0,onshore_wind_turbine
11,52,0.0,small_hydroelectric
24,52,0.0,small_hydroelectric
32,52,0.0,small_hydroelectric
39,52,0.0,small_hydroelectric
51,52,25.641,small_hydroelectric
64,52,6.128,small_hydroelectric
81,52,241.672,small_hydroelectric
95,52,418.922,small_hydroelectric
106,52,31.614,small_hydroelectric
125,52,100.697,small_hydroelectric
137,52,0.0,small_hydroelectric
145,52,0.0,small_hydroelectric
12,52,0.0,solar_photovoltaic
25,52,0.0,solar_photovoltaic
33,52,0.0,solar_photovoltaic
52,52,0.0,solar_photovoltaic
65,52,0.0,solar_photovoltaic
82,52,0.0,solar_photovoltaic
96,52,0.0,solar_photovoltaic
107,52,0.0,solar_photovoltaic
126,52,0.0,solar_photovoltaic
138,52,0.0,solar_photovoltaic
26,53,0.0,biomass
13,53,0.0,biomass
108,53,0.0,biomass
40,53,0.0,biomass
97,53,0.0,biomass
1,53,0.0,biomass
66,53,0.0,biomass
2,53,687.8644920000045,conventional_hydroelectric
14,53,78.08706400000032,conventional_hydroelectric
27,53,902.2522248,conventional_hydroelectric
35,53,1617.7058832,conventional_hydroelectric
54,53,447.35819039999365,conventional_hydroelectric
67,53,2316.4269652967005,conventional_hydroelectric
84,53,4822.794347999978,conventional_hydroelectric
109,53,37.64795078459588,conventional_hydroelectric
128,53,20.15903999999926,conventional_hydroelectric
139,53,96.83815679999995,conventional_hydroelectric
110,53,0.0,conventional_steam_coal
41,53,0.0,conventional_steam_coal
3,53,0.0,conventional_steam_coal
36,53,0.0,conventional_steam_coal
85,53,0.0,conventional_steam_coal
28,53,74.364,geothermal
116,53,0.0,natural_gas_fired_combined_cycle
73,53,0.0,natural_gas_fired_combined_cycle
71,53,0.0,natural_gas_fired_combined_cycle
44,53,0.0,natural_gas_fired_combined_cycle
115,53,0.0,natural_gas_fired_combined_cycle
70,53,0.0,natural_gas_fired_combined_cycle
131,53,0.0,natural_gas_fired_combined_cycle
18,53,0.0,natural_gas_fired_combined_cycle
72,53,0.0,natural_gas_fired_combined_cycle
114,53,0.0,natural_gas_fired_combined_cycle
45,53,0.0,natural_gas_fired_combined_cycle
78,53,0.0,natural_gas_fired_combustion_turbine
75,53,0.0,natural_gas_fired_combustion_turbine
119,53,0.0,natural_gas_fired_combustion_turbine
117,53,0.0,natural_gas_fired_combustion_turbine
134,53,0.0,natural_gas_fired_combustion_turbine
103,53,0.0,natural_gas_fired_combustion_turbine
47,53,0.0,natural_gas_fired_combustion_turbine
8,53,0.0,natural_gas_fired_combustion_turbine
90,53,0.0,natural_gas_fired_combustion_turbine
60,53,0.0,natural_gas_fired_combustion_turbine
46,53,0.0,natural_gas_fired_combustion_turbine
37,53,0.0,natural_gas_fired_combustion_turbine
7,53,0.0,natural_gas_fired_combustion_turbine
133,53,0.0,natural_gas_fired_combustion_turbine
74,53,0.0,natural_gas_fired_combustion_turbine
20,53,0.0,natural_gas_fired_combustion_turbine
135,53,0.0,natural_gas_fired_combustion_turbine
142,53,0.0,natural_gas_fired_combustion_turbine
121,53,0.0,natural_gas_fired_combustion_turbine
91,53,0.0,natural_gas_fired_combustion_turbine
22,53,0.0,natural_gas_steam_turbine
123,53,0.0,natural_gas_steam_turbine
62,53,0.0,natural_gas_steam_turbine
49,53,0.0,natural_gas_steam_turbine
48,53,0.0,natural_gas_steam_turbine
21,53,0.0,natural_gas_steam_turbine
79,53,0.0,nuclear
10,53,807.97346,onshore_wind_turbine
23,53,2318.0696,onshore_wind_turbine
31,53,6286.14854,onshore_wind_turbine
38,53,2140.4124,onshore_wind_turbine
50,53,3843.90804,onshore_wind_turbine
63,53,221.35819978159998,onshore_wind_turbine
80,53,1224.8437599999997,onshore_wind_turbine
94,53,17259.915399999998,onshore_wind_turbine
105,53,1968.492118803,onshore_wind_turbine
124,53,22807.541623851605,onshore_wind_turbine
136,53,712.3485600000001,onshore_wind_turbine
144,53,722.3718599999999,onshore_wind_turbine
11,53,19.125,small_hydroelectric
24,53,62.577,small_hydroelectric
32,53,192.0,small_hydroelectric
39,53,0.0,small_hydroelectric
51,53,25.641,small_hydroelectric
64,53,0.0,small_hydroelectric
81,53,241.672,small_hydroelectric
95,53,418.922,small_hydroelectric
106,53,31.614,small_hydroelectric
125,53,100.697,small_hydroelectric
137,53,36.822,small_hydroelectric
145,53,33.21,small_hydroelectric
12,53,0.0,solar_photovoltaic
25,53,417.37821999999994,solar_photovoltaic
33,53,0.0,solar_photovoltaic
52,53,55.2943999999998,solar_photovoltaic
65,53,0.0,solar_photovoltaic
82,53,0.0,solar_photovoltaic
96,53,0.0,solar_photovoltaic
107,53,0.0,solar_photovoltaic
126,53,0.0,solar_photovoltaic
138,53,0.0,solar_photovoltaic
26,54,0.0,biomass
13,54,0.0,biomass
108,54,0.0,biomass
40,54,0.0,biomass
97,54,0.0,biomass
1,54,0.0,biomass
66,54,0.0,biomass
2,54,458.5763280000031,conventional_hydroelectric
14,54,39.043532000000155,conventional_hydroelectric
27,54,902.2522248,conventional_hydroelectric
35,54,1618.455168,conventional_hydroelectric
54,54,361.08790739999336,conventional_hydroelectric
67,54,1712.6843842966957,conventional_hydroelectric
84,54,2411.3971739999924,conventional_hydroelectric
109,54,115.88459999999986,conventional_hydroelectric
128,54,7.559639999999099,conventional_hydroelectric
139,54,77.50778879999972,conventional_hydroelectric
110,54,0.0,conventional_steam_coal
41,54,0.0,conventional_steam_coal
3,54,0.0,conventional_steam_coal
36,54,0.0,conventional_steam_coal
85,54,0.0,conventional_steam_coal
28,54,0.0,geothermal
116,54,0.0,natural_gas_fired_combined_cycle
73,54,0.0,natural_gas_fired_combined_cycle
71,54,0.0,natural_gas_fired_combined_cycle
44,54,0.0,natural_gas_fired_combined_cycle
115,54,0.0,natural_gas_fired_combined_cycle
70,54,0.0,natural_gas_fired_combined_cycle
131,54,0.0,natural_gas_fired_combined_cycle
18,54,0.0,natural_gas_fired_combined_cycle
72,54,0.0,natural_gas_fired_combined_cycle
114,54,0.0,natural_gas_fired_combined_cycle
45,54,0.0,natural_gas_fired_combined_cycle
78,54,0.0,natural_gas_fired_combustion_turbine
75,54,0.0,natural_gas_fired_combustion_turbine
119,54,0.0,natural_gas_fired_combustion_turbine
117,54,0.0,natural_gas_fired_combustion_turbine
134,54,0.0,natural_gas_fired_combustion_turbine
103,54,0.0,natural_gas_fired_combustion_turbine
47,54,0.0,natural_gas_fired_combustion_turbine
8,54,0.0,natural_gas_fired_combustion_turbine
90,54,0.0,natural_gas_fired_combustion_turbine
60,54,0.0,natural_gas_fired_combustion_turbine
46,54,0.0,natural_gas_fired_combustion_turbine
37,54,0.0,natural_gas_fired_combustion_turbine
7,54,0.0,natural_gas_fired_combustion_turbine
133,54,0.0,natural_gas_fired_combustion_turbine
74,54,0.0,natural_gas_fired_combustion_turbine
20,54,0.0,natural_gas_fired_combustion_turbine
135,54,0.0,natural_gas_fired_combustion_turbine
142,54,0.0,natural_gas_fired_combustion_turbine
121,54,0.0,natural_gas_fired_combustion_turbine
91,54,0.0,natural_gas_fired_combustion_turbine
22,54,0.0,natural_gas_steam_turbine
123,54,0.0,natural_gas_steam_turbine
62,54,0.0,natural_gas_steam_turbine
49,54,0.0,natural_gas_steam_turbine
48,54,0.0,natural_gas_steam_turbine
21,54,0.0,natural_gas_steam_turbine
79,54,0.0,nuclear
10,54,0.0,onshore_wind_turbine
23,54,1593.207,onshore_wind_turbine
31,54,6071.22733,onshore_wind_turbine
38,54,1817.76,onshore_wind_turbine
50,54,0.0,onshore_wind_turbine
63,54,61.86954407074427,onshore_wind_turbine
80,54,0.0,onshore_wind_turbine
94,54,13184.912999999999,onshore_wind_turbine
105,54,0.0,onshore_wind_turbine
124,54,22437.403318992205,onshore_wind_turbine
136,54,517.1722500000001,onshore_wind_turbine
144,54,0.0,onshore_wind_turbine
11,54,19.125,small_hydroelectric
24,54,0.0,small_hydroelectric
32,54,192.0,small_hydroelectric
39,54,52.9,small_hydroelectric
51,54,0.0,small_hydroelectric
64,54,0.0,small_hydroelectric
81,54,0.0,small_hydroelectric
95,54,0.0,small_hydroelectric
106,54,0.0,small_hydroelectric
125,54,0.0,small_hydroelectric
137,54,0.0,small_hydroelectric
145,54,0.0,small_hydroelectric
12,54,2798.08326,solar_photovoltaic
25,54,1512.9493399999997,solar_photovoltaic
33,54,0.0,solar_photovoltaic
52,54,0.0,solar_photovoltaic
65,54,4962.0673913594,solar_photovoltaic
82,54,2688.4366600000003,solar_photovoltaic
96,54,0.0,solar_photovoltaic
107,54,3996.9793488275,solar_photovoltaic
126,54,7089.4422994535,solar_photovoltaic
138,54,1434.6686199999997,solar_photovoltaic
26,55,0.0,biomass
13,55,0.0,biomass
108,55,0.0,biomass
40,55,0.0,biomass
97,55,0.0,biomass
1,55,0.0,biomass
66,55,0.0,biomass
2,55,229.28816400000133,conventional_hydroelectric
14,55,0.0,conventional_hydroelectric
27,55,785.1315887999982,conventional_hydroelectric
35,55,1411.1530399999965,conventional_hydroelectric
54,55,274.81762439999306,conventional_hydroelectric
67,55,1108.941803296691,conventional_hydroelectric
84,55,0.0,conventional_hydroelectric
109,55,0.0,conventional_hydroelectric
128,55,20.159039999999116,conventional_hydroelectric
139,55,58.177420799999496,conventional_hydroelectric
110,55,0.0,conventional_steam_coal
41,55,0.0,conventional_steam_coal
3,55,0.0,conventional_steam_coal
36,55,0.0,conventional_steam_coal
85,55,0.0,conventional_steam_coal
28,55,74.364,geothermal
116,55,0.0,natural_gas_fired_combined_cycle
73,55,0.0,natural_gas_fired_combined_cycle
71,55,0.0,natural_gas_fired_combined_cycle
44,55,0.0,natural_gas_fired_combined_cycle
115,55,0.0,natural_gas_fired_combined_cycle
70,55,0.0,natural_gas_fired_combined_cycle
131,55,0.0,natural_gas_fired_combined_cycle
18,55,0.0,natural_gas_fired_combined_cycle
72,55,0.0,natural_gas_fired_combined_cycle
114,55,0.0,natural_gas_fired_combined_cycle
45,55,0.0,natural_gas_fired_combined_cycle
78,55,0.0,natural_gas_fired_combustion_turbine
75,55,0.0,natural_gas_fired_combustion_turbine
119,55,0.0,natural_gas_fired_combustion_turbine
117,55,0.0,natural_gas_fired_combustion_turbine
134,55,0.0,natural_gas_fired_combustion_turbine
103,55,0.0,natural_gas_fired_combustion_turbine
47,55,0.0,natural_gas_fired_combustion_turbine
8,55,0.0,natural_gas_fired_combustion_turbine
90,55,0.0,natural_gas_fired_combustion_turbine
60,55,0.0,natural_gas_fired_combustion_turbine
46,55,0.0,natural_gas_fired_combustion_turbine
37,55,0.0,natural_gas_fired_combustion_turbine
7,55,0.0,natural_gas_fired_combustion_turbine
133,55,0.0,natural_gas_fired_combustion_turbine
74,55,0.0,natural_gas_fired_combustion_turbine
20,55,0.0,natural_gas_fired_combustion_turbine
135,55,0.0,natural_gas_fired_combustion_turbine
142,55,0.0,natural_gas_fired_combustion_turbine
121,55,0.0,natural_gas_fired_combustion_turbine
91,55,0.0,natural_gas_fired_combustion_turbine
22,55,0.0,natural_gas_steam_turbine
123,55,0.0,natural_gas_steam_turbine
62,55,0.0,natural_gas_steam_turbine
49,55,0.0,natural_gas_steam_turbine
48,55,0.0,natural_gas_steam_turbine
21,55,0.0,natural_gas_steam_turbine
79,55,0.0,nuclear
10,55,590.40058,onshore_wind_turbine
23,55,0.0,onshore_wind_turbine
31,55,0.0,onshore_wind_turbine
38,55,1514.98935,onshore_wind_turbine
50,55,3774.80712,onshore_wind_turbine
63,55,263.863040028,onshore_wind_turbine
80,55,0.0,onshore_wind_turbine
94,55,14942.9014,onshore_wind_turbine
105,55,0.0,onshore_wind_turbine
124,55,21218.4705746244,onshore_wind_turbine
136,55,131.31678000000002,onshore_wind_turbine
144,55,0.0,onshore_wind_turbine
11,55,0.0,small_hydroelectric
24,55,0.0,small_hydroelectric
32,55,0.0,small_hydroelectric
39,55,0.0,small_hydroelectric
51,55,0.0,small_hydroelectric
64,55,6.128,small_hydroelectric
81,55,241.672,small_hydroelectric
95,55,418.922,small_hydroelectric
106,55,0.0,small_hydroelectric
125,55,0.0,small_hydroelectric
137,55,36.822,small_hydroelectric
145,55,33.21,small_hydroelectric
12,55,5155.479,solar_photovoltaic
25,55,2194.87884,solar_photovoltaic
33,55,840.63875,solar_photovoltaic
52,55,2846.223645021868,solar_photovoltaic
65,55,8401.5292173176,solar_photovoltaic
82,55,6884.97313,solar_photovoltaic
96,55,210.25683,solar_photovoltaic
107,55,7629.1272417115,solar_photovoltaic
126,55,0.0,solar_photovoltaic
138,55,2358.3906499999994,solar_photovoltaic
26,56,0.0,biomass
13,56,0.0,biomass
108,56,0.0,biomass
40,56,0.0,biomass
97,56,0.0,biomass
1,56,0.0,biomass
66,56,0.0,biomass
2,56,0.0,conventional_hydroelectric
14,56,39.04353199999994,conventional_hydroelectric
27,56,668.0109527999962,conventional_hydroelectric
35,56,1203.8509119999926,conventional_hydroelectric
54,56,361.08790739999336,conventional_hydroelectric
67,56,1712.6843842966894,conventional_hydroelectric
84,56,2411.397173999985,conventional_hydroelectric
109,56,115.8845999999998,conventional_hydroelectric
128,56,7.559639999999099,conventional_hydroelectric
139,56,38.847052799999275,conventional_hydroelectric
110,56,0.0,conventional_steam_coal
41,56,0.0,conventional_steam_coal
3,56,0.0,conventional_steam_coal
36,56,0.0,conventional_steam_coal
85,56,0.0,conventional_steam_coal
28,56,0.0,geothermal
116,56,0.0,natural_gas_fired_combined_cycle
73,56,0.0,natural_gas_fired_combined_cycle
71,56,0.0,natural_gas_fired_combined_cycle
44,56,0.0,natural_gas_fired_combined_cycle
115,56,0.0,natural_gas_fired_combined_cycle
70,56,0.0,natural_gas_fired_combined_cycle
131,56,0.0,natural_gas_fired_combined_cycle
18,56,0.0,natural_gas_fired_combined_cycle
72,56,0.0,natural_gas_fired_combined_cycle
114,56,0.0,natural_gas_fired_combined_cycle
45,56,0.0,natural_gas_fired_combined_cycle
78,56,0.0,natural_gas_fired_combustion_turbine
75,56,0.0,natural_gas_fired_combustion_turbine
119,56,0.0,natural_gas_fired_combustion_turbine
117,56,0.0,natural_gas_fired_combustion_turbine
134,56,0.0,natural_gas_fired_combustion_turbine
103,56,0.0,natural_gas_fired_combustion_turbine
47,56,0.0,natural_gas_fired_combustion_turbine
8,56,0.0,natural_gas_fired_combustion_turbine
90,56,0.0,natural_gas_fired_combustion_turbine
60,56,0.0,natural_gas_fired_combustion_turbine
46,56,0.0,natural_gas_fired_combustion_turbine
37,56,0.0,natural_gas_fired_combustion_turbine
7,56,0.0,natural_gas_fired_combustion_turbine
133,56,0.0,natural_gas_fired_combustion_turbine
74,56,0.0,natural_gas_fired_combustion_turbine
20,56,0.0,natural_gas_fired_combustion_turbine
135,56,0.0,natural_gas_fired_combustion_turbine
142,56,0.0,natural_gas_fired_combustion_turbine
121,56,0.0,natural_gas_fired_combustion_turbine
91,56,0.0,natural_gas_fired_combustion_turbine
22,56,0.0,natural_gas_steam_turbine
123,56,0.0,natural_gas_steam_turbine
62,56,0.0,natural_gas_steam_turbine
49,56,0.0,natural_gas_steam_turbine
48,56,0.0,natural_gas_steam_turbine
21,56,0.0,natural_gas_steam_turbine
79,56,0.0,nuclear
10,56,378.59122,onshore_wind_turbine
23,56,0.0,onshore_wind_turbine
31,56,5836.12015,onshore_wind_turbine
38,56,0.0,onshore_wind_turbine
50,56,0.0,onshore_wind_turbine
63,56,0.0,onshore_wind_turbine
80,56,0.0,onshore_wind_turbine
94,56,9395.639141324758,onshore_wind_turbine
105,56,0.0,onshore_wind_turbine
124,56,14818.738201405602,onshore_wind_turbine
136,56,260.83470000000005,onshore_wind_turbine
144,56,0.0,onshore_wind_turbine
11,56,19.125,small_hydroelectric
24,56,62.577,small_hydroelectric
32,56,0.0,small_hydroelectric
39,56,0.0,small_hydroelectric
51,56,0.0,small_hydroelectric
64,56,0.0,small_hydroelectric
81,56,0.0,small_hydroelectric
95,56,0.0,small_hydroelectric
106,56,31.614,small_hydroelectric
125,56,100.697,small_hydroelectric
137,56,0.0,small_hydroelectric
145,56,0.0,small_hydroelectric
12,56,7337.7297,solar_photovoltaic
25,56,0.0,solar_photovoltaic
33,56,0.0,solar_photovoltaic
52,56,0.0,solar_photovoltaic
65,56,0.0,solar_photovoltaic
82,56,10195.76922,solar_photovoltaic
96,56,405.23294,solar_photovoltaic
107,56,11126.320173066,solar_photovoltaic
126,56,22622.928248907,solar_photovoltaic
138,56,0.0,solar_photovoltaic
26,57,0.0,biomass
13,57,0.0,biomass
108,57,0.0,biomass
40,57,0.0,biomass
97,57,0.0,biomass
1,57,0.0,biomass
66,57,0.0,biomass
2,57,229.28816400000096,conventional_hydroelectric
14,57,0.0,conventional_hydroelectric
27,57,550.8903167999947,conventional_hydroelectric
35,57,1208.8461439999965,conventional_hydroelectric
54,57,274.81762439998056,conventional_hydroelectric
67,57,1108.941803296685,conventional_hydroelectric
84,57,4822.794347999978,conventional_hydroelectric
109,57,115.88459999999986,conventional_hydroelectric
128,57,20.159039999999116,conventional_hydroelectric
139,57,58.1774207999993,conventional_hydroelectric
110,57,0.0,conventional_steam_coal
41,57,0.0,conventional_steam_coal
3,57,0.0,conventional_steam_coal
36,57,0.0,conventional_steam_coal
85,57,0.0,conventional_steam_coal
28,57,0.0,geothermal
116,57,0.0,natural_gas_fired_combined_cycle
73,57,0.0,natural_gas_fired_combined_cycle
71,57,0.0,natural_gas_fired_combined_cycle
44,57,0.0,natural_gas_fired_combined_cycle
115,57,0.0,natural_gas_fired_combined_cycle
70,57,0.0,natural_gas_fired_combined_cycle
131,57,0.0,natural_gas_fired_combined_cycle
18,57,0.0,natural_gas_fired_combined_cycle
72,57,0.0,natural_gas_fired_combined_cycle
114,57,0.0,natural_gas_fired_combined_cycle
45,57,0.0,natural_gas_fired_combined_cycle
78,57,0.0,natural_gas_fired_combustion_turbine
75,57,0.0,natural_gas_fired_combustion_turbine
119,57,0.0,natural_gas_fired_combustion_turbine
117,57,0.0,natural_gas_fired_combustion_turbine
134,57,0.0,natural_gas_fired_combustion_turbine
103,57,0.0,natural_gas_fired_combustion_turbine
47,57,0.0,natural_gas_fired_combustion_turbine
8,57,0.0,natural_gas_fired_combustion_turbine
90,57,0.0,natural_gas_fired_combustion_turbine
60,57,0.0,natural_gas_fired_combustion_turbine
46,57,0.0,natural_gas_fired_combustion_turbine
37,57,0.0,natural_gas_fired_combustion_turbine
7,57,0.0,natural_gas_fired_combustion_turbine
133,57,0.0,natural_gas_fired_combustion_turbine
74,57,0.0,natural_gas_fired_combustion_turbine
20,57,0.0,natural_gas_fired_combustion_turbine
135,57,0.0,natural_gas_fired_combustion_turbine
142,57,0.0,natural_gas_fired_combustion_turbine
121,57,0.0,natural_gas_fired_combustion_turbine
91,57,0.0,natural_gas_fired_combustion_turbine
22,57,0.0,natural_gas_steam_turbine
123,57,0.0,natural_gas_steam_turbine
62,57,0.0,natural_gas_steam_turbine
49,57,0.0,natural_gas_steam_turbine
48,57,0.0,natural_gas_steam_turbine
21,57,0.0,natural_gas_steam_turbine
79,57,0.0,nuclear
10,57,0.0,onshore_wind_turbine
23,57,311.1878,onshore_wind_turbine
31,57,5718.56656,onshore_wind_turbine
38,57,418.65285,onshore_wind_turbine
50,57,0.0,onshore_wind_turbine
63,57,0.0,onshore_wind_turbine
80,57,1735.0404399999998,onshore_wind_turbine
94,57,12077.8952,onshore_wind_turbine
105,57,0.0,onshore_wind_turbine
124,57,8467.38678571738,onshore_wind_turbine
136,57,0.0,onshore_wind_turbine
144,57,1613.4413399999999,onshore_wind_turbine
11,57,0.0,small_hydroelectric
24,57,0.0,small_hydroelectric
32,57,0.0,small_hydroelectric
39,57,0.0,small_hydroelectric
51,57,0.0,small_hydroelectric
64,57,6.128,small_hydroelectric
81,57,241.672,small_hydroelectric
95,57,0.0,small_hydroelectric
106,57,0.0,small_hydroelectric
125,57,100.697,small_hydroelectric
137,57,0.0,small_hydroelectric
145,57,33.21,small_hydroelectric
12,57,8738.89002,solar_photovoltaic
25,57,0.0,solar_photovoltaic
33,57,0.0,solar_photovoltaic
52,57,0.0,solar_photovoltaic
65,57,0.0,solar_photovoltaic
82,57,0.0,solar_photovoltaic
96,57,0.0,solar_photovoltaic
107,57,13638.33143043,solar_photovoltaic
126,57,28027.122602556,solar_photovoltaic
138,57,3183.9415299999996,solar_photovoltaic
26,58,0.0,biomass
13,58,0.0,biomass
108,58,0.0,biomass
40,58,0.0,biomass
97,58,0.0,biomass
1,58,0.0,biomass
66,58,0.0,biomass
2,58,229.28816400000028,conventional_hydroelectric
14,58,39.043532000000155,conventional_hydroelectric
27,58,433.76968079999335,conventional_hydroelectric
35,58,1001.5440159999974,conventional_hydroelectric
54,58,188.54734139997845,conventional_hydroelectric
67,58,1712.684384296681,conventional_hydroelectric
84,58,3952.5154810890726,conventional_hydroelectric
109,58,0.0,conventional_hydroelectric
128,58,32.75843999999913,conventional_hydroelectric
139,58,77.50778879999932,conventional_hydroelectric
110,58,0.0,conventional_steam_coal
41,58,0.0,conventional_steam_coal
3,58,0.0,conventional_steam_coal
36,58,0.0,conventional_steam_coal
85,58,0.0,conventional_steam_coal
28,58,74.364,geothermal
116,58,0.0,natural_gas_fired_combined_cycle
73,58,0.0,natural_gas_fired_combined_cycle
71,58,0.0,natural_gas_fired_combined_cycle
44,58,0.0,natural_gas_fired_combined_cycle
115,58,0.0,natural_gas_fired_combined_cycle
70,58,0.0,natural_gas_fired_combined_cycle
131,58,0.0,natural_gas_fired_combined_cycle
18,58,0.0,natural_gas_fired_combined_cycle
72,58,0.0,natural_gas_fired_combined_cycle
114,58,0.0,natural_gas_fired_combined_cycle
45,58,0.0,natural_gas_fired_combined_cycle
78,58,0.0,natural_gas_fired_combustion_turbine
75,58,0.0,natural_gas_fired_combustion_turbine
119,58,0.0,natural_gas_fired_combustion_turbine
117,58,0.0,natural_gas_fired_combustion_turbine
134,58,0.0,natural_gas_fired_combustion_turbine
103,58,0.0,natural_gas_fired_combustion_turbine
47,58,0.0,natural_gas_fired_combustion_turbine
8,58,0.0,natural_gas_fired_combustion_turbine
90,58,0.0,natural_gas_fired_combustion_turbine
60,58,0.0,natural_gas_fired_combustion_turbine
46,58,0.0,natural_gas_fired_combustion_turbine
37,58,0.0,natural_gas_fired_combustion_turbine
7,58,0.0,natural_gas_fired_combustion_turbine
133,58,0.0,natural_gas_fired_combustion_turbine
74,58,0.0,natural_gas_fired_combustion_turbine
20,58,0.0,natural_gas_fired_combustion_turbine
135,58,0.0,natural_gas_fired_combustion_turbine
142,58,0.0,natural_gas_fired_combustion_turbine
121,58,0.0,natural_gas_fired_combustion_turbine
91,58,0.0,natural_gas_fired_combustion_turbine
22,58,0.0,natural_gas_steam_turbine
123,58,0.0,natural_gas_steam_turbine
62,58,0.0,natural_gas_steam_turbine
49,58,0.0,natural_gas_steam_turbine
48,58,0.0,natural_gas_steam_turbine
21,58,0.0,natural_gas_steam_turbine
79,58,0.0,nuclear
10,58,0.0,onshore_wind_turbine
23,58,1324.8773999999999,onshore_wind_turbine
31,58,0.0,onshore_wind_turbine
38,58,541.35165,onshore_wind_turbine
50,58,0.0,onshore_wind_turbine
63,58,66.5896003192,onshore_wind_turbine
80,58,0.0,onshore_wind_turbine
94,58,8580.3074,onshore_wind_turbine
105,58,0.0,onshore_wind_turbine
124,58,0.0,onshore_wind_turbine
136,58,0.0,onshore_wind_turbine
144,58,0.0,onshore_wind_turbine
11,58,19.125,small_hydroelectric
24,58,62.577,small_hydroelectric
32,58,0.0,small_hydroelectric
39,58,52.9,small_hydroelectric
51,58,0.0,small_hydroelectric
64,58,0.0,small_hydroelectric
81,58,0.0,small_hydroelectric
95,58,0.0,small_hydroelectric
106,58,31.614,small_hydroelectric
125,58,100.697,small_hydroelectric
137,58,36.822,small_hydroelectric
145,58,0.0,small_hydroelectric
12,58,9382.97178,solar_photovoltaic
25,58,2858.1253399999996,solar_photovoltaic
33,58,144.93425405357266,solar_photovoltaic
52,58,5067.04058,solar_photovoltaic
65,58,16300.7020304135,solar_photovoltaic
82,58,13243.18436,solar_photovoltaic
96,58,617.39986,solar_photovoltaic
107,58,0.0,solar_photovoltaic
126,58,30115.033846828002,solar_photovoltaic
138,58,0.0,solar_photovoltaic
26,59,0.0,biomass
13,59,0.0,biomass
108,59,0.0,biomass
40,59,0.0,biomass
97,59,0.0,biomass
1,59,0.0,biomass
66,59,0.0,biomass
2,59,0.0,conventional_hydroelectric
14,59,78.08706400000034,conventional_hydroelectric
27,59,316.64904479999313,conventional_hydroelectric
35,59,1208.8461440000015,conventional_hydroelectric
54,59,274.81762439997635,conventional_hydroelectric
67,59,2310.7963601501997,conventional_hydroelectric
84,59,6363.912655089081,conventional_hydroelectric
109,59,115.88459999999984,conventional_hydroelectric
128,59,45.357839999999165,conventional_hydroelectric
139,59,58.1774207999993,conventional_hydroelectric
110,59,0.0,conventional_steam_coal
41,59,0.0,conventional_steam_coal
3,59,0.0,conventional_steam_coal
36,59,0.0,conventional_steam_coal
85,59,0.0,conventional_steam_coal
28,59,0.0,geothermal
116,59,0.0,natural_gas_fired_combined_cycle
73,59,0.0,natural_gas_fired_combined_cycle
71,59,0.0,natural_gas_fired_combined_cycle
44,59,0.0,natural_gas_fired_combined_cycle
115,59,0.0,natural_gas_fired_combined_cycle
70,59,0.0,natural_gas_fired_combined_cycle
131,59,0.0,natural_gas_fired_combined_cycle
18,59,0.0,natural_gas_fired_combined_cycle
72,59,0.0,natural_gas_fired_combined_cycle
114,59,0.0,natural_gas_fired_combined_cycle
45,59,0.0,natural_gas_fired_combined_cycle
78,59,0.0,natural_gas_fired_combustion_turbine
75,59,0.0,natural_gas_fired_combustion_turbine
119,59,0.0,natural_gas_fired_combustion_turbine
117,59,0.0,natural_gas_fired_combustion_turbine
134,59,0.0,natural_gas_fired_combustion_turbine
103,59,0.0,natural_gas_fired_combustion_turbine
47,59,0.0,natural_gas_fired_combustion_turbine
8,59,0.0,natural_gas_fired_combustion_turbine
90,59,0.0,natural_gas_fired_combustion_turbine
60,59,0.0,natural_gas_fired_combustion_turbine
46,59,0.0,natural_gas_fired_combustion_turbine
37,59,0.0,natural_gas_fired_combustion_turbine
7,59,0.0,natural_gas_fired_combustion_turbine
133,59,0.0,natural_gas_fired_combustion_turbine
74,59,0.0,natural_gas_fired_combustion_turbine
20,59,0.0,natural_gas_fired_combustion_turbine
135,59,0.0,natural_gas_fired_combustion_turbine
142,59,0.0,natural_gas_fired_combustion_turbine
121,59,0.0,natural_gas_fired_combustion_turbine
91,59,0.0,natural_gas_fired_combustion_turbine
22,59,0.0,natural_gas_steam_turbine
123,59,0.0,natural_gas_steam_turbine
62,59,0.0,natural_gas_steam_turbine
49,59,0.0,natural_gas_steam_turbine
48,59,0.0,natural_gas_steam_turbine
21,59,0.0,natural_gas_steam_turbine
79,59,0.0,nuclear
10,59,62.31806,onshore_wind_turbine
23,59,0.0,onshore_wind_turbine
31,59,0.0,onshore_wind_turbine
38,59,1203.69795,onshore_wind_turbine
50,59,0.0,onshore_wind_turbine
63,59,0.0,onshore_wind_turbine
80,59,107.80111999999998,onshore_wind_turbine
94,59,0.0,onshore_wind_turbine
105,59,25.928841666,onshore_wind_turbine
124,59,0.0,onshore_wind_turbine
136,59,941.7032100000001,onshore_wind_turbine
144,59,2110.8830399999997,onshore_wind_turbine
11,59,0.0,small_hydroelectric
24,59,0.0,small_hydroelectric
32,59,0.0,small_hydroelectric
39,59,0.0,small_hydroelectric
51,59,25.641,small_hydroelectric
64,59,0.0,small_hydroelectric
81,59,0.0,small_hydroelectric
95,59,0.0,small_hydroelectric
106,59,0.0,small_hydroelectric
125,59,0.0,small_hydroelectric
137,59,0.0,small_hydroelectric
145,59,0.0,small_hydroelectric
12,59,9846.258660000001,solar_photovoltaic
25,59,2889.5127799999996,solar_photovoltaic
33,59,1201.54125,solar_photovoltaic
52,59,5137.54094,solar_photovoltaic
65,59,17325.442110127202,solar_photovoltaic
82,59,13276.40023806251,solar_photovoltaic
96,59,631.94593,solar_photovoltaic
107,59,0.0,solar_photovoltaic
126,59,31138.009646905,solar_photovoltaic
138,59,3391.2424699999997,solar_photovoltaic
26,60,0.0,biomass
13,60,0.0,biomass
108,60,0.0,biomass
40,60,0.0,biomass
97,60,0.0,biomass
1,60,0.0,biomass
66,60,0.0,biomass
2,60,229.28816400000056,conventional_hydroelectric
14,60,39.04353200000044,conventional_hydroelectric
27,60,433.76968079999335,conventional_hydroelectric
35,60,1416.1482720000006,conventional_hydroelectric
54,60,361.08790739997687,conventional_hydroelectric
67,60,2913.1295222798726,conventional_hydroelectric
84,60,8775.309829089092,conventional_hydroelectric
109,60,0.0,conventional_hydroelectric
128,60,32.75843999999915,conventional_hydroelectric
139,60,77.50778879999932,conventional_hydroelectric
110,60,0.0,conventional_steam_coal
41,60,0.0,conventional_steam_coal
3,60,0.0,conventional_steam_coal
36,60,0.0,conventional_steam_coal
85,60,0.0,conventional_steam_coal
28,60,74.364,geothermal
116,60,0.0,natural_gas_fired_combined_cycle
73,60,0.0,natural_gas_fired_combined_cycle
71,60,0.0,natural_gas_fired_combined_cycle
44,60,0.0,natural_gas_fired_combined_cycle
115,60,0.0,natural_gas_fired_combined_cycle
70,60,0.0,natural_gas_fired_combined_cycle
131,60,0.0,natural_gas_fired_combined_cycle
18,60,0.0,natural_gas_fired_combined_cycle
72,60,0.0,natural_gas_fired_combined_cycle
114,60,0.0,natural_gas_fired_combined_cycle
45,60,0.0,natural_gas_fired_combined_cycle
78,60,0.0,natural_gas_fired_combustion_turbine
75,60,0.0,natural_gas_fired_combustion_turbine
119,60,0.0,natural_gas_fired_combustion_turbine
117,60,0.0,natural_gas_fired_combustion_turbine
134,60,0.0,natural_gas_fired_combustion_turbine
103,60,0.0,natural_gas_fired_combustion_turbine
47,60,0.0,natural_gas_fired_combustion_turbine
8,60,0.0,natural_gas_fired_combustion_turbine
90,60,0.0,natural_gas_fired_combustion_turbine
60,60,0.0,natural_gas_fired_combustion_turbine
46,60,0.0,natural_gas_fired_combustion_turbine
37,60,0.0,natural_gas_fired_combustion_turbine
7,60,0.0,natural_gas_fired_combustion_turbine
133,60,0.0,natural_gas_fired_combustion_turbine
74,60,0.0,natural_gas_fired_combustion_turbine
20,60,0.0,natural_gas_fired_combustion_turbine
135,60,0.0,natural_gas_fired_combustion_turbine
142,60,0.0,natural_gas_fired_combustion_turbine
121,60,0.0,natural_gas_fired_combustion_turbine
91,60,0.0,natural_gas_fired_combustion_turbine
22,60,0.0,natural_gas_steam_turbine
123,60,0.0,natural_gas_steam_turbine
62,60,0.0,natural_gas_steam_turbine
49,60,0.0,natural_gas_steam_turbine
48,60,0.0,natural_gas_steam_turbine
21,60,0.0,natural_gas_steam_turbine
79,60,0.0,nuclear
10,60,0.0,onshore_wind_turbine
23,60,2062.7838,onshore_wind_turbine
31,60,3648.9109300000005,onshore_wind_turbine
38,60,1279.2486000000001,onshore_wind_turbine
50,60,0.0,onshore_wind_turbine
63,60,15.721439764800001,onshore_wind_turbine
80,60,0.0,onshore_wind_turbine
94,60,9640.201422176828,onshore_wind_turbine
105,60,111.29677906200001,onshore_wind_turbine
124,60,65.3960915608,onshore_wind_turbine
136,60,931.8094800000001,onshore_wind_turbine
144,60,0.0,onshore_wind_turbine
11,60,0.0,small_hydroelectric
24,60,62.577,small_hydroelectric
32,60,0.0,small_hydroelectric
39,60,52.9,small_hydroelectric
51,60,25.641,small_hydroelectric
64,60,6.128,small_hydroelectric
81,60,241.672,small_hydroelectric
95,60,0.0,small_hydroelectric
106,60,0.0,small_hydroelectric
125,60,100.697,small_hydroelectric
137,60,36.822,small_hydroelectric
145,60,33.21,small_hydroelectric
12,60,9970.55514,solar_photovoltaic
25,60,2866.3458599999994,solar_photovoltaic
33,60,1204.00595,solar_photovoltaic
52,60,5053.21698,solar_photovoltaic
65,60,17835.5993829531,solar_photovoltaic
82,60,13926.023860000001,solar_photovoltaic
96,60,657.07096,solar_photovoltaic
107,60,15805.7398781135,solar_photovoltaic
126,60,0.0,solar_photovoltaic
138,60,3379.3706099999995,solar_photovoltaic
26,61,0.0,biomass
13,61,0.0,biomass
108,61,0.0,biomass
40,61,0.0,biomass
97,61,0.0,biomass
1,61,0.0,biomass
66,61,0.0,biomass
2,61,229.2881639999997,conventional_hydroelectric
14,61,78.08706400000068,conventional_hydroelectric
27,61,550.8903167999938,conventional_hydroelectric
35,61,1623.4504,conventional_hydroelectric
54,61,447.3581903999774,conventional_hydroelectric
67,61,2309.3869412798726,conventional_hydroelectric
84,61,11186.707003089095,conventional_hydroelectric
109,61,115.88460000000066,conventional_hydroelectric
128,61,20.15903999999913,conventional_hydroelectric
139,61,96.83815679999935,conventional_hydroelectric
110,61,0.0,conventional_steam_coal
41,61,0.0,conventional_steam_coal
3,61,0.0,conventional_steam_coal
36,61,0.0,conventional_steam_coal
85,61,0.0,conventional_steam_coal
28,61,74.364,geothermal
116,61,0.0,natural_gas_fired_combined_cycle
73,61,0.0,natural_gas_fired_combined_cycle
71,61,0.0,natural_gas_fired_combined_cycle
44,61,0.0,natural_gas_fired_combined_cycle
115,61,0.0,natural_gas_fired_combined_cycle
70,61,0.0,natural_gas_fired_combined_cycle
131,61,0.0,natural_gas_fired_combined_cycle
18,61,0.0,natural_gas_fired_combined_cycle
72,61,0.0,natural_gas_fired_combined_cycle
114,61,0.0,natural_gas_fired_combined_cycle
45,61,0.0,natural_gas_fired_combined_cycle
78,61,0.0,natural_gas_fired_combustion_turbine
75,61,0.0,natural_gas_fired_combustion_turbine
119,61,0.0,natural_gas_fired_combustion_turbine
117,61,0.0,natural_gas_fired_combustion_turbine
134,61,0.0,natural_gas_fired_combustion_turbine
103,61,0.0,natural_gas_fired_combustion_turbine
47,61,0.0,natural_gas_fired_combustion_turbine
8,61,0.0,natural_gas_fired_combustion_turbine
90,61,0.0,natural_gas_fired_combustion_turbine
60,61,0.0,natural_gas_fired_combustion_turbine
46,61,0.0,natural_gas_fired_combustion_turbine
37,61,0.0,natural_gas_fired_combustion_turbine
7,61,0.0,natural_gas_fired_combustion_turbine
133,61,0.0,natural_gas_fired_combustion_turbine
74,61,0.0,natural_gas_fired_combustion_turbine
20,61,0.0,natural_gas_fired_combustion_turbine
135,61,0.0,natural_gas_fired_combustion_turbine
142,61,0.0,natural_gas_fired_combustion_turbine
121,61,0.0,natural_gas_fired_combustion_turbine
91,61,0.0,natural_gas_fired_combustion_turbine
22,61,0.0,natural_gas_steam_turbine
123,61,0.0,natural_gas_steam_turbine
62,61,0.0,natural_gas_steam_turbine
49,61,0.0,natural_gas_steam_turbine
48,61,0.0,natural_gas_steam_turbine
21,61,0.0,natural_gas_steam_turbine
79,61,0.0,nuclear
10,61,47.368930000000006,onshore_wind_turbine
23,61,6454.817599999999,onshore_wind_turbine
31,61,0.0,onshore_wind_turbine
38,61,0.0,onshore_wind_turbine
50,61,1455.8615399999999,onshore_wind_turbine
63,61,0.0,onshore_wind_turbine
80,61,0.0,onshore_wind_turbine
94,61,0.0,onshore_wind_turbine
105,61,0.0,onshore_wind_turbine
124,61,1100.6248978032002,onshore_wind_turbine
136,61,0.0,onshore_wind_turbine
144,61,1552.88322,onshore_wind_turbine
11,61,0.0,small_hydroelectric
24,61,62.577,small_hydroelectric
32,61,192.0,small_hydroelectric
39,61,0.0,small_hydroelectric
51,61,0.0,small_hydroelectric
64,61,0.0,small_hydroelectric
81,61,241.672,small_hydroelectric
95,61,0.0,small_hydroelectric
106,61,31.614,small_hydroelectric
125,61,0.0,small_hydroelectric
137,61,36.822,small_hydroelectric
145,61,33.21,small_hydroelectric
12,61,9915.4692,solar_photovoltaic
25,61,0.0,solar_photovoltaic
33,61,0.0,solar_photovoltaic
52,61,5040.08456,solar_photovoltaic
65,61,0.0,solar_photovoltaic
82,61,13863.59282,solar_photovoltaic
96,61,0.0,solar_photovoltaic
107,61,14788.827828291864,solar_photovoltaic
126,61,31529.177397536,solar_photovoltaic
138,61,3348.3211299999994,solar_photovoltaic
26,62,0.0,biomass
13,62,0.0,biomass
108,62,0.0,biomass
40,62,0.0,biomass
97,62,0.0,biomass
1,62,0.0,biomass
66,62,0.0,biomass
2,62,0.0,conventional_hydroelectric
14,62,39.04353200000078,conventional_hydroelectric
27,62,668.0109527999941,conventional_hydroelectric
35,62,1624.1996847999999,conventional_hydroelectric
54,62,533.6284733999777,conventional_hydroelectric
67,62,1705.6443602798727,conventional_hydroelectric
84,62,13213.29439439998,conventional_hydroelectric
109,62,0.0,conventional_hydroelectric
128,62,7.5596399999991135,conventional_hydroelectric
139,62,116.16852479999936,conventional_hydroelectric
110,62,0.0,conventional_steam_coal
41,62,0.0,conventional_steam_coal
3,62,0.0,conventional_steam_coal
36,62,0.0,conventional_steam_coal
85,62,0.0,conventional_steam_coal
28,62,0.0,geothermal
116,62,0.0,natural_gas_fired_combined_cycle
73,62,0.0,natural_gas_fired_combined_cycle
71,62,0.0,natural_gas_fired_combined_cycle
44,62,0.0,natural_gas_fired_combined_cycle
115,62,0.0,natural_gas_fired_combined_cycle
70,62,0.0,natural_gas_fired_combined_cycle
131,62,0.0,natural_gas_fired_combined_cycle
18,62,0.0,natural_gas_fired_combined_cycle
72,62,0.0,natural_gas_fired_combined_cycle
114,62,0.0,natural_gas_fired_combined_cycle
45,62,0.0,natural_gas_fired_combined_cycle
78,62,0.0,natural_gas_fired_combustion_turbine
75,62,0.0,natural_gas_fired_combustion_turbine
119,62,0.0,natural_gas_fired_combustion_turbine
117,62,0.0,natural_gas_fired_combustion_turbine
134,62,0.0,natural_gas_fired_combustion_turbine
103,62,0.0,natural_gas_fired_combustion_turbine
47,62,0.0,natural_gas_fired_combustion_turbine
8,62,0.0,natural_gas_fired_combustion_turbine
90,62,0.0,natural_gas_fired_combustion_turbine
60,62,0.0,natural_gas_fired_combustion_turbine
46,62,0.0,natural_gas_fired_combustion_turbine
37,62,0.0,natural_gas_fired_combustion_turbine
7,62,0.0,natural_gas_fired_combustion_turbine
133,62,0.0,natural_gas_fired_combustion_turbine
74,62,0.0,natural_gas_fired_combustion_turbine
20,62,0.0,natural_gas_fired_combustion_turbine
135,62,0.0,natural_gas_fired_combustion_turbine
142,62,0.0,natural_gas_fired_combustion_turbine
121,62,0.0,natural_gas_fired_combustion_turbine
91,62,0.0,natural_gas_fired_combustion_turbine
22,62,0.0,natural_gas_steam_turbine
123,62,0.0,natural_gas_steam_turbine
62,62,0.0,natural_gas_steam_turbine
49,62,0.0,natural_gas_steam_turbine
48,62,0.0,natural_gas_steam_turbine
21,62,0.0,natural_gas_steam_turbine
79,62,0.0,nuclear
10,62,128.95876,onshore_wind_turbine
23,62,0.0,onshore_wind_turbine
31,62,0.0,onshore_wind_turbine
38,62,2922.61725,onshore_wind_turbine
50,62,1234.3321199999998,onshore_wind_turbine
63,62,62.68360001679999,onshore_wind_turbine
80,62,0.0,onshore_wind_turbine
94,62,15792.4732,onshore_wind_turbine
105,62,1915.093179573,onshore_wind_turbine
124,62,1409.2229265114004,onshore_wind_turbine
136,62,0.0,onshore_wind_turbine
144,62,0.0,onshore_wind_turbine
11,62,19.125,small_hydroelectric
24,62,62.577,small_hydroelectric
32,62,0.0,small_hydroelectric
39,62,52.9,small_hydroelectric
51,62,0.0,small_hydroelectric
64,62,0.0,small_hydroelectric
81,62,241.672,small_hydroelectric
95,62,418.922,small_hydroelectric
106,62,0.0,small_hydroelectric
125,62,0.0,small_hydroelectric
137,62,0.0,small_hydroelectric
145,62,0.0,small_hydroelectric
12,62,10056.7152,solar_photovoltaic
25,62,2542.5718501178717,solar_photovoltaic
33,62,0.0,solar_photovoltaic
52,62,0.0,solar_photovoltaic
65,62,18378.7546612166,solar_photovoltaic
82,62,0.0,solar_photovoltaic
96,62,689.5424899999999,solar_photovoltaic
107,62,0.0,solar_photovoltaic
126,62,32628.1237000845,solar_photovoltaic
138,62,3456.5376999999994,solar_photovoltaic
26,63,0.0,biomass
13,63,0.0,biomass
108,63,0.0,biomass
40,63,0.0,biomass
97,63,0.0,biomass
1,63,0.0,biomass
66,63,0.0,biomass
2,63,229.2881640000018,conventional_hydroelectric
14,63,78.08706400000102,conventional_hydroelectric
27,63,785.1315887999943,conventional_hydroelectric
35,63,1418.396126399999,conventional_hydroelectric
54,63,619.8987563999781,conventional_hydroelectric
67,63,1704.6021769269487,conventional_hydroelectric
84,63,13207.483798799994,conventional_hydroelectric
109,63,115.88460000000066,conventional_hydroelectric
128,63,20.15903999999913,conventional_hydroelectric
139,63,135.4988927999994,conventional_hydroelectric
110,63,0.0,conventional_steam_coal
41,63,0.0,conventional_steam_coal
3,63,0.0,conventional_steam_coal
36,63,0.0,conventional_steam_coal
85,63,0.0,conventional_steam_coal
28,63,0.0,geothermal
116,63,0.0,natural_gas_fired_combined_cycle
73,63,0.0,natural_gas_fired_combined_cycle
71,63,0.0,natural_gas_fired_combined_cycle
44,63,0.0,natural_gas_fired_combined_cycle
115,63,0.0,natural_gas_fired_combined_cycle
70,63,0.0,natural_gas_fired_combined_cycle
131,63,0.0,natural_gas_fired_combined_cycle
18,63,0.0,natural_gas_fired_combined_cycle
72,63,0.0,natural_gas_fired_combined_cycle
114,63,0.0,natural_gas_fired_combined_cycle
45,63,0.0,natural_gas_fired_combined_cycle
78,63,0.0,natural_gas_fired_combustion_turbine
75,63,0.0,natural_gas_fired_combustion_turbine
119,63,0.0,natural_gas_fired_combustion_turbine
117,63,0.0,natural_gas_fired_combustion_turbine
134,63,0.0,natural_gas_fired_combustion_turbine
103,63,0.0,natural_gas_fired_combustion_turbine
47,63,0.0,natural_gas_fired_combustion_turbine
8,63,0.0,natural_gas_fired_combustion_turbine
90,63,0.0,natural_gas_fired_combustion_turbine
60,63,0.0,natural_gas_fired_combustion_turbine
46,63,0.0,natural_gas_fired_combustion_turbine
37,63,0.0,natural_gas_fired_combustion_turbine
7,63,0.0,natural_gas_fired_combustion_turbine
133,63,0.0,natural_gas_fired_combustion_turbine
74,63,0.0,natural_gas_fired_combustion_turbine
20,63,0.0,natural_gas_fired_combustion_turbine
135,63,0.0,natural_gas_fired_combustion_turbine
142,63,0.0,natural_gas_fired_combustion_turbine
121,63,0.0,natural_gas_fired_combustion_turbine
91,63,0.0,natural_gas_fired_combustion_turbine
22,63,0.0,natural_gas_steam_turbine
123,63,0.0,natural_gas_steam_turbine
62,63,0.0,natural_gas_steam_turbine
49,63,0.0,natural_gas_steam_turbine
48,63,0.0,natural_gas_steam_turbine
21,63,0.0,natural_gas_steam_turbine
79,63,0.0,nuclear
10,63,206.22595,onshore_wind_turbine
23,63,0.0,onshore_wind_turbine
31,63,2415.19194,onshore_wind_turbine
38,63,3477.0340499999998,onshore_wind_turbine
50,63,4116.924419999999,onshore_wind_turbine
63,63,84.3670801568,onshore_wind_turbine
80,63,0.0,onshore_wind_turbine
94,63,0.0,onshore_wind_turbine
105,63,1523.12061972,onshore_wind_turbine
124,63,3653.5024468404004,onshore_wind_turbine
136,63,802.2915600000001,onshore_wind_turbine
144,63,1444.7437199999997,onshore_wind_turbine
11,63,19.125,small_hydroelectric
24,63,0.0,small_hydroelectric
32,63,0.0,small_hydroelectric
39,63,52.9,small_hydroelectric
51,63,25.641,small_hydroelectric
64,63,6.128,small_hydroelectric
81,63,0.0,small_hydroelectric
95,63,418.922,small_hydroelectric
106,63,31.614,small_hydroelectric
125,63,0.0,small_hydroelectric
137,63,36.822,small_hydroelectric
145,63,0.0,small_hydroelectric
12,63,9500.20596,solar_photovoltaic
25,63,2613.3780399999996,solar_photovoltaic
33,63,1170.0283,solar_photovoltaic
52,63,0.0,solar_photovoltaic
65,63,17021.869681558,solar_photovoltaic
82,63,0.0,solar_photovoltaic
96,63,658.09947,solar_photovoltaic
107,63,14976.780920366999,solar_photovoltaic
126,63,29922.384833230863,solar_photovoltaic
138,63,0.0,solar_photovoltaic
26,64,0.0,biomass
13,64,0.0,biomass
108,64,0.0,biomass
40,64,0.0,biomass
97,64,0.0,biomass
1,64,0.0,biomass
66,64,0.0,biomass
2,64,385.0936151999942,conventional_hydroelectric
14,64,66.9384892000003,conventional_hydroelectric
27,64,668.4342803999922,conventional_hydroelectric
35,64,1212.5925679999946,conventional_hydroelectric
54,64,706.1690393999785,conventional_hydroelectric
67,64,2308.3447579269487,conventional_hydroelectric
84,64,10796.08662479999,conventional_hydroelectric
109,64,231.7692000000014,conventional_hydroelectric
128,64,32.758439999999155,conventional_hydroelectric
139,64,154.82926079999942,conventional_hydroelectric
110,64,0.0,conventional_steam_coal
41,64,0.0,conventional_steam_coal
3,64,0.0,conventional_steam_coal
36,64,0.0,conventional_steam_coal
85,64,0.0,conventional_steam_coal
28,64,74.364,geothermal
116,64,0.0,natural_gas_fired_combined_cycle
73,64,0.0,natural_gas_fired_combined_cycle
71,64,0.0,natural_gas_fired_combined_cycle
44,64,0.0,natural_gas_fired_combined_cycle
115,64,0.0,natural_gas_fired_combined_cycle
70,64,0.0,natural_gas_fired_combined_cycle
131,64,0.0,natural_gas_fired_combined_cycle
18,64,0.0,natural_gas_fired_combined_cycle
72,64,0.0,natural_gas_fired_combined_cycle
114,64,0.0,natural_gas_fired_combined_cycle
45,64,0.0,natural_gas_fired_combined_cycle
78,64,0.0,natural_gas_fired_combustion_turbine
75,64,0.0,natural_gas_fired_combustion_turbine
119,64,0.0,natural_gas_fired_combustion_turbine
117,64,0.0,natural_gas_fired_combustion_turbine
134,64,0.0,natural_gas_fired_combustion_turbine
103,64,0.0,natural_gas_fired_combustion_turbine
47,64,0.0,natural_gas_fired_combustion_turbine
8,64,0.0,natural_gas_fired_combustion_turbine
90,64,0.0,natural_gas_fired_combustion_turbine
60,64,0.0,natural_gas_fired_combustion_turbine
46,64,0.0,natural_gas_fired_combustion_turbine
37,64,0.0,natural_gas_fired_combustion_turbine
7,64,0.0,natural_gas_fired_combustion_turbine
133,64,0.0,natural_gas_fired_combustion_turbine
74,64,0.0,natural_gas_fired_combustion_turbine
20,64,0.0,natural_gas_fired_combustion_turbine
135,64,0.0,natural_gas_fired_combustion_turbine
142,64,0.0,natural_gas_fired_combustion_turbine
121,64,0.0,natural_gas_fired_combustion_turbine
91,64,0.0,natural_gas_fired_combustion_turbine
22,64,0.0,natural_gas_steam_turbine
123,64,0.0,natural_gas_steam_turbine
62,64,0.0,natural_gas_steam_turbine
49,64,0.0,natural_gas_steam_turbine
48,64,0.0,natural_gas_steam_turbine
21,64,0.0,natural_gas_steam_turbine
79,64,0.0,nuclear
10,64,172.60751274689224,onshore_wind_turbine
23,64,2782.0562,onshore_wind_turbine
31,64,1466.45135,onshore_wind_turbine
38,64,3344.6784,onshore_wind_turbine
50,64,4429.23348,onshore_wind_turbine
63,64,61.094880167999996,onshore_wind_turbine
80,64,1390.26272,onshore_wind_turbine
94,64,21971.177200000002,onshore_wind_turbine
105,64,0.0,onshore_wind_turbine
124,64,15829.270951709601,onshore_wind_turbine
136,64,0.0,onshore_wind_turbine
144,64,0.0,onshore_wind_turbine
11,64,0.0,small_hydroelectric
24,64,0.0,small_hydroelectric
32,64,192.0,small_hydroelectric
39,64,52.9,small_hydroelectric
51,64,0.0,small_hydroelectric
64,64,0.0,small_hydroelectric
81,64,0.0,small_hydroelectric
95,64,418.922,small_hydroelectric
106,64,31.614,small_hydroelectric
125,64,100.697,small_hydroelectric
137,64,0.0,small_hydroelectric
145,64,33.21,small_hydroelectric
12,64,0.0,solar_photovoltaic
25,64,2196.3734799999997,solar_photovoltaic
33,64,1008.23835,solar_photovoltaic
52,64,0.0,solar_photovoltaic
65,64,15662.8253605726,solar_photovoltaic
82,64,13301.713459999999,solar_photovoltaic
96,64,631.06435,solar_photovoltaic
107,64,0.0,solar_photovoltaic
126,64,29526.921899076002,solar_photovoltaic
138,64,2983.03313,solar_photovoltaic
26,65,0.0,biomass
13,65,0.0,biomass
108,65,0.0,biomass
40,65,0.0,biomass
97,65,0.0,biomass
1,65,0.0,biomass
66,65,0.0,biomass
2,65,385.0936152,conventional_hydroelectric
14,65,27.894957200000306,conventional_hydroelectric
27,65,785.5549163999924,conventional_hydroelectric
35,65,1419.8946959999955,conventional_hydroelectric
54,65,716.147289000001,conventional_hydroelectric
67,65,1704.6021769269494,conventional_hydroelectric
84,65,13207.483798799994,conventional_hydroelectric
109,65,268.2874378937979,conventional_hydroelectric
128,65,33.198660000000125,conventional_hydroelectric
139,65,135.84823680000028,conventional_hydroelectric
110,65,0.0,conventional_steam_coal
41,65,0.0,conventional_steam_coal
3,65,0.0,conventional_steam_coal
36,65,0.0,conventional_steam_coal
85,65,0.0,conventional_steam_coal
28,65,0.0,geothermal
116,65,0.0,natural_gas_fired_combined_cycle
73,65,0.0,natural_gas_fired_combined_cycle
71,65,0.0,natural_gas_fired_combined_cycle
44,65,0.0,natural_gas_fired_combined_cycle
115,65,0.0,natural_gas_fired_combined_cycle
70,65,0.0,natural_gas_fired_combined_cycle
131,65,0.0,natural_gas_fired_combined_cycle
18,65,0.0,natural_gas_fired_combined_cycle
72,65,0.0,natural_gas_fired_combined_cycle
114,65,0.0,natural_gas_fired_combined_cycle
45,65,0.0,natural_gas_fired_combined_cycle
78,65,0.0,natural_gas_fired_combustion_turbine
75,65,0.0,natural_gas_fired_combustion_turbine
119,65,0.0,natural_gas_fired_combustion_turbine
117,65,0.0,natural_gas_fired_combustion_turbine
134,65,0.0,natural_gas_fired_combustion_turbine
103,65,0.0,natural_gas_fired_combustion_turbine
47,65,0.0,natural_gas_fired_combustion_turbine
8,65,0.0,natural_gas_fired_combustion_turbine
90,65,0.0,natural_gas_fired_combustion_turbine
60,65,0.0,natural_gas_fired_combustion_turbine
46,65,0.0,natural_gas_fired_combustion_turbine
37,65,0.0,natural_gas_fired_combustion_turbine
7,65,0.0,natural_gas_fired_combustion_turbine
133,65,0.0,natural_gas_fired_combustion_turbine
74,65,0.0,natural_gas_fired_combustion_turbine
20,65,0.0,natural_gas_fired_combustion_turbine
135,65,0.0,natural_gas_fired_combustion_turbine
142,65,0.0,natural_gas_fired_combustion_turbine
121,65,0.0,natural_gas_fired_combustion_turbine
91,65,0.0,natural_gas_fired_combustion_turbine
22,65,0.0,natural_gas_steam_turbine
123,65,0.0,natural_gas_steam_turbine
62,65,0.0,natural_gas_steam_turbine
49,65,0.0,natural_gas_steam_turbine
48,65,0.0,natural_gas_steam_turbine
21,65,0.0,natural_gas_steam_turbine
79,65,0.0,nuclear
10,65,405.06739,onshore_wind_turbine
23,65,2454.0978,onshore_wind_turbine
31,65,1747.86752,onshore_wind_turbine
38,65,0.0,onshore_wind_turbine
50,65,0.0,onshore_wind_turbine
63,65,52.7517196416,onshore_wind_turbine
80,65,3322.3189999999995,onshore_wind_turbine
94,65,24133.7236,onshore_wind_turbine
105,65,0.0,onshore_wind_turbine
124,65,20251.309615429203,onshore_wind_turbine
136,65,1821.3457500000004,onshore_wind_turbine
144,65,1998.4179599999998,onshore_wind_turbine
11,65,19.125,small_hydroelectric
24,65,62.577,small_hydroelectric
32,65,192.0,small_hydroelectric
39,65,0.0,small_hydroelectric
51,65,25.641,small_hydroelectric
64,65,0.0,small_hydroelectric
81,65,0.0,small_hydroelectric
95,65,0.0,small_hydroelectric
106,65,0.0,small_hydroelectric
125,65,100.697,small_hydroelectric
137,65,0.0,small_hydroelectric
145,65,0.0,small_hydroelectric
12,65,7473.325860000001,solar_photovoltaic
25,65,0.0,solar_photovoltaic
33,65,841.519,solar_photovoltaic
52,65,2786.14658,solar_photovoltaic
65,65,8115.62968301848,solar_photovoltaic
82,65,12439.38472,solar_photovoltaic
96,65,563.32962,solar_photovoltaic
107,65,0.0,solar_photovoltaic
126,65,27183.85389769,solar_photovoltaic
138,65,0.0,solar_photovoltaic
26,66,0.0,biomass
13,66,0.0,biomass
108,66,0.0,biomass
40,66,0.0,biomass
97,66,0.0,biomass
1,66,0.0,biomass
66,66,0.0,biomass
2,66,614.3817792000003,conventional_hydroelectric
14,66,66.9384892000003,conventional_hydroelectric
27,66,785.2726979999995,conventional_hydroelectric
35,66,1627.1968239999999,conventional_hydroelectric
54,66,802.4175720000005,conventional_hydroelectric
67,66,2303.3890933419607,conventional_hydroelectric
84,66,15615.975674999989,conventional_hydroelectric
109,66,268.34818655579977,conventional_hydroelectric
128,66,45.798060000000085,conventional_hydroelectric
139,66,136.24416000000005,conventional_hydroelectric
110,66,0.0,conventional_steam_coal
41,66,0.0,conventional_steam_coal
3,66,0.0,conventional_steam_coal
36,66,0.0,conventional_steam_coal
85,66,0.0,conventional_steam_coal
28,66,0.0,geothermal
116,66,0.0,natural_gas_fired_combined_cycle
73,66,0.0,natural_gas_fired_combined_cycle
71,66,0.0,natural_gas_fired_combined_cycle
44,66,0.0,natural_gas_fired_combined_cycle
115,66,0.0,natural_gas_fired_combined_cycle
70,66,0.0,natural_gas_fired_combined_cycle
131,66,0.0,natural_gas_fired_combined_cycle
18,66,0.0,natural_gas_fired_combined_cycle
72,66,0.0,natural_gas_fired_combined_cycle
114,66,0.0,natural_gas_fired_combined_cycle
45,66,0.0,natural_gas_fired_combined_cycle
78,66,0.0,natural_gas_fired_combustion_turbine
75,66,0.0,natural_gas_fired_combustion_turbine
119,66,0.0,natural_gas_fired_combustion_turbine
117,66,0.0,natural_gas_fired_combustion_turbine
134,66,0.0,natural_gas_fired_combustion_turbine
103,66,0.0,natural_gas_fired_combustion_turbine
47,66,0.0,natural_gas_fired_combustion_turbine
8,66,0.0,natural_gas_fired_combustion_turbine
90,66,0.0,natural_gas_fired_combustion_turbine
60,66,0.0,natural_gas_fired_combustion_turbine
46,66,0.0,natural_gas_fired_combustion_turbine
37,66,0.0,natural_gas_fired_combustion_turbine
7,66,0.0,natural_gas_fired_combustion_turbine
133,66,0.0,natural_gas_fired_combustion_turbine
74,66,0.0,natural_gas_fired_combustion_turbine
20,66,0.0,natural_gas_fired_combustion_turbine
135,66,0.0,natural_gas_fired_combustion_turbine
142,66,0.0,natural_gas_fired_combustion_turbine
121,66,0.0,natural_gas_fired_combustion_turbine
91,66,0.0,natural_gas_fired_combustion_turbine
22,66,0.0,natural_gas_steam_turbine
123,66,0.0,natural_gas_steam_turbine
62,66,0.0,natural_gas_steam_turbine
49,66,0.0,natural_gas_steam_turbine
48,66,0.0,natural_gas_steam_turbine
21,66,0.0,natural_gas_steam_turbine
79,66,0.0,nuclear
10,66,240.80707000000004,onshore_wind_turbine
23,66,0.0,onshore_wind_turbine
31,66,2484.674806208546,onshore_wind_turbine
38,66,3625.2951,onshore_wind_turbine
50,66,3832.3912199999995,onshore_wind_turbine
63,66,0.0,onshore_wind_turbine
80,66,0.0,onshore_wind_turbine
94,66,22897.9828,onshore_wind_turbine
105,66,0.0,onshore_wind_turbine
124,66,0.0,onshore_wind_turbine
136,66,0.0,onshore_wind_turbine
144,66,1901.09241,onshore_wind_turbine
11,66,0.0,small_hydroelectric
24,66,0.0,small_hydroelectric
32,66,0.0,small_hydroelectric
39,66,52.9,small_hydroelectric
51,66,25.641,small_hydroelectric
64,66,0.0,small_hydroelectric
81,66,241.672,small_hydroelectric
95,66,0.0,small_hydroelectric
106,66,31.614,small_hydroelectric
125,66,0.0,small_hydroelectric
137,66,0.0,small_hydroelectric
145,66,0.0,small_hydroelectric
12,66,5041.06974,solar_photovoltaic
25,66,721.5374599999999,solar_photovoltaic
33,66,632.1955499999999,solar_photovoltaic
52,66,0.0,solar_photovoltaic
65,66,9685.2650409102,solar_photovoltaic
82,66,10037.74065,solar_photovoltaic
96,66,455.62992999999994,solar_photovoltaic
107,66,8623.6996351835,solar_photovoltaic
126,66,20469.7332504,solar_photovoltaic
138,66,0.0,solar_photovoltaic
26,67,0.0,biomass
13,67,0.0,biomass
108,67,0.0,biomass
40,67,0.0,biomass
97,67,0.0,biomass
1,67,0.0,biomass
66,67,0.0,biomass
2,67,843.6699431999999,conventional_hydroelectric
14,67,105.98202120000008,conventional_hydroelectric
27,67,785.5549164000005,conventional_hydroelectric
35,67,1627.9461088,conventional_hydroelectric
54,67,888.687855,conventional_hydroelectric
67,67,2907.1316743419598,conventional_hydroelectric
84,67,18027.372849,conventional_hydroelectric
109,67,384.23278655580003,conventional_hydroelectric
128,67,58.397460000000045,conventional_hydroelectric
139,67,155.574528,conventional_hydroelectric
110,67,0.0,conventional_steam_coal
41,67,0.0,conventional_steam_coal
3,67,0.0,conventional_steam_coal
36,67,0.0,conventional_steam_coal
85,67,0.0,conventional_steam_coal
28,67,0.0,geothermal
116,67,0.0,natural_gas_fired_combined_cycle
73,67,0.0,natural_gas_fired_combined_cycle
71,67,0.0,natural_gas_fired_combined_cycle
44,67,0.0,natural_gas_fired_combined_cycle
115,67,0.0,natural_gas_fired_combined_cycle
70,67,0.0,natural_gas_fired_combined_cycle
131,67,0.0,natural_gas_fired_combined_cycle
18,67,0.0,natural_gas_fired_combined_cycle
72,67,0.0,natural_gas_fired_combined_cycle
114,67,0.0,natural_gas_fired_combined_cycle
45,67,0.0,natural_gas_fired_combined_cycle
78,67,0.0,natural_gas_fired_combustion_turbine
75,67,0.0,natural_gas_fired_combustion_turbine
119,67,0.0,natural_gas_fired_combustion_turbine
117,67,0.0,natural_gas_fired_combustion_turbine
134,67,0.0,natural_gas_fired_combustion_turbine
103,67,0.0,natural_gas_fired_combustion_turbine
47,67,0.0,natural_gas_fired_combustion_turbine
8,67,0.0,natural_gas_fired_combustion_turbine
90,67,0.0,natural_gas_fired_combustion_turbine
60,67,0.0,natural_gas_fired_combustion_turbine
46,67,0.0,natural_gas_fired_combustion_turbine
37,67,0.0,natural_gas_fired_combustion_turbine
7,67,0.0,natural_gas_fired_combustion_turbine
133,67,0.0,natural_gas_fired_combustion_turbine
74,67,0.0,natural_gas_fired_combustion_turbine
20,67,0.0,natural_gas_fired_combustion_turbine
135,67,0.0,natural_gas_fired_combustion_turbine
142,67,0.0,natural_gas_fired_combustion_turbine
121,67,0.0,natural_gas_fired_combustion_turbine
91,67,0.0,natural_gas_fired_combustion_turbine
22,67,0.0,natural_gas_steam_turbine
123,67,0.0,natural_gas_steam_turbine
62,67,0.0,natural_gas_steam_turbine
49,67,0.0,natural_gas_steam_turbine
48,67,0.0,natural_gas_steam_turbine
21,67,0.0,natural_gas_steam_turbine
79,67,0.0,nuclear
10,67,208.74749000000003,onshore_wind_turbine
23,67,4166.5624,onshore_wind_turbine
31,67,2742.9171,onshore_wind_turbine
38,67,1975.1150497189556,onshore_wind_turbine
50,67,3654.2192399999994,onshore_wind_turbine
63,67,181.022240364,onshore_wind_turbine
80,67,2721.97828,onshore_wind_turbine
94,67,12493.4866,onshore_wind_turbine
105,67,198.32063897100002,onshore_wind_turbine
124,67,15899.984447531802,onshore_wind_turbine
136,67,2380.7912100000003,onshore_wind_turbine
144,67,3151.1850299999996,onshore_wind_turbine
11,67,19.125,small_hydroelectric
24,67,62.577,small_hydroelectric
32,67,192.0,small_hydroelectric
39,67,0.0,small_hydroelectric
51,67,25.641,small_hydroelectric
64,67,6.128,small_hydroelectric
81,67,241.672,small_hydroelectric
95,67,418.922,small_hydroelectric
106,67,31.614,small_hydroelectric
125,67,100.697,small_hydroelectric
137,67,36.822,small_hydroelectric
145,67,33.21,small_hydroelectric
12,67,2553.72768,solar_photovoltaic
25,67,119.94485999999996,solar_photovoltaic
33,67,401.92215,solar_photovoltaic
52,67,69.11800000000001,solar_photovoltaic
65,67,5833.387632289,solar_photovoltaic
82,67,6488.92622,solar_photovoltaic
96,67,280.78323,solar_photovoltaic
107,67,4755.480792338501,solar_photovoltaic
126,67,12620.030096289,solar_photovoltaic
138,67,1035.1348699999999,solar_photovoltaic
26,68,11.235,biomass
13,68,15.682,biomass
108,68,137.081,biomass
40,68,5.952,biomass
97,68,178.173,biomass
1,68,16.294,biomass
66,68,228.795,biomass
2,68,843.6699431999999,conventional_hydroelectric
14,68,145.02555320000002,conventional_hydroelectric
27,68,902.6755524000001,conventional_hydroelectric
35,68,1628.6953936,conventional_hydroelectric
54,68,889.2075555000001,conventional_hydroelectric
67,68,2906.089490989035,conventional_hydroelectric
84,68,18027.372849,conventional_hydroelectric
109,68,384.1720378938,conventional_hydroelectric
128,68,70.99686000000001,conventional_hydroelectric
139,68,155.62110719999998,conventional_hydroelectric
110,68,28.499999999999996,conventional_steam_coal
41,68,5154.342976109017,conventional_steam_coal
3,68,0.0,conventional_steam_coal
36,68,0.0,conventional_steam_coal
85,68,0.0,conventional_steam_coal
28,68,74.364,geothermal
116,68,0.0,natural_gas_fired_combined_cycle
73,68,0.0,natural_gas_fired_combined_cycle
71,68,0.0,natural_gas_fired_combined_cycle
44,68,0.0,natural_gas_fired_combined_cycle
115,68,0.0,natural_gas_fired_combined_cycle
70,68,0.0,natural_gas_fired_combined_cycle
131,68,0.0,natural_gas_fired_combined_cycle
18,68,0.0,natural_gas_fired_combined_cycle
72,68,0.0,natural_gas_fired_combined_cycle
114,68,0.0,natural_gas_fired_combined_cycle
45,68,0.0,natural_gas_fired_combined_cycle
78,68,0.0,natural_gas_fired_combustion_turbine
75,68,0.0,natural_gas_fired_combustion_turbine
119,68,0.0,natural_gas_fired_combustion_turbine
117,68,0.0,natural_gas_fired_combustion_turbine
134,68,0.0,natural_gas_fired_combustion_turbine
103,68,0.0,natural_gas_fired_combustion_turbine
47,68,0.0,natural_gas_fired_combustion_turbine
8,68,0.0,natural_gas_fired_combustion_turbine
90,68,0.0,natural_gas_fired_combustion_turbine
60,68,0.0,natural_gas_fired_combustion_turbine
46,68,0.0,natural_gas_fired_combustion_turbine
37,68,0.0,natural_gas_fired_combustion_turbine
7,68,0.0,natural_gas_fired_combustion_turbine
133,68,0.0,natural_gas_fired_combustion_turbine
74,68,0.0,natural_gas_fired_combustion_turbine
20,68,0.0,natural_gas_fired_combustion_turbine
135,68,0.0,natural_gas_fired_combustion_turbine
142,68,0.0,natural_gas_fired_combustion_turbine
121,68,0.0,natural_gas_fired_combustion_turbine
91,68,0.0,natural_gas_fired_combustion_turbine
22,68,0.0,natural_gas_steam_turbine
123,68,0.0,natural_gas_steam_turbine
62,68,0.0,natural_gas_steam_turbine
49,68,0.0,natural_gas_steam_turbine
48,68,0.0,natural_gas_steam_turbine
21,68,0.0,natural_gas_steam_turbine
79,68,1851.499750000001,nuclear
10,68,162.99955,onshore_wind_turbine
23,68,4114.3872,onshore_wind_turbine
31,68,3483.86094,onshore_wind_turbine
38,68,3109.5057,onshore_wind_turbine
50,68,2946.2735399999997,onshore_wind_turbine
63,68,87.3829598208,onshore_wind_turbine
80,68,793.63928,onshore_wind_turbine
94,68,10143.3724,onshore_wind_turbine
105,68,1292.21022084,onshore_wind_turbine
124,68,17004.124195781802,onshore_wind_turbine
136,68,2696.4911400000005,onshore_wind_turbine
144,68,5634.06795,onshore_wind_turbine
11,68,19.125,small_hydroelectric
24,68,62.577,small_hydroelectric
32,68,192.0,small_hydroelectric
39,68,52.9,small_hydroelectric
51,68,25.641,small_hydroelectric
64,68,6.128,small_hydroelectric
81,68,241.672,small_hydroelectric
95,68,418.922,small_hydroelectric
106,68,31.614,small_hydroelectric
125,68,100.697,small_hydroelectric
137,68,36.822,small_hydroelectric
145,68,33.21,small_hydroelectric
12,68,0.0,solar_photovoltaic
25,68,0.0,solar_photovoltaic
33,68,1.4084,solar_photovoltaic
52,68,0.0,solar_photovoltaic
65,68,290.197959478,solar_photovoltaic
82,68,1201.79752,solar_photovoltaic
96,68,101.52862999999999,solar_photovoltaic
107,68,0.0,solar_photovoltaic
126,68,711.2414449875,solar_photovoltaic
138,68,0.0,solar_photovoltaic
26,69,11.235,biomass
13,69,15.682,biomass
108,69,137.081,biomass
40,69,5.952,biomass
97,69,178.173,biomass
1,69,16.294,biomass
66,69,228.795,biomass
2,69,843.6699431999999,conventional_hydroelectric
14,69,144.97851279999998,conventional_hydroelectric
27,69,902.6755524000001,conventional_hydroelectric
35,69,1629.1949167999999,conventional_hydroelectric
54,69,889.727256,conventional_hydroelectric
67,69,2905.0473149101167,conventional_hydroelectric
84,69,18024.4675512,conventional_hydroelectric
109,69,384.111290628,conventional_hydroelectric
128,69,71.01204,conventional_hydroelectric
139,69,155.66768639999998,conventional_hydroelectric
110,69,50.0,conventional_steam_coal
41,69,0.0,conventional_steam_coal
3,69,0.0,conventional_steam_coal
36,69,0.0,conventional_steam_coal
85,69,0.0,conventional_steam_coal
28,69,74.364,geothermal
116,69,0.0,natural_gas_fired_combined_cycle
73,69,0.0,natural_gas_fired_combined_cycle
71,69,0.0,natural_gas_fired_combined_cycle
44,69,0.0,natural_gas_fired_combined_cycle
115,69,0.0,natural_gas_fired_combined_cycle
70,69,0.0,natural_gas_fired_combined_cycle
131,69,0.0,natural_gas_fired_combined_cycle
18,69,0.0,natural_gas_fired_combined_cycle
72,69,0.0,natural_gas_fired_combined_cycle
114,69,0.0,natural_gas_fired_combined_cycle
45,69,0.0,natural_gas_fired_combined_cycle
78,69,0.0,natural_gas_fired_combustion_turbine
75,69,0.0,natural_gas_fired_combustion_turbine
119,69,0.0,natural_gas_fired_combustion_turbine
117,69,0.0,natural_gas_fired_combustion_turbine
134,69,0.0,natural_gas_fired_combustion_turbine
103,69,0.0,natural_gas_fired_combustion_turbine
47,69,0.0,natural_gas_fired_combustion_turbine
8,69,0.0,natural_gas_fired_combustion_turbine
90,69,0.0,natural_gas_fired_combustion_turbine
60,69,0.0,natural_gas_fired_combustion_turbine
46,69,0.0,natural_gas_fired_combustion_turbine
37,69,0.0,natural_gas_fired_combustion_turbine
7,69,0.0,natural_gas_fired_combustion_turbine
133,69,0.0,natural_gas_fired_combustion_turbine
74,69,0.0,natural_gas_fired_combustion_turbine
20,69,0.0,natural_gas_fired_combustion_turbine
135,69,0.0,natural_gas_fired_combustion_turbine
142,69,0.0,natural_gas_fired_combustion_turbine
121,69,0.0,natural_gas_fired_combustion_turbine
91,69,0.0,natural_gas_fired_combustion_turbine
22,69,0.0,natural_gas_steam_turbine
123,69,0.0,natural_gas_steam_turbine
62,69,0.0,natural_gas_steam_turbine
49,69,0.0,natural_gas_steam_turbine
48,69,0.0,natural_gas_steam_turbine
21,69,0.0,natural_gas_steam_turbine
79,69,3702.999500000001,nuclear
10,69,101.22182000000001,onshore_wind_turbine
23,69,3734.2536,onshore_wind_turbine
31,69,3913.70336,onshore_wind_turbine
38,69,2657.90595,onshore_wind_turbine
50,69,3270.77688,onshore_wind_turbine
63,69,74.108159692,onshore_wind_turbine
80,69,2853.9417199999993,onshore_wind_turbine
94,69,10470.696600000001,onshore_wind_turbine
105,69,1697.0080395659998,onshore_wind_turbine
124,69,22779.810193863803,onshore_wind_turbine
136,69,2203.6035,onshore_wind_turbine
144,69,5216.649479999999,onshore_wind_turbine
11,69,19.125,small_hydroelectric
24,69,62.577,small_hydroelectric
32,69,192.0,small_hydroelectric
39,69,52.9,small_hydroelectric
51,69,25.641,small_hydroelectric
64,69,6.128,small_hydroelectric
81,69,241.672,small_hydroelectric
95,69,418.922,small_hydroelectric
106,69,31.614,small_hydroelectric
125,69,100.697,small_hydroelectric
137,69,36.822,small_hydroelectric
145,69,33.21,small_hydroelectric
12,69,0.0,solar_photovoltaic
25,69,0.0,solar_photovoltaic
33,69,0.0,solar_photovoltaic
52,69,0.0,solar_photovoltaic
65,69,0.0,solar_photovoltaic
82,69,0.0,solar_photovoltaic
96,69,0.0,solar_photovoltaic
107,69,0.0,solar_photovoltaic
126,69,0.0,solar_photovoltaic
138,69,0.0,solar_photovoltaic
26,70,11.235,biomass
13,70,15.682,biomass
108,70,137.081,biomass
40,70,5.952,biomass
97,70,178.173,biomass
1,70,16.294,biomass
66,70,228.795,biomass
2,70,843.6699431999999,conventional_hydroelectric
14,70,144.97851279999998,conventional_hydroelectric
27,70,902.6755524000001,conventional_hydroelectric
35,70,1629.9442015999998,conventional_hydroelectric
54,70,890.2469565000001,conventional_hydroelectric
67,70,2904.680072118708,conventional_hydroelectric
84,70,18024.4675512,conventional_hydroelectric
109,70,384.05054196599997,conventional_hydroelectric
128,70,71.04240000000001,conventional_hydroelectric
139,70,155.71426559999998,conventional_hydroelectric
110,70,28.499999999999996,conventional_steam_coal
41,70,0.0,conventional_steam_coal
3,70,0.0,conventional_steam_coal
36,70,0.0,conventional_steam_coal
85,70,0.0,conventional_steam_coal
28,70,74.364,geothermal
116,70,0.0,natural_gas_fired_combined_cycle
73,70,0.0,natural_gas_fired_combined_cycle
71,70,0.0,natural_gas_fired_combined_cycle
44,70,0.0,natural_gas_fired_combined_cycle
115,70,0.0,natural_gas_fired_combined_cycle
70,70,0.0,natural_gas_fired_combined_cycle
131,70,0.0,natural_gas_fired_combined_cycle
18,70,0.0,natural_gas_fired_combined_cycle
72,70,0.0,natural_gas_fired_combined_cycle
114,70,0.0,natural_gas_fired_combined_cycle
45,70,0.0,natural_gas_fired_combined_cycle
78,70,0.0,natural_gas_fired_combustion_turbine
75,70,0.0,natural_gas_fired_combustion_turbine
119,70,0.0,natural_gas_fired_combustion_turbine
117,70,0.0,natural_gas_fired_combustion_turbine
134,70,0.0,natural_gas_fired_combustion_turbine
103,70,0.0,natural_gas_fired_combustion_turbine
47,70,0.0,natural_gas_fired_combustion_turbine
8,70,0.0,natural_gas_fired_combustion_turbine
90,70,0.0,natural_gas_fired_combustion_turbine
60,70,0.0,natural_gas_fired_combustion_turbine
46,70,0.0,natural_gas_fired_combustion_turbine
37,70,0.0,natural_gas_fired_combustion_turbine
7,70,0.0,natural_gas_fired_combustion_turbine
133,70,0.0,natural_gas_fired_combustion_turbine
74,70,0.0,natural_gas_fired_combustion_turbine
20,70,0.0,natural_gas_fired_combustion_turbine
135,70,0.0,natural_gas_fired_combustion_turbine
142,70,0.0,natural_gas_fired_combustion_turbine
121,70,0.0,natural_gas_fired_combustion_turbine
91,70,0.0,natural_gas_fired_combustion_turbine
22,70,0.0,natural_gas_steam_turbine
123,70,0.0,natural_gas_steam_turbine
62,70,0.0,natural_gas_steam_turbine
49,70,0.0,natural_gas_steam_turbine
48,70,0.0,natural_gas_steam_turbine
21,70,0.0,natural_gas_steam_turbine
79,70,1851.49975,nuclear
10,70,93.6572,onshore_wind_turbine
23,70,4762.8504,onshore_wind_turbine
31,70,3995.6346500000004,onshore_wind_turbine
38,70,3140.1803999999997,onshore_wind_turbine
50,70,3512.6300999999994,onshore_wind_turbine
63,70,47.0324396528,onshore_wind_turbine
80,70,2575.14572,onshore_wind_turbine
94,70,8186.7828,onshore_wind_turbine
105,70,2167.621401687,onshore_wind_turbine
124,70,23954.266359916204,onshore_wind_turbine
136,70,1753.8885000000002,onshore_wind_turbine
144,70,6356.439809999999,onshore_wind_turbine
11,70,19.125,small_hydroelectric
24,70,62.577,small_hydroelectric
32,70,192.0,small_hydroelectric
39,70,52.9,small_hydroelectric
51,70,25.641,small_hydroelectric
64,70,6.128,small_hydroelectric
81,70,241.672,small_hydroelectric
95,70,418.922,small_hydroelectric
106,70,31.614,small_hydroelectric
125,70,100.697,small_hydroelectric
137,70,36.822,small_hydroelectric
145,70,33.21,small_hydroelectric
12,70,0.0,solar_photovoltaic
25,70,0.0,solar_photovoltaic
33,70,0.0,solar_photovoltaic
52,70,0.0,solar_photovoltaic
65,70,0.0,solar_photovoltaic
82,70,0.0,solar_photovoltaic
96,70,0.0,solar_photovoltaic
107,70,0.0,solar_photovoltaic
126,70,0.0,solar_photovoltaic
138,70,0.0,solar_photovoltaic
26,71,0.0,biomass
13,71,0.0,biomass
108,71,0.0,biomass
40,71,0.0,biomass
97,71,0.0,biomass
1,71,0.0,biomass
66,71,0.0,biomass
2,71,614.3817792000003,conventional_hydroelectric
14,71,105.93498079999983,conventional_hydroelectric
27,71,785.8371348000028,conventional_hydroelectric
35,71,1422.642073599997,conventional_hydroelectric
54,71,810.3170196000063,conventional_hydroelectric
67,71,2901.50106919545,conventional_hydroelectric
84,71,18024.4675512,conventional_hydroelectric
109,71,268.1659419659992,conventional_hydroelectric
128,71,58.442999999999884,conventional_hydroelectric
139,71,136.38389759999978,conventional_hydroelectric
110,71,0.0,conventional_steam_coal
41,71,0.0,conventional_steam_coal
3,71,0.0,conventional_steam_coal
36,71,0.0,conventional_steam_coal
85,71,0.0,conventional_steam_coal
28,71,74.364,geothermal
116,71,0.0,natural_gas_fired_combined_cycle
73,71,0.0,natural_gas_fired_combined_cycle
71,71,0.0,natural_gas_fired_combined_cycle
44,71,0.0,natural_gas_fired_combined_cycle
115,71,0.0,natural_gas_fired_combined_cycle
70,71,0.0,natural_gas_fired_combined_cycle
131,71,0.0,natural_gas_fired_combined_cycle
18,71,0.0,natural_gas_fired_combined_cycle
72,71,0.0,natural_gas_fired_combined_cycle
114,71,0.0,natural_gas_fired_combined_cycle
45,71,0.0,natural_gas_fired_combined_cycle
78,71,0.0,natural_gas_fired_combustion_turbine
75,71,0.0,natural_gas_fired_combustion_turbine
119,71,0.0,natural_gas_fired_combustion_turbine
117,71,0.0,natural_gas_fired_combustion_turbine
134,71,0.0,natural_gas_fired_combustion_turbine
103,71,0.0,natural_gas_fired_combustion_turbine
47,71,0.0,natural_gas_fired_combustion_turbine
8,71,0.0,natural_gas_fired_combustion_turbine
90,71,0.0,natural_gas_fired_combustion_turbine
60,71,0.0,natural_gas_fired_combustion_turbine
46,71,0.0,natural_gas_fired_combustion_turbine
37,71,0.0,natural_gas_fired_combustion_turbine
7,71,0.0,natural_gas_fired_combustion_turbine
133,71,0.0,natural_gas_fired_combustion_turbine
74,71,0.0,natural_gas_fired_combustion_turbine
20,71,0.0,natural_gas_fired_combustion_turbine
135,71,0.0,natural_gas_fired_combustion_turbine
142,71,0.0,natural_gas_fired_combustion_turbine
121,71,0.0,natural_gas_fired_combustion_turbine
91,71,0.0,natural_gas_fired_combustion_turbine
22,71,0.0,natural_gas_steam_turbine
123,71,0.0,natural_gas_steam_turbine
62,71,0.0,natural_gas_steam_turbine
49,71,0.0,natural_gas_steam_turbine
48,71,0.0,natural_gas_steam_turbine
21,71,0.0,natural_gas_steam_turbine
79,71,0.0,nuclear
10,71,120.31348000000001,onshore_wind_turbine
23,71,7300.605695735945,onshore_wind_turbine
31,71,4793.57417,onshore_wind_turbine
38,71,3471.9215999999997,onshore_wind_turbine
50,71,3654.2192399999994,onshore_wind_turbine
63,71,141.0533603752,onshore_wind_turbine
80,71,2569.5697999999998,onshore_wind_turbine
94,71,8488.3624,onshore_wind_turbine
105,71,2403.125619363,onshore_wind_turbine
124,71,23758.641686564402,onshore_wind_turbine
136,71,1278.0900300000003,onshore_wind_turbine
144,71,7448.648759999999,onshore_wind_turbine
11,71,19.125,small_hydroelectric
24,71,62.577,small_hydroelectric
32,71,192.0,small_hydroelectric
39,71,52.9,small_hydroelectric
51,71,25.641,small_hydroelectric
64,71,6.128,small_hydroelectric
81,71,241.672,small_hydroelectric
95,71,418.922,small_hydroelectric
106,71,31.614,small_hydroelectric
125,71,100.697,small_hydroelectric
137,71,36.822,small_hydroelectric
145,71,33.21,small_hydroelectric
12,71,0.0,solar_photovoltaic
25,71,0.0,solar_photovoltaic
33,71,0.0,solar_photovoltaic
52,71,0.0,solar_photovoltaic
65,71,0.0,solar_photovoltaic
82,71,0.0,solar_photovoltaic
96,71,0.0,solar_photovoltaic
107,71,0.0,solar_photovoltaic
126,71,0.0,solar_photovoltaic
138,71,0.0,solar_photovoltaic
26,72,0.0,biomass
13,72,0.0,biomass
108,72,0.0,biomass
40,72,0.0,biomass
97,72,0.0,biomass
1,72,0.0,biomass
66,72,0.0,biomass
2,72,385.09361519999845,conventional_hydroelectric
14,72,105.7468191999997,conventional_hydroelectric
27,72,668.7164988000026,conventional_hydroelectric
35,72,1215.3399455999943,conventional_hydroelectric
54,72,724.0467366000062,conventional_hydroelectric
67,72,2297.7584881954517,conventional_hydroelectric
84,72,18021.5622534,conventional_hydroelectric
109,72,152.281341965999,conventional_hydroelectric
128,72,45.84359999999987,conventional_hydroelectric
139,72,117.05352959999959,conventional_hydroelectric
110,72,0.0,conventional_steam_coal
41,72,0.0,conventional_steam_coal
3,72,0.0,conventional_steam_coal
36,72,0.0,conventional_steam_coal
85,72,0.0,conventional_steam_coal
28,72,0.0,geothermal
116,72,0.0,natural_gas_fired_combined_cycle
73,72,0.0,natural_gas_fired_combined_cycle
71,72,0.0,natural_gas_fired_combined_cycle
44,72,0.0,natural_gas_fired_combined_cycle
115,72,0.0,natural_gas_fired_combined_cycle
70,72,0.0,natural_gas_fired_combined_cycle
131,72,0.0,natural_gas_fired_combined_cycle
18,72,0.0,natural_gas_fired_combined_cycle
72,72,0.0,natural_gas_fired_combined_cycle
114,72,0.0,natural_gas_fired_combined_cycle
45,72,0.0,natural_gas_fired_combined_cycle
78,72,0.0,natural_gas_fired_combustion_turbine
75,72,0.0,natural_gas_fired_combustion_turbine
119,72,0.0,natural_gas_fired_combustion_turbine
117,72,0.0,natural_gas_fired_combustion_turbine
134,72,0.0,natural_gas_fired_combustion_turbine
103,72,0.0,natural_gas_fired_combustion_turbine
47,72,0.0,natural_gas_fired_combustion_turbine
8,72,0.0,natural_gas_fired_combustion_turbine
90,72,0.0,natural_gas_fired_combustion_turbine
60,72,0.0,natural_gas_fired_combustion_turbine
46,72,0.0,natural_gas_fired_combustion_turbine
37,72,0.0,natural_gas_fired_combustion_turbine
7,72,0.0,natural_gas_fired_combustion_turbine
133,72,0.0,natural_gas_fired_combustion_turbine
74,72,0.0,natural_gas_fired_combustion_turbine
20,72,0.0,natural_gas_fired_combustion_turbine
135,72,0.0,natural_gas_fired_combustion_turbine
142,72,0.0,natural_gas_fired_combustion_turbine
121,72,0.0,natural_gas_fired_combustion_turbine
91,72,0.0,natural_gas_fired_combustion_turbine
22,72,0.0,natural_gas_steam_turbine
123,72,0.0,natural_gas_steam_turbine
62,72,0.0,natural_gas_steam_turbine
49,72,0.0,natural_gas_steam_turbine
48,72,0.0,natural_gas_steam_turbine
21,72,0.0,natural_gas_steam_turbine
79,72,0.0,nuclear
10,72,201.90331000000003,onshore_wind_turbine
23,72,7584.038,onshore_wind_turbine
31,72,5025.11912,onshore_wind_turbine
38,72,3438.40665,onshore_wind_turbine
50,72,4193.4774,onshore_wind_turbine
63,72,0.0,onshore_wind_turbine
80,72,0.0,onshore_wind_turbine
94,72,7186.4212,onshore_wind_turbine
105,72,2377.7156191950003,onshore_wind_turbine
124,72,23389.005382243548,onshore_wind_turbine
136,72,0.0,onshore_wind_turbine
144,72,6652.742039999999,onshore_wind_turbine
11,72,0.0,small_hydroelectric
24,72,62.577,small_hydroelectric
32,72,0.0,small_hydroelectric
39,72,0.0,small_hydroelectric
51,72,0.0,small_hydroelectric
64,72,0.0,small_hydroelectric
81,72,241.672,small_hydroelectric
95,72,418.922,small_hydroelectric
106,72,31.614,small_hydroelectric
125,72,0.0,small_hydroelectric
137,72,0.0,small_hydroelectric
145,72,33.21,small_hydroelectric
12,72,0.0,solar_photovoltaic
25,72,0.0,solar_photovoltaic
33,72,0.0,solar_photovoltaic
52,72,0.0,solar_photovoltaic
65,72,0.0,solar_photovoltaic
82,72,0.0,solar_photovoltaic
96,72,0.0,solar_photovoltaic
107,72,0.0,solar_photovoltaic
126,72,0.0,solar_photovoltaic
138,72,0.0,solar_photovoltaic
26,73,0.0,biomass
13,73,0.0,biomass
108,73,0.0,biomass
40,73,0.0,biomass
97,73,0.0,biomass
1,73,0.0,biomass
66,73,0.0,biomass
2,73,155.80545119999636,conventional_hydroelectric
14,73,105.7468192,conventional_hydroelectric
27,73,551.5958628000024,conventional_hydroelectric
35,73,1008.0378175999903,conventional_hydroelectric
54,73,637.7764536000059,conventional_hydroelectric
67,73,2901.501069195456,conventional_hydroelectric
84,73,18021.5622534,conventional_hydroelectric
109,73,36.3967419659989,conventional_hydroelectric
128,73,33.365639999999935,conventional_hydroelectric
139,73,97.72316159999937,conventional_hydroelectric
110,73,0.0,conventional_steam_coal
41,73,0.0,conventional_steam_coal
3,73,0.0,conventional_steam_coal
36,73,0.0,conventional_steam_coal
85,73,0.0,conventional_steam_coal
28,73,74.364,geothermal
116,73,0.0,natural_gas_fired_combined_cycle
73,73,0.0,natural_gas_fired_combined_cycle
71,73,0.0,natural_gas_fired_combined_cycle
44,73,0.0,natural_gas_fired_combined_cycle
115,73,0.0,natural_gas_fired_combined_cycle
70,73,0.0,natural_gas_fired_combined_cycle
131,73,0.0,natural_gas_fired_combined_cycle
18,73,0.0,natural_gas_fired_combined_cycle
72,73,0.0,natural_gas_fired_combined_cycle
114,73,0.0,natural_gas_fired_combined_cycle
45,73,0.0,natural_gas_fired_combined_cycle
78,73,0.0,natural_gas_fired_combustion_turbine
75,73,0.0,natural_gas_fired_combustion_turbine
119,73,0.0,natural_gas_fired_combustion_turbine
117,73,0.0,natural_gas_fired_combustion_turbine
134,73,0.0,natural_gas_fired_combustion_turbine
103,73,0.0,natural_gas_fired_combustion_turbine
47,73,0.0,natural_gas_fired_combustion_turbine
8,73,0.0,natural_gas_fired_combustion_turbine
90,73,0.0,natural_gas_fired_combustion_turbine
60,73,0.0,natural_gas_fired_combustion_turbine
46,73,0.0,natural_gas_fired_combustion_turbine
37,73,0.0,natural_gas_fired_combustion_turbine
7,73,0.0,natural_gas_fired_combustion_turbine
133,73,0.0,natural_gas_fired_combustion_turbine
74,73,0.0,natural_gas_fired_combustion_turbine
20,73,0.0,natural_gas_fired_combustion_turbine
135,73,0.0,natural_gas_fired_combustion_turbine
142,73,0.0,natural_gas_fired_combustion_turbine
121,73,0.0,natural_gas_fired_combustion_turbine
91,73,0.0,natural_gas_fired_combustion_turbine
22,73,0.0,natural_gas_steam_turbine
123,73,0.0,natural_gas_steam_turbine
62,73,0.0,natural_gas_steam_turbine
49,73,0.0,natural_gas_steam_turbine
48,73,0.0,natural_gas_steam_turbine
21,73,0.0,natural_gas_steam_turbine
79,73,0.0,nuclear
10,73,258.63796,onshore_wind_turbine
23,73,7701.4322,onshore_wind_turbine
31,73,5278.03745,onshore_wind_turbine
38,73,3238.45305,onshore_wind_turbine
50,73,4530.17502,onshore_wind_turbine
63,73,0.0,onshore_wind_turbine
80,73,1700.2288478075388,onshore_wind_turbine
94,73,7179.065600000001,onshore_wind_turbine
105,73,2209.067420616,onshore_wind_turbine
124,73,23945.899531015002,onshore_wind_turbine
136,73,0.0,onshore_wind_turbine
144,73,0.0,onshore_wind_turbine
11,73,19.125,small_hydroelectric
24,73,0.0,small_hydroelectric
32,73,0.0,small_hydroelectric
39,73,52.9,small_hydroelectric
51,73,25.641,small_hydroelectric
64,73,0.0,small_hydroelectric
81,73,0.0,small_hydroelectric
95,73,0.0,small_hydroelectric
106,73,0.0,small_hydroelectric
125,73,100.697,small_hydroelectric
137,73,0.0,small_hydroelectric
145,73,0.0,small_hydroelectric
12,73,0.0,solar_photovoltaic
25,73,0.0,solar_photovoltaic
33,73,0.0,solar_photovoltaic
52,73,0.0,solar_photovoltaic
65,73,0.0,solar_photovoltaic
82,73,0.0,solar_photovoltaic
96,73,0.0,solar_photovoltaic
107,73,0.0,solar_photovoltaic
126,73,0.0,solar_photovoltaic
138,73,0.0,solar_photovoltaic
26,74,0.0,biomass
13,74,0.0,biomass
108,74,0.0,biomass
40,74,0.0,biomass
97,74,0.0,biomass
1,74,0.0,biomass
66,74,0.0,biomass
2,74,229.28816400000056,conventional_hydroelectric
14,74,105.74681919999986,conventional_hydroelectric
27,74,668.7164988000028,conventional_hydroelectric
35,74,1013.2828111999991,conventional_hydroelectric
54,74,724.0467366000064,conventional_hydroelectric
67,74,2901.133826404047,conventional_hydroelectric
84,74,18021.5622534,conventional_hydroelectric
109,74,0.0,conventional_hydroelectric
128,74,45.96503999999995,conventional_hydroelectric
139,74,78.74213760000055,conventional_hydroelectric
110,74,0.0,conventional_steam_coal
41,74,0.0,conventional_steam_coal
3,74,0.0,conventional_steam_coal
36,74,0.0,conventional_steam_coal
85,74,0.0,conventional_steam_coal
28,74,74.364,geothermal
116,74,0.0,natural_gas_fired_combined_cycle
73,74,0.0,natural_gas_fired_combined_cycle
71,74,0.0,natural_gas_fired_combined_cycle
44,74,0.0,natural_gas_fired_combined_cycle
115,74,0.0,natural_gas_fired_combined_cycle
70,74,0.0,natural_gas_fired_combined_cycle
131,74,0.0,natural_gas_fired_combined_cycle
18,74,0.0,natural_gas_fired_combined_cycle
72,74,0.0,natural_gas_fired_combined_cycle
114,74,0.0,natural_gas_fired_combined_cycle
45,74,0.0,natural_gas_fired_combined_cycle
78,74,0.0,natural_gas_fired_combustion_turbine
75,74,0.0,natural_gas_fired_combustion_turbine
119,74,0.0,natural_gas_fired_combustion_turbine
117,74,0.0,natural_gas_fired_combustion_turbine
134,74,0.0,natural_gas_fired_combustion_turbine
103,74,0.0,natural_gas_fired_combustion_turbine
47,74,0.0,natural_gas_fired_combustion_turbine
8,74,0.0,natural_gas_fired_combustion_turbine
90,74,0.0,natural_gas_fired_combustion_turbine
60,74,0.0,natural_gas_fired_combustion_turbine
46,74,0.0,natural_gas_fired_combustion_turbine
37,74,0.0,natural_gas_fired_combustion_turbine
7,74,0.0,natural_gas_fired_combustion_turbine
133,74,0.0,natural_gas_fired_combustion_turbine
74,74,0.0,natural_gas_fired_combustion_turbine
20,74,0.0,natural_gas_fired_combustion_turbine
135,74,0.0,natural_gas_fired_combustion_turbine
142,74,0.0,natural_gas_fired_combustion_turbine
121,74,0.0,natural_gas_fired_combustion_turbine
91,74,0.0,natural_gas_fired_combustion_turbine
22,74,0.0,natural_gas_steam_turbine
123,74,0.0,natural_gas_steam_turbine
62,74,0.0,natural_gas_steam_turbine
49,74,0.0,natural_gas_steam_turbine
48,74,0.0,natural_gas_steam_turbine
21,74,0.0,natural_gas_steam_turbine
79,74,0.0,nuclear
10,74,249.81257,onshore_wind_turbine
23,74,1305.2270149367505,onshore_wind_turbine
31,74,5122.48674,onshore_wind_turbine
38,74,2915.2326,onshore_wind_turbine
50,74,0.0,onshore_wind_turbine
63,74,0.0,onshore_wind_turbine
80,74,5130.77572,onshore_wind_turbine
94,74,6403.0498,onshore_wind_turbine
105,74,0.0,onshore_wind_turbine
124,74,23461.695377859203,onshore_wind_turbine
136,74,723.1417200000001,onshore_wind_turbine
144,74,6358.602599999999,onshore_wind_turbine
11,74,19.125,small_hydroelectric
24,74,62.577,small_hydroelectric
32,74,0.0,small_hydroelectric
39,74,0.0,small_hydroelectric
51,74,0.0,small_hydroelectric
64,74,6.128,small_hydroelectric
81,74,241.672,small_hydroelectric
95,74,418.922,small_hydroelectric
106,74,31.614,small_hydroelectric
125,74,0.0,small_hydroelectric
137,74,36.822,small_hydroelectric
145,74,33.21,small_hydroelectric
12,74,0.0,solar_photovoltaic
25,74,0.0,solar_photovoltaic
33,74,0.0,solar_photovoltaic
52,74,0.0,solar_photovoltaic
65,74,0.0,solar_photovoltaic
82,74,0.0,solar_photovoltaic
96,74,0.0,solar_photovoltaic
107,74,0.0,solar_photovoltaic
126,74,0.0,solar_photovoltaic
138,74,0.0,solar_photovoltaic
26,75,0.0,biomass
13,75,0.0,biomass
108,75,0.0,biomass
40,75,0.0,biomass
97,75,0.0,biomass
1,75,0.0,biomass
66,75,0.0,biomass
2,75,458.57632800000664,conventional_hydroelectric
14,75,144.7903512,conventional_hydroelectric
27,75,785.8371348000032,conventional_hydroelectric
35,75,1220.5849392,conventional_hydroelectric
54,75,637.7764536000061,conventional_hydroelectric
67,75,2900.0916430511215,conventional_hydroelectric
84,75,15610.165079400007,conventional_hydroelectric
109,75,0.0,conventional_hydroelectric
128,75,58.56443999999998,conventional_hydroelectric
139,75,98.07250560000057,conventional_hydroelectric
110,75,0.0,conventional_steam_coal
41,75,0.0,conventional_steam_coal
3,75,0.0,conventional_steam_coal
36,75,0.0,conventional_steam_coal
85,75,0.0,conventional_steam_coal
28,75,74.364,geothermal
116,75,0.0,natural_gas_fired_combined_cycle
73,75,0.0,natural_gas_fired_combined_cycle
71,75,0.0,natural_gas_fired_combined_cycle
44,75,0.0,natural_gas_fired_combined_cycle
115,75,0.0,natural_gas_fired_combined_cycle
70,75,0.0,natural_gas_fired_combined_cycle
131,75,0.0,natural_gas_fired_combined_cycle
18,75,0.0,natural_gas_fired_combined_cycle
72,75,0.0,natural_gas_fired_combined_cycle
114,75,0.0,natural_gas_fired_combined_cycle
45,75,0.0,natural_gas_fired_combined_cycle
78,75,0.0,natural_gas_fired_combustion_turbine
75,75,0.0,natural_gas_fired_combustion_turbine
119,75,0.0,natural_gas_fired_combustion_turbine
117,75,0.0,natural_gas_fired_combustion_turbine
134,75,0.0,natural_gas_fired_combustion_turbine
103,75,0.0,natural_gas_fired_combustion_turbine
47,75,0.0,natural_gas_fired_combustion_turbine
8,75,0.0,natural_gas_fired_combustion_turbine
90,75,0.0,natural_gas_fired_combustion_turbine
60,75,0.0,natural_gas_fired_combustion_turbine
46,75,0.0,natural_gas_fired_combustion_turbine
37,75,0.0,natural_gas_fired_combustion_turbine
7,75,0.0,natural_gas_fired_combustion_turbine
133,75,0.0,natural_gas_fired_combustion_turbine
74,75,0.0,natural_gas_fired_combustion_turbine
20,75,0.0,natural_gas_fired_combustion_turbine
135,75,0.0,natural_gas_fired_combustion_turbine
142,75,0.0,natural_gas_fired_combustion_turbine
121,75,0.0,natural_gas_fired_combustion_turbine
91,75,0.0,natural_gas_fired_combustion_turbine
22,75,0.0,natural_gas_steam_turbine
123,75,0.0,natural_gas_steam_turbine
62,75,0.0,natural_gas_steam_turbine
49,75,0.0,natural_gas_steam_turbine
48,75,0.0,natural_gas_steam_turbine
21,75,0.0,natural_gas_steam_turbine
79,75,0.0,nuclear
10,75,205.86573,onshore_wind_turbine
23,75,6702.6498,onshore_wind_turbine
31,75,4038.3814100000004,onshore_wind_turbine
38,75,3202.6659,onshore_wind_turbine
50,75,2832.46026,onshore_wind_turbine
63,75,278.7517599272,onshore_wind_turbine
80,75,0.0,onshore_wind_turbine
94,75,5902.869,onshore_wind_turbine
105,75,2043.8935984949999,onshore_wind_turbine
124,75,21835.962166726647,onshore_wind_turbine
136,75,0.0,onshore_wind_turbine
144,75,4643.51013,onshore_wind_turbine
11,75,0.0,small_hydroelectric
24,75,0.0,small_hydroelectric
32,75,192.0,small_hydroelectric
39,75,52.9,small_hydroelectric
51,75,25.641,small_hydroelectric
64,75,0.0,small_hydroelectric
81,75,0.0,small_hydroelectric
95,75,418.92199999999997,small_hydroelectric
106,75,0.0,small_hydroelectric
125,75,100.697,small_hydroelectric
137,75,0.0,small_hydroelectric
145,75,0.0,small_hydroelectric
12,75,0.0,solar_photovoltaic
25,75,0.0,solar_photovoltaic
33,75,0.0,solar_photovoltaic
52,75,0.0,solar_photovoltaic
65,75,0.0,solar_photovoltaic
82,75,0.0,solar_photovoltaic
96,75,0.0,solar_photovoltaic
107,75,0.0,solar_photovoltaic
126,75,0.0,solar_photovoltaic
138,75,0.0,solar_photovoltaic
26,76,0.0,biomass
13,76,0.0,biomass
108,76,0.0,biomass
40,76,0.0,biomass
97,76,0.0,biomass
1,76,0.0,biomass
66,76,0.0,biomass
2,76,687.8644920000028,conventional_hydroelectric
14,76,144.7433108,conventional_hydroelectric
27,76,668.7164988000013,conventional_hydroelectric
35,76,1427.887067200001,conventional_hydroelectric
54,76,724.0467366000065,conventional_hydroelectric
67,76,2296.3490620511225,conventional_hydroelectric
84,76,18018.6569556,conventional_hydroelectric
109,76,115.8846000000006,conventional_hydroelectric
128,76,71.16384000000001,conventional_hydroelectric
139,76,117.40287360000016,conventional_hydroelectric
110,76,0.0,conventional_steam_coal
41,76,0.0,conventional_steam_coal
3,76,0.0,conventional_steam_coal
36,76,0.0,conventional_steam_coal
85,76,0.0,conventional_steam_coal
28,76,0.0,geothermal
116,76,0.0,natural_gas_fired_combined_cycle
73,76,0.0,natural_gas_fired_combined_cycle
71,76,0.0,natural_gas_fired_combined_cycle
44,76,0.0,natural_gas_fired_combined_cycle
115,76,0.0,natural_gas_fired_combined_cycle
70,76,0.0,natural_gas_fired_combined_cycle
131,76,0.0,natural_gas_fired_combined_cycle
18,76,0.0,natural_gas_fired_combined_cycle
72,76,0.0,natural_gas_fired_combined_cycle
114,76,0.0,natural_gas_fired_combined_cycle
45,76,0.0,natural_gas_fired_combined_cycle
78,76,0.0,natural_gas_fired_combustion_turbine
75,76,0.0,natural_gas_fired_combustion_turbine
119,76,0.0,natural_gas_fired_combustion_turbine
117,76,0.0,natural_gas_fired_combustion_turbine
134,76,0.0,natural_gas_fired_combustion_turbine
103,76,0.0,natural_gas_fired_combustion_turbine
47,76,0.0,natural_gas_fired_combustion_turbine
8,76,0.0,natural_gas_fired_combustion_turbine
90,76,0.0,natural_gas_fired_combustion_turbine
60,76,0.0,natural_gas_fired_combustion_turbine
46,76,0.0,natural_gas_fired_combustion_turbine
37,76,0.0,natural_gas_fired_combustion_turbine
7,76,0.0,natural_gas_fired_combustion_turbine
133,76,0.0,natural_gas_fired_combustion_turbine
74,76,0.0,natural_gas_fired_combustion_turbine
20,76,0.0,natural_gas_fired_combustion_turbine
135,76,0.0,natural_gas_fired_combustion_turbine
142,76,0.0,natural_gas_fired_combustion_turbine
121,76,0.0,natural_gas_fired_combustion_turbine
91,76,0.0,natural_gas_fired_combustion_turbine
22,76,0.0,natural_gas_steam_turbine
123,76,0.0,natural_gas_steam_turbine
62,76,0.0,natural_gas_steam_turbine
49,76,0.0,natural_gas_steam_turbine
48,76,0.0,natural_gas_steam_turbine
21,76,0.0,natural_gas_steam_turbine
79,76,0.0,nuclear
10,76,108.60633000000001,onshore_wind_turbine
23,76,8314.4908,onshore_wind_turbine
31,76,4396.97923,onshore_wind_turbine
38,76,2833.4334000000003,onshore_wind_turbine
50,76,2729.4863399999995,onshore_wind_turbine
63,76,266.5269599048,onshore_wind_turbine
80,76,1960.8651999999997,onshore_wind_turbine
94,76,5281.3208,onshore_wind_turbine
105,76,2147.236000287,onshore_wind_turbine
124,76,23199.099011888804,onshore_wind_turbine
136,76,785.2023900000002,onshore_wind_turbine
144,76,4042.2545099999998,onshore_wind_turbine
11,76,19.125,small_hydroelectric
24,76,62.577,small_hydroelectric
32,76,192.0,small_hydroelectric
39,76,52.9,small_hydroelectric
51,76,0.0,small_hydroelectric
64,76,6.128,small_hydroelectric
81,76,241.672,small_hydroelectric
95,76,418.922,small_hydroelectric
106,76,31.614,small_hydroelectric
125,76,100.697,small_hydroelectric
137,76,36.822,small_hydroelectric
145,76,33.21,small_hydroelectric
12,76,0.0,solar_photovoltaic
25,76,0.0,solar_photovoltaic
33,76,0.0,solar_photovoltaic
52,76,0.0,solar_photovoltaic
65,76,0.0,solar_photovoltaic
82,76,0.0,solar_photovoltaic
96,76,0.0,solar_photovoltaic
107,76,0.0,solar_photovoltaic
126,76,0.0,solar_photovoltaic
138,76,0.0,solar_photovoltaic
26,77,0.0,biomass
13,77,0.0,biomass
108,77,0.0,biomass
40,77,0.0,biomass
97,77,0.0,biomass
1,77,0.0,biomass
66,77,0.0,biomass
2,77,458.5763280000025,conventional_hydroelectric
14,77,105.69977879999999,conventional_hydroelectric
27,77,785.8371348000005,conventional_hydroelectric
35,77,1635.1891951999999,conventional_hydroelectric
54,77,637.7764536000043,conventional_hydroelectric
67,77,2898.682224180795,conventional_hydroelectric
84,77,17303.28664681397,conventional_hydroelectric
109,77,0.0,conventional_hydroelectric
128,77,58.564439999999976,conventional_hydroelectric
139,77,136.73324160000007,conventional_hydroelectric
110,77,0.0,conventional_steam_coal
41,77,0.0,conventional_steam_coal
3,77,0.0,conventional_steam_coal
36,77,0.0,conventional_steam_coal
85,77,0.0,conventional_steam_coal
28,77,74.364,geothermal
116,77,0.0,natural_gas_fired_combined_cycle
73,77,0.0,natural_gas_fired_combined_cycle
71,77,0.0,natural_gas_fired_combined_cycle
44,77,0.0,natural_gas_fired_combined_cycle
115,77,0.0,natural_gas_fired_combined_cycle
70,77,0.0,natural_gas_fired_combined_cycle
131,77,0.0,natural_gas_fired_combined_cycle
18,77,0.0,natural_gas_fired_combined_cycle
72,77,0.0,natural_gas_fired_combined_cycle
114,77,0.0,natural_gas_fired_combined_cycle
45,77,0.0,natural_gas_fired_combined_cycle
78,77,0.0,natural_gas_fired_combustion_turbine
75,77,0.0,natural_gas_fired_combustion_turbine
119,77,0.0,natural_gas_fired_combustion_turbine
117,77,0.0,natural_gas_fired_combustion_turbine
134,77,0.0,natural_gas_fired_combustion_turbine
103,77,0.0,natural_gas_fired_combustion_turbine
47,77,0.0,natural_gas_fired_combustion_turbine
8,77,0.0,natural_gas_fired_combustion_turbine
90,77,0.0,natural_gas_fired_combustion_turbine
60,77,0.0,natural_gas_fired_combustion_turbine
46,77,0.0,natural_gas_fired_combustion_turbine
37,77,0.0,natural_gas_fired_combustion_turbine
7,77,0.0,natural_gas_fired_combustion_turbine
133,77,0.0,natural_gas_fired_combustion_turbine
74,77,0.0,natural_gas_fired_combustion_turbine
20,77,0.0,natural_gas_fired_combustion_turbine
135,77,0.0,natural_gas_fired_combustion_turbine
142,77,0.0,natural_gas_fired_combustion_turbine
121,77,0.0,natural_gas_fired_combustion_turbine
91,77,0.0,natural_gas_fired_combustion_turbine
22,77,0.0,natural_gas_steam_turbine
123,77,0.0,natural_gas_steam_turbine
62,77,0.0,natural_gas_steam_turbine
49,77,0.0,natural_gas_steam_turbine
48,77,0.0,natural_gas_steam_turbine
21,77,0.0,natural_gas_steam_turbine
79,77,0.0,nuclear
10,77,121.21403000000001,onshore_wind_turbine
23,77,9516.383800000001,onshore_wind_turbine
31,77,0.0,onshore_wind_turbine
38,77,2624.95905,onshore_wind_turbine
50,77,1877.9191199999998,onshore_wind_turbine
63,77,231.16772034719997,onshore_wind_turbine
80,77,1226.7024,onshore_wind_turbine
94,77,4931.9298,onshore_wind_turbine
105,77,2385.815041365,onshore_wind_turbine
124,77,22493.43727529303,onshore_wind_turbine
136,77,672.7736400000001,onshore_wind_turbine
144,77,5063.09139,onshore_wind_turbine
11,77,0.0,small_hydroelectric
24,77,0.0,small_hydroelectric
32,77,192.0,small_hydroelectric
39,77,0.0,small_hydroelectric
51,77,25.641,small_hydroelectric
64,77,6.128,small_hydroelectric
81,77,0.0,small_hydroelectric
95,77,0.0,small_hydroelectric
106,77,0.0,small_hydroelectric
125,77,100.697,small_hydroelectric
137,77,0.0,small_hydroelectric
145,77,0.0,small_hydroelectric
12,77,0.0,solar_photovoltaic
25,77,374.4073199999999,solar_photovoltaic
33,77,0.0,solar_photovoltaic
52,77,8.29416,solar_photovoltaic
65,77,0.0,solar_photovoltaic
82,77,0.0,solar_photovoltaic
96,77,0.0,solar_photovoltaic
107,77,0.0,solar_photovoltaic
126,77,0.0,solar_photovoltaic
138,77,0.0,solar_photovoltaic
26,78,0.0,biomass
13,78,0.0,biomass
108,78,0.0,biomass
40,78,0.0,biomass
97,78,0.0,biomass
1,78,0.0,biomass
66,78,0.0,biomass
2,78,687.8644920000028,conventional_hydroelectric
14,78,66.65624679999999,conventional_hydroelectric
27,78,902.9577708,conventional_hydroelectric
35,78,1427.887067200001,conventional_hydroelectric
54,78,724.0467366000029,conventional_hydroelectric
67,78,2294.939643180792,conventional_hydroelectric
84,78,14891.889472813966,conventional_hydroelectric
109,78,115.88460000000075,conventional_hydroelectric
128,78,45.96503999999996,conventional_hydroelectric
139,78,156.0636096,conventional_hydroelectric
110,78,0.0,conventional_steam_coal
41,78,0.0,conventional_steam_coal
3,78,0.0,conventional_steam_coal
36,78,0.0,conventional_steam_coal
85,78,0.0,conventional_steam_coal
28,78,0.0,geothermal
116,78,0.0,natural_gas_fired_combined_cycle
73,78,0.0,natural_gas_fired_combined_cycle
71,78,0.0,natural_gas_fired_combined_cycle
44,78,0.0,natural_gas_fired_combined_cycle
115,78,0.0,natural_gas_fired_combined_cycle
70,78,0.0,natural_gas_fired_combined_cycle
131,78,0.0,natural_gas_fired_combined_cycle
18,78,0.0,natural_gas_fired_combined_cycle
72,78,0.0,natural_gas_fired_combined_cycle
114,78,0.0,natural_gas_fired_combined_cycle
45,78,0.0,natural_gas_fired_combined_cycle
78,78,0.0,natural_gas_fired_combustion_turbine
75,78,0.0,natural_gas_fired_combustion_turbine
119,78,0.0,natural_gas_fired_combustion_turbine
117,78,0.0,natural_gas_fired_combustion_turbine
134,78,0.0,natural_gas_fired_combustion_turbine
103,78,0.0,natural_gas_fired_combustion_turbine
47,78,0.0,natural_gas_fired_combustion_turbine
8,78,0.0,natural_gas_fired_combustion_turbine
90,78,0.0,natural_gas_fired_combustion_turbine
60,78,0.0,natural_gas_fired_combustion_turbine
46,78,0.0,natural_gas_fired_combustion_turbine
37,78,0.0,natural_gas_fired_combustion_turbine
7,78,0.0,natural_gas_fired_combustion_turbine
133,78,0.0,natural_gas_fired_combustion_turbine
74,78,0.0,natural_gas_fired_combustion_turbine
20,78,0.0,natural_gas_fired_combustion_turbine
135,78,0.0,natural_gas_fired_combustion_turbine
142,78,0.0,natural_gas_fired_combustion_turbine
121,78,0.0,natural_gas_fired_combustion_turbine
91,78,0.0,natural_gas_fired_combustion_turbine
22,78,0.0,natural_gas_steam_turbine
123,78,0.0,natural_gas_steam_turbine
62,78,0.0,natural_gas_steam_turbine
49,78,0.0,natural_gas_steam_turbine
48,78,0.0,natural_gas_steam_turbine
21,78,0.0,natural_gas_steam_turbine
79,78,0.0,nuclear
10,78,326.53943,onshore_wind_turbine
23,78,7790.875400000001,onshore_wind_turbine
31,78,0.0,onshore_wind_turbine
38,78,1992.7194,onshore_wind_turbine
50,78,2260.00656,onshore_wind_turbine
63,78,0.0,onshore_wind_turbine
80,78,0.0,onshore_wind_turbine
94,78,5604.9672,onshore_wind_turbine
105,78,0.0,onshore_wind_turbine
124,78,22311.44552679216,onshore_wind_turbine
136,78,0.0,onshore_wind_turbine
144,78,2186.58069,onshore_wind_turbine
11,78,19.125,small_hydroelectric
24,78,62.577,small_hydroelectric
32,78,0.0,small_hydroelectric
39,78,0.0,small_hydroelectric
51,78,0.0,small_hydroelectric
64,78,0.0,small_hydroelectric
81,78,241.672,small_hydroelectric
95,78,418.922,small_hydroelectric
106,78,0.0,small_hydroelectric
125,78,0.0,small_hydroelectric
137,78,36.822,small_hydroelectric
145,78,33.21,small_hydroelectric
12,78,2885.65578,solar_photovoltaic
25,78,1203.5588599999999,solar_photovoltaic
33,78,0.0,solar_photovoltaic
52,78,2043.8192600000002,solar_photovoltaic
65,78,4764.9065747416,solar_photovoltaic
82,78,0.0,solar_photovoltaic
96,78,0.0,solar_photovoltaic
107,78,3514.1262094715003,solar_photovoltaic
126,78,0.0,solar_photovoltaic
138,78,1163.89889,solar_photovoltaic
26,79,0.0,biomass
13,79,0.0,biomass
108,79,0.0,biomass
40,79,0.0,biomass
97,79,0.0,biomass
1,79,0.0,biomass
66,79,0.0,biomass
2,79,458.5763280000022,conventional_hydroelectric
14,79,105.69977879999999,conventional_hydroelectric
27,79,785.8371348000005,conventional_hydroelectric
35,79,1220.5849392000005,conventional_hydroelectric
54,79,637.7764536000017,conventional_hydroelectric
67,79,1691.1970621807868,conventional_hydroelectric
84,79,12480.49229881396,conventional_hydroelectric
109,79,0.0,conventional_hydroelectric
128,79,33.45671999999993,conventional_hydroelectric
139,79,136.73324160000016,conventional_hydroelectric
110,79,0.0,conventional_steam_coal
41,79,0.0,conventional_steam_coal
3,79,0.0,conventional_steam_coal
36,79,0.0,conventional_steam_coal
85,79,0.0,conventional_steam_coal
28,79,74.364,geothermal
116,79,0.0,natural_gas_fired_combined_cycle
73,79,0.0,natural_gas_fired_combined_cycle
71,79,0.0,natural_gas_fired_combined_cycle
44,79,0.0,natural_gas_fired_combined_cycle
115,79,0.0,natural_gas_fired_combined_cycle
70,79,0.0,natural_gas_fired_combined_cycle
131,79,0.0,natural_gas_fired_combined_cycle
18,79,0.0,natural_gas_fired_combined_cycle
72,79,0.0,natural_gas_fired_combined_cycle
114,79,0.0,natural_gas_fired_combined_cycle
45,79,0.0,natural_gas_fired_combined_cycle
78,79,0.0,natural_gas_fired_combustion_turbine
75,79,0.0,natural_gas_fired_combustion_turbine
119,79,0.0,natural_gas_fired_combustion_turbine
117,79,0.0,natural_gas_fired_combustion_turbine
134,79,0.0,natural_gas_fired_combustion_turbine
103,79,0.0,natural_gas_fired_combustion_turbine
47,79,0.0,natural_gas_fired_combustion_turbine
8,79,0.0,natural_gas_fired_combustion_turbine
90,79,0.0,natural_gas_fired_combustion_turbine
60,79,0.0,natural_gas_fired_combustion_turbine
46,79,0.0,natural_gas_fired_combustion_turbine
37,79,0.0,natural_gas_fired_combustion_turbine
7,79,0.0,natural_gas_fired_combustion_turbine
133,79,0.0,natural_gas_fired_combustion_turbine
74,79,0.0,natural_gas_fired_combustion_turbine
20,79,0.0,natural_gas_fired_combustion_turbine
135,79,0.0,natural_gas_fired_combustion_turbine
142,79,0.0,natural_gas_fired_combustion_turbine
121,79,0.0,natural_gas_fired_combustion_turbine
91,79,0.0,natural_gas_fired_combustion_turbine
22,79,0.0,natural_gas_steam_turbine
123,79,0.0,natural_gas_steam_turbine
62,79,0.0,natural_gas_steam_turbine
49,79,0.0,natural_gas_steam_turbine
48,79,0.0,natural_gas_steam_turbine
21,79,0.0,natural_gas_steam_turbine
79,79,0.0,nuclear
10,79,172.00505,onshore_wind_turbine
23,79,0.0,onshore_wind_turbine
31,79,3476.73648,onshore_wind_turbine
38,79,1115.08215,onshore_wind_turbine
50,79,0.0,onshore_wind_turbine
63,79,276.26675996079996,onshore_wind_turbine
80,79,3418.03896,onshore_wind_turbine
94,79,0.0,onshore_wind_turbine
105,79,2059.5826706825437,onshore_wind_turbine
124,79,21910.666063994406,onshore_wind_turbine
136,79,475.79847000000007,onshore_wind_turbine
144,79,0.0,onshore_wind_turbine
11,79,0.0,small_hydroelectric
24,79,62.577,small_hydroelectric
32,79,0.0,small_hydroelectric
39,79,52.9,small_hydroelectric
51,79,25.641,small_hydroelectric
64,79,6.128,small_hydroelectric
81,79,241.672,small_hydroelectric
95,79,0.0,small_hydroelectric
106,79,0.0,small_hydroelectric
125,79,100.697,small_hydroelectric
137,79,0.0,small_hydroelectric
145,79,0.0,small_hydroelectric
12,79,0.0,solar_photovoltaic
25,79,0.0,solar_photovoltaic
33,79,857.89165,solar_photovoltaic
52,79,3341.16412,solar_photovoltaic
65,79,0.0,solar_photovoltaic
82,79,6982.52163,solar_photovoltaic
96,79,383.63423,solar_photovoltaic
107,79,7422.9612200765,solar_photovoltaic
126,79,15581.990848291,solar_photovoltaic
138,79,0.0,solar_photovoltaic
26,80,0.0,biomass
13,80,0.0,biomass
108,80,0.0,biomass
40,80,0.0,biomass
97,80,0.0,biomass
1,80,0.0,biomass
66,80,0.0,biomass
2,80,229.28816400000164,conventional_hydroelectric
14,80,105.5116172000002,conventional_hydroelectric
27,80,668.7164988000028,conventional_hydroelectric
35,80,1013.2828111999995,conventional_hydroelectric
54,80,724.0467366000012,conventional_hydroelectric
67,80,1207.4851620000084,conventional_hydroelectric
84,80,10069.095124813955,conventional_hydroelectric
109,80,0.0,conventional_hydroelectric
128,80,25.198800000000045,conventional_hydroelectric
139,80,117.4960319999999,conventional_hydroelectric
110,80,0.0,conventional_steam_coal
41,80,0.0,conventional_steam_coal
3,80,0.0,conventional_steam_coal
36,80,0.0,conventional_steam_coal
85,80,0.0,conventional_steam_coal
28,80,0.0,geothermal
116,80,0.0,natural_gas_fired_combined_cycle
73,80,0.0,natural_gas_fired_combined_cycle
71,80,0.0,natural_gas_fired_combined_cycle
44,80,0.0,natural_gas_fired_combined_cycle
115,80,0.0,natural_gas_fired_combined_cycle
70,80,0.0,natural_gas_fired_combined_cycle
131,80,0.0,natural_gas_fired_combined_cycle
18,80,0.0,natural_gas_fired_combined_cycle
72,80,0.0,natural_gas_fired_combined_cycle
114,80,0.0,natural_gas_fired_combined_cycle
45,80,0.0,natural_gas_fired_combined_cycle
78,80,0.0,natural_gas_fired_combustion_turbine
75,80,0.0,natural_gas_fired_combustion_turbine
119,80,0.0,natural_gas_fired_combustion_turbine
117,80,0.0,natural_gas_fired_combustion_turbine
134,80,0.0,natural_gas_fired_combustion_turbine
103,80,0.0,natural_gas_fired_combustion_turbine
47,80,0.0,natural_gas_fired_combustion_turbine
8,80,0.0,natural_gas_fired_combustion_turbine
90,80,0.0,natural_gas_fired_combustion_turbine
60,80,0.0,natural_gas_fired_combustion_turbine
46,80,0.0,natural_gas_fired_combustion_turbine
37,80,0.0,natural_gas_fired_combustion_turbine
7,80,0.0,natural_gas_fired_combustion_turbine
133,80,0.0,natural_gas_fired_combustion_turbine
74,80,0.0,natural_gas_fired_combustion_turbine
20,80,0.0,natural_gas_fired_combustion_turbine
135,80,0.0,natural_gas_fired_combustion_turbine
142,80,0.0,natural_gas_fired_combustion_turbine
121,80,0.0,natural_gas_fired_combustion_turbine
91,80,0.0,natural_gas_fired_combustion_turbine
22,80,0.0,natural_gas_steam_turbine
123,80,0.0,natural_gas_steam_turbine
62,80,0.0,natural_gas_steam_turbine
49,80,0.0,natural_gas_steam_turbine
48,80,0.0,natural_gas_steam_turbine
21,80,0.0,natural_gas_steam_turbine
79,80,0.0,nuclear
10,80,0.0,onshore_wind_turbine
23,80,2877.0896000000002,onshore_wind_turbine
31,80,2574.30488,onshore_wind_turbine
38,80,0.0,onshore_wind_turbine
50,80,2167.872,onshore_wind_turbine
63,80,0.0,onshore_wind_turbine
80,80,1459.0323999999998,onshore_wind_turbine
94,80,0.0,onshore_wind_turbine
105,80,1764.9080404620001,onshore_wind_turbine
124,80,9192.099836004018,onshore_wind_turbine
136,80,0.0,onshore_wind_turbine
144,80,3484.2546899999993,onshore_wind_turbine
11,80,19.125,small_hydroelectric
24,80,0.0,small_hydroelectric
32,80,0.0,small_hydroelectric
39,80,52.9,small_hydroelectric
51,80,0.0,small_hydroelectric
64,80,0.0,small_hydroelectric
81,80,241.672,small_hydroelectric
95,80,0.0,small_hydroelectric
106,80,0.0,small_hydroelectric
125,80,0.0,small_hydroelectric
137,80,0.0,small_hydroelectric
145,80,33.21,small_hydroelectric
12,80,0.0,solar_photovoltaic
25,80,0.0,solar_photovoltaic
33,80,1115.1007,solar_photovoltaic
52,80,4190.624339999999,solar_photovoltaic
65,80,0.0,solar_photovoltaic
82,80,10359.6507,solar_photovoltaic
96,80,631.06435,solar_photovoltaic
107,80,11222.035015996,solar_photovoltaic
126,80,22987.908650924,solar_photovoltaic
138,80,2911.80197,solar_photovoltaic
26,81,0.0,biomass
13,81,0.0,biomass
108,81,0.0,biomass
40,81,0.0,biomass
97,81,0.0,biomass
1,81,0.0,biomass
66,81,0.0,biomass
2,81,0.0,conventional_hydroelectric
14,81,78.087064,conventional_hydroelectric
27,81,785.837134800003,conventional_hydroelectric
35,81,813.223769599997,conventional_hydroelectric
54,81,810.3170196000005,conventional_hydroelectric
67,81,603.7425810000036,conventional_hydroelectric
84,81,10772.844242400062,conventional_hydroelectric
109,81,0.0,conventional_hydroelectric
128,81,33.53261999999994,conventional_hydroelectric
139,81,98.16566399999988,conventional_hydroelectric
110,81,0.0,conventional_steam_coal
41,81,0.0,conventional_steam_coal
3,81,0.0,conventional_steam_coal
36,81,0.0,conventional_steam_coal
85,81,0.0,conventional_steam_coal
28,81,74.364,geothermal
116,81,0.0,natural_gas_fired_combined_cycle
73,81,0.0,natural_gas_fired_combined_cycle
71,81,0.0,natural_gas_fired_combined_cycle
44,81,0.0,natural_gas_fired_combined_cycle
115,81,0.0,natural_gas_fired_combined_cycle
70,81,0.0,natural_gas_fired_combined_cycle
131,81,0.0,natural_gas_fired_combined_cycle
18,81,0.0,natural_gas_fired_combined_cycle
72,81,0.0,natural_gas_fired_combined_cycle
114,81,0.0,natural_gas_fired_combined_cycle
45,81,0.0,natural_gas_fired_combined_cycle
78,81,0.0,natural_gas_fired_combustion_turbine
75,81,0.0,natural_gas_fired_combustion_turbine
119,81,0.0,natural_gas_fired_combustion_turbine
117,81,0.0,natural_gas_fired_combustion_turbine
134,81,0.0,natural_gas_fired_combustion_turbine
103,81,0.0,natural_gas_fired_combustion_turbine
47,81,0.0,natural_gas_fired_combustion_turbine
8,81,0.0,natural_gas_fired_combustion_turbine
90,81,0.0,natural_gas_fired_combustion_turbine
60,81,0.0,natural_gas_fired_combustion_turbine
46,81,0.0,natural_gas_fired_combustion_turbine
37,81,0.0,natural_gas_fired_combustion_turbine
7,81,0.0,natural_gas_fired_combustion_turbine
133,81,0.0,natural_gas_fired_combustion_turbine
74,81,0.0,natural_gas_fired_combustion_turbine
20,81,0.0,natural_gas_fired_combustion_turbine
135,81,0.0,natural_gas_fired_combustion_turbine
142,81,0.0,natural_gas_fired_combustion_turbine
121,81,0.0,natural_gas_fired_combustion_turbine
91,81,0.0,natural_gas_fired_combustion_turbine
22,81,0.0,natural_gas_steam_turbine
123,81,0.0,natural_gas_steam_turbine
62,81,0.0,natural_gas_steam_turbine
49,81,0.0,natural_gas_steam_turbine
48,81,0.0,natural_gas_steam_turbine
21,81,0.0,natural_gas_steam_turbine
79,81,0.0,nuclear
10,81,7.924840000000001,onshore_wind_turbine
23,81,7986.5324,onshore_wind_turbine
31,81,1287.15244,onshore_wind_turbine
38,81,806.631,onshore_wind_turbine
50,81,0.0,onshore_wind_turbine
63,81,0.0,onshore_wind_turbine
80,81,578.9663599999999,onshore_wind_turbine
94,81,2739.961,onshore_wind_turbine
105,81,873.597199965,onshore_wind_turbine
124,81,1062.7966503350326,onshore_wind_turbine
136,81,0.0,onshore_wind_turbine
144,81,0.0,onshore_wind_turbine
11,81,19.125,small_hydroelectric
24,81,62.577,small_hydroelectric
32,81,192.0,small_hydroelectric
39,81,0.0,small_hydroelectric
51,81,25.641,small_hydroelectric
64,81,0.0,small_hydroelectric
81,81,0.0,small_hydroelectric
95,81,418.922,small_hydroelectric
106,81,31.614,small_hydroelectric
125,81,0.0,small_hydroelectric
137,81,36.822,small_hydroelectric
145,81,0.0,small_hydroelectric
12,81,0.0,solar_photovoltaic
25,81,2431.4056199999995,solar_photovoltaic
33,81,1201.89335,solar_photovoltaic
52,81,4660.626740000001,solar_photovoltaic
65,81,14516.769193291402,solar_photovoltaic
82,81,12289.160030000001,solar_photovoltaic
96,81,0.0,solar_photovoltaic
107,81,0.0,solar_photovoltaic
126,81,27734.424401008502,solar_photovoltaic
138,81,3093.0761399999997,solar_photovoltaic
26,82,0.0,biomass
13,82,0.0,biomass
108,82,0.0,biomass
40,82,0.0,biomass
97,82,0.0,biomass
1,82,0.0,biomass
66,82,0.0,biomass
2,82,229.2881639999997,conventional_hydroelectric
14,82,39.043532,conventional_hydroelectric
27,82,668.7164988000027,conventional_hydroelectric
35,82,605.9216415999965,conventional_hydroelectric
54,82,896.5873026,conventional_hydroelectric
67,82,0.0,conventional_hydroelectric
84,82,8361.447068400057,conventional_hydroelectric
109,82,115.88459999999992,conventional_hydroelectric
128,82,33.56297999999993,conventional_hydroelectric
139,82,117.4960319999999,conventional_hydroelectric
110,82,0.0,conventional_steam_coal
41,82,0.0,conventional_steam_coal
3,82,0.0,conventional_steam_coal
36,82,0.0,conventional_steam_coal
85,82,0.0,conventional_steam_coal
28,82,74.364,geothermal
116,82,0.0,natural_gas_fired_combined_cycle
73,82,0.0,natural_gas_fired_combined_cycle
71,82,0.0,natural_gas_fired_combined_cycle
44,82,0.0,natural_gas_fired_combined_cycle
115,82,0.0,natural_gas_fired_combined_cycle
70,82,0.0,natural_gas_fired_combined_cycle
131,82,0.0,natural_gas_fired_combined_cycle
18,82,0.0,natural_gas_fired_combined_cycle
72,82,0.0,natural_gas_fired_combined_cycle
114,82,0.0,natural_gas_fired_combined_cycle
45,82,0.0,natural_gas_fired_combined_cycle
78,82,0.0,natural_gas_fired_combustion_turbine
75,82,0.0,natural_gas_fired_combustion_turbine
119,82,0.0,natural_gas_fired_combustion_turbine
117,82,0.0,natural_gas_fired_combustion_turbine
134,82,0.0,natural_gas_fired_combustion_turbine
103,82,0.0,natural_gas_fired_combustion_turbine
47,82,0.0,natural_gas_fired_combustion_turbine
8,82,0.0,natural_gas_fired_combustion_turbine
90,82,0.0,natural_gas_fired_combustion_turbine
60,82,0.0,natural_gas_fired_combustion_turbine
46,82,0.0,natural_gas_fired_combustion_turbine
37,82,0.0,natural_gas_fired_combustion_turbine
7,82,0.0,natural_gas_fired_combustion_turbine
133,82,0.0,natural_gas_fired_combustion_turbine
74,82,0.0,natural_gas_fired_combustion_turbine
20,82,0.0,natural_gas_fired_combustion_turbine
135,82,0.0,natural_gas_fired_combustion_turbine
142,82,0.0,natural_gas_fired_combustion_turbine
121,82,0.0,natural_gas_fired_combustion_turbine
91,82,0.0,natural_gas_fired_combustion_turbine
22,82,0.0,natural_gas_steam_turbine
123,82,0.0,natural_gas_steam_turbine
62,82,0.0,natural_gas_steam_turbine
49,82,0.0,natural_gas_steam_turbine
48,82,0.0,natural_gas_steam_turbine
21,82,0.0,natural_gas_steam_turbine
79,82,0.0,nuclear
10,82,90.59533,onshore_wind_turbine
23,82,0.0,onshore_wind_turbine
31,82,0.0,onshore_wind_turbine
38,82,792.9978,onshore_wind_turbine
50,82,1549.3510199999998,onshore_wind_turbine
63,82,4.1087197928,onshore_wind_turbine
80,82,159.84303999999997,onshore_wind_turbine
94,82,0.0,onshore_wind_turbine
105,82,0.0,onshore_wind_turbine
124,82,364.10503778853604,onshore_wind_turbine
136,82,681.7679400000002,onshore_wind_turbine
144,82,7143.695369999999,onshore_wind_turbine
11,82,0.0,small_hydroelectric
24,82,0.0,small_hydroelectric
32,82,0.0,small_hydroelectric
39,82,0.0,small_hydroelectric
51,82,0.0,small_hydroelectric
64,82,0.0,small_hydroelectric
81,82,241.672,small_hydroelectric
95,82,0.0,small_hydroelectric
106,82,0.0,small_hydroelectric
125,82,0.0,small_hydroelectric
137,82,0.0,small_hydroelectric
145,82,33.21,small_hydroelectric
12,82,0.0,solar_photovoltaic
25,82,2367.1360999999993,solar_photovoltaic
33,82,0.0,solar_photovoltaic
52,82,0.0,solar_photovoltaic
65,82,15989.9926978701,solar_photovoltaic
82,82,13133.930040000001,solar_photovoltaic
96,82,0.0,solar_photovoltaic
107,82,14422.831567465999,solar_photovoltaic
126,82,29649.3891476825,solar_photovoltaic
138,82,3213.1645699999995,solar_photovoltaic
26,83,0.0,biomass
13,83,0.0,biomass
108,83,0.0,biomass
40,83,0.0,biomass
97,83,0.0,biomass
1,83,0.0,biomass
66,83,0.0,biomass
2,83,458.57632800000107,conventional_hydroelectric
14,83,0.0,conventional_hydroelectric
27,83,668.8576080000012,conventional_hydroelectric
35,83,813.223769599997,conventional_hydroelectric
54,83,810.3170196000005,conventional_hydroelectric
67,83,603.7425809999986,conventional_hydroelectric
84,83,8358.54177059979,conventional_hydroelectric
109,83,0.0,conventional_hydroelectric
128,83,25.19880000000004,conventional_hydroelectric
139,83,136.38389759999794,conventional_hydroelectric
110,83,0.0,conventional_steam_coal
41,83,0.0,conventional_steam_coal
3,83,0.0,conventional_steam_coal
36,83,0.0,conventional_steam_coal
85,83,0.0,conventional_steam_coal
28,83,74.364,geothermal
116,83,0.0,natural_gas_fired_combined_cycle
73,83,0.0,natural_gas_fired_combined_cycle
71,83,0.0,natural_gas_fired_combined_cycle
44,83,0.0,natural_gas_fired_combined_cycle
115,83,0.0,natural_gas_fired_combined_cycle
70,83,0.0,natural_gas_fired_combined_cycle
131,83,0.0,natural_gas_fired_combined_cycle
18,83,0.0,natural_gas_fired_combined_cycle
72,83,0.0,natural_gas_fired_combined_cycle
114,83,0.0,natural_gas_fired_combined_cycle
45,83,0.0,natural_gas_fired_combined_cycle
78,83,0.0,natural_gas_fired_combustion_turbine
75,83,0.0,natural_gas_fired_combustion_turbine
119,83,0.0,natural_gas_fired_combustion_turbine
117,83,0.0,natural_gas_fired_combustion_turbine
134,83,0.0,natural_gas_fired_combustion_turbine
103,83,0.0,natural_gas_fired_combustion_turbine
47,83,0.0,natural_gas_fired_combustion_turbine
8,83,0.0,natural_gas_fired_combustion_turbine
90,83,0.0,natural_gas_fired_combustion_turbine
60,83,0.0,natural_gas_fired_combustion_turbine
46,83,0.0,natural_gas_fired_combustion_turbine
37,83,0.0,natural_gas_fired_combustion_turbine
7,83,0.0,natural_gas_fired_combustion_turbine
133,83,0.0,natural_gas_fired_combustion_turbine
74,83,0.0,natural_gas_fired_combustion_turbine
20,83,0.0,natural_gas_fired_combustion_turbine
135,83,0.0,natural_gas_fired_combustion_turbine
142,83,0.0,natural_gas_fired_combustion_turbine
121,83,0.0,natural_gas_fired_combustion_turbine
91,83,0.0,natural_gas_fired_combustion_turbine
22,83,0.0,natural_gas_steam_turbine
123,83,0.0,natural_gas_steam_turbine
62,83,0.0,natural_gas_steam_turbine
49,83,0.0,natural_gas_steam_turbine
48,83,0.0,natural_gas_steam_turbine
21,83,0.0,natural_gas_steam_turbine
79,83,0.0,nuclear
10,83,100.68149000000001,onshore_wind_turbine
23,83,7707.022400000001,onshore_wind_turbine
31,83,1293.08949,onshore_wind_turbine
38,83,1031.01075,onshore_wind_turbine
50,83,0.0,onshore_wind_turbine
63,83,0.0,onshore_wind_turbine
80,83,0.0,onshore_wind_turbine
94,83,0.0,onshore_wind_turbine
105,83,0.0,onshore_wind_turbine
124,83,665.8511979658001,onshore_wind_turbine
136,83,0.0,onshore_wind_turbine
144,83,0.0,onshore_wind_turbine
11,83,0.0,small_hydroelectric
24,83,0.0,small_hydroelectric
32,83,192.0,small_hydroelectric
39,83,52.9,small_hydroelectric
51,83,0.0,small_hydroelectric
64,83,0.0,small_hydroelectric
81,83,241.672,small_hydroelectric
95,83,0.0,small_hydroelectric
106,83,0.0,small_hydroelectric
125,83,0.0,small_hydroelectric
137,83,36.822,small_hydroelectric
145,83,0.0,small_hydroelectric
12,83,9652.75164,solar_photovoltaic
25,83,2088.926064583621,solar_photovoltaic
33,83,1255.9407,solar_photovoltaic
52,83,0.0,solar_photovoltaic
65,83,17015.6351277304,solar_photovoltaic
82,83,0.0,solar_photovoltaic
96,83,0.0,solar_photovoltaic
107,83,15099.188503871499,solar_photovoltaic
126,83,30589.741497143503,solar_photovoltaic
138,83,0.0,solar_photovoltaic
26,84,0.0,biomass
13,84,0.0,biomass
108,84,0.0,biomass
40,84,0.0,biomass
97,84,0.0,biomass
1,84,0.0,biomass
66,84,0.0,biomass
2,84,615.2105315999996,conventional_hydroelectric
14,84,27.424553200000204,conventional_hydroelectric
27,84,785.9782440000006,conventional_hydroelectric
35,84,1020.5258975999975,conventional_hydroelectric
54,84,896.5873026000021,conventional_hydroelectric
67,84,1207.485162000002,conventional_hydroelectric
84,84,10769.938944599795,conventional_hydroelectric
109,84,115.88459999999986,conventional_hydroelectric
128,84,33.684419999999214,conventional_hydroelectric
139,84,137.05929599999973,conventional_hydroelectric
110,84,0.0,conventional_steam_coal
41,84,0.0,conventional_steam_coal
3,84,0.0,conventional_steam_coal
36,84,0.0,conventional_steam_coal
85,84,0.0,conventional_steam_coal
28,84,74.364,geothermal
116,84,0.0,natural_gas_fired_combined_cycle
73,84,0.0,natural_gas_fired_combined_cycle
71,84,0.0,natural_gas_fired_combined_cycle
44,84,0.0,natural_gas_fired_combined_cycle
115,84,0.0,natural_gas_fired_combined_cycle
70,84,0.0,natural_gas_fired_combined_cycle
131,84,0.0,natural_gas_fired_combined_cycle
18,84,0.0,natural_gas_fired_combined_cycle
72,84,0.0,natural_gas_fired_combined_cycle
114,84,0.0,natural_gas_fired_combined_cycle
45,84,0.0,natural_gas_fired_combined_cycle
78,84,0.0,natural_gas_fired_combustion_turbine
75,84,0.0,natural_gas_fired_combustion_turbine
119,84,0.0,natural_gas_fired_combustion_turbine
117,84,0.0,natural_gas_fired_combustion_turbine
134,84,0.0,natural_gas_fired_combustion_turbine
103,84,0.0,natural_gas_fired_combustion_turbine
47,84,0.0,natural_gas_fired_combustion_turbine
8,84,0.0,natural_gas_fired_combustion_turbine
90,84,0.0,natural_gas_fired_combustion_turbine
60,84,0.0,natural_gas_fired_combustion_turbine
46,84,0.0,natural_gas_fired_combustion_turbine
37,84,0.0,natural_gas_fired_combustion_turbine
7,84,0.0,natural_gas_fired_combustion_turbine
133,84,0.0,natural_gas_fired_combustion_turbine
74,84,0.0,natural_gas_fired_combustion_turbine
20,84,0.0,natural_gas_fired_combustion_turbine
135,84,0.0,natural_gas_fired_combustion_turbine
142,84,0.0,natural_gas_fired_combustion_turbine
121,84,0.0,natural_gas_fired_combustion_turbine
91,84,0.0,natural_gas_fired_combustion_turbine
22,84,0.0,natural_gas_steam_turbine
123,84,0.0,natural_gas_steam_turbine
62,84,0.0,natural_gas_steam_turbine
49,84,0.0,natural_gas_steam_turbine
48,84,0.0,natural_gas_steam_turbine
21,84,0.0,natural_gas_steam_turbine
79,84,0.0,nuclear
10,84,151.11229,onshore_wind_turbine
23,84,5124.35,onshore_wind_turbine
31,84,1630.31393,onshore_wind_turbine
38,84,2447.1594,onshore_wind_turbine
50,84,0.0,onshore_wind_turbine
63,84,7.776999848799999,onshore_wind_turbine
80,84,0.0,onshore_wind_turbine
94,84,10915.7104,onshore_wind_turbine
105,84,0.0,onshore_wind_turbine
124,84,1053.2434492272,onshore_wind_turbine
136,84,0.0,onshore_wind_turbine
144,84,6778.183859999999,onshore_wind_turbine
11,84,19.125,small_hydroelectric
24,84,0.0,small_hydroelectric
32,84,192.0,small_hydroelectric
39,84,0.0,small_hydroelectric
51,84,25.641,small_hydroelectric
64,84,6.128,small_hydroelectric
81,84,0.0,small_hydroelectric
95,84,0.0,small_hydroelectric
106,84,31.614,small_hydroelectric
125,84,0.0,small_hydroelectric
137,84,0.0,small_hydroelectric
145,84,33.21,small_hydroelectric
12,84,9819.42192,solar_photovoltaic
25,84,1070.82990921917,solar_photovoltaic
33,84,1269.3205,solar_photovoltaic
52,84,5063.58468,solar_photovoltaic
65,84,17593.548287941503,solar_photovoltaic
82,84,13808.96566,solar_photovoltaic
96,84,0.0,solar_photovoltaic
107,84,15762.0582621635,solar_photovoltaic
126,84,0.0,solar_photovoltaic
138,84,0.0,solar_photovoltaic
26,85,0.0,biomass
13,85,0.0,biomass
108,85,0.0,biomass
40,85,0.0,biomass
97,85,0.0,biomass
1,85,0.0,biomass
66,85,0.0,biomass
2,85,615.2105316000001,conventional_hydroelectric
14,85,66.4680852000002,conventional_hydroelectric
27,85,903.0988800000001,conventional_hydroelectric
35,85,1227.8280255999985,conventional_hydroelectric
54,85,810.3170196000021,conventional_hydroelectric
67,85,1811.2277430000058,conventional_hydroelectric
84,85,10772.844242400064,conventional_hydroelectric
109,85,0.0,conventional_hydroelectric
128,85,46.192739999999965,conventional_hydroelectric
139,85,156.38966399999998,conventional_hydroelectric
110,85,0.0,conventional_steam_coal
41,85,0.0,conventional_steam_coal
3,85,0.0,conventional_steam_coal
36,85,0.0,conventional_steam_coal
85,85,0.0,conventional_steam_coal
28,85,0.0,geothermal
116,85,0.0,natural_gas_fired_combined_cycle
73,85,0.0,natural_gas_fired_combined_cycle
71,85,0.0,natural_gas_fired_combined_cycle
44,85,0.0,natural_gas_fired_combined_cycle
115,85,0.0,natural_gas_fired_combined_cycle
70,85,0.0,natural_gas_fired_combined_cycle
131,85,0.0,natural_gas_fired_combined_cycle
18,85,0.0,natural_gas_fired_combined_cycle
72,85,0.0,natural_gas_fired_combined_cycle
114,85,0.0,natural_gas_fired_combined_cycle
45,85,0.0,natural_gas_fired_combined_cycle
78,85,0.0,natural_gas_fired_combustion_turbine
75,85,0.0,natural_gas_fired_combustion_turbine
119,85,0.0,natural_gas_fired_combustion_turbine
117,85,0.0,natural_gas_fired_combustion_turbine
134,85,0.0,natural_gas_fired_combustion_turbine
103,85,0.0,natural_gas_fired_combustion_turbine
47,85,0.0,natural_gas_fired_combustion_turbine
8,85,0.0,natural_gas_fired_combustion_turbine
90,85,0.0,natural_gas_fired_combustion_turbine
60,85,0.0,natural_gas_fired_combustion_turbine
46,85,0.0,natural_gas_fired_combustion_turbine
37,85,0.0,natural_gas_fired_combustion_turbine
7,85,0.0,natural_gas_fired_combustion_turbine
133,85,0.0,natural_gas_fired_combustion_turbine
74,85,0.0,natural_gas_fired_combustion_turbine
20,85,0.0,natural_gas_fired_combustion_turbine
135,85,0.0,natural_gas_fired_combustion_turbine
142,85,0.0,natural_gas_fired_combustion_turbine
121,85,0.0,natural_gas_fired_combustion_turbine
91,85,0.0,natural_gas_fired_combustion_turbine
22,85,0.0,natural_gas_steam_turbine
123,85,0.0,natural_gas_steam_turbine
62,85,0.0,natural_gas_steam_turbine
49,85,0.0,natural_gas_steam_turbine
48,85,0.0,natural_gas_steam_turbine
21,85,0.0,natural_gas_steam_turbine
79,85,0.0,nuclear
10,85,0.0,onshore_wind_turbine
23,85,0.0,onshore_wind_turbine
31,85,0.0,onshore_wind_turbine
38,85,1800.7185,onshore_wind_turbine
50,85,0.0,onshore_wind_turbine
63,85,42.534800084000004,onshore_wind_turbine
80,85,608.7045999999999,onshore_wind_turbine
94,85,0.0,onshore_wind_turbine
105,85,356.88575901300004,onshore_wind_turbine
124,85,0.0,onshore_wind_turbine
136,85,0.0,onshore_wind_turbine
144,85,0.0,onshore_wind_turbine
11,85,19.125,small_hydroelectric
24,85,0.0,small_hydroelectric
32,85,0.0,small_hydroelectric
39,85,0.0,small_hydroelectric
51,85,25.641,small_hydroelectric
64,85,0.0,small_hydroelectric
81,85,0.0,small_hydroelectric
95,85,418.922,small_hydroelectric
106,85,0.0,small_hydroelectric
125,85,0.0,small_hydroelectric
137,85,36.822,small_hydroelectric
145,85,0.0,small_hydroelectric
12,85,9904.169520000001,solar_photovoltaic
25,85,0.0,solar_photovoltaic
33,85,1267.56,solar_photovoltaic
52,85,5050.45226,solar_photovoltaic
65,85,17554.9130500163,solar_photovoltaic
82,85,6956.298359520108,solar_photovoltaic
96,85,0.0,solar_photovoltaic
107,85,15845.2575293355,solar_photovoltaic
126,85,31806.878300630997,solar_photovoltaic
138,85,3287.1353899999995,solar_photovoltaic
26,86,0.0,biomass
13,86,0.0,biomass
108,86,0.0,biomass
40,86,0.0,biomass
97,86,0.0,biomass
1,86,0.0,biomass
66,86,0.0,biomass
2,86,844.4986956,conventional_hydroelectric
14,86,105.2764152,conventional_hydroelectric
27,86,786.1193531999996,conventional_hydroelectric
35,86,1435.130153599999,conventional_hydroelectric
54,86,812.9155220999996,conventional_hydroelectric
67,86,2285.76279231963,conventional_hydroelectric
84,86,13184.241416400033,conventional_hydroelectric
109,86,0.0,conventional_hydroelectric
128,86,58.79213999999999,conventional_hydroelectric
139,86,137.15245439999995,conventional_hydroelectric
110,86,0.0,conventional_steam_coal
41,86,0.0,conventional_steam_coal
3,86,0.0,conventional_steam_coal
36,86,0.0,conventional_steam_coal
85,86,0.0,conventional_steam_coal
28,86,74.364,geothermal
116,86,0.0,natural_gas_fired_combined_cycle
73,86,0.0,natural_gas_fired_combined_cycle
71,86,0.0,natural_gas_fired_combined_cycle
44,86,0.0,natural_gas_fired_combined_cycle
115,86,0.0,natural_gas_fired_combined_cycle
70,86,0.0,natural_gas_fired_combined_cycle
131,86,0.0,natural_gas_fired_combined_cycle
18,86,0.0,natural_gas_fired_combined_cycle
72,86,0.0,natural_gas_fired_combined_cycle
114,86,0.0,natural_gas_fired_combined_cycle
45,86,0.0,natural_gas_fired_combined_cycle
78,86,0.0,natural_gas_fired_combustion_turbine
75,86,0.0,natural_gas_fired_combustion_turbine
119,86,0.0,natural_gas_fired_combustion_turbine
117,86,0.0,natural_gas_fired_combustion_turbine
134,86,0.0,natural_gas_fired_combustion_turbine
103,86,0.0,natural_gas_fired_combustion_turbine
47,86,0.0,natural_gas_fired_combustion_turbine
8,86,0.0,natural_gas_fired_combustion_turbine
90,86,0.0,natural_gas_fired_combustion_turbine
60,86,0.0,natural_gas_fired_combustion_turbine
46,86,0.0,natural_gas_fired_combustion_turbine
37,86,0.0,natural_gas_fired_combustion_turbine
7,86,0.0,natural_gas_fired_combustion_turbine
133,86,0.0,natural_gas_fired_combustion_turbine
74,86,0.0,natural_gas_fired_combustion_turbine
20,86,0.0,natural_gas_fired_combustion_turbine
135,86,0.0,natural_gas_fired_combustion_turbine
142,86,0.0,natural_gas_fired_combustion_turbine
121,86,0.0,natural_gas_fired_combustion_turbine
91,86,0.0,natural_gas_fired_combustion_turbine
22,86,0.0,natural_gas_steam_turbine
123,86,0.0,natural_gas_steam_turbine
62,86,0.0,natural_gas_steam_turbine
49,86,0.0,natural_gas_steam_turbine
48,86,0.0,natural_gas_steam_turbine
21,86,0.0,natural_gas_steam_turbine
79,86,0.0,nuclear
10,86,323.65767,onshore_wind_turbine
23,86,0.0,onshore_wind_turbine
31,86,0.0,onshore_wind_turbine
38,86,0.0,onshore_wind_turbine
50,86,0.0,onshore_wind_turbine
63,86,0.0,onshore_wind_turbine
80,86,0.0,onshore_wind_turbine
94,86,17384.9606,onshore_wind_turbine
105,86,0.0,onshore_wind_turbine
124,86,5336.844086728001,onshore_wind_turbine
136,86,1378.82619,onshore_wind_turbine
144,86,4619.71944,onshore_wind_turbine
11,86,0.0,small_hydroelectric
24,86,0.0,small_hydroelectric
32,86,192.0,small_hydroelectric
39,86,52.9,small_hydroelectric
51,86,0.0,small_hydroelectric
64,86,0.0,small_hydroelectric
81,86,241.672,small_hydroelectric
95,86,0.0,small_hydroelectric
106,86,0.0,small_hydroelectric
125,86,0.0,small_hydroelectric
137,86,0.0,small_hydroelectric
145,86,33.21,small_hydroelectric
12,86,9987.504659999999,solar_photovoltaic
25,86,0.0,solar_photovoltaic
33,86,1273.1935999999998,solar_photovoltaic
52,86,4851.39242,solar_photovoltaic
65,86,17964.9342626831,solar_photovoltaic
82,86,11879.232266180232,solar_photovoltaic
96,86,0.0,solar_photovoltaic
107,86,16073.349671589,solar_photovoltaic
126,86,0.0,solar_photovoltaic
138,86,3387.5895899999996,solar_photovoltaic
26,87,0.0,biomass
13,87,0.0,biomass
108,87,0.0,biomass
40,87,0.0,biomass
97,87,0.0,biomass
1,87,0.0,biomass
66,87,0.0,biomass
2,87,615.2105316000003,conventional_hydroelectric
14,87,144.3199472,conventional_hydroelectric
27,87,903.2399892000001,conventional_hydroelectric
35,87,1642.4322816,conventional_hydroelectric
54,87,899.1858050999999,conventional_hydroelectric
67,87,2889.50537331963,conventional_hydroelectric
84,87,15595.638590399998,conventional_hydroelectric
109,87,115.88460000000072,conventional_hydroelectric
128,87,71.39154,conventional_hydroelectric
139,87,156.4828224,conventional_hydroelectric
110,87,0.0,conventional_steam_coal
41,87,0.0,conventional_steam_coal
3,87,0.0,conventional_steam_coal
36,87,0.0,conventional_steam_coal
85,87,0.0,conventional_steam_coal
28,87,0.0,geothermal
116,87,0.0,natural_gas_fired_combined_cycle
73,87,0.0,natural_gas_fired_combined_cycle
71,87,0.0,natural_gas_fired_combined_cycle
44,87,0.0,natural_gas_fired_combined_cycle
115,87,0.0,natural_gas_fired_combined_cycle
70,87,0.0,natural_gas_fired_combined_cycle
131,87,0.0,natural_gas_fired_combined_cycle
18,87,0.0,natural_gas_fired_combined_cycle
72,87,0.0,natural_gas_fired_combined_cycle
114,87,0.0,natural_gas_fired_combined_cycle
45,87,0.0,natural_gas_fired_combined_cycle
78,87,0.0,natural_gas_fired_combustion_turbine
75,87,0.0,natural_gas_fired_combustion_turbine
119,87,0.0,natural_gas_fired_combustion_turbine
117,87,0.0,natural_gas_fired_combustion_turbine
134,87,0.0,natural_gas_fired_combustion_turbine
103,87,0.0,natural_gas_fired_combustion_turbine
47,87,0.0,natural_gas_fired_combustion_turbine
8,87,0.0,natural_gas_fired_combustion_turbine
90,87,0.0,natural_gas_fired_combustion_turbine
60,87,0.0,natural_gas_fired_combustion_turbine
46,87,0.0,natural_gas_fired_combustion_turbine
37,87,0.0,natural_gas_fired_combustion_turbine
7,87,0.0,natural_gas_fired_combustion_turbine
133,87,0.0,natural_gas_fired_combustion_turbine
74,87,0.0,natural_gas_fired_combustion_turbine
20,87,0.0,natural_gas_fired_combustion_turbine
135,87,0.0,natural_gas_fired_combustion_turbine
142,87,0.0,natural_gas_fired_combustion_turbine
121,87,0.0,natural_gas_fired_combustion_turbine
91,87,0.0,natural_gas_fired_combustion_turbine
22,87,0.0,natural_gas_steam_turbine
123,87,0.0,natural_gas_steam_turbine
62,87,0.0,natural_gas_steam_turbine
49,87,0.0,natural_gas_steam_turbine
48,87,0.0,natural_gas_steam_turbine
21,87,0.0,natural_gas_steam_turbine
79,87,0.0,nuclear
10,87,262.78049000000004,onshore_wind_turbine
23,87,5413.177,onshore_wind_turbine
31,87,2733.41782,onshore_wind_turbine
38,87,0.0,onshore_wind_turbine
50,87,3003.18018,onshore_wind_turbine
63,87,255.08476012879999,onshore_wind_turbine
80,87,2582.5802799999997,onshore_wind_turbine
94,87,0.0,onshore_wind_turbine
105,87,2301.348978957,onshore_wind_turbine
124,87,6610.247129978801,onshore_wind_turbine
136,87,0.0,onshore_wind_turbine
144,87,0.0,onshore_wind_turbine
11,87,0.0,small_hydroelectric
24,87,62.577,small_hydroelectric
32,87,192.0,small_hydroelectric
39,87,0.0,small_hydroelectric
51,87,25.641,small_hydroelectric
64,87,6.128,small_hydroelectric
81,87,241.672,small_hydroelectric
95,87,0.0,small_hydroelectric
106,87,31.614,small_hydroelectric
125,87,0.0,small_hydroelectric
137,87,36.822,small_hydroelectric
145,87,0.0,small_hydroelectric
12,87,9436.645260000001,solar_photovoltaic
25,87,1976.2877399999998,solar_photovoltaic
33,87,0.0,solar_photovoltaic
52,87,0.0,solar_photovoltaic
65,87,16700.598942559704,solar_photovoltaic
82,87,13756.28947,solar_photovoltaic
96,87,798.27069,solar_photovoltaic
107,87,14958.610302692,solar_photovoltaic
126,87,31057.196500786653,solar_photovoltaic
138,87,0.0,solar_photovoltaic
26,88,0.0,biomass
13,88,0.0,biomass
108,88,0.0,biomass
40,88,0.0,biomass
97,88,0.0,biomass
1,88,0.0,biomass
66,88,0.0,biomass
2,88,844.4986956,conventional_hydroelectric
14,88,105.2764152,conventional_hydroelectric
27,88,786.1193531999996,conventional_hydroelectric
35,88,1435.130153599999,conventional_hydroelectric
54,88,813.9549231000005,conventional_hydroelectric
67,88,2285.76279231963,conventional_hydroelectric
84,88,18007.0357644,conventional_hydroelectric
109,88,231.76920000000155,conventional_hydroelectric
128,88,58.837679999999985,conventional_hydroelectric
139,88,137.15245439999998,conventional_hydroelectric
110,88,0.0,conventional_steam_coal
41,88,0.0,conventional_steam_coal
3,88,0.0,conventional_steam_coal
36,88,0.0,conventional_steam_coal
85,88,0.0,conventional_steam_coal
28,88,74.364,geothermal
116,88,0.0,natural_gas_fired_combined_cycle
73,88,0.0,natural_gas_fired_combined_cycle
71,88,0.0,natural_gas_fired_combined_cycle
44,88,0.0,natural_gas_fired_combined_cycle
115,88,0.0,natural_gas_fired_combined_cycle
70,88,0.0,natural_gas_fired_combined_cycle
131,88,0.0,natural_gas_fired_combined_cycle
18,88,0.0,natural_gas_fired_combined_cycle
72,88,0.0,natural_gas_fired_combined_cycle
114,88,0.0,natural_gas_fired_combined_cycle
45,88,0.0,natural_gas_fired_combined_cycle
78,88,0.0,natural_gas_fired_combustion_turbine
75,88,0.0,natural_gas_fired_combustion_turbine
119,88,0.0,natural_gas_fired_combustion_turbine
117,88,0.0,natural_gas_fired_combustion_turbine
134,88,0.0,natural_gas_fired_combustion_turbine
103,88,0.0,natural_gas_fired_combustion_turbine
47,88,0.0,natural_gas_fired_combustion_turbine
8,88,0.0,natural_gas_fired_combustion_turbine
90,88,0.0,natural_gas_fired_combustion_turbine
60,88,0.0,natural_gas_fired_combustion_turbine
46,88,0.0,natural_gas_fired_combustion_turbine
37,88,0.0,natural_gas_fired_combustion_turbine
7,88,0.0,natural_gas_fired_combustion_turbine
133,88,0.0,natural_gas_fired_combustion_turbine
74,88,0.0,natural_gas_fired_combustion_turbine
20,88,0.0,natural_gas_fired_combustion_turbine
135,88,0.0,natural_gas_fired_combustion_turbine
142,88,0.0,natural_gas_fired_combustion_turbine
121,88,0.0,natural_gas_fired_combustion_turbine
91,88,0.0,natural_gas_fired_combustion_turbine
22,88,0.0,natural_gas_steam_turbine
123,88,0.0,natural_gas_steam_turbine
62,88,0.0,natural_gas_steam_turbine
49,88,0.0,natural_gas_steam_turbine
48,88,0.0,natural_gas_steam_turbine
21,88,0.0,natural_gas_steam_turbine
79,88,0.0,nuclear
10,88,208.56738,onshore_wind_turbine
23,88,2867.7726000000002,onshore_wind_turbine
31,88,1604.19091,onshore_wind_turbine
38,88,2900.4633000000003,onshore_wind_turbine
50,88,3482.8218599999996,onshore_wind_turbine
63,88,278.2852803752,onshore_wind_turbine
80,88,3680.1072,onshore_wind_turbine
94,88,19153.9824,onshore_wind_turbine
105,88,2291.877699132,onshore_wind_turbine
124,88,0.0,onshore_wind_turbine
136,88,1225.02366,onshore_wind_turbine
144,88,5112.8355599999995,onshore_wind_turbine
11,88,0.0,small_hydroelectric
24,88,62.577,small_hydroelectric
32,88,192.0,small_hydroelectric
39,88,0.0,small_hydroelectric
51,88,0.0,small_hydroelectric
64,88,0.0,small_hydroelectric
81,88,0.0,small_hydroelectric
95,88,418.922,small_hydroelectric
106,88,31.614,small_hydroelectric
125,88,100.697,small_hydroelectric
137,88,0.0,small_hydroelectric
145,88,33.21,small_hydroelectric
12,88,8757.252,solar_photovoltaic
25,88,2027.4791599999996,solar_photovoltaic
33,88,1202.7736,solar_photovoltaic
52,88,3804.9459,solar_photovoltaic
65,88,14464.0412690704,solar_photovoltaic
82,88,13170.99847,solar_photovoltaic
96,88,656.63017,solar_photovoltaic
107,88,0.0,solar_photovoltaic
126,88,17102.031506627765,solar_photovoltaic
138,88,3060.6568299999994,solar_photovoltaic
26,89,0.0,biomass
13,89,0.0,biomass
108,89,0.0,biomass
40,89,0.0,biomass
97,89,0.0,biomass
1,89,0.0,biomass
66,89,0.0,biomass
2,89,615.2105316000003,conventional_hydroelectric
14,89,144.2258664,conventional_hydroelectric
27,89,786.1193531999972,conventional_hydroelectric
35,89,1642.4322815999994,conventional_hydroelectric
54,89,900.2252061,conventional_hydroelectric
67,89,2283.3111828223655,conventional_hydroelectric
84,89,18004.1304666,conventional_hydroelectric
109,89,347.6538000000023,conventional_hydroelectric
128,89,58.85285999999998,conventional_hydroelectric
139,89,117.98511359999964,conventional_hydroelectric
110,89,0.0,conventional_steam_coal
41,89,0.0,conventional_steam_coal
3,89,0.0,conventional_steam_coal
36,89,0.0,conventional_steam_coal
85,89,0.0,conventional_steam_coal
28,89,0.0,geothermal
116,89,0.0,natural_gas_fired_combined_cycle
73,89,0.0,natural_gas_fired_combined_cycle
71,89,0.0,natural_gas_fired_combined_cycle
44,89,0.0,natural_gas_fired_combined_cycle
115,89,0.0,natural_gas_fired_combined_cycle
70,89,0.0,natural_gas_fired_combined_cycle
131,89,0.0,natural_gas_fired_combined_cycle
18,89,0.0,natural_gas_fired_combined_cycle
72,89,0.0,natural_gas_fired_combined_cycle
114,89,0.0,natural_gas_fired_combined_cycle
45,89,0.0,natural_gas_fired_combined_cycle
78,89,0.0,natural_gas_fired_combustion_turbine
75,89,0.0,natural_gas_fired_combustion_turbine
119,89,0.0,natural_gas_fired_combustion_turbine
117,89,0.0,natural_gas_fired_combustion_turbine
134,89,0.0,natural_gas_fired_combustion_turbine
103,89,0.0,natural_gas_fired_combustion_turbine
47,89,0.0,natural_gas_fired_combustion_turbine
8,89,0.0,natural_gas_fired_combustion_turbine
90,89,0.0,natural_gas_fired_combustion_turbine
60,89,0.0,natural_gas_fired_combustion_turbine
46,89,0.0,natural_gas_fired_combustion_turbine
37,89,0.0,natural_gas_fired_combustion_turbine
7,89,0.0,natural_gas_fired_combustion_turbine
133,89,0.0,natural_gas_fired_combustion_turbine
74,89,0.0,natural_gas_fired_combustion_turbine
20,89,0.0,natural_gas_fired_combustion_turbine
135,89,0.0,natural_gas_fired_combustion_turbine
142,89,0.0,natural_gas_fired_combustion_turbine
121,89,0.0,natural_gas_fired_combustion_turbine
91,89,0.0,natural_gas_fired_combustion_turbine
22,89,0.0,natural_gas_steam_turbine
123,89,0.0,natural_gas_steam_turbine
62,89,0.0,natural_gas_steam_turbine
49,89,0.0,natural_gas_steam_turbine
48,89,0.0,natural_gas_steam_turbine
21,89,0.0,natural_gas_steam_turbine
79,89,0.0,nuclear
10,89,0.0,onshore_wind_turbine
23,89,0.0,onshore_wind_turbine
31,89,0.0,onshore_wind_turbine
38,89,2543.15985,onshore_wind_turbine
50,89,0.0,onshore_wind_turbine
63,89,116.43828027439999,onshore_wind_turbine
80,89,3384.58344,onshore_wind_turbine
94,89,23214.2736,onshore_wind_turbine
105,89,2267.245261344,onshore_wind_turbine
124,89,0.0,onshore_wind_turbine
136,89,679.06965,onshore_wind_turbine
144,89,3741.6266999999993,onshore_wind_turbine
11,89,19.125,small_hydroelectric
24,89,62.577,small_hydroelectric
32,89,0.0,small_hydroelectric
39,89,52.9,small_hydroelectric
51,89,25.641,small_hydroelectric
64,89,6.128,small_hydroelectric
81,89,241.672,small_hydroelectric
95,89,0.0,small_hydroelectric
106,89,0.0,small_hydroelectric
125,89,100.697,small_hydroelectric
137,89,0.0,small_hydroelectric
145,89,33.21,small_hydroelectric
12,89,7264.28178,solar_photovoltaic
25,89,1583.9447399999997,solar_photovoltaic
33,89,1151.89515,solar_photovoltaic
52,89,2952.02978,solar_photovoltaic
65,89,10915.785820147721,solar_photovoltaic
82,89,12257.94451,solar_photovoltaic
96,89,567.29673,solar_photovoltaic
107,89,12179.2311940635,solar_photovoltaic
126,89,26919.865752248,solar_photovoltaic
138,89,0.0,solar_photovoltaic
26,90,0.0,biomass
13,90,0.0,biomass
108,90,0.0,biomass
40,90,0.0,biomass
97,90,0.0,biomass
1,90,0.0,biomass
66,90,0.0,biomass
2,90,844.4986956,conventional_hydroelectric
14,90,105.1823344,conventional_hydroelectric
27,90,903.2399892000001,conventional_hydroelectric
35,90,1644.680136,conventional_hydroelectric
54,90,814.9943240999977,conventional_hydroelectric
67,90,2887.0537638223705,conventional_hydroelectric
84,90,18004.1304666,conventional_hydroelectric
109,90,382.7812104714001,conventional_hydroelectric
128,90,71.45226000000001,conventional_hydroelectric
139,90,137.31548160000006,conventional_hydroelectric
110,90,0.0,conventional_steam_coal
41,90,0.0,conventional_steam_coal
3,90,0.0,conventional_steam_coal
36,90,0.0,conventional_steam_coal
85,90,0.0,conventional_steam_coal
28,90,74.364,geothermal
116,90,0.0,natural_gas_fired_combined_cycle
73,90,0.0,natural_gas_fired_combined_cycle
71,90,0.0,natural_gas_fired_combined_cycle
44,90,0.0,natural_gas_fired_combined_cycle
115,90,0.0,natural_gas_fired_combined_cycle
70,90,0.0,natural_gas_fired_combined_cycle
131,90,0.0,natural_gas_fired_combined_cycle
18,90,0.0,natural_gas_fired_combined_cycle
72,90,0.0,natural_gas_fired_combined_cycle
114,90,0.0,natural_gas_fired_combined_cycle
45,90,0.0,natural_gas_fired_combined_cycle
78,90,0.0,natural_gas_fired_combustion_turbine
75,90,0.0,natural_gas_fired_combustion_turbine
119,90,0.0,natural_gas_fired_combustion_turbine
117,90,0.0,natural_gas_fired_combustion_turbine
134,90,0.0,natural_gas_fired_combustion_turbine
103,90,0.0,natural_gas_fired_combustion_turbine
47,90,0.0,natural_gas_fired_combustion_turbine
8,90,0.0,natural_gas_fired_combustion_turbine
90,90,0.0,natural_gas_fired_combustion_turbine
60,90,0.0,natural_gas_fired_combustion_turbine
46,90,0.0,natural_gas_fired_combustion_turbine
37,90,0.0,natural_gas_fired_combustion_turbine
7,90,0.0,natural_gas_fired_combustion_turbine
133,90,0.0,natural_gas_fired_combustion_turbine
74,90,0.0,natural_gas_fired_combustion_turbine
20,90,0.0,natural_gas_fired_combustion_turbine
135,90,0.0,natural_gas_fired_combustion_turbine
142,90,0.0,natural_gas_fired_combustion_turbine
121,90,0.0,natural_gas_fired_combustion_turbine
91,90,0.0,natural_gas_fired_combustion_turbine
22,90,0.0,natural_gas_steam_turbine
123,90,0.0,natural_gas_steam_turbine
62,90,0.0,natural_gas_steam_turbine
49,90,0.0,natural_gas_steam_turbine
48,90,0.0,natural_gas_steam_turbine
21,90,0.0,natural_gas_steam_turbine
79,90,0.0,nuclear
10,90,493.32129,onshore_wind_turbine
23,90,3626.1764,onshore_wind_turbine
31,90,733.81938,onshore_wind_turbine
38,90,2676.6516,onshore_wind_turbine
50,90,3712.4808,onshore_wind_turbine
63,90,392.11032006159996,onshore_wind_turbine
80,90,4444.937559999999,onshore_wind_turbine
94,90,12552.3314,onshore_wind_turbine
105,90,2289.619779426,onshore_wind_turbine
124,90,11322.923417082202,onshore_wind_turbine
136,90,840.06762,onshore_wind_turbine
144,90,3899.5103699999995,onshore_wind_turbine
11,90,19.125,small_hydroelectric
24,90,0.0,small_hydroelectric
32,90,192.0,small_hydroelectric
39,90,52.9,small_hydroelectric
51,90,25.641,small_hydroelectric
64,90,0.0,small_hydroelectric
81,90,241.672,small_hydroelectric
95,90,418.922,small_hydroelectric
106,90,31.614,small_hydroelectric
125,90,100.697,small_hydroelectric
137,90,36.822,small_hydroelectric
145,90,33.21,small_hydroelectric
12,90,4881.46176,solar_photovoltaic
25,90,963.66914,solar_photovoltaic
33,90,994.50645,solar_photovoltaic
52,90,1718.27348,solar_photovoltaic
65,90,8381.3425451707,solar_photovoltaic
82,90,10008.4761,solar_photovoltaic
96,90,393.03775,solar_photovoltaic
107,90,8805.8417888035,solar_photovoltaic
126,90,2962.225417662221,solar_photovoltaic
138,90,1272.57207,solar_photovoltaic
26,91,11.235,biomass
13,91,15.682,biomass
108,91,137.081,biomass
40,91,5.952,biomass
97,91,178.173,biomass
1,91,16.294,biomass
66,91,228.79499999999996,biomass
2,91,844.4986956,conventional_hydroelectric
14,91,144.178826,conventional_hydroelectric
27,91,903.3810984,conventional_hydroelectric
35,91,1645.4294208000001,conventional_hydroelectric
54,91,901.2646071,conventional_hydroelectric
67,91,2886.0115877434528,conventional_hydroelectric
84,91,18004.1304666,conventional_hydroelectric
109,91,382.7812104714001,conventional_hydroelectric
128,91,71.48262,conventional_hydroelectric
139,91,156.6458496,conventional_hydroelectric
110,91,28.5,conventional_steam_coal
41,91,0.0,conventional_steam_coal
3,91,0.0,conventional_steam_coal
36,91,0.0,conventional_steam_coal
85,91,0.0,conventional_steam_coal
28,91,74.364,geothermal
116,91,0.0,natural_gas_fired_combined_cycle
73,91,0.0,natural_gas_fired_combined_cycle
71,91,0.0,natural_gas_fired_combined_cycle
44,91,0.0,natural_gas_fired_combined_cycle
115,91,0.0,natural_gas_fired_combined_cycle
70,91,0.0,natural_gas_fired_combined_cycle
131,91,0.0,natural_gas_fired_combined_cycle
18,91,0.0,natural_gas_fired_combined_cycle
72,91,0.0,natural_gas_fired_combined_cycle
114,91,0.0,natural_gas_fired_combined_cycle
45,91,0.0,natural_gas_fired_combined_cycle
78,91,0.0,natural_gas_fired_combustion_turbine
75,91,0.0,natural_gas_fired_combustion_turbine
119,91,0.0,natural_gas_fired_combustion_turbine
117,91,0.0,natural_gas_fired_combustion_turbine
134,91,0.0,natural_gas_fired_combustion_turbine
103,91,0.0,natural_gas_fired_combustion_turbine
47,91,0.0,natural_gas_fired_combustion_turbine
8,91,0.0,natural_gas_fired_combustion_turbine
90,91,0.0,natural_gas_fired_combustion_turbine
60,91,0.0,natural_gas_fired_combustion_turbine
46,91,0.0,natural_gas_fired_combustion_turbine
37,91,0.0,natural_gas_fired_combustion_turbine
7,91,0.0,natural_gas_fired_combustion_turbine
133,91,0.0,natural_gas_fired_combustion_turbine
74,91,0.0,natural_gas_fired_combustion_turbine
20,91,0.0,natural_gas_fired_combustion_turbine
135,91,0.0,natural_gas_fired_combustion_turbine
142,91,0.0,natural_gas_fired_combustion_turbine
121,91,0.0,natural_gas_fired_combustion_turbine
91,91,0.0,natural_gas_fired_combustion_turbine
22,91,0.0,natural_gas_steam_turbine
123,91,0.0,natural_gas_steam_turbine
62,91,0.0,natural_gas_steam_turbine
49,91,0.0,natural_gas_steam_turbine
48,91,0.0,natural_gas_steam_turbine
21,91,0.0,natural_gas_steam_turbine
79,91,1851.4997499999954,nuclear
10,91,654.15952,onshore_wind_turbine
23,91,5038.633599999999,onshore_wind_turbine
31,91,1019.9851900000001,onshore_wind_turbine
38,91,1724.5998,onshore_wind_turbine
50,91,3398.13936,onshore_wind_turbine
63,91,361.88851972559996,onshore_wind_turbine
80,91,3748.8768799999993,onshore_wind_turbine
94,91,14420.6538,onshore_wind_turbine
105,91,2172.887221281,onshore_wind_turbine
124,91,7834.226387988001,onshore_wind_turbine
136,91,877.8436800000002,onshore_wind_turbine
144,91,3877.8824699999996,onshore_wind_turbine
11,91,19.125,small_hydroelectric
24,91,62.577,small_hydroelectric
32,91,192.0,small_hydroelectric
39,91,52.9,small_hydroelectric
51,91,25.641,small_hydroelectric
64,91,6.128,small_hydroelectric
81,91,241.672,small_hydroelectric
95,91,418.922,small_hydroelectric
106,91,31.614,small_hydroelectric
125,91,100.697,small_hydroelectric
137,91,36.822,small_hydroelectric
145,91,33.21,small_hydroelectric
12,91,2442.14334,solar_photovoltaic
25,91,93.04133999999998,solar_photovoltaic
33,91,640.1178,solar_photovoltaic
52,91,41.470800000000004,solar_photovoltaic
65,91,4986.445457476,solar_photovoltaic
82,91,6678.17031,solar_photovoltaic
96,91,295.18237,solar_photovoltaic
107,91,5136.2106597619995,solar_photovoltaic
126,91,13402.184101162498,solar_photovoltaic
138,91,428.7567899999999,solar_photovoltaic
26,92,11.235,biomass
13,92,15.682,biomass
108,92,137.081,biomass
40,92,5.952,biomass
97,92,178.173,biomass
1,92,16.294,biomass
66,92,228.795,biomass
2,92,844.7749464,conventional_hydroelectric
14,92,144.1317856,conventional_hydroelectric
27,92,903.3810984,conventional_hydroelectric
35,92,1646.1787056,conventional_hydroelectric
54,92,901.7843076000001,conventional_hydroelectric
67,92,2885.644344952044,conventional_hydroelectric
84,92,18001.2251688,conventional_hydroelectric
109,92,382.7204632056,conventional_hydroelectric
128,92,71.4978,conventional_hydroelectric
139,92,156.6924288,conventional_hydroelectric
110,92,50.0,conventional_steam_coal
41,92,949.0724009624537,conventional_steam_coal
3,92,0.0,conventional_steam_coal
36,92,0.0,conventional_steam_coal
85,92,0.0,conventional_steam_coal
28,92,74.364,geothermal
116,92,0.0,natural_gas_fired_combined_cycle
73,92,0.0,natural_gas_fired_combined_cycle
71,92,0.0,natural_gas_fired_combined_cycle
44,92,0.0,natural_gas_fired_combined_cycle
115,92,0.0,natural_gas_fired_combined_cycle
70,92,0.0,natural_gas_fired_combined_cycle
131,92,0.0,natural_gas_fired_combined_cycle
18,92,0.0,natural_gas_fired_combined_cycle
72,92,0.0,natural_gas_fired_combined_cycle
114,92,0.0,natural_gas_fired_combined_cycle
45,92,0.0,natural_gas_fired_combined_cycle
78,92,0.0,natural_gas_fired_combustion_turbine
75,92,0.0,natural_gas_fired_combustion_turbine
119,92,0.0,natural_gas_fired_combustion_turbine
117,92,0.0,natural_gas_fired_combustion_turbine
134,92,0.0,natural_gas_fired_combustion_turbine
103,92,0.0,natural_gas_fired_combustion_turbine
47,92,0.0,natural_gas_fired_combustion_turbine
8,92,0.0,natural_gas_fired_combustion_turbine
90,92,0.0,natural_gas_fired_combustion_turbine
60,92,0.0,natural_gas_fired_combustion_turbine
46,92,0.0,natural_gas_fired_combustion_turbine
37,92,0.0,natural_gas_fired_combustion_turbine
7,92,0.0,natural_gas_fired_combustion_turbine
133,92,0.0,natural_gas_fired_combustion_turbine
74,92,0.0,natural_gas_fired_combustion_turbine
20,92,0.0,natural_gas_fired_combustion_turbine
135,92,0.0,natural_gas_fired_combustion_turbine
142,92,0.0,natural_gas_fired_combustion_turbine
121,92,0.0,natural_gas_fired_combustion_turbine
91,92,0.0,natural_gas_fired_combustion_turbine
22,92,0.0,natural_gas_steam_turbine
123,92,0.0,natural_gas_steam_turbine
62,92,0.0,natural_gas_steam_turbine
49,92,0.0,natural_gas_steam_turbine
48,92,0.0,natural_gas_steam_turbine
21,92,0.0,natural_gas_steam_turbine
79,92,3702.9994999999963,nuclear
10,92,880.1975700000002,onshore_wind_turbine
23,92,3210.6382000000003,onshore_wind_turbine
31,92,1288.33985,onshore_wind_turbine
38,92,1518.3976499999999,onshore_wind_turbine
50,92,2990.30844,onshore_wind_turbine
63,92,193.3537201064,onshore_wind_turbine
80,92,4165.21224,onshore_wind_turbine
94,92,22162.4228,onshore_wind_turbine
105,92,2183.8033004549998,onshore_wind_turbine
124,92,8279.580063323801,onshore_wind_turbine
136,92,1151.2704,onshore_wind_turbine
144,92,4096.324259999999,onshore_wind_turbine
11,92,19.125,small_hydroelectric
24,92,62.577,small_hydroelectric
32,92,192.0,small_hydroelectric
39,92,52.9,small_hydroelectric
51,92,25.641,small_hydroelectric
64,92,6.128,small_hydroelectric
81,92,241.672,small_hydroelectric
95,92,418.922,small_hydroelectric
106,92,31.614,small_hydroelectric
125,92,100.697,small_hydroelectric
137,92,36.822,small_hydroelectric
145,92,33.21,small_hydroelectric
12,92,0.0,solar_photovoltaic
25,92,0.0,solar_photovoltaic
33,92,5.9857,solar_photovoltaic
52,92,0.0,solar_photovoltaic
65,92,80.47661048420001,solar_photovoltaic
82,92,2036.8126800000002,solar_photovoltaic
96,92,72.58342,solar_photovoltaic
107,92,0.0,solar_photovoltaic
126,92,1102.8561453105,solar_photovoltaic
138,92,0.0,solar_photovoltaic
26,93,11.235,biomass
13,93,15.682,biomass
108,93,137.081,biomass
40,93,5.952,biomass
97,93,178.173,biomass
1,93,16.294,biomass
66,93,228.79499999999996,biomass
2,93,844.7749464,conventional_hydroelectric
14,93,144.08474520000001,conventional_hydroelectric
27,93,903.3810984,conventional_hydroelectric
35,93,1646.9279904,conventional_hydroelectric
54,93,902.3040081,conventional_hydroelectric
67,93,2884.602161599119,conventional_hydroelectric
84,93,18001.2251688,conventional_hydroelectric
109,93,382.6597145436,conventional_hydroelectric
128,93,71.52816,conventional_hydroelectric
139,93,156.739008,conventional_hydroelectric
110,93,28.499999999999996,conventional_steam_coal
41,93,0.0,conventional_steam_coal
3,93,0.0,conventional_steam_coal
36,93,0.0,conventional_steam_coal
85,93,0.0,conventional_steam_coal
28,93,74.364,geothermal
116,93,0.0,natural_gas_fired_combined_cycle
73,93,0.0,natural_gas_fired_combined_cycle
71,93,0.0,natural_gas_fired_combined_cycle
44,93,0.0,natural_gas_fired_combined_cycle
115,93,0.0,natural_gas_fired_combined_cycle
70,93,0.0,natural_gas_fired_combined_cycle
131,93,0.0,natural_gas_fired_combined_cycle
18,93,0.0,natural_gas_fired_combined_cycle
72,93,0.0,natural_gas_fired_combined_cycle
114,93,0.0,natural_gas_fired_combined_cycle
45,93,0.0,natural_gas_fired_combined_cycle
78,93,0.0,natural_gas_fired_combustion_turbine
75,93,0.0,natural_gas_fired_combustion_turbine
119,93,0.0,natural_gas_fired_combustion_turbine
117,93,0.0,natural_gas_fired_combustion_turbine
134,93,0.0,natural_gas_fired_combustion_turbine
103,93,0.0,natural_gas_fired_combustion_turbine
47,93,0.0,natural_gas_fired_combustion_turbine
8,93,0.0,natural_gas_fired_combustion_turbine
90,93,0.0,natural_gas_fired_combustion_turbine
60,93,0.0,natural_gas_fired_combustion_turbine
46,93,0.0,natural_gas_fired_combustion_turbine
37,93,0.0,natural_gas_fired_combustion_turbine
7,93,0.0,natural_gas_fired_combustion_turbine
133,93,0.0,natural_gas_fired_combustion_turbine
74,93,0.0,natural_gas_fired_combustion_turbine
20,93,0.0,natural_gas_fired_combustion_turbine
135,93,0.0,natural_gas_fired_combustion_turbine
142,93,0.0,natural_gas_fired_combustion_turbine
121,93,0.0,natural_gas_fired_combustion_turbine
91,93,0.0,natural_gas_fired_combustion_turbine
22,93,0.0,natural_gas_steam_turbine
123,93,0.0,natural_gas_steam_turbine
62,93,0.0,natural_gas_steam_turbine
49,93,0.0,natural_gas_steam_turbine
48,93,0.0,natural_gas_steam_turbine
21,93,0.0,natural_gas_steam_turbine
79,93,1851.4997499999945,nuclear
10,93,1070.3937300000002,onshore_wind_turbine
23,93,2817.4608,onshore_wind_turbine
31,93,3429.24008,onshore_wind_turbine
38,93,1351.39095,onshore_wind_turbine
50,93,2982.8563799999997,onshore_wind_turbine
63,93,404.5526797704,onshore_wind_turbine
80,93,6515.462519999999,onshore_wind_turbine
94,93,22000.599599999998,onshore_wind_turbine
105,93,2443.345518642,onshore_wind_turbine
124,93,14473.639804962802,onshore_wind_turbine
136,93,1797.0611400000003,onshore_wind_turbine
144,93,4126.603319999999,onshore_wind_turbine
11,93,19.125,small_hydroelectric
24,93,62.577,small_hydroelectric
32,93,192.0,small_hydroelectric
39,93,52.9,small_hydroelectric
51,93,25.641,small_hydroelectric
64,93,6.128,small_hydroelectric
81,93,241.672,small_hydroelectric
95,93,418.922,small_hydroelectric
106,93,31.614,small_hydroelectric
125,93,100.697,small_hydroelectric
137,93,36.822,small_hydroelectric
145,93,33.21,small_hydroelectric
12,93,0.0,solar_photovoltaic
25,93,0.0,solar_photovoltaic
33,93,0.0,solar_photovoltaic
52,93,0.0,solar_photovoltaic
65,93,0.0,solar_photovoltaic
82,93,0.0,solar_photovoltaic
96,93,0.0,solar_photovoltaic
107,93,0.0,solar_photovoltaic
126,93,0.0,solar_photovoltaic
138,93,0.0,solar_photovoltaic
26,94,0.0,biomass
13,94,0.0,biomass
108,94,0.0,biomass
40,94,0.0,biomass
97,94,0.0,biomass
1,94,0.0,biomass
66,94,0.0,biomass
2,94,844.7749464,conventional_hydroelectric
14,94,144.0377048,conventional_hydroelectric
27,94,903.3810984,conventional_hydroelectric
35,94,1647.4275135999999,conventional_hydroelectric
54,94,902.8237086000001,conventional_hydroelectric
67,94,2883.5075181077095,conventional_hydroelectric
84,94,18001.2251688,conventional_hydroelectric
109,94,382.5989672778,conventional_hydroelectric
128,94,71.54334,conventional_hydroelectric
139,94,156.7855872,conventional_hydroelectric
110,94,0.0,conventional_steam_coal
41,94,0.0,conventional_steam_coal
3,94,0.0,conventional_steam_coal
36,94,0.0,conventional_steam_coal
85,94,0.0,conventional_steam_coal
28,94,74.364,geothermal
116,94,0.0,natural_gas_fired_combined_cycle
73,94,0.0,natural_gas_fired_combined_cycle
71,94,0.0,natural_gas_fired_combined_cycle
44,94,0.0,natural_gas_fired_combined_cycle
115,94,0.0,natural_gas_fired_combined_cycle
70,94,0.0,natural_gas_fired_combined_cycle
131,94,0.0,natural_gas_fired_combined_cycle
18,94,0.0,natural_gas_fired_combined_cycle
72,94,0.0,natural_gas_fired_combined_cycle
114,94,0.0,natural_gas_fired_combined_cycle
45,94,0.0,natural_gas_fired_combined_cycle
78,94,0.0,natural_gas_fired_combustion_turbine
75,94,0.0,natural_gas_fired_combustion_turbine
119,94,0.0,natural_gas_fired_combustion_turbine
117,94,0.0,natural_gas_fired_combustion_turbine
134,94,0.0,natural_gas_fired_combustion_turbine
103,94,0.0,natural_gas_fired_combustion_turbine
47,94,0.0,natural_gas_fired_combustion_turbine
8,94,0.0,natural_gas_fired_combustion_turbine
90,94,0.0,natural_gas_fired_combustion_turbine
60,94,0.0,natural_gas_fired_combustion_turbine
46,94,0.0,natural_gas_fired_combustion_turbine
37,94,0.0,natural_gas_fired_combustion_turbine
7,94,0.0,natural_gas_fired_combustion_turbine
133,94,0.0,natural_gas_fired_combustion_turbine
74,94,0.0,natural_gas_fired_combustion_turbine
20,94,0.0,natural_gas_fired_combustion_turbine
135,94,0.0,natural_gas_fired_combustion_turbine
142,94,0.0,natural_gas_fired_combustion_turbine
121,94,0.0,natural_gas_fired_combustion_turbine
91,94,0.0,natural_gas_fired_combustion_turbine
22,94,0.0,natural_gas_steam_turbine
123,94,0.0,natural_gas_steam_turbine
62,94,0.0,natural_gas_steam_turbine
49,94,0.0,natural_gas_steam_turbine
48,94,0.0,natural_gas_steam_turbine
21,94,0.0,natural_gas_steam_turbine
79,94,0.0,nuclear
10,94,925.4051800000001,onshore_wind_turbine
23,94,3158.463,onshore_wind_turbine
31,94,3355.6206600000005,onshore_wind_turbine
38,94,1170.75105,onshore_wind_turbine
50,94,3501.11328,onshore_wind_turbine
63,94,295.8614402856,onshore_wind_turbine
80,94,5431.8754,onshore_wind_turbine
94,94,16244.8426,onshore_wind_turbine
105,94,2552.1858592020003,onshore_wind_turbine
124,94,20396.305099816804,onshore_wind_turbine
136,94,1277.1906000000001,onshore_wind_turbine
144,94,3787.0452899999996,onshore_wind_turbine
11,94,19.125,small_hydroelectric
24,94,62.577,small_hydroelectric
32,94,192.0,small_hydroelectric
39,94,52.9,small_hydroelectric
51,94,25.641,small_hydroelectric
64,94,6.128,small_hydroelectric
81,94,241.672,small_hydroelectric
95,94,418.922,small_hydroelectric
106,94,31.614,small_hydroelectric
125,94,100.697,small_hydroelectric
137,94,36.822,small_hydroelectric
145,94,33.21,small_hydroelectric
12,94,0.0,solar_photovoltaic
25,94,0.0,solar_photovoltaic
33,94,0.0,solar_photovoltaic
52,94,0.0,solar_photovoltaic
65,94,0.0,solar_photovoltaic
82,94,0.0,solar_photovoltaic
96,94,0.0,solar_photovoltaic
107,94,0.0,solar_photovoltaic
126,94,0.0,solar_photovoltaic
138,94,0.0,solar_photovoltaic
26,95,11.235,biomass
13,95,15.682,biomass
108,95,137.081,biomass
40,95,5.9519999999999955,biomass
97,95,178.173,biomass
1,95,16.294,biomass
66,95,228.795,biomass
2,95,844.7749464,conventional_hydroelectric
14,95,144.0377048,conventional_hydroelectric
27,95,903.3810984,conventional_hydroelectric
35,95,1648.1767984,conventional_hydroelectric
54,95,903.3434091,conventional_hydroelectric
67,95,2883.140282590308,conventional_hydroelectric
84,95,17998.319871,conventional_hydroelectric
109,95,382.4593472778,conventional_hydroelectric
128,95,71.55852,conventional_hydroelectric
139,95,156.83216639999998,conventional_hydroelectric
110,95,28.499999999999996,conventional_steam_coal
41,95,0.0,conventional_steam_coal
3,95,0.0,conventional_steam_coal
36,95,0.0,conventional_steam_coal
85,95,0.0,conventional_steam_coal
28,95,74.364,geothermal
116,95,0.0,natural_gas_fired_combined_cycle
73,95,0.0,natural_gas_fired_combined_cycle
71,95,0.0,natural_gas_fired_combined_cycle
44,95,0.0,natural_gas_fired_combined_cycle
115,95,0.0,natural_gas_fired_combined_cycle
70,95,0.0,natural_gas_fired_combined_cycle
131,95,0.0,natural_gas_fired_combined_cycle
18,95,0.0,natural_gas_fired_combined_cycle
72,95,0.0,natural_gas_fired_combined_cycle
114,95,0.0,natural_gas_fired_combined_cycle
45,95,0.0,natural_gas_fired_combined_cycle
78,95,0.0,natural_gas_fired_combustion_turbine
75,95,0.0,natural_gas_fired_combustion_turbine
119,95,0.0,natural_gas_fired_combustion_turbine
117,95,0.0,natural_gas_fired_combustion_turbine
134,95,0.0,natural_gas_fired_combustion_turbine
103,95,0.0,natural_gas_fired_combustion_turbine
47,95,0.0,natural_gas_fired_combustion_turbine
8,95,0.0,natural_gas_fired_combustion_turbine
90,95,0.0,natural_gas_fired_combustion_turbine
60,95,0.0,natural_gas_fired_combustion_turbine
46,95,0.0,natural_gas_fired_combustion_turbine
37,95,0.0,natural_gas_fired_combustion_turbine
7,95,0.0,natural_gas_fired_combustion_turbine
133,95,0.0,natural_gas_fired_combustion_turbine
74,95,0.0,natural_gas_fired_combustion_turbine
20,95,0.0,natural_gas_fired_combustion_turbine
135,95,0.0,natural_gas_fired_combustion_turbine
142,95,0.0,natural_gas_fired_combustion_turbine
121,95,0.0,natural_gas_fired_combustion_turbine
91,95,0.0,natural_gas_fired_combustion_turbine
22,95,0.0,natural_gas_steam_turbine
123,95,0.0,natural_gas_steam_turbine
62,95,0.0,natural_gas_steam_turbine
49,95,0.0,natural_gas_steam_turbine
48,95,0.0,natural_gas_steam_turbine
21,95,0.0,natural_gas_steam_turbine
79,95,1851.49975,nuclear
10,95,896.9478,onshore_wind_turbine
23,95,2884.5432,onshore_wind_turbine
31,95,5008.49538,onshore_wind_turbine
38,95,910.0161,onshore_wind_turbine
50,95,2317.59066,onshore_wind_turbine
63,95,81.8593999496,onshore_wind_turbine
80,95,5342.660679999999,onshore_wind_turbine
94,95,12636.9208,onshore_wind_turbine
105,95,2604.762718425,onshore_wind_turbine
124,95,22850.932377303805,onshore_wind_turbine
136,95,1476.8640600000003,onshore_wind_turbine
144,95,2848.39443,onshore_wind_turbine
11,95,19.125,small_hydroelectric
24,95,62.577,small_hydroelectric
32,95,192.0,small_hydroelectric
39,95,52.9,small_hydroelectric
51,95,25.641,small_hydroelectric
64,95,6.128,small_hydroelectric
81,95,241.672,small_hydroelectric
95,95,418.922,small_hydroelectric
106,95,31.614,small_hydroelectric
125,95,100.697,small_hydroelectric
137,95,36.822,small_hydroelectric
145,95,33.21,small_hydroelectric
12,95,0.0,solar_photovoltaic
25,95,0.0,solar_photovoltaic
33,95,0.0,solar_photovoltaic
52,95,0.0,solar_photovoltaic
65,95,0.0,solar_photovoltaic
82,95,0.0,solar_photovoltaic
96,95,0.0,solar_photovoltaic
107,95,0.0,solar_photovoltaic
126,95,0.0,solar_photovoltaic
138,95,0.0,solar_photovoltaic
26,96,0.0,biomass
13,96,0.0,biomass
108,96,0.0,biomass
40,96,0.0,biomass
97,96,0.0,biomass
1,96,0.0,biomass
66,96,0.0,biomass
2,96,615.4867824000004,conventional_hydroelectric
14,96,143.9906644,conventional_hydroelectric
27,96,903.5222076,conventional_hydroelectric
35,96,1648.9260832,conventional_hydroelectric
54,96,903.8631096000001,conventional_hydroelectric
67,96,2362.3519309903895,conventional_hydroelectric
84,96,17998.319871,conventional_hydroelectric
109,96,382.3985986158,conventional_hydroelectric
128,96,71.58888,conventional_hydroelectric
139,96,137.50179840000004,conventional_hydroelectric
110,96,0.0,conventional_steam_coal
41,96,0.0,conventional_steam_coal
3,96,0.0,conventional_steam_coal
36,96,0.0,conventional_steam_coal
85,96,0.0,conventional_steam_coal
28,96,74.364,geothermal
116,96,0.0,natural_gas_fired_combined_cycle
73,96,0.0,natural_gas_fired_combined_cycle
71,96,0.0,natural_gas_fired_combined_cycle
44,96,0.0,natural_gas_fired_combined_cycle
115,96,0.0,natural_gas_fired_combined_cycle
70,96,0.0,natural_gas_fired_combined_cycle
131,96,0.0,natural_gas_fired_combined_cycle
18,96,0.0,natural_gas_fired_combined_cycle
72,96,0.0,natural_gas_fired_combined_cycle
114,96,0.0,natural_gas_fired_combined_cycle
45,96,0.0,natural_gas_fired_combined_cycle
78,96,0.0,natural_gas_fired_combustion_turbine
75,96,0.0,natural_gas_fired_combustion_turbine
119,96,0.0,natural_gas_fired_combustion_turbine
117,96,0.0,natural_gas_fired_combustion_turbine
134,96,0.0,natural_gas_fired_combustion_turbine
103,96,0.0,natural_gas_fired_combustion_turbine
47,96,0.0,natural_gas_fired_combustion_turbine
8,96,0.0,natural_gas_fired_combustion_turbine
90,96,0.0,natural_gas_fired_combustion_turbine
60,96,0.0,natural_gas_fired_combustion_turbine
46,96,0.0,natural_gas_fired_combustion_turbine
37,96,0.0,natural_gas_fired_combustion_turbine
7,96,0.0,natural_gas_fired_combustion_turbine
133,96,0.0,natural_gas_fired_combustion_turbine
74,96,0.0,natural_gas_fired_combustion_turbine
20,96,0.0,natural_gas_fired_combustion_turbine
135,96,0.0,natural_gas_fired_combustion_turbine
142,96,0.0,natural_gas_fired_combustion_turbine
121,96,0.0,natural_gas_fired_combustion_turbine
91,96,0.0,natural_gas_fired_combustion_turbine
22,96,0.0,natural_gas_steam_turbine
123,96,0.0,natural_gas_steam_turbine
62,96,0.0,natural_gas_steam_turbine
49,96,0.0,natural_gas_steam_turbine
48,96,0.0,natural_gas_steam_turbine
21,96,0.0,natural_gas_steam_turbine
79,96,0.0,nuclear
10,96,834.8098500000001,onshore_wind_turbine
23,96,5241.7442,onshore_wind_turbine
31,96,6064.102870000001,onshore_wind_turbine
38,96,1103.72115,onshore_wind_turbine
50,96,2633.9644799999996,onshore_wind_turbine
63,96,49.784000364,onshore_wind_turbine
80,96,5937.42548,onshore_wind_turbine
94,96,11180.512,onshore_wind_turbine
105,96,2561.518818936,onshore_wind_turbine
124,96,22769.3064844938,onshore_wind_turbine
136,96,1294.27977,onshore_wind_turbine
144,96,0.0,onshore_wind_turbine
11,96,0.0,small_hydroelectric
24,96,0.0,small_hydroelectric
32,96,192.0,small_hydroelectric
39,96,52.9,small_hydroelectric
51,96,25.641,small_hydroelectric
64,96,6.128,small_hydroelectric
81,96,241.672,small_hydroelectric
95,96,418.922,small_hydroelectric
106,96,31.614,small_hydroelectric
125,96,100.697,small_hydroelectric
137,96,36.822,small_hydroelectric
145,96,33.21,small_hydroelectric
12,96,0.0,solar_photovoltaic
25,96,0.0,solar_photovoltaic
33,96,0.0,solar_photovoltaic
52,96,0.0,solar_photovoltaic
65,96,0.0,solar_photovoltaic
82,96,0.0,solar_photovoltaic
96,96,0.0,solar_photovoltaic
107,96,0.0,solar_photovoltaic
126,96,0.0,solar_photovoltaic
138,96,0.0,solar_photovoltaic
