r_id,hour,gen,resource
26,1,11.235,biomass
13,1,15.682,biomass
108,1,137.081,biomass
40,1,5.952,biomass
97,1,178.173,biomass
1,1,16.294,biomass
66,1,228.795,biomass
2,1,862.4549975999998,conventional_hydroelectric
14,1,128.7025344,conventional_hydroelectric
27,1,857.6617176000001,conventional_hydroelectric
35,1,833.4544592,conventional_hydroelectric
54,1,666.0481608000001,conventional_hydroelectric
67,1,1425.5510466674878,conventional_hydroelectric
84,1,15377.7412554,conventional_hydroelectric
109,1,107.76396152340001,conventional_hydroelectric
128,1,52.32546000000001,conventional_hydroelectric
139,1,47.5340736,conventional_hydroelectric
110,1,50.0,conventional_steam_coal
41,1,7219.002,conventional_steam_coal
3,1,2237.3508470141182,conventional_steam_coal
36,1,0.0,conventional_steam_coal
85,1,0.0,conventional_steam_coal
28,1,74.364,geothermal
116,1,0.0,natural_gas_fired_combined_cycle
73,1,0.0,natural_gas_fired_combined_cycle
71,1,0.0,natural_gas_fired_combined_cycle
44,1,0.0,natural_gas_fired_combined_cycle
115,1,0.0,natural_gas_fired_combined_cycle
70,1,0.0,natural_gas_fired_combined_cycle
131,1,0.0,natural_gas_fired_combined_cycle
18,1,0.0,natural_gas_fired_combined_cycle
72,1,0.0,natural_gas_fired_combined_cycle
114,1,0.0,natural_gas_fired_combined_cycle
45,1,0.0,natural_gas_fired_combined_cycle
78,1,0.0,natural_gas_fired_combustion_turbine
75,1,0.0,natural_gas_fired_combustion_turbine
119,1,0.0,natural_gas_fired_combustion_turbine
117,1,0.0,natural_gas_fired_combustion_turbine
134,1,0.0,natural_gas_fired_combustion_turbine
103,1,0.0,natural_gas_fired_combustion_turbine
47,1,0.0,natural_gas_fired_combustion_turbine
8,1,0.0,natural_gas_fired_combustion_turbine
90,1,0.0,natural_gas_fired_combustion_turbine
60,1,0.0,natural_gas_fired_combustion_turbine
46,1,0.0,natural_gas_fired_combustion_turbine
37,1,0.0,natural_gas_fired_combustion_turbine
7,1,0.0,natural_gas_fired_combustion_turbine
133,1,0.0,natural_gas_fired_combustion_turbine
74,1,0.0,natural_gas_fired_combustion_turbine
20,1,0.0,natural_gas_fired_combustion_turbine
135,1,0.0,natural_gas_fired_combustion_turbine
142,1,0.0,natural_gas_fired_combustion_turbine
121,1,0.0,natural_gas_fired_combustion_turbine
91,1,0.0,natural_gas_fired_combustion_turbine
22,1,0.0,natural_gas_steam_turbine
123,1,0.0,natural_gas_steam_turbine
62,1,0.0,natural_gas_steam_turbine
49,1,0.0,natural_gas_steam_turbine
48,1,0.0,natural_gas_steam_turbine
21,1,0.0,natural_gas_steam_turbine
79,1,7405.999,nuclear
10,1,120.95673000000002,onshore_wind_turbine
23,1,4983.264,onshore_wind_turbine
31,1,3441.6230699999996,onshore_wind_turbine
38,1,1224.31005,onshore_wind_turbine
50,1,486.60983999999996,onshore_wind_turbine
63,1,111.9029998392,onshore_wind_turbine
80,1,1041.90048,onshore_wind_turbine
94,1,4894.101,onshore_wind_turbine
105,1,456.272700408,onshore_wind_turbine
124,1,9755.7435959478,onshore_wind_turbine
136,1,371.97855000000004,onshore_wind_turbine
144,1,4857.935309999999,onshore_wind_turbine
11,1,19.125,small_hydroelectric
24,1,62.577,small_hydroelectric
32,1,192.0,small_hydroelectric
39,1,52.9,small_hydroelectric
51,1,25.641,small_hydroelectric
64,1,6.128,small_hydroelectric
81,1,241.672,small_hydroelectric
95,1,418.922,small_hydroelectric
106,1,31.614,small_hydroelectric
125,1,100.697,small_hydroelectric
137,1,36.822,small_hydroelectric
145,1,33.21,small_hydroelectric
12,1,0.0,solar_photovoltaic
25,1,0.0,solar_photovoltaic
33,1,0.0,solar_photovoltaic
52,1,0.0,solar_photovoltaic
65,1,0.0,solar_photovoltaic
82,1,0.0,solar_photovoltaic
96,1,0.0,solar_photovoltaic
107,1,0.0,solar_photovoltaic
126,1,0.0,solar_photovoltaic
138,1,0.0,solar_photovoltaic
26,2,11.235,biomass
13,2,15.682,biomass
108,2,137.081,biomass
40,2,5.952,biomass
97,2,178.173,biomass
1,2,16.294,biomass
66,2,228.795,biomass
2,2,862.4549975999998,conventional_hydroelectric
14,2,128.7025344,conventional_hydroelectric
27,2,857.6617176000001,conventional_hydroelectric
35,2,833.4544592,conventional_hydroelectric
54,2,666.0481608000001,conventional_hydroelectric
67,2,1425.5510466674878,conventional_hydroelectric
84,2,15377.7412554,conventional_hydroelectric
109,2,107.76396152340001,conventional_hydroelectric
128,2,52.32546000000001,conventional_hydroelectric
139,2,47.5340736,conventional_hydroelectric
110,2,50.0,conventional_steam_coal
41,2,4554.360769201314,conventional_steam_coal
3,2,0.0,conventional_steam_coal
36,2,0.0,conventional_steam_coal
85,2,0.0,conventional_steam_coal
28,2,74.364,geothermal
116,2,0.0,natural_gas_fired_combined_cycle
73,2,0.0,natural_gas_fired_combined_cycle
71,2,0.0,natural_gas_fired_combined_cycle
44,2,0.0,natural_gas_fired_combined_cycle
115,2,0.0,natural_gas_fired_combined_cycle
70,2,0.0,natural_gas_fired_combined_cycle
131,2,0.0,natural_gas_fired_combined_cycle
18,2,0.0,natural_gas_fired_combined_cycle
72,2,0.0,natural_gas_fired_combined_cycle
114,2,0.0,natural_gas_fired_combined_cycle
45,2,0.0,natural_gas_fired_combined_cycle
78,2,0.0,natural_gas_fired_combustion_turbine
75,2,0.0,natural_gas_fired_combustion_turbine
119,2,0.0,natural_gas_fired_combustion_turbine
117,2,0.0,natural_gas_fired_combustion_turbine
134,2,0.0,natural_gas_fired_combustion_turbine
103,2,0.0,natural_gas_fired_combustion_turbine
47,2,0.0,natural_gas_fired_combustion_turbine
8,2,0.0,natural_gas_fired_combustion_turbine
90,2,0.0,natural_gas_fired_combustion_turbine
60,2,0.0,natural_gas_fired_combustion_turbine
46,2,0.0,natural_gas_fired_combustion_turbine
37,2,0.0,natural_gas_fired_combustion_turbine
7,2,0.0,natural_gas_fired_combustion_turbine
133,2,0.0,natural_gas_fired_combustion_turbine
74,2,0.0,natural_gas_fired_combustion_turbine
20,2,0.0,natural_gas_fired_combustion_turbine
135,2,0.0,natural_gas_fired_combustion_turbine
142,2,0.0,natural_gas_fired_combustion_turbine
121,2,0.0,natural_gas_fired_combustion_turbine
91,2,0.0,natural_gas_fired_combustion_turbine
22,2,0.0,natural_gas_steam_turbine
123,2,0.0,natural_gas_steam_turbine
62,2,0.0,natural_gas_steam_turbine
49,2,0.0,natural_gas_steam_turbine
48,2,0.0,natural_gas_steam_turbine
21,2,0.0,natural_gas_steam_turbine
79,2,7405.999,nuclear
10,2,140.64018000000002,onshore_wind_turbine
23,2,5134.9980000000005,onshore_wind_turbine
31,2,3202.9536599999997,onshore_wind_turbine
38,2,1087.97805,onshore_wind_turbine
50,2,328.95521999999994,onshore_wind_turbine
63,2,47.504280045600005,onshore_wind_turbine
80,2,1243.82844,onshore_wind_turbine
94,2,8490.989399999999,onshore_wind_turbine
105,2,500.269859649,onshore_wind_turbine
124,2,9810.9866943132,onshore_wind_turbine
136,2,332.66061,onshore_wind_turbine
144,2,4741.144649999999,onshore_wind_turbine
11,2,19.125,small_hydroelectric
24,2,62.577,small_hydroelectric
32,2,192.0,small_hydroelectric
39,2,52.9,small_hydroelectric
51,2,25.641,small_hydroelectric
64,2,6.128,small_hydroelectric
81,2,241.672,small_hydroelectric
95,2,418.922,small_hydroelectric
106,2,31.614,small_hydroelectric
125,2,100.697,small_hydroelectric
137,2,36.822,small_hydroelectric
145,2,33.21,small_hydroelectric
12,2,0.0,solar_photovoltaic
25,2,0.0,solar_photovoltaic
33,2,0.0,solar_photovoltaic
52,2,0.0,solar_photovoltaic
65,2,0.0,solar_photovoltaic
82,2,0.0,solar_photovoltaic
96,2,0.0,solar_photovoltaic
107,2,0.0,solar_photovoltaic
126,2,0.0,solar_photovoltaic
138,2,0.0,solar_photovoltaic
26,3,11.235,biomass
13,3,15.682,biomass
108,3,137.081,biomass
40,3,5.952,biomass
97,3,178.173,biomass
1,3,16.294,biomass
66,3,228.795,biomass
2,3,862.4549975999998,conventional_hydroelectric
14,3,128.7025344,conventional_hydroelectric
27,3,857.6617176000001,conventional_hydroelectric
35,3,833.4544592,conventional_hydroelectric
54,3,666.0481608000001,conventional_hydroelectric
67,3,1425.5510466674878,conventional_hydroelectric
84,3,15377.7412554,conventional_hydroelectric
109,3,107.76396152340001,conventional_hydroelectric
128,3,52.32546000000001,conventional_hydroelectric
139,3,47.5340736,conventional_hydroelectric
110,3,50.0,conventional_steam_coal
41,3,3404.232291410903,conventional_steam_coal
3,3,0.0,conventional_steam_coal
36,3,0.0,conventional_steam_coal
85,3,0.0,conventional_steam_coal
28,3,74.364,geothermal
116,3,0.0,natural_gas_fired_combined_cycle
73,3,0.0,natural_gas_fired_combined_cycle
71,3,0.0,natural_gas_fired_combined_cycle
44,3,0.0,natural_gas_fired_combined_cycle
115,3,0.0,natural_gas_fired_combined_cycle
70,3,0.0,natural_gas_fired_combined_cycle
131,3,0.0,natural_gas_fired_combined_cycle
18,3,0.0,natural_gas_fired_combined_cycle
72,3,0.0,natural_gas_fired_combined_cycle
114,3,0.0,natural_gas_fired_combined_cycle
45,3,0.0,natural_gas_fired_combined_cycle
78,3,0.0,natural_gas_fired_combustion_turbine
75,3,0.0,natural_gas_fired_combustion_turbine
119,3,0.0,natural_gas_fired_combustion_turbine
117,3,0.0,natural_gas_fired_combustion_turbine
134,3,0.0,natural_gas_fired_combustion_turbine
103,3,0.0,natural_gas_fired_combustion_turbine
47,3,0.0,natural_gas_fired_combustion_turbine
8,3,0.0,natural_gas_fired_combustion_turbine
90,3,0.0,natural_gas_fired_combustion_turbine
60,3,0.0,natural_gas_fired_combustion_turbine
46,3,0.0,natural_gas_fired_combustion_turbine
37,3,0.0,natural_gas_fired_combustion_turbine
7,3,0.0,natural_gas_fired_combustion_turbine
133,3,0.0,natural_gas_fired_combustion_turbine
74,3,0.0,natural_gas_fired_combustion_turbine
20,3,0.0,natural_gas_fired_combustion_turbine
135,3,0.0,natural_gas_fired_combustion_turbine
142,3,0.0,natural_gas_fired_combustion_turbine
121,3,0.0,natural_gas_fired_combustion_turbine
91,3,0.0,natural_gas_fired_combustion_turbine
22,3,0.0,natural_gas_steam_turbine
123,3,0.0,natural_gas_steam_turbine
62,3,0.0,natural_gas_steam_turbine
49,3,0.0,natural_gas_steam_turbine
48,3,0.0,natural_gas_steam_turbine
21,3,0.0,natural_gas_steam_turbine
79,3,7405.999,nuclear
10,3,159.86049000000003,onshore_wind_turbine
23,3,4960.1046,onshore_wind_turbine
31,3,3092.5245299999997,onshore_wind_turbine
38,3,988.407,onshore_wind_turbine
50,3,445.38156,onshore_wind_turbine
63,3,22.755720024000002,onshore_wind_turbine
80,3,1328.6620799999998,onshore_wind_turbine
94,3,8640.7284,onshore_wind_turbine
105,3,791.3769605279999,onshore_wind_turbine
124,3,9870.610081246201,onshore_wind_turbine
136,3,286.01874000000004,onshore_wind_turbine
144,3,4713.337349999999,onshore_wind_turbine
11,3,19.125,small_hydroelectric
24,3,62.577,small_hydroelectric
32,3,192.0,small_hydroelectric
39,3,52.9,small_hydroelectric
51,3,25.641,small_hydroelectric
64,3,6.128,small_hydroelectric
81,3,241.672,small_hydroelectric
95,3,418.922,small_hydroelectric
106,3,31.614,small_hydroelectric
125,3,100.697,small_hydroelectric
137,3,36.822,small_hydroelectric
145,3,33.21,small_hydroelectric
12,3,0.0,solar_photovoltaic
25,3,0.0,solar_photovoltaic
33,3,0.0,solar_photovoltaic
52,3,0.0,solar_photovoltaic
65,3,0.0,solar_photovoltaic
82,3,0.0,solar_photovoltaic
96,3,0.0,solar_photovoltaic
107,3,0.0,solar_photovoltaic
126,3,0.0,solar_photovoltaic
138,3,0.0,solar_photovoltaic
26,4,11.235,biomass
13,4,15.682,biomass
108,4,137.081,biomass
40,4,5.952,biomass
97,4,178.173,biomass
1,4,16.294,biomass
66,4,228.795,biomass
2,4,862.4549975999998,conventional_hydroelectric
14,4,128.7025344,conventional_hydroelectric
27,4,857.6617176000001,conventional_hydroelectric
35,4,833.4544592,conventional_hydroelectric
54,4,666.0481608000001,conventional_hydroelectric
67,4,1425.5510466674878,conventional_hydroelectric
84,4,15377.7412554,conventional_hydroelectric
109,4,107.76396152340001,conventional_hydroelectric
128,4,52.32546000000001,conventional_hydroelectric
139,4,47.5340736,conventional_hydroelectric
110,4,50.0,conventional_steam_coal
41,4,1372.2557678823077,conventional_steam_coal
3,4,0.0,conventional_steam_coal
36,4,0.0,conventional_steam_coal
85,4,0.0,conventional_steam_coal
28,4,74.364,geothermal
116,4,0.0,natural_gas_fired_combined_cycle
73,4,0.0,natural_gas_fired_combined_cycle
71,4,0.0,natural_gas_fired_combined_cycle
44,4,0.0,natural_gas_fired_combined_cycle
115,4,0.0,natural_gas_fired_combined_cycle
70,4,0.0,natural_gas_fired_combined_cycle
131,4,0.0,natural_gas_fired_combined_cycle
18,4,0.0,natural_gas_fired_combined_cycle
72,4,0.0,natural_gas_fired_combined_cycle
114,4,0.0,natural_gas_fired_combined_cycle
45,4,0.0,natural_gas_fired_combined_cycle
78,4,0.0,natural_gas_fired_combustion_turbine
75,4,0.0,natural_gas_fired_combustion_turbine
119,4,0.0,natural_gas_fired_combustion_turbine
117,4,0.0,natural_gas_fired_combustion_turbine
134,4,0.0,natural_gas_fired_combustion_turbine
103,4,0.0,natural_gas_fired_combustion_turbine
47,4,0.0,natural_gas_fired_combustion_turbine
8,4,0.0,natural_gas_fired_combustion_turbine
90,4,0.0,natural_gas_fired_combustion_turbine
60,4,0.0,natural_gas_fired_combustion_turbine
46,4,0.0,natural_gas_fired_combustion_turbine
37,4,0.0,natural_gas_fired_combustion_turbine
7,4,0.0,natural_gas_fired_combustion_turbine
133,4,0.0,natural_gas_fired_combustion_turbine
74,4,0.0,natural_gas_fired_combustion_turbine
20,4,0.0,natural_gas_fired_combustion_turbine
135,4,0.0,natural_gas_fired_combustion_turbine
142,4,0.0,natural_gas_fired_combustion_turbine
121,4,0.0,natural_gas_fired_combustion_turbine
91,4,0.0,natural_gas_fired_combustion_turbine
22,4,0.0,natural_gas_steam_turbine
123,4,0.0,natural_gas_steam_turbine
62,4,0.0,natural_gas_steam_turbine
49,4,0.0,natural_gas_steam_turbine
48,4,0.0,natural_gas_steam_turbine
21,4,0.0,natural_gas_steam_turbine
79,4,7405.999,nuclear
10,4,161.86743,onshore_wind_turbine
23,4,5356.2101999999995,onshore_wind_turbine
31,4,3176.4913799999995,onshore_wind_turbine
38,4,891.27045,onshore_wind_turbine
50,4,448.28495999999996,onshore_wind_turbine
63,4,25.382160163200002,onshore_wind_turbine
80,4,1560.0627599999998,onshore_wind_turbine
94,4,9561.2292,onshore_wind_turbine
105,4,872.540700255,onshore_wind_turbine
124,4,9871.5287449086,onshore_wind_turbine
136,4,194.66235000000003,onshore_wind_turbine
144,4,5244.456779999999,onshore_wind_turbine
11,4,19.125,small_hydroelectric
24,4,62.577,small_hydroelectric
32,4,192.0,small_hydroelectric
39,4,52.9,small_hydroelectric
51,4,25.641,small_hydroelectric
64,4,6.128,small_hydroelectric
81,4,241.672,small_hydroelectric
95,4,418.922,small_hydroelectric
106,4,31.614,small_hydroelectric
125,4,100.697,small_hydroelectric
137,4,36.822,small_hydroelectric
145,4,33.21,small_hydroelectric
12,4,0.0,solar_photovoltaic
25,4,0.0,solar_photovoltaic
33,4,0.0,solar_photovoltaic
52,4,0.0,solar_photovoltaic
65,4,0.0,solar_photovoltaic
82,4,0.0,solar_photovoltaic
96,4,0.0,solar_photovoltaic
107,4,0.0,solar_photovoltaic
126,4,0.0,solar_photovoltaic
138,4,0.0,solar_photovoltaic
26,5,11.235,biomass
13,5,15.682,biomass
108,5,137.081,biomass
40,5,5.952,biomass
97,5,178.173,biomass
1,5,16.294,biomass
66,5,228.795,biomass
2,5,862.4549975999998,conventional_hydroelectric
14,5,128.7025344,conventional_hydroelectric
27,5,857.6617176000001,conventional_hydroelectric
35,5,833.4544592,conventional_hydroelectric
54,5,666.0481608000001,conventional_hydroelectric
67,5,1425.5510466674878,conventional_hydroelectric
84,5,15377.7412554,conventional_hydroelectric
109,5,107.76396152340001,conventional_hydroelectric
128,5,52.32546000000001,conventional_hydroelectric
139,5,47.5340736,conventional_hydroelectric
110,5,50.0,conventional_steam_coal
41,5,6353.97191495032,conventional_steam_coal
3,5,0.0,conventional_steam_coal
36,5,0.0,conventional_steam_coal
85,5,0.0,conventional_steam_coal
28,5,74.364,geothermal
116,5,0.0,natural_gas_fired_combined_cycle
73,5,0.0,natural_gas_fired_combined_cycle
71,5,0.0,natural_gas_fired_combined_cycle
44,5,0.0,natural_gas_fired_combined_cycle
115,5,0.0,natural_gas_fired_combined_cycle
70,5,0.0,natural_gas_fired_combined_cycle
131,5,0.0,natural_gas_fired_combined_cycle
18,5,0.0,natural_gas_fired_combined_cycle
72,5,0.0,natural_gas_fired_combined_cycle
114,5,0.0,natural_gas_fired_combined_cycle
45,5,0.0,natural_gas_fired_combined_cycle
78,5,0.0,natural_gas_fired_combustion_turbine
75,5,0.0,natural_gas_fired_combustion_turbine
119,5,0.0,natural_gas_fired_combustion_turbine
117,5,0.0,natural_gas_fired_combustion_turbine
134,5,0.0,natural_gas_fired_combustion_turbine
103,5,0.0,natural_gas_fired_combustion_turbine
47,5,0.0,natural_gas_fired_combustion_turbine
8,5,0.0,natural_gas_fired_combustion_turbine
90,5,0.0,natural_gas_fired_combustion_turbine
60,5,0.0,natural_gas_fired_combustion_turbine
46,5,0.0,natural_gas_fired_combustion_turbine
37,5,0.0,natural_gas_fired_combustion_turbine
7,5,0.0,natural_gas_fired_combustion_turbine
133,5,0.0,natural_gas_fired_combustion_turbine
74,5,0.0,natural_gas_fired_combustion_turbine
20,5,0.0,natural_gas_fired_combustion_turbine
135,5,0.0,natural_gas_fired_combustion_turbine
142,5,0.0,natural_gas_fired_combustion_turbine
121,5,0.0,natural_gas_fired_combustion_turbine
91,5,0.0,natural_gas_fired_combustion_turbine
22,5,0.0,natural_gas_steam_turbine
123,5,0.0,natural_gas_steam_turbine
62,5,0.0,natural_gas_steam_turbine
49,5,0.0,natural_gas_steam_turbine
48,5,0.0,natural_gas_steam_turbine
21,5,0.0,natural_gas_steam_turbine
79,5,7405.999,nuclear
10,5,54.11019,onshore_wind_turbine
23,5,5415.3066,onshore_wind_turbine
31,5,3542.89218,onshore_wind_turbine
38,5,818.72235,onshore_wind_turbine
50,5,550.7749799999999,onshore_wind_turbine
63,5,28.079879947200002,onshore_wind_turbine
80,5,1091.6854799999999,onshore_wind_turbine
94,5,8062.262999999999,onshore_wind_turbine
105,5,882.639899883,onshore_wind_turbine
124,5,8583.863578428602,onshore_wind_turbine
136,5,226.65636,onshore_wind_turbine
144,5,4336.08498,onshore_wind_turbine
11,5,19.125,small_hydroelectric
24,5,62.577,small_hydroelectric
32,5,192.0,small_hydroelectric
39,5,52.9,small_hydroelectric
51,5,25.641,small_hydroelectric
64,5,6.128,small_hydroelectric
81,5,241.672,small_hydroelectric
95,5,418.922,small_hydroelectric
106,5,31.614,small_hydroelectric
125,5,100.697,small_hydroelectric
137,5,36.822,small_hydroelectric
145,5,33.21,small_hydroelectric
12,5,0.0,solar_photovoltaic
25,5,0.0,solar_photovoltaic
33,5,0.0,solar_photovoltaic
52,5,0.0,solar_photovoltaic
65,5,0.0,solar_photovoltaic
82,5,0.0,solar_photovoltaic
96,5,0.0,solar_photovoltaic
107,5,0.0,solar_photovoltaic
126,5,0.0,solar_photovoltaic
138,5,0.0,solar_photovoltaic
26,6,11.235,biomass
13,6,15.682,biomass
108,6,137.081,biomass
40,6,5.952,biomass
97,6,178.173,biomass
1,6,16.294,biomass
66,6,228.795,biomass
2,6,862.4549975999998,conventional_hydroelectric
14,6,128.7025344,conventional_hydroelectric
27,6,857.6617176000001,conventional_hydroelectric
35,6,833.4544592,conventional_hydroelectric
54,6,666.0481608000001,conventional_hydroelectric
67,6,1425.5510466674878,conventional_hydroelectric
84,6,15377.7412554,conventional_hydroelectric
109,6,107.76396152340001,conventional_hydroelectric
128,6,52.32546000000001,conventional_hydroelectric
139,6,47.5340736,conventional_hydroelectric
110,6,50.0,conventional_steam_coal
41,6,7219.002,conventional_steam_coal
3,6,7755.226286503692,conventional_steam_coal
36,6,0.0,conventional_steam_coal
85,6,0.0,conventional_steam_coal
28,6,74.364,geothermal
116,6,0.0,natural_gas_fired_combined_cycle
73,6,0.0,natural_gas_fired_combined_cycle
71,6,0.0,natural_gas_fired_combined_cycle
44,6,0.0,natural_gas_fired_combined_cycle
115,6,0.0,natural_gas_fired_combined_cycle
70,6,0.0,natural_gas_fired_combined_cycle
131,6,0.0,natural_gas_fired_combined_cycle
18,6,0.0,natural_gas_fired_combined_cycle
72,6,0.0,natural_gas_fired_combined_cycle
114,6,0.0,natural_gas_fired_combined_cycle
45,6,0.0,natural_gas_fired_combined_cycle
78,6,0.0,natural_gas_fired_combustion_turbine
75,6,0.0,natural_gas_fired_combustion_turbine
119,6,0.0,natural_gas_fired_combustion_turbine
117,6,0.0,natural_gas_fired_combustion_turbine
134,6,0.0,natural_gas_fired_combustion_turbine
103,6,0.0,natural_gas_fired_combustion_turbine
47,6,0.0,natural_gas_fired_combustion_turbine
8,6,0.0,natural_gas_fired_combustion_turbine
90,6,0.0,natural_gas_fired_combustion_turbine
60,6,0.0,natural_gas_fired_combustion_turbine
46,6,0.0,natural_gas_fired_combustion_turbine
37,6,0.0,natural_gas_fired_combustion_turbine
7,6,0.0,natural_gas_fired_combustion_turbine
133,6,0.0,natural_gas_fired_combustion_turbine
74,6,0.0,natural_gas_fired_combustion_turbine
20,6,0.0,natural_gas_fired_combustion_turbine
135,6,0.0,natural_gas_fired_combustion_turbine
142,6,0.0,natural_gas_fired_combustion_turbine
121,6,0.0,natural_gas_fired_combustion_turbine
91,6,0.0,natural_gas_fired_combustion_turbine
22,6,0.0,natural_gas_steam_turbine
123,6,0.0,natural_gas_steam_turbine
62,6,0.0,natural_gas_steam_turbine
49,6,0.0,natural_gas_steam_turbine
48,6,0.0,natural_gas_steam_turbine
21,6,0.0,natural_gas_steam_turbine
79,6,7405.999,nuclear
10,6,83.82834000000001,onshore_wind_turbine
23,6,5737.142400000001,onshore_wind_turbine
31,6,3500.1454199999994,onshore_wind_turbine
38,6,979.6428,onshore_wind_turbine
50,6,549.0329399999999,onshore_wind_turbine
63,6,27.589560004800003,onshore_wind_turbine
80,6,1149.0377999999998,onshore_wind_turbine
94,6,5221.9506,onshore_wind_turbine
105,6,573.891660153,onshore_wind_turbine
124,6,5560.3907065476005,onshore_wind_turbine
136,6,205.45551,onshore_wind_turbine
144,6,3818.869199999999,onshore_wind_turbine
11,6,19.125,small_hydroelectric
24,6,62.577,small_hydroelectric
32,6,192.0,small_hydroelectric
39,6,52.9,small_hydroelectric
51,6,25.641,small_hydroelectric
64,6,6.128,small_hydroelectric
81,6,241.672,small_hydroelectric
95,6,418.922,small_hydroelectric
106,6,31.614,small_hydroelectric
125,6,100.697,small_hydroelectric
137,6,36.822,small_hydroelectric
145,6,33.21,small_hydroelectric
12,6,0.0,solar_photovoltaic
25,6,0.0,solar_photovoltaic
33,6,0.0,solar_photovoltaic
52,6,0.0,solar_photovoltaic
65,6,0.0,solar_photovoltaic
82,6,0.0,solar_photovoltaic
96,6,0.0,solar_photovoltaic
107,6,0.0,solar_photovoltaic
126,6,0.0,solar_photovoltaic
138,6,0.0,solar_photovoltaic
26,7,11.235,biomass
13,7,15.682,biomass
108,7,137.081,biomass
40,7,5.952,biomass
97,7,178.173,biomass
1,7,16.294,biomass
66,7,228.795,biomass
2,7,862.4549975999998,conventional_hydroelectric
14,7,128.7025344,conventional_hydroelectric
27,7,857.6617176000001,conventional_hydroelectric
35,7,833.4544592,conventional_hydroelectric
54,7,666.0481608000001,conventional_hydroelectric
67,7,1425.5510466674878,conventional_hydroelectric
84,7,15377.7412554,conventional_hydroelectric
109,7,107.76396152340001,conventional_hydroelectric
128,7,52.32546000000001,conventional_hydroelectric
139,7,47.5340736,conventional_hydroelectric
110,7,50.0,conventional_steam_coal
41,7,7219.002,conventional_steam_coal
3,7,13007.692553285005,conventional_steam_coal
36,7,0.0,conventional_steam_coal
85,7,0.0,conventional_steam_coal
28,7,74.364,geothermal
116,7,0.0,natural_gas_fired_combined_cycle
73,7,0.0,natural_gas_fired_combined_cycle
71,7,0.0,natural_gas_fired_combined_cycle
44,7,0.0,natural_gas_fired_combined_cycle
115,7,0.0,natural_gas_fired_combined_cycle
70,7,0.0,natural_gas_fired_combined_cycle
131,7,0.0,natural_gas_fired_combined_cycle
18,7,0.0,natural_gas_fired_combined_cycle
72,7,0.0,natural_gas_fired_combined_cycle
114,7,0.0,natural_gas_fired_combined_cycle
45,7,0.0,natural_gas_fired_combined_cycle
78,7,0.0,natural_gas_fired_combustion_turbine
75,7,0.0,natural_gas_fired_combustion_turbine
119,7,0.0,natural_gas_fired_combustion_turbine
117,7,0.0,natural_gas_fired_combustion_turbine
134,7,0.0,natural_gas_fired_combustion_turbine
103,7,0.0,natural_gas_fired_combustion_turbine
47,7,0.0,natural_gas_fired_combustion_turbine
8,7,0.0,natural_gas_fired_combustion_turbine
90,7,0.0,natural_gas_fired_combustion_turbine
60,7,0.0,natural_gas_fired_combustion_turbine
46,7,0.0,natural_gas_fired_combustion_turbine
37,7,0.0,natural_gas_fired_combustion_turbine
7,7,0.0,natural_gas_fired_combustion_turbine
133,7,0.0,natural_gas_fired_combustion_turbine
74,7,0.0,natural_gas_fired_combustion_turbine
20,7,0.0,natural_gas_fired_combustion_turbine
135,7,0.0,natural_gas_fired_combustion_turbine
142,7,0.0,natural_gas_fired_combustion_turbine
121,7,0.0,natural_gas_fired_combustion_turbine
91,7,0.0,natural_gas_fired_combustion_turbine
22,7,0.0,natural_gas_steam_turbine
123,7,0.0,natural_gas_steam_turbine
62,7,0.0,natural_gas_steam_turbine
49,7,0.0,natural_gas_steam_turbine
48,7,0.0,natural_gas_steam_turbine
21,7,0.0,natural_gas_steam_turbine
79,7,7405.999,nuclear
10,7,135.15969,onshore_wind_turbine
23,7,5640.5118,onshore_wind_turbine
31,7,3330.6850499999996,onshore_wind_turbine
38,7,1435.3812,onshore_wind_turbine
50,7,513.0307799999999,onshore_wind_turbine
63,7,7.399800108000001,onshore_wind_turbine
80,7,978.5739599999999,onshore_wind_turbine
94,7,5786.2302,onshore_wind_turbine
105,7,476.124959646,onshore_wind_turbine
124,7,1170.9869715192,onshore_wind_turbine
136,7,206.22645,onshore_wind_turbine
144,7,3191.3511299999996,onshore_wind_turbine
11,7,19.125,small_hydroelectric
24,7,62.577,small_hydroelectric
32,7,192.0,small_hydroelectric
39,7,52.9,small_hydroelectric
51,7,25.641,small_hydroelectric
64,7,6.128,small_hydroelectric
81,7,241.672,small_hydroelectric
95,7,418.922,small_hydroelectric
106,7,31.614,small_hydroelectric
125,7,100.697,small_hydroelectric
137,7,36.822,small_hydroelectric
145,7,33.21,small_hydroelectric
12,7,475.1919,solar_photovoltaic
25,7,411.88007999999996,solar_photovoltaic
33,7,0.0,solar_photovoltaic
52,7,312.21587999999997,solar_photovoltaic
65,7,37.1776786509,solar_photovoltaic
82,7,0.0,solar_photovoltaic
96,7,0.0,solar_photovoltaic
107,7,0.0,solar_photovoltaic
126,7,0.0,solar_photovoltaic
138,7,307.42898999999994,solar_photovoltaic
26,8,11.235,biomass
13,8,15.682,biomass
108,8,137.081,biomass
40,8,5.952,biomass
97,8,178.173,biomass
1,8,16.294,biomass
66,8,228.795,biomass
2,8,862.4549975999998,conventional_hydroelectric
14,8,128.7025344,conventional_hydroelectric
27,8,857.6617176000001,conventional_hydroelectric
35,8,833.4544592,conventional_hydroelectric
54,8,666.0481608000001,conventional_hydroelectric
67,8,1425.5510466674878,conventional_hydroelectric
84,8,15377.7412554,conventional_hydroelectric
109,8,107.76396152340001,conventional_hydroelectric
128,8,52.32546000000001,conventional_hydroelectric
139,8,47.5340736,conventional_hydroelectric
110,8,50.0,conventional_steam_coal
41,8,7219.002,conventional_steam_coal
3,8,6689.467441761126,conventional_steam_coal
36,8,0.0,conventional_steam_coal
85,8,0.0,conventional_steam_coal
28,8,74.364,geothermal
116,8,0.0,natural_gas_fired_combined_cycle
73,8,0.0,natural_gas_fired_combined_cycle
71,8,0.0,natural_gas_fired_combined_cycle
44,8,0.0,natural_gas_fired_combined_cycle
115,8,0.0,natural_gas_fired_combined_cycle
70,8,0.0,natural_gas_fired_combined_cycle
131,8,0.0,natural_gas_fired_combined_cycle
18,8,0.0,natural_gas_fired_combined_cycle
72,8,0.0,natural_gas_fired_combined_cycle
114,8,0.0,natural_gas_fired_combined_cycle
45,8,0.0,natural_gas_fired_combined_cycle
78,8,0.0,natural_gas_fired_combustion_turbine
75,8,0.0,natural_gas_fired_combustion_turbine
119,8,0.0,natural_gas_fired_combustion_turbine
117,8,0.0,natural_gas_fired_combustion_turbine
134,8,0.0,natural_gas_fired_combustion_turbine
103,8,0.0,natural_gas_fired_combustion_turbine
47,8,0.0,natural_gas_fired_combustion_turbine
8,8,0.0,natural_gas_fired_combustion_turbine
90,8,0.0,natural_gas_fired_combustion_turbine
60,8,0.0,natural_gas_fired_combustion_turbine
46,8,0.0,natural_gas_fired_combustion_turbine
37,8,0.0,natural_gas_fired_combustion_turbine
7,8,0.0,natural_gas_fired_combustion_turbine
133,8,0.0,natural_gas_fired_combustion_turbine
74,8,0.0,natural_gas_fired_combustion_turbine
20,8,0.0,natural_gas_fired_combustion_turbine
135,8,0.0,natural_gas_fired_combustion_turbine
142,8,0.0,natural_gas_fired_combustion_turbine
121,8,0.0,natural_gas_fired_combustion_turbine
91,8,0.0,natural_gas_fired_combustion_turbine
22,8,0.0,natural_gas_steam_turbine
123,8,0.0,natural_gas_steam_turbine
62,8,0.0,natural_gas_steam_turbine
49,8,0.0,natural_gas_steam_turbine
48,8,0.0,natural_gas_steam_turbine
21,8,0.0,natural_gas_steam_turbine
79,8,7405.999,nuclear
10,8,44.847390000000004,onshore_wind_turbine
23,8,4427.4384,onshore_wind_turbine
31,8,856.9707599999999,onshore_wind_turbine
38,8,358.60184999999996,onshore_wind_turbine
50,8,380.0550599999999,onshore_wind_turbine
63,8,10.0049999352,onshore_wind_turbine
80,8,292.33752,onshore_wind_turbine
94,8,1579.3524,onshore_wind_turbine
105,8,261.690899715,onshore_wind_turbine
124,8,4690.1328037278,onshore_wind_turbine
136,8,206.22645,onshore_wind_turbine
144,8,1193.8600799999997,onshore_wind_turbine
11,8,19.125,small_hydroelectric
24,8,62.577,small_hydroelectric
32,8,192.0,small_hydroelectric
39,8,52.9,small_hydroelectric
51,8,25.641,small_hydroelectric
64,8,6.128,small_hydroelectric
81,8,241.672,small_hydroelectric
95,8,418.922,small_hydroelectric
106,8,31.614,small_hydroelectric
125,8,100.697,small_hydroelectric
137,8,36.822,small_hydroelectric
145,8,33.21,small_hydroelectric
12,8,2166.51186,solar_photovoltaic
25,8,790.9314599999999,solar_photovoltaic
33,8,239.25195,solar_photovoltaic
52,8,1218.9452999999999,solar_photovoltaic
65,8,3314.7461125454997,solar_photovoltaic
82,8,2239.1561399999996,solar_photovoltaic
96,8,109.94562,solar_photovoltaic
107,8,3210.2908243695,solar_photovoltaic
126,8,5569.339351155,solar_photovoltaic
138,8,928.94043,solar_photovoltaic
26,9,11.235,biomass
13,9,15.682,biomass
108,9,137.081,biomass
40,9,5.952,biomass
97,9,178.173,biomass
1,9,16.294,biomass
66,9,228.795,biomass
2,9,862.4549975999998,conventional_hydroelectric
14,9,128.7025344,conventional_hydroelectric
27,9,857.6617176000001,conventional_hydroelectric
35,9,833.4544592,conventional_hydroelectric
54,9,666.0481608000001,conventional_hydroelectric
67,9,1425.5510466674878,conventional_hydroelectric
84,9,15377.7412554,conventional_hydroelectric
109,9,107.76396152340001,conventional_hydroelectric
128,9,52.32546000000001,conventional_hydroelectric
139,9,47.5340736,conventional_hydroelectric
110,9,50.0,conventional_steam_coal
41,9,1897.9880360740233,conventional_steam_coal
3,9,0.0,conventional_steam_coal
36,9,0.0,conventional_steam_coal
85,9,0.0,conventional_steam_coal
28,9,74.364,geothermal
116,9,0.0,natural_gas_fired_combined_cycle
73,9,0.0,natural_gas_fired_combined_cycle
71,9,0.0,natural_gas_fired_combined_cycle
44,9,0.0,natural_gas_fired_combined_cycle
115,9,0.0,natural_gas_fired_combined_cycle
70,9,0.0,natural_gas_fired_combined_cycle
131,9,0.0,natural_gas_fired_combined_cycle
18,9,0.0,natural_gas_fired_combined_cycle
72,9,0.0,natural_gas_fired_combined_cycle
114,9,0.0,natural_gas_fired_combined_cycle
45,9,0.0,natural_gas_fired_combined_cycle
78,9,0.0,natural_gas_fired_combustion_turbine
75,9,0.0,natural_gas_fired_combustion_turbine
119,9,0.0,natural_gas_fired_combustion_turbine
117,9,0.0,natural_gas_fired_combustion_turbine
134,9,0.0,natural_gas_fired_combustion_turbine
103,9,0.0,natural_gas_fired_combustion_turbine
47,9,0.0,natural_gas_fired_combustion_turbine
8,9,0.0,natural_gas_fired_combustion_turbine
90,9,0.0,natural_gas_fired_combustion_turbine
60,9,0.0,natural_gas_fired_combustion_turbine
46,9,0.0,natural_gas_fired_combustion_turbine
37,9,0.0,natural_gas_fired_combustion_turbine
7,9,0.0,natural_gas_fired_combustion_turbine
133,9,0.0,natural_gas_fired_combustion_turbine
74,9,0.0,natural_gas_fired_combustion_turbine
20,9,0.0,natural_gas_fired_combustion_turbine
135,9,0.0,natural_gas_fired_combustion_turbine
142,9,0.0,natural_gas_fired_combustion_turbine
121,9,0.0,natural_gas_fired_combustion_turbine
91,9,0.0,natural_gas_fired_combustion_turbine
22,9,0.0,natural_gas_steam_turbine
123,9,0.0,natural_gas_steam_turbine
62,9,0.0,natural_gas_steam_turbine
49,9,0.0,natural_gas_steam_turbine
48,9,0.0,natural_gas_steam_turbine
21,9,0.0,natural_gas_steam_turbine
79,9,7405.999,nuclear
10,9,31.647900000000003,onshore_wind_turbine
23,9,4365.1476,onshore_wind_turbine
31,9,2622.81906,onshore_wind_turbine
38,9,1122.06105,onshore_wind_turbine
50,9,129.20129999999997,onshore_wind_turbine
63,9,3.2181601368,onshore_wind_turbine
80,9,532.10208,onshore_wind_turbine
94,9,3726.1367999999998,onshore_wind_turbine
105,9,24.921059751,onshore_wind_turbine
124,9,1337.6474967108002,onshore_wind_turbine
136,9,551.2221,onshore_wind_turbine
144,9,1513.6440299999997,onshore_wind_turbine
11,9,19.125,small_hydroelectric
24,9,62.577,small_hydroelectric
32,9,192.0,small_hydroelectric
39,9,52.9,small_hydroelectric
51,9,25.641,small_hydroelectric
64,9,6.128,small_hydroelectric
81,9,241.672,small_hydroelectric
95,9,418.922,small_hydroelectric
106,9,31.614,small_hydroelectric
125,9,100.697,small_hydroelectric
137,9,36.822,small_hydroelectric
145,9,33.21,small_hydroelectric
12,9,3428.04042,solar_photovoltaic
25,9,1067.4932399999998,solar_photovoltaic
33,9,364.5744,solar_photovoltaic
52,9,1209.17004,solar_photovoltaic
65,9,5691.644159832,solar_photovoltaic
82,9,4246.70427,solar_photovoltaic
96,9,207.73803000000004,solar_photovoltaic
107,9,5318.2791276524995,solar_photovoltaic
126,9,10208.013323052,solar_photovoltaic
138,9,1227.7590599999999,solar_photovoltaic
26,10,11.235,biomass
13,10,15.682,biomass
108,10,137.081,biomass
40,10,5.952,biomass
97,10,178.173,biomass
1,10,16.294,biomass
66,10,228.795,biomass
2,10,862.4549975999998,conventional_hydroelectric
14,10,128.7025344,conventional_hydroelectric
27,10,857.6617176000001,conventional_hydroelectric
35,10,833.4544592,conventional_hydroelectric
54,10,666.0481608000001,conventional_hydroelectric
67,10,1425.5510466674878,conventional_hydroelectric
84,10,15377.7412554,conventional_hydroelectric
109,10,107.76396152340001,conventional_hydroelectric
128,10,52.32546000000001,conventional_hydroelectric
139,10,47.5340736,conventional_hydroelectric
110,10,50.0,conventional_steam_coal
41,10,0.0,conventional_steam_coal
3,10,0.0,conventional_steam_coal
36,10,0.0,conventional_steam_coal
85,10,0.0,conventional_steam_coal
28,10,74.364,geothermal
116,10,0.0,natural_gas_fired_combined_cycle
73,10,0.0,natural_gas_fired_combined_cycle
71,10,0.0,natural_gas_fired_combined_cycle
44,10,0.0,natural_gas_fired_combined_cycle
115,10,0.0,natural_gas_fired_combined_cycle
70,10,0.0,natural_gas_fired_combined_cycle
131,10,0.0,natural_gas_fired_combined_cycle
18,10,0.0,natural_gas_fired_combined_cycle
72,10,0.0,natural_gas_fired_combined_cycle
114,10,0.0,natural_gas_fired_combined_cycle
45,10,0.0,natural_gas_fired_combined_cycle
78,10,0.0,natural_gas_fired_combustion_turbine
75,10,0.0,natural_gas_fired_combustion_turbine
119,10,0.0,natural_gas_fired_combustion_turbine
117,10,0.0,natural_gas_fired_combustion_turbine
134,10,0.0,natural_gas_fired_combustion_turbine
103,10,0.0,natural_gas_fired_combustion_turbine
47,10,0.0,natural_gas_fired_combustion_turbine
8,10,0.0,natural_gas_fired_combustion_turbine
90,10,0.0,natural_gas_fired_combustion_turbine
60,10,0.0,natural_gas_fired_combustion_turbine
46,10,0.0,natural_gas_fired_combustion_turbine
37,10,0.0,natural_gas_fired_combustion_turbine
7,10,0.0,natural_gas_fired_combustion_turbine
133,10,0.0,natural_gas_fired_combustion_turbine
74,10,0.0,natural_gas_fired_combustion_turbine
20,10,0.0,natural_gas_fired_combustion_turbine
135,10,0.0,natural_gas_fired_combustion_turbine
142,10,0.0,natural_gas_fired_combustion_turbine
121,10,0.0,natural_gas_fired_combustion_turbine
91,10,0.0,natural_gas_fired_combustion_turbine
22,10,0.0,natural_gas_steam_turbine
123,10,0.0,natural_gas_steam_turbine
62,10,0.0,natural_gas_steam_turbine
49,10,0.0,natural_gas_steam_turbine
48,10,0.0,natural_gas_steam_turbine
21,10,0.0,natural_gas_steam_turbine
79,10,7405.999,nuclear
10,10,55.03647000000001,onshore_wind_turbine
23,10,4818.7524,onshore_wind_turbine
31,10,3207.53367,onshore_wind_turbine
38,10,1324.8549,onshore_wind_turbine
50,10,67.93956,onshore_wind_turbine
63,10,16.874040108000003,onshore_wind_turbine
80,10,740.8008,onshore_wind_turbine
94,10,3237.5148,onshore_wind_turbine
105,10,6.6322193490000005,onshore_wind_turbine
124,10,66.24539956980001,onshore_wind_turbine
136,10,392.40846000000005,onshore_wind_turbine
144,10,1376.4613499999998,onshore_wind_turbine
11,10,19.125,small_hydroelectric
24,10,62.577,small_hydroelectric
32,10,192.0,small_hydroelectric
39,10,52.9,small_hydroelectric
51,10,25.641,small_hydroelectric
64,10,6.128,small_hydroelectric
81,10,241.672,small_hydroelectric
95,10,418.922,small_hydroelectric
106,10,31.614,small_hydroelectric
125,10,100.697,small_hydroelectric
137,10,36.822,small_hydroelectric
145,10,33.21,small_hydroelectric
12,10,4199.848919999999,solar_photovoltaic
25,10,1132.3499399999998,solar_photovoltaic
33,10,488.99145,solar_photovoltaic
52,10,1400.8243799999998,solar_photovoltaic
65,10,7116.767132898299,solar_photovoltaic
82,10,5562.772889999999,solar_photovoltaic
96,10,309.05676000000005,solar_photovoltaic
107,10,6601.7958625005,solar_photovoltaic
126,10,13028.3937867075,solar_photovoltaic
138,10,1413.07749,solar_photovoltaic
26,11,11.235,biomass
13,11,15.682,biomass
108,11,137.081,biomass
40,11,5.952,biomass
97,11,178.173,biomass
1,11,16.294,biomass
66,11,228.795,biomass
2,11,862.4549975999998,conventional_hydroelectric
14,11,128.7025344,conventional_hydroelectric
27,11,857.6617176000001,conventional_hydroelectric
35,11,833.4544592,conventional_hydroelectric
54,11,666.0481608000001,conventional_hydroelectric
67,11,1425.5510466674878,conventional_hydroelectric
84,11,15377.7412554,conventional_hydroelectric
109,11,107.76396152340001,conventional_hydroelectric
128,11,52.32546000000001,conventional_hydroelectric
139,11,47.5340736,conventional_hydroelectric
110,11,50.0,conventional_steam_coal
41,11,0.0,conventional_steam_coal
3,11,0.0,conventional_steam_coal
36,11,0.0,conventional_steam_coal
85,11,0.0,conventional_steam_coal
28,11,74.364,geothermal
116,11,0.0,natural_gas_fired_combined_cycle
73,11,0.0,natural_gas_fired_combined_cycle
71,11,0.0,natural_gas_fired_combined_cycle
44,11,0.0,natural_gas_fired_combined_cycle
115,11,0.0,natural_gas_fired_combined_cycle
70,11,0.0,natural_gas_fired_combined_cycle
131,11,0.0,natural_gas_fired_combined_cycle
18,11,0.0,natural_gas_fired_combined_cycle
72,11,0.0,natural_gas_fired_combined_cycle
114,11,0.0,natural_gas_fired_combined_cycle
45,11,0.0,natural_gas_fired_combined_cycle
78,11,0.0,natural_gas_fired_combustion_turbine
75,11,0.0,natural_gas_fired_combustion_turbine
119,11,0.0,natural_gas_fired_combustion_turbine
117,11,0.0,natural_gas_fired_combustion_turbine
134,11,0.0,natural_gas_fired_combustion_turbine
103,11,0.0,natural_gas_fired_combustion_turbine
47,11,0.0,natural_gas_fired_combustion_turbine
8,11,0.0,natural_gas_fired_combustion_turbine
90,11,0.0,natural_gas_fired_combustion_turbine
60,11,0.0,natural_gas_fired_combustion_turbine
46,11,0.0,natural_gas_fired_combustion_turbine
37,11,0.0,natural_gas_fired_combustion_turbine
7,11,0.0,natural_gas_fired_combustion_turbine
133,11,0.0,natural_gas_fired_combustion_turbine
74,11,0.0,natural_gas_fired_combustion_turbine
20,11,0.0,natural_gas_fired_combustion_turbine
135,11,0.0,natural_gas_fired_combustion_turbine
142,11,0.0,natural_gas_fired_combustion_turbine
121,11,0.0,natural_gas_fired_combustion_turbine
91,11,0.0,natural_gas_fired_combustion_turbine
22,11,0.0,natural_gas_steam_turbine
123,11,0.0,natural_gas_steam_turbine
62,11,0.0,natural_gas_steam_turbine
49,11,0.0,natural_gas_steam_turbine
48,11,0.0,natural_gas_steam_turbine
21,11,0.0,natural_gas_steam_turbine
79,11,7405.999,nuclear
10,11,56.889030000000005,onshore_wind_turbine
23,11,5749.92,onshore_wind_turbine
31,11,2457.4298099999996,onshore_wind_turbine
38,11,1560.75795,onshore_wind_turbine
50,11,94.07015999999999,onshore_wind_turbine
63,11,17.976960072,onshore_wind_turbine
80,11,869.04696,onshore_wind_turbine
94,11,1933.9974,onshore_wind_turbine
105,11,45.705540384,onshore_wind_turbine
124,11,194.91434456340002,onshore_wind_turbine
136,11,151.48971000000003,onshore_wind_turbine
144,11,1818.5974199999998,onshore_wind_turbine
11,11,19.125,small_hydroelectric
24,11,62.577,small_hydroelectric
32,11,192.0,small_hydroelectric
39,11,52.9,small_hydroelectric
51,11,25.641,small_hydroelectric
64,11,6.128,small_hydroelectric
81,11,241.672,small_hydroelectric
95,11,418.922,small_hydroelectric
106,11,31.614,small_hydroelectric
125,11,100.697,small_hydroelectric
137,11,36.822,small_hydroelectric
145,11,33.21,small_hydroelectric
12,11,4524.9165,solar_photovoltaic
25,11,1202.1709799999999,solar_photovoltaic
33,11,508.00485000000003,solar_photovoltaic
52,11,1593.6636,solar_photovoltaic
65,11,7842.5674200621,solar_photovoltaic
82,11,6125.48838,solar_photovoltaic
96,11,342.30492,solar_photovoltaic
107,11,7176.7920036615,solar_photovoltaic
126,11,14272.3094363115,solar_photovoltaic
138,11,1457.49912,solar_photovoltaic
26,12,11.235,biomass
13,12,15.682,biomass
108,12,137.081,biomass
40,12,5.952,biomass
97,12,178.173,biomass
1,12,16.294,biomass
66,12,228.795,biomass
2,12,862.4549975999998,conventional_hydroelectric
14,12,128.7025344,conventional_hydroelectric
27,12,857.6617176000001,conventional_hydroelectric
35,12,833.4544592,conventional_hydroelectric
54,12,666.0481608000001,conventional_hydroelectric
67,12,1425.5510466674878,conventional_hydroelectric
84,12,15377.7412554,conventional_hydroelectric
109,12,107.76396152340001,conventional_hydroelectric
128,12,52.32546000000001,conventional_hydroelectric
139,12,47.5340736,conventional_hydroelectric
110,12,50.0,conventional_steam_coal
41,12,0.0,conventional_steam_coal
3,12,0.0,conventional_steam_coal
36,12,0.0,conventional_steam_coal
85,12,0.0,conventional_steam_coal
28,12,74.364,geothermal
116,12,0.0,natural_gas_fired_combined_cycle
73,12,0.0,natural_gas_fired_combined_cycle
71,12,0.0,natural_gas_fired_combined_cycle
44,12,0.0,natural_gas_fired_combined_cycle
115,12,0.0,natural_gas_fired_combined_cycle
70,12,0.0,natural_gas_fired_combined_cycle
131,12,0.0,natural_gas_fired_combined_cycle
18,12,0.0,natural_gas_fired_combined_cycle
72,12,0.0,natural_gas_fired_combined_cycle
114,12,0.0,natural_gas_fired_combined_cycle
45,12,0.0,natural_gas_fired_combined_cycle
78,12,0.0,natural_gas_fired_combustion_turbine
75,12,0.0,natural_gas_fired_combustion_turbine
119,12,0.0,natural_gas_fired_combustion_turbine
117,12,0.0,natural_gas_fired_combustion_turbine
134,12,0.0,natural_gas_fired_combustion_turbine
103,12,0.0,natural_gas_fired_combustion_turbine
47,12,0.0,natural_gas_fired_combustion_turbine
8,12,0.0,natural_gas_fired_combustion_turbine
90,12,0.0,natural_gas_fired_combustion_turbine
60,12,0.0,natural_gas_fired_combustion_turbine
46,12,0.0,natural_gas_fired_combustion_turbine
37,12,0.0,natural_gas_fired_combustion_turbine
7,12,0.0,natural_gas_fired_combustion_turbine
133,12,0.0,natural_gas_fired_combustion_turbine
74,12,0.0,natural_gas_fired_combustion_turbine
20,12,0.0,natural_gas_fired_combustion_turbine
135,12,0.0,natural_gas_fired_combustion_turbine
142,12,0.0,natural_gas_fired_combustion_turbine
121,12,0.0,natural_gas_fired_combustion_turbine
91,12,0.0,natural_gas_fired_combustion_turbine
22,12,0.0,natural_gas_steam_turbine
123,12,0.0,natural_gas_steam_turbine
62,12,0.0,natural_gas_steam_turbine
49,12,0.0,natural_gas_steam_turbine
48,12,0.0,natural_gas_steam_turbine
21,12,0.0,natural_gas_steam_turbine
79,12,7405.999,nuclear
10,12,47.47185,onshore_wind_turbine
23,12,5666.8656,onshore_wind_turbine
31,12,1085.97126,onshore_wind_turbine
38,12,1695.3858,onshore_wind_turbine
50,12,97.84458,onshore_wind_turbine
63,12,43.602599863200005,onshore_wind_turbine
80,12,738.8094,onshore_wind_turbine
94,12,2863.9554,onshore_wind_turbine
105,12,183.553019748,onshore_wind_turbine
124,12,336.5716740342,onshore_wind_turbine
136,12,220.10337,onshore_wind_turbine
144,12,3550.0652999999993,onshore_wind_turbine
11,12,19.125,small_hydroelectric
24,12,62.577,small_hydroelectric
32,12,192.0,small_hydroelectric
39,12,52.9,small_hydroelectric
51,12,25.641,small_hydroelectric
64,12,6.128,small_hydroelectric
81,12,241.672,small_hydroelectric
95,12,418.922,small_hydroelectric
106,12,31.614,small_hydroelectric
125,12,100.697,small_hydroelectric
137,12,36.822,small_hydroelectric
145,12,33.21,small_hydroelectric
12,12,4615.11216,solar_photovoltaic
25,12,1236.9213599999998,solar_photovoltaic
33,12,567.2331,solar_photovoltaic
52,12,1620.3234,solar_photovoltaic
65,12,8060.339222070299,solar_photovoltaic
82,12,6039.3669899999995,solar_photovoltaic
96,12,338.40078,solar_photovoltaic
107,12,7348.2575069445,solar_photovoltaic
126,12,13820.924828598001,solar_photovoltaic
138,12,1482.3517499999998,solar_photovoltaic
26,13,11.235,biomass
13,13,15.682,biomass
108,13,137.081,biomass
40,13,5.952,biomass
97,13,178.173,biomass
1,13,16.294,biomass
66,13,228.795,biomass
2,13,862.4549975999998,conventional_hydroelectric
14,13,128.7025344,conventional_hydroelectric
27,13,857.6617176000001,conventional_hydroelectric
35,13,833.4544592,conventional_hydroelectric
54,13,666.0481608000001,conventional_hydroelectric
67,13,1425.5510466674878,conventional_hydroelectric
84,13,15377.7412554,conventional_hydroelectric
109,13,107.76396152340001,conventional_hydroelectric
128,13,52.32546000000001,conventional_hydroelectric
139,13,47.5340736,conventional_hydroelectric
110,13,50.0,conventional_steam_coal
41,13,0.0,conventional_steam_coal
3,13,0.0,conventional_steam_coal
36,13,0.0,conventional_steam_coal
85,13,0.0,conventional_steam_coal
28,13,74.364,geothermal
116,13,0.0,natural_gas_fired_combined_cycle
73,13,0.0,natural_gas_fired_combined_cycle
71,13,0.0,natural_gas_fired_combined_cycle
44,13,0.0,natural_gas_fired_combined_cycle
115,13,0.0,natural_gas_fired_combined_cycle
70,13,0.0,natural_gas_fired_combined_cycle
131,13,0.0,natural_gas_fired_combined_cycle
18,13,0.0,natural_gas_fired_combined_cycle
72,13,0.0,natural_gas_fired_combined_cycle
114,13,0.0,natural_gas_fired_combined_cycle
45,13,0.0,natural_gas_fired_combined_cycle
78,13,0.0,natural_gas_fired_combustion_turbine
75,13,0.0,natural_gas_fired_combustion_turbine
119,13,0.0,natural_gas_fired_combustion_turbine
117,13,0.0,natural_gas_fired_combustion_turbine
134,13,0.0,natural_gas_fired_combustion_turbine
103,13,0.0,natural_gas_fired_combustion_turbine
47,13,0.0,natural_gas_fired_combustion_turbine
8,13,0.0,natural_gas_fired_combustion_turbine
90,13,0.0,natural_gas_fired_combustion_turbine
60,13,0.0,natural_gas_fired_combustion_turbine
46,13,0.0,natural_gas_fired_combustion_turbine
37,13,0.0,natural_gas_fired_combustion_turbine
7,13,0.0,natural_gas_fired_combustion_turbine
133,13,0.0,natural_gas_fired_combustion_turbine
74,13,0.0,natural_gas_fired_combustion_turbine
20,13,0.0,natural_gas_fired_combustion_turbine
135,13,0.0,natural_gas_fired_combustion_turbine
142,13,0.0,natural_gas_fired_combustion_turbine
121,13,0.0,natural_gas_fired_combustion_turbine
91,13,0.0,natural_gas_fired_combustion_turbine
22,13,0.0,natural_gas_steam_turbine
123,13,0.0,natural_gas_steam_turbine
62,13,0.0,natural_gas_steam_turbine
49,13,0.0,natural_gas_steam_turbine
48,13,0.0,natural_gas_steam_turbine
21,13,0.0,natural_gas_steam_turbine
79,13,7405.999,nuclear
10,13,1.0806600000000002,onshore_wind_turbine
23,13,5373.7794,onshore_wind_turbine
31,13,495.14996999999994,onshore_wind_turbine
38,13,1785.70575,onshore_wind_turbine
50,13,120.20075999999999,onshore_wind_turbine
63,13,73.6764000048,onshore_wind_turbine
80,13,552.01608,onshore_wind_turbine
94,13,3027.8802,onshore_wind_turbine
105,13,278.054879823,onshore_wind_turbine
124,13,636.9749978262,onshore_wind_turbine
136,13,446.75973000000005,onshore_wind_turbine
144,13,3232.1351699999996,onshore_wind_turbine
11,13,19.125,small_hydroelectric
24,13,62.577,small_hydroelectric
32,13,192.0,small_hydroelectric
39,13,52.9,small_hydroelectric
51,13,25.641,small_hydroelectric
64,13,6.128,small_hydroelectric
81,13,241.672,small_hydroelectric
95,13,418.922,small_hydroelectric
106,13,31.614,small_hydroelectric
125,13,100.697,small_hydroelectric
137,13,36.822,small_hydroelectric
145,13,33.21,small_hydroelectric
12,13,4649.0112,solar_photovoltaic
25,13,1236.44094,solar_photovoltaic
33,13,513.88995,solar_photovoltaic
52,13,1705.9309799999999,solar_photovoltaic
65,13,8146.57626345,solar_photovoltaic
82,13,6072.812189999999,solar_photovoltaic
96,13,302.25600000000003,solar_photovoltaic
107,13,7382.991483459,solar_photovoltaic
126,13,13208.646752574,solar_photovoltaic
138,13,1489.2008999999998,solar_photovoltaic
26,14,11.235,biomass
13,14,15.682,biomass
108,14,137.081,biomass
40,14,5.952,biomass
97,14,178.173,biomass
1,14,16.294,biomass
66,14,228.795,biomass
2,14,862.4549975999998,conventional_hydroelectric
14,14,128.7025344,conventional_hydroelectric
27,14,857.6617176000001,conventional_hydroelectric
35,14,833.4544592,conventional_hydroelectric
54,14,666.0481608000001,conventional_hydroelectric
67,14,1425.5510466674878,conventional_hydroelectric
84,14,15377.7412554,conventional_hydroelectric
109,14,107.76396152340001,conventional_hydroelectric
128,14,52.32546000000001,conventional_hydroelectric
139,14,47.5340736,conventional_hydroelectric
110,14,50.0,conventional_steam_coal
41,14,0.0,conventional_steam_coal
3,14,0.0,conventional_steam_coal
36,14,0.0,conventional_steam_coal
85,14,0.0,conventional_steam_coal
28,14,74.364,geothermal
116,14,0.0,natural_gas_fired_combined_cycle
73,14,0.0,natural_gas_fired_combined_cycle
71,14,0.0,natural_gas_fired_combined_cycle
44,14,0.0,natural_gas_fired_combined_cycle
115,14,0.0,natural_gas_fired_combined_cycle
70,14,0.0,natural_gas_fired_combined_cycle
131,14,0.0,natural_gas_fired_combined_cycle
18,14,0.0,natural_gas_fired_combined_cycle
72,14,0.0,natural_gas_fired_combined_cycle
114,14,0.0,natural_gas_fired_combined_cycle
45,14,0.0,natural_gas_fired_combined_cycle
78,14,0.0,natural_gas_fired_combustion_turbine
75,14,0.0,natural_gas_fired_combustion_turbine
119,14,0.0,natural_gas_fired_combustion_turbine
117,14,0.0,natural_gas_fired_combustion_turbine
134,14,0.0,natural_gas_fired_combustion_turbine
103,14,0.0,natural_gas_fired_combustion_turbine
47,14,0.0,natural_gas_fired_combustion_turbine
8,14,0.0,natural_gas_fired_combustion_turbine
90,14,0.0,natural_gas_fired_combustion_turbine
60,14,0.0,natural_gas_fired_combustion_turbine
46,14,0.0,natural_gas_fired_combustion_turbine
37,14,0.0,natural_gas_fired_combustion_turbine
7,14,0.0,natural_gas_fired_combustion_turbine
133,14,0.0,natural_gas_fired_combustion_turbine
74,14,0.0,natural_gas_fired_combustion_turbine
20,14,0.0,natural_gas_fired_combustion_turbine
135,14,0.0,natural_gas_fired_combustion_turbine
142,14,0.0,natural_gas_fired_combustion_turbine
121,14,0.0,natural_gas_fired_combustion_turbine
91,14,0.0,natural_gas_fired_combustion_turbine
22,14,0.0,natural_gas_steam_turbine
123,14,0.0,natural_gas_steam_turbine
62,14,0.0,natural_gas_steam_turbine
49,14,0.0,natural_gas_steam_turbine
48,14,0.0,natural_gas_steam_turbine
21,14,0.0,natural_gas_steam_turbine
79,14,7405.999,nuclear
10,14,4.01388,onshore_wind_turbine
23,14,4956.1116,onshore_wind_turbine
31,14,470.21435999999994,onshore_wind_turbine
38,14,1703.90655,onshore_wind_turbine
50,14,95.81219999999999,onshore_wind_turbine
63,14,102.3516001608,onshore_wind_turbine
80,14,1080.9319199999998,onshore_wind_turbine
94,14,3713.5272,onshore_wind_turbine
105,14,383.357639511,onshore_wind_turbine
124,14,1253.8998626880002,onshore_wind_turbine
136,14,407.44179,onshore_wind_turbine
144,14,3091.2448499999996,onshore_wind_turbine
11,14,19.125,small_hydroelectric
24,14,62.577,small_hydroelectric
32,14,192.0,small_hydroelectric
39,14,52.9,small_hydroelectric
51,14,25.641,small_hydroelectric
64,14,6.128,small_hydroelectric
81,14,241.672,small_hydroelectric
95,14,418.922,small_hydroelectric
106,14,31.614,small_hydroelectric
125,14,100.697,small_hydroelectric
137,14,36.822,small_hydroelectric
145,14,33.21,small_hydroelectric
12,14,4675.040819999999,solar_photovoltaic
25,14,1087.51074,solar_photovoltaic
33,14,452.17185000000006,solar_photovoltaic
52,14,1703.85744,solar_photovoltaic
65,14,8322.4851307977,solar_photovoltaic
82,14,6017.62761,solar_photovoltaic
96,14,324.2955,solar_photovoltaic
107,14,7532.751871464,solar_photovoltaic
126,14,13458.5372132925,solar_photovoltaic
138,14,1500.9423,solar_photovoltaic
26,15,11.235,biomass
13,15,15.682,biomass
108,15,137.081,biomass
40,15,5.952,biomass
97,15,178.173,biomass
1,15,16.294,biomass
66,15,228.795,biomass
2,15,862.4549975999998,conventional_hydroelectric
14,15,128.7025344,conventional_hydroelectric
27,15,857.6617176000001,conventional_hydroelectric
35,15,833.4544592,conventional_hydroelectric
54,15,666.0481608000001,conventional_hydroelectric
67,15,1425.5510466674878,conventional_hydroelectric
84,15,15377.7412554,conventional_hydroelectric
109,15,107.76396152340001,conventional_hydroelectric
128,15,52.32546000000001,conventional_hydroelectric
139,15,47.5340736,conventional_hydroelectric
110,15,50.0,conventional_steam_coal
41,15,0.0,conventional_steam_coal
3,15,0.0,conventional_steam_coal
36,15,0.0,conventional_steam_coal
85,15,0.0,conventional_steam_coal
28,15,74.364,geothermal
116,15,0.0,natural_gas_fired_combined_cycle
73,15,0.0,natural_gas_fired_combined_cycle
71,15,0.0,natural_gas_fired_combined_cycle
44,15,0.0,natural_gas_fired_combined_cycle
115,15,0.0,natural_gas_fired_combined_cycle
70,15,0.0,natural_gas_fired_combined_cycle
131,15,0.0,natural_gas_fired_combined_cycle
18,15,0.0,natural_gas_fired_combined_cycle
72,15,0.0,natural_gas_fired_combined_cycle
114,15,0.0,natural_gas_fired_combined_cycle
45,15,0.0,natural_gas_fired_combined_cycle
78,15,0.0,natural_gas_fired_combustion_turbine
75,15,0.0,natural_gas_fired_combustion_turbine
119,15,0.0,natural_gas_fired_combustion_turbine
117,15,0.0,natural_gas_fired_combustion_turbine
134,15,0.0,natural_gas_fired_combustion_turbine
103,15,0.0,natural_gas_fired_combustion_turbine
47,15,0.0,natural_gas_fired_combustion_turbine
8,15,0.0,natural_gas_fired_combustion_turbine
90,15,0.0,natural_gas_fired_combustion_turbine
60,15,0.0,natural_gas_fired_combustion_turbine
46,15,0.0,natural_gas_fired_combustion_turbine
37,15,0.0,natural_gas_fired_combustion_turbine
7,15,0.0,natural_gas_fired_combustion_turbine
133,15,0.0,natural_gas_fired_combustion_turbine
74,15,0.0,natural_gas_fired_combustion_turbine
20,15,0.0,natural_gas_fired_combustion_turbine
135,15,0.0,natural_gas_fired_combustion_turbine
142,15,0.0,natural_gas_fired_combustion_turbine
121,15,0.0,natural_gas_fired_combustion_turbine
91,15,0.0,natural_gas_fired_combustion_turbine
22,15,0.0,natural_gas_steam_turbine
123,15,0.0,natural_gas_steam_turbine
62,15,0.0,natural_gas_steam_turbine
49,15,0.0,natural_gas_steam_turbine
48,15,0.0,natural_gas_steam_turbine
21,15,0.0,natural_gas_steam_turbine
79,15,7405.999,nuclear
10,15,4.9401600000000006,onshore_wind_turbine
23,15,4960.1046,onshore_wind_turbine
31,15,736.87272,onshore_wind_turbine
38,15,1759.41315,onshore_wind_turbine
50,15,25.840259999999997,onshore_wind_turbine
63,15,87.9218399136,onshore_wind_turbine
80,15,1497.5328,onshore_wind_turbine
94,15,4329.8214,onshore_wind_turbine
105,15,344.40449998500003,onshore_wind_turbine
124,15,3136.6363822464004,onshore_wind_turbine
136,15,711.1921500000001,onshore_wind_turbine
144,15,3451.8128399999996,onshore_wind_turbine
11,15,19.125,small_hydroelectric
24,15,62.577,small_hydroelectric
32,15,192.0,small_hydroelectric
39,15,52.9,small_hydroelectric
51,15,25.641,small_hydroelectric
64,15,6.128,small_hydroelectric
81,15,241.672,small_hydroelectric
95,15,418.922,small_hydroelectric
106,15,31.614,small_hydroelectric
125,15,100.697,small_hydroelectric
137,15,36.822,small_hydroelectric
145,15,33.21,small_hydroelectric
12,15,4450.45968,solar_photovoltaic
25,15,830.4860399999999,solar_photovoltaic
33,15,370.4595,solar_photovoltaic
52,15,1622.98938,solar_photovoltaic
65,15,7834.603017992099,solar_photovoltaic
82,15,5582.003879999999,solar_photovoltaic
96,15,341.86413000000005,solar_photovoltaic
107,15,7160.0495974754995,solar_photovoltaic
126,15,12903.618620907,solar_photovoltaic
138,15,1439.29995,solar_photovoltaic
26,16,11.235,biomass
13,16,15.682,biomass
108,16,137.081,biomass
40,16,5.952,biomass
97,16,178.173,biomass
1,16,16.294,biomass
66,16,228.795,biomass
2,16,862.4549975999998,conventional_hydroelectric
14,16,128.7025344,conventional_hydroelectric
27,16,857.6617176000001,conventional_hydroelectric
35,16,833.4544592,conventional_hydroelectric
54,16,666.0481608000001,conventional_hydroelectric
67,16,1425.5510466674878,conventional_hydroelectric
84,16,15377.7412554,conventional_hydroelectric
109,16,107.76396152340001,conventional_hydroelectric
128,16,52.32546000000001,conventional_hydroelectric
139,16,47.5340736,conventional_hydroelectric
110,16,50.0,conventional_steam_coal
41,16,0.0,conventional_steam_coal
3,16,0.0,conventional_steam_coal
36,16,0.0,conventional_steam_coal
85,16,0.0,conventional_steam_coal
28,16,74.364,geothermal
116,16,0.0,natural_gas_fired_combined_cycle
73,16,0.0,natural_gas_fired_combined_cycle
71,16,0.0,natural_gas_fired_combined_cycle
44,16,0.0,natural_gas_fired_combined_cycle
115,16,0.0,natural_gas_fired_combined_cycle
70,16,0.0,natural_gas_fired_combined_cycle
131,16,0.0,natural_gas_fired_combined_cycle
18,16,0.0,natural_gas_fired_combined_cycle
72,16,0.0,natural_gas_fired_combined_cycle
114,16,0.0,natural_gas_fired_combined_cycle
45,16,0.0,natural_gas_fired_combined_cycle
78,16,0.0,natural_gas_fired_combustion_turbine
75,16,0.0,natural_gas_fired_combustion_turbine
119,16,0.0,natural_gas_fired_combustion_turbine
117,16,0.0,natural_gas_fired_combustion_turbine
134,16,0.0,natural_gas_fired_combustion_turbine
103,16,0.0,natural_gas_fired_combustion_turbine
47,16,0.0,natural_gas_fired_combustion_turbine
8,16,0.0,natural_gas_fired_combustion_turbine
90,16,0.0,natural_gas_fired_combustion_turbine
60,16,0.0,natural_gas_fired_combustion_turbine
46,16,0.0,natural_gas_fired_combustion_turbine
37,16,0.0,natural_gas_fired_combustion_turbine
7,16,0.0,natural_gas_fired_combustion_turbine
133,16,0.0,natural_gas_fired_combustion_turbine
74,16,0.0,natural_gas_fired_combustion_turbine
20,16,0.0,natural_gas_fired_combustion_turbine
135,16,0.0,natural_gas_fired_combustion_turbine
142,16,0.0,natural_gas_fired_combustion_turbine
121,16,0.0,natural_gas_fired_combustion_turbine
91,16,0.0,natural_gas_fired_combustion_turbine
22,16,0.0,natural_gas_steam_turbine
123,16,0.0,natural_gas_steam_turbine
62,16,0.0,natural_gas_steam_turbine
49,16,0.0,natural_gas_steam_turbine
48,16,0.0,natural_gas_steam_turbine
21,16,0.0,natural_gas_steam_turbine
79,16,7405.999,nuclear
10,16,2.9332200000000004,onshore_wind_turbine
23,16,5754.7116000000005,onshore_wind_turbine
31,16,797.9395199999999,onshore_wind_turbine
38,16,1558.81035,onshore_wind_turbine
50,16,36.58284,onshore_wind_turbine
63,16,109.99283993280001,onshore_wind_turbine
80,16,2228.77488,onshore_wind_turbine
94,16,4695.4998,onshore_wind_turbine
105,16,310.739159934,onshore_wind_turbine
124,16,6328.3527288696005,onshore_wind_turbine
136,16,806.7887100000002,onshore_wind_turbine
144,16,4018.1548499999994,onshore_wind_turbine
11,16,19.125,small_hydroelectric
24,16,62.577,small_hydroelectric
32,16,192.0,small_hydroelectric
39,16,52.9,small_hydroelectric
51,16,25.641,small_hydroelectric
64,16,6.128,small_hydroelectric
81,16,241.672,small_hydroelectric
95,16,418.922,small_hydroelectric
106,16,31.614,small_hydroelectric
125,16,100.697,small_hydroelectric
137,16,36.822,small_hydroelectric
145,16,33.21,small_hydroelectric
12,16,3894.1522199999995,solar_photovoltaic
25,16,708.29922,solar_photovoltaic
33,16,349.4844,solar_photovoltaic
52,16,1283.2250399999998,solar_photovoltaic
65,16,6916.800450414299,solar_photovoltaic
82,16,5547.7225499999995,solar_photovoltaic
96,16,283.67985000000004,solar_photovoltaic
107,16,6408.8716548,solar_photovoltaic
126,16,12123.7970107185,solar_photovoltaic
138,16,1321.6902599999999,solar_photovoltaic
26,17,11.235,biomass
13,17,15.682,biomass
108,17,137.081,biomass
40,17,5.952,biomass
97,17,178.173,biomass
1,17,16.294,biomass
66,17,228.795,biomass
2,17,862.4549975999998,conventional_hydroelectric
14,17,128.7025344,conventional_hydroelectric
27,17,857.6617176000001,conventional_hydroelectric
35,17,833.4544592,conventional_hydroelectric
54,17,666.0481608000001,conventional_hydroelectric
67,17,1425.5510466674878,conventional_hydroelectric
84,17,15377.7412554,conventional_hydroelectric
109,17,107.76396152340001,conventional_hydroelectric
128,17,52.32546000000001,conventional_hydroelectric
139,17,47.5340736,conventional_hydroelectric
110,17,50.0,conventional_steam_coal
41,17,0.0,conventional_steam_coal
3,17,0.0,conventional_steam_coal
36,17,0.0,conventional_steam_coal
85,17,0.0,conventional_steam_coal
28,17,74.364,geothermal
116,17,0.0,natural_gas_fired_combined_cycle
73,17,0.0,natural_gas_fired_combined_cycle
71,17,0.0,natural_gas_fired_combined_cycle
44,17,0.0,natural_gas_fired_combined_cycle
115,17,0.0,natural_gas_fired_combined_cycle
70,17,0.0,natural_gas_fired_combined_cycle
131,17,0.0,natural_gas_fired_combined_cycle
18,17,0.0,natural_gas_fired_combined_cycle
72,17,0.0,natural_gas_fired_combined_cycle
114,17,0.0,natural_gas_fired_combined_cycle
45,17,0.0,natural_gas_fired_combined_cycle
78,17,0.0,natural_gas_fired_combustion_turbine
75,17,0.0,natural_gas_fired_combustion_turbine
119,17,0.0,natural_gas_fired_combustion_turbine
117,17,0.0,natural_gas_fired_combustion_turbine
134,17,0.0,natural_gas_fired_combustion_turbine
103,17,0.0,natural_gas_fired_combustion_turbine
47,17,0.0,natural_gas_fired_combustion_turbine
8,17,0.0,natural_gas_fired_combustion_turbine
90,17,0.0,natural_gas_fired_combustion_turbine
60,17,0.0,natural_gas_fired_combustion_turbine
46,17,0.0,natural_gas_fired_combustion_turbine
37,17,0.0,natural_gas_fired_combustion_turbine
7,17,0.0,natural_gas_fired_combustion_turbine
133,17,0.0,natural_gas_fired_combustion_turbine
74,17,0.0,natural_gas_fired_combustion_turbine
20,17,0.0,natural_gas_fired_combustion_turbine
135,17,0.0,natural_gas_fired_combustion_turbine
142,17,0.0,natural_gas_fired_combustion_turbine
121,17,0.0,natural_gas_fired_combustion_turbine
91,17,0.0,natural_gas_fired_combustion_turbine
22,17,0.0,natural_gas_steam_turbine
123,17,0.0,natural_gas_steam_turbine
62,17,0.0,natural_gas_steam_turbine
49,17,0.0,natural_gas_steam_turbine
48,17,0.0,natural_gas_steam_turbine
21,17,0.0,natural_gas_steam_turbine
79,17,7405.999,nuclear
10,17,3.31917,onshore_wind_turbine
23,17,6017.451,onshore_wind_turbine
31,17,626.9524799999999,onshore_wind_turbine
38,17,1470.68145,onshore_wind_turbine
50,17,81.00486,onshore_wind_turbine
63,17,160.97076000240003,onshore_wind_turbine
80,17,2838.14328,onshore_wind_turbine
94,17,4098.12,onshore_wind_turbine
105,17,240.20370045,onshore_wind_turbine
124,17,5527.188238618201,onshore_wind_turbine
136,17,823.3639200000001,onshore_wind_turbine
144,17,3819.7961099999998,onshore_wind_turbine
11,17,19.125,small_hydroelectric
24,17,62.577,small_hydroelectric
32,17,192.0,small_hydroelectric
39,17,52.9,small_hydroelectric
51,17,25.641,small_hydroelectric
64,17,6.128,small_hydroelectric
81,17,241.672,small_hydroelectric
95,17,418.922,small_hydroelectric
106,17,31.614,small_hydroelectric
125,17,100.697,small_hydroelectric
137,17,36.822,small_hydroelectric
145,17,33.21,small_hydroelectric
12,17,2884.4451,solar_photovoltaic
25,17,418.7661,solar_photovoltaic
33,17,296.82030000000003,solar_photovoltaic
52,17,780.83592,solar_photovoltaic
65,17,4805.608713756,solar_photovoltaic
82,17,4770.12165,solar_photovoltaic
96,17,207.92694,solar_photovoltaic
107,17,4583.773946337,solar_photovoltaic
126,17,9532.491878169001,solar_photovoltaic
138,17,1028.5466399999998,solar_photovoltaic
26,18,11.235,biomass
13,18,15.682,biomass
108,18,137.081,biomass
40,18,5.952,biomass
97,18,178.173,biomass
1,18,16.294,biomass
66,18,228.795,biomass
2,18,862.4549975999998,conventional_hydroelectric
14,18,128.7025344,conventional_hydroelectric
27,18,857.6617176000001,conventional_hydroelectric
35,18,833.4544592,conventional_hydroelectric
54,18,666.0481608000001,conventional_hydroelectric
67,18,1425.5510466674878,conventional_hydroelectric
84,18,15377.7412554,conventional_hydroelectric
109,18,107.76396152340001,conventional_hydroelectric
128,18,52.32546000000001,conventional_hydroelectric
139,18,47.5340736,conventional_hydroelectric
110,18,50.0,conventional_steam_coal
41,18,7219.002,conventional_steam_coal
3,18,3192.659064561421,conventional_steam_coal
36,18,0.0,conventional_steam_coal
85,18,0.0,conventional_steam_coal
28,18,74.364,geothermal
116,18,0.0,natural_gas_fired_combined_cycle
73,18,0.0,natural_gas_fired_combined_cycle
71,18,0.0,natural_gas_fired_combined_cycle
44,18,0.0,natural_gas_fired_combined_cycle
115,18,0.0,natural_gas_fired_combined_cycle
70,18,0.0,natural_gas_fired_combined_cycle
131,18,0.0,natural_gas_fired_combined_cycle
18,18,0.0,natural_gas_fired_combined_cycle
72,18,0.0,natural_gas_fired_combined_cycle
114,18,0.0,natural_gas_fired_combined_cycle
45,18,0.0,natural_gas_fired_combined_cycle
78,18,0.0,natural_gas_fired_combustion_turbine
75,18,0.0,natural_gas_fired_combustion_turbine
119,18,0.0,natural_gas_fired_combustion_turbine
117,18,0.0,natural_gas_fired_combustion_turbine
134,18,0.0,natural_gas_fired_combustion_turbine
103,18,0.0,natural_gas_fired_combustion_turbine
47,18,0.0,natural_gas_fired_combustion_turbine
8,18,0.0,natural_gas_fired_combustion_turbine
90,18,0.0,natural_gas_fired_combustion_turbine
60,18,0.0,natural_gas_fired_combustion_turbine
46,18,0.0,natural_gas_fired_combustion_turbine
37,18,0.0,natural_gas_fired_combustion_turbine
7,18,0.0,natural_gas_fired_combustion_turbine
133,18,0.0,natural_gas_fired_combustion_turbine
74,18,0.0,natural_gas_fired_combustion_turbine
20,18,0.0,natural_gas_fired_combustion_turbine
135,18,0.0,natural_gas_fired_combustion_turbine
142,18,0.0,natural_gas_fired_combustion_turbine
121,18,0.0,natural_gas_fired_combustion_turbine
91,18,0.0,natural_gas_fired_combustion_turbine
22,18,0.0,natural_gas_steam_turbine
123,18,0.0,natural_gas_steam_turbine
62,18,0.0,natural_gas_steam_turbine
49,18,0.0,natural_gas_steam_turbine
48,18,0.0,natural_gas_steam_turbine
21,18,0.0,natural_gas_steam_turbine
79,18,7405.999,nuclear
10,18,17.058990000000005,onshore_wind_turbine
23,18,6097.311,onshore_wind_turbine
31,18,789.2883899999999,onshore_wind_turbine
38,18,1349.6868,onshore_wind_turbine
50,18,125.71721999999998,onshore_wind_turbine
63,18,156.3637199832,onshore_wind_turbine
80,18,2474.9119199999996,onshore_wind_turbine
94,18,7417.5972,onshore_wind_turbine
105,18,219.21024068999998,onshore_wind_turbine
124,18,5087.373264342601,onshore_wind_turbine
136,18,981.4066200000001,onshore_wind_turbine
144,18,4313.839139999999,onshore_wind_turbine
11,18,19.125,small_hydroelectric
24,18,62.577,small_hydroelectric
32,18,192.0,small_hydroelectric
39,18,52.9,small_hydroelectric
51,18,25.641,small_hydroelectric
64,18,6.128,small_hydroelectric
81,18,241.672,small_hydroelectric
95,18,418.922,small_hydroelectric
106,18,31.614,small_hydroelectric
125,18,100.697,small_hydroelectric
137,18,36.822,small_hydroelectric
145,18,33.21,small_hydroelectric
12,18,1288.1635199999998,solar_photovoltaic
25,18,4.32378,solar_photovoltaic
33,18,164.9337,solar_photovoltaic
52,18,19.254299999999997,solar_photovoltaic
65,18,2191.3824650589,solar_photovoltaic
82,18,3111.23973,solar_photovoltaic
96,18,100.24824000000001,solar_photovoltaic
107,18,2303.849366412,solar_photovoltaic
126,18,4346.294122161,solar_photovoltaic
138,18,509.3810699999999,solar_photovoltaic
26,19,11.235,biomass
13,19,15.682,biomass
108,19,137.081,biomass
40,19,5.952,biomass
97,19,178.173,biomass
1,19,16.294,biomass
66,19,228.795,biomass
2,19,862.4549975999998,conventional_hydroelectric
14,19,128.7025344,conventional_hydroelectric
27,19,857.6617176000001,conventional_hydroelectric
35,19,833.4544592,conventional_hydroelectric
54,19,666.0481608000001,conventional_hydroelectric
67,19,1425.5510466674878,conventional_hydroelectric
84,19,15377.7412554,conventional_hydroelectric
109,19,107.76396152340001,conventional_hydroelectric
128,19,52.32546000000001,conventional_hydroelectric
139,19,47.5340736,conventional_hydroelectric
110,19,50.0,conventional_steam_coal
41,19,7219.002,conventional_steam_coal
3,19,3655.1014620733054,conventional_steam_coal
36,19,0.0,conventional_steam_coal
85,19,0.0,conventional_steam_coal
28,19,74.364,geothermal
116,19,0.0,natural_gas_fired_combined_cycle
73,19,0.0,natural_gas_fired_combined_cycle
71,19,0.0,natural_gas_fired_combined_cycle
44,19,0.0,natural_gas_fired_combined_cycle
115,19,0.0,natural_gas_fired_combined_cycle
70,19,0.0,natural_gas_fired_combined_cycle
131,19,0.0,natural_gas_fired_combined_cycle
18,19,0.0,natural_gas_fired_combined_cycle
72,19,0.0,natural_gas_fired_combined_cycle
114,19,0.0,natural_gas_fired_combined_cycle
45,19,0.0,natural_gas_fired_combined_cycle
78,19,0.0,natural_gas_fired_combustion_turbine
75,19,0.0,natural_gas_fired_combustion_turbine
119,19,0.0,natural_gas_fired_combustion_turbine
117,19,0.0,natural_gas_fired_combustion_turbine
134,19,0.0,natural_gas_fired_combustion_turbine
103,19,0.0,natural_gas_fired_combustion_turbine
47,19,0.0,natural_gas_fired_combustion_turbine
8,19,0.0,natural_gas_fired_combustion_turbine
90,19,0.0,natural_gas_fired_combustion_turbine
60,19,0.0,natural_gas_fired_combustion_turbine
46,19,0.0,natural_gas_fired_combustion_turbine
37,19,0.0,natural_gas_fired_combustion_turbine
7,19,0.0,natural_gas_fired_combustion_turbine
133,19,0.0,natural_gas_fired_combustion_turbine
74,19,0.0,natural_gas_fired_combustion_turbine
20,19,0.0,natural_gas_fired_combustion_turbine
135,19,0.0,natural_gas_fired_combustion_turbine
142,19,0.0,natural_gas_fired_combustion_turbine
121,19,0.0,natural_gas_fired_combustion_turbine
91,19,0.0,natural_gas_fired_combustion_turbine
22,19,0.0,natural_gas_steam_turbine
123,19,0.0,natural_gas_steam_turbine
62,19,0.0,natural_gas_steam_turbine
49,19,0.0,natural_gas_steam_turbine
48,19,0.0,natural_gas_steam_turbine
21,19,0.0,natural_gas_steam_turbine
79,19,7405.999,nuclear
10,19,17.136180000000003,onshore_wind_turbine
23,19,5357.0088,onshore_wind_turbine
31,19,1204.0337399999999,onshore_wind_turbine
38,19,1046.3481,onshore_wind_turbine
50,19,75.77874,onshore_wind_turbine
63,19,108.8644799664,onshore_wind_turbine
80,19,1929.6665999999998,onshore_wind_turbine
94,19,6887.994,onshore_wind_turbine
105,19,124.61952069,onshore_wind_turbine
124,19,4704.3401704794005,onshore_wind_turbine
136,19,1156.0245300000001,onshore_wind_turbine
144,19,4750.413749999999,onshore_wind_turbine
11,19,19.125,small_hydroelectric
24,19,62.577,small_hydroelectric
32,19,192.0,small_hydroelectric
39,19,52.9,small_hydroelectric
51,19,25.641,small_hydroelectric
64,19,6.128,small_hydroelectric
81,19,241.672,small_hydroelectric
95,19,418.922,small_hydroelectric
106,19,31.614,small_hydroelectric
125,19,100.697,small_hydroelectric
137,19,36.822,small_hydroelectric
145,19,33.21,small_hydroelectric
12,19,0.0,solar_photovoltaic
25,19,0.0,solar_photovoltaic
33,19,0.0,solar_photovoltaic
52,19,0.0,solar_photovoltaic
65,19,0.0,solar_photovoltaic
82,19,0.0,solar_photovoltaic
96,19,0.0,solar_photovoltaic
107,19,0.0,solar_photovoltaic
126,19,0.0,solar_photovoltaic
138,19,0.0,solar_photovoltaic
26,20,11.235,biomass
13,20,15.682,biomass
108,20,137.081,biomass
40,20,5.952,biomass
97,20,178.173,biomass
1,20,16.294,biomass
66,20,228.795,biomass
2,20,862.4549975999998,conventional_hydroelectric
14,20,128.7025344,conventional_hydroelectric
27,20,857.6617176000001,conventional_hydroelectric
35,20,833.4544592,conventional_hydroelectric
54,20,666.0481608000001,conventional_hydroelectric
67,20,1425.5510466674878,conventional_hydroelectric
84,20,15377.7412554,conventional_hydroelectric
109,20,107.76396152340001,conventional_hydroelectric
128,20,52.32546000000001,conventional_hydroelectric
139,20,47.5340736,conventional_hydroelectric
110,20,50.0,conventional_steam_coal
41,20,7219.002,conventional_steam_coal
3,20,11664.164052073304,conventional_steam_coal
36,20,0.0,conventional_steam_coal
85,20,0.0,conventional_steam_coal
28,20,74.364,geothermal
116,20,0.0,natural_gas_fired_combined_cycle
73,20,0.0,natural_gas_fired_combined_cycle
71,20,0.0,natural_gas_fired_combined_cycle
44,20,0.0,natural_gas_fired_combined_cycle
115,20,0.0,natural_gas_fired_combined_cycle
70,20,0.0,natural_gas_fired_combined_cycle
131,20,0.0,natural_gas_fired_combined_cycle
18,20,0.0,natural_gas_fired_combined_cycle
72,20,0.0,natural_gas_fired_combined_cycle
114,20,0.0,natural_gas_fired_combined_cycle
45,20,0.0,natural_gas_fired_combined_cycle
78,20,0.0,natural_gas_fired_combustion_turbine
75,20,0.0,natural_gas_fired_combustion_turbine
119,20,0.0,natural_gas_fired_combustion_turbine
117,20,0.0,natural_gas_fired_combustion_turbine
134,20,0.0,natural_gas_fired_combustion_turbine
103,20,0.0,natural_gas_fired_combustion_turbine
47,20,0.0,natural_gas_fired_combustion_turbine
8,20,0.0,natural_gas_fired_combustion_turbine
90,20,0.0,natural_gas_fired_combustion_turbine
60,20,0.0,natural_gas_fired_combustion_turbine
46,20,0.0,natural_gas_fired_combustion_turbine
37,20,0.0,natural_gas_fired_combustion_turbine
7,20,0.0,natural_gas_fired_combustion_turbine
133,20,0.0,natural_gas_fired_combustion_turbine
74,20,0.0,natural_gas_fired_combustion_turbine
20,20,0.0,natural_gas_fired_combustion_turbine
135,20,0.0,natural_gas_fired_combustion_turbine
142,20,0.0,natural_gas_fired_combustion_turbine
121,20,0.0,natural_gas_fired_combustion_turbine
91,20,0.0,natural_gas_fired_combustion_turbine
22,20,0.0,natural_gas_steam_turbine
123,20,0.0,natural_gas_steam_turbine
62,20,0.0,natural_gas_steam_turbine
49,20,0.0,natural_gas_steam_turbine
48,20,0.0,natural_gas_steam_turbine
21,20,0.0,natural_gas_steam_turbine
79,20,7405.999,nuclear
10,20,53.878620000000005,onshore_wind_turbine
23,20,5408.9178,onshore_wind_turbine
31,20,1195.8915,onshore_wind_turbine
38,20,876.42,onshore_wind_turbine
50,20,107.42579999999998,onshore_wind_turbine
63,20,114.174720096,onshore_wind_turbine
80,20,2001.75528,onshore_wind_turbine
94,20,3874.2996,onshore_wind_turbine
105,20,284.075519742,onshore_wind_turbine
124,20,3970.7185480578005,onshore_wind_turbine
136,20,1834.06626,onshore_wind_turbine
144,20,4910.769179999999,onshore_wind_turbine
11,20,19.125,small_hydroelectric
24,20,62.577,small_hydroelectric
32,20,192.0,small_hydroelectric
39,20,52.9,small_hydroelectric
51,20,25.641,small_hydroelectric
64,20,6.128,small_hydroelectric
81,20,241.672,small_hydroelectric
95,20,418.922,small_hydroelectric
106,20,31.614,small_hydroelectric
125,20,100.697,small_hydroelectric
137,20,36.822,small_hydroelectric
145,20,33.21,small_hydroelectric
12,20,0.0,solar_photovoltaic
25,20,0.0,solar_photovoltaic
33,20,0.0,solar_photovoltaic
52,20,0.0,solar_photovoltaic
65,20,0.0,solar_photovoltaic
82,20,0.0,solar_photovoltaic
96,20,0.0,solar_photovoltaic
107,20,0.0,solar_photovoltaic
126,20,0.0,solar_photovoltaic
138,20,0.0,solar_photovoltaic
26,21,11.235,biomass
13,21,15.682,biomass
108,21,137.081,biomass
40,21,5.952,biomass
97,21,178.173,biomass
1,21,16.294,biomass
66,21,228.795,biomass
2,21,862.4549975999998,conventional_hydroelectric
14,21,128.7025344,conventional_hydroelectric
27,21,857.6617176000001,conventional_hydroelectric
35,21,833.4544592,conventional_hydroelectric
54,21,666.0481608000001,conventional_hydroelectric
67,21,1425.5510466674878,conventional_hydroelectric
84,21,15377.7412554,conventional_hydroelectric
109,21,107.76396152340001,conventional_hydroelectric
128,21,52.32546000000001,conventional_hydroelectric
139,21,47.5340736,conventional_hydroelectric
110,21,50.0,conventional_steam_coal
41,21,7219.002,conventional_steam_coal
3,21,14050.987,conventional_steam_coal
36,21,0.0,conventional_steam_coal
85,21,0.0,conventional_steam_coal
28,21,74.364,geothermal
116,21,0.0,natural_gas_fired_combined_cycle
73,21,0.0,natural_gas_fired_combined_cycle
71,21,0.0,natural_gas_fired_combined_cycle
44,21,0.0,natural_gas_fired_combined_cycle
115,21,0.0,natural_gas_fired_combined_cycle
70,21,0.0,natural_gas_fired_combined_cycle
131,21,0.0,natural_gas_fired_combined_cycle
18,21,0.0,natural_gas_fired_combined_cycle
72,21,0.0,natural_gas_fired_combined_cycle
114,21,0.0,natural_gas_fired_combined_cycle
45,21,0.0,natural_gas_fired_combined_cycle
78,21,0.0,natural_gas_fired_combustion_turbine
75,21,0.0,natural_gas_fired_combustion_turbine
119,21,0.0,natural_gas_fired_combustion_turbine
117,21,0.0,natural_gas_fired_combustion_turbine
134,21,0.0,natural_gas_fired_combustion_turbine
103,21,0.0,natural_gas_fired_combustion_turbine
47,21,0.0,natural_gas_fired_combustion_turbine
8,21,0.0,natural_gas_fired_combustion_turbine
90,21,0.0,natural_gas_fired_combustion_turbine
60,21,0.0,natural_gas_fired_combustion_turbine
46,21,0.0,natural_gas_fired_combustion_turbine
37,21,0.0,natural_gas_fired_combustion_turbine
7,21,0.0,natural_gas_fired_combustion_turbine
133,21,0.0,natural_gas_fired_combustion_turbine
74,21,0.0,natural_gas_fired_combustion_turbine
20,21,0.0,natural_gas_fired_combustion_turbine
135,21,0.0,natural_gas_fired_combustion_turbine
142,21,0.0,natural_gas_fired_combustion_turbine
121,21,0.0,natural_gas_fired_combustion_turbine
91,21,0.0,natural_gas_fired_combustion_turbine
22,21,0.0,natural_gas_steam_turbine
123,21,0.0,natural_gas_steam_turbine
62,21,0.0,natural_gas_steam_turbine
49,21,0.0,natural_gas_steam_turbine
48,21,0.0,natural_gas_steam_turbine
21,21,0.0,natural_gas_steam_turbine
79,21,7405.999,nuclear
10,21,57.197790000000005,onshore_wind_turbine
23,21,4866.6684000000005,onshore_wind_turbine
31,21,1505.80551,onshore_wind_turbine
38,21,745.68735,onshore_wind_turbine
50,21,274.08095999999995,onshore_wind_turbine
63,21,106.69763988000001,onshore_wind_turbine
80,21,2275.77192,onshore_wind_turbine
94,21,2616.492,onshore_wind_turbine
105,21,574.998419394,onshore_wind_turbine
124,21,5313.1635644274,onshore_wind_turbine
136,21,1749.6483300000002,onshore_wind_turbine
144,21,4438.045079999999,onshore_wind_turbine
11,21,19.125,small_hydroelectric
24,21,62.577,small_hydroelectric
32,21,192.0,small_hydroelectric
39,21,52.9,small_hydroelectric
51,21,25.641,small_hydroelectric
64,21,6.128,small_hydroelectric
81,21,241.672,small_hydroelectric
95,21,418.922,small_hydroelectric
106,21,31.614,small_hydroelectric
125,21,100.697,small_hydroelectric
137,21,36.822,small_hydroelectric
145,21,33.21,small_hydroelectric
12,21,0.0,solar_photovoltaic
25,21,0.0,solar_photovoltaic
33,21,0.0,solar_photovoltaic
52,21,0.0,solar_photovoltaic
65,21,0.0,solar_photovoltaic
82,21,0.0,solar_photovoltaic
96,21,0.0,solar_photovoltaic
107,21,0.0,solar_photovoltaic
126,21,0.0,solar_photovoltaic
138,21,0.0,solar_photovoltaic
26,22,11.235,biomass
13,22,15.682,biomass
108,22,137.081,biomass
40,22,5.952,biomass
97,22,178.173,biomass
1,22,16.294,biomass
66,22,228.795,biomass
2,22,862.4549975999998,conventional_hydroelectric
14,22,128.7025344,conventional_hydroelectric
27,22,857.6617176000001,conventional_hydroelectric
35,22,833.4544592,conventional_hydroelectric
54,22,666.0481608000001,conventional_hydroelectric
67,22,1425.5510466674878,conventional_hydroelectric
84,22,15377.7412554,conventional_hydroelectric
109,22,107.76396152340001,conventional_hydroelectric
128,22,52.32546000000001,conventional_hydroelectric
139,22,47.5340736,conventional_hydroelectric
110,22,50.0,conventional_steam_coal
41,22,7219.002,conventional_steam_coal
3,22,8546.370917016942,conventional_steam_coal
36,22,0.0,conventional_steam_coal
85,22,0.0,conventional_steam_coal
28,22,74.364,geothermal
116,22,0.0,natural_gas_fired_combined_cycle
73,22,0.0,natural_gas_fired_combined_cycle
71,22,0.0,natural_gas_fired_combined_cycle
44,22,0.0,natural_gas_fired_combined_cycle
115,22,0.0,natural_gas_fired_combined_cycle
70,22,0.0,natural_gas_fired_combined_cycle
131,22,0.0,natural_gas_fired_combined_cycle
18,22,0.0,natural_gas_fired_combined_cycle
72,22,0.0,natural_gas_fired_combined_cycle
114,22,0.0,natural_gas_fired_combined_cycle
45,22,0.0,natural_gas_fired_combined_cycle
78,22,0.0,natural_gas_fired_combustion_turbine
75,22,0.0,natural_gas_fired_combustion_turbine
119,22,0.0,natural_gas_fired_combustion_turbine
117,22,0.0,natural_gas_fired_combustion_turbine
134,22,0.0,natural_gas_fired_combustion_turbine
103,22,0.0,natural_gas_fired_combustion_turbine
47,22,0.0,natural_gas_fired_combustion_turbine
8,22,0.0,natural_gas_fired_combustion_turbine
90,22,0.0,natural_gas_fired_combustion_turbine
60,22,0.0,natural_gas_fired_combustion_turbine
46,22,0.0,natural_gas_fired_combustion_turbine
37,22,0.0,natural_gas_fired_combustion_turbine
7,22,0.0,natural_gas_fired_combustion_turbine
133,22,0.0,natural_gas_fired_combustion_turbine
74,22,0.0,natural_gas_fired_combustion_turbine
20,22,0.0,natural_gas_fired_combustion_turbine
135,22,0.0,natural_gas_fired_combustion_turbine
142,22,0.0,natural_gas_fired_combustion_turbine
121,22,0.0,natural_gas_fired_combustion_turbine
91,22,0.0,natural_gas_fired_combustion_turbine
22,22,0.0,natural_gas_steam_turbine
123,22,0.0,natural_gas_steam_turbine
62,22,0.0,natural_gas_steam_turbine
49,22,0.0,natural_gas_steam_turbine
48,22,0.0,natural_gas_steam_turbine
21,22,0.0,natural_gas_steam_turbine
79,22,7405.999,nuclear
10,22,272.63508,onshore_wind_turbine
23,22,4573.5822,onshore_wind_turbine
31,22,1578.5767799999999,onshore_wind_turbine
38,22,717.6906,onshore_wind_turbine
50,22,496.48139999999995,onshore_wind_turbine
63,22,122.4100801176,onshore_wind_turbine
80,22,1615.4236799999999,onshore_wind_turbine
94,22,1188.4548,onshore_wind_turbine
105,22,1033.996259898,onshore_wind_turbine
124,22,5934.863699344801,onshore_wind_turbine
136,22,1851.4124100000001,onshore_wind_turbine
144,22,4007.9588399999993,onshore_wind_turbine
11,22,19.125,small_hydroelectric
24,22,62.577,small_hydroelectric
32,22,192.0,small_hydroelectric
39,22,52.9,small_hydroelectric
51,22,25.641,small_hydroelectric
64,22,6.128,small_hydroelectric
81,22,241.672,small_hydroelectric
95,22,418.922,small_hydroelectric
106,22,31.614,small_hydroelectric
125,22,100.697,small_hydroelectric
137,22,36.822,small_hydroelectric
145,22,33.21,small_hydroelectric
12,22,0.0,solar_photovoltaic
25,22,0.0,solar_photovoltaic
33,22,0.0,solar_photovoltaic
52,22,0.0,solar_photovoltaic
65,22,0.0,solar_photovoltaic
82,22,0.0,solar_photovoltaic
96,22,0.0,solar_photovoltaic
107,22,0.0,solar_photovoltaic
126,22,0.0,solar_photovoltaic
138,22,0.0,solar_photovoltaic
26,23,11.235,biomass
13,23,15.682,biomass
108,23,137.081,biomass
40,23,5.952,biomass
97,23,178.173,biomass
1,23,16.294,biomass
66,23,228.795,biomass
2,23,862.4549975999998,conventional_hydroelectric
14,23,128.7025344,conventional_hydroelectric
27,23,857.6617176000001,conventional_hydroelectric
35,23,833.4544592,conventional_hydroelectric
54,23,666.0481608000001,conventional_hydroelectric
67,23,1425.5510466674878,conventional_hydroelectric
84,23,15377.7412554,conventional_hydroelectric
109,23,107.76396152340001,conventional_hydroelectric
128,23,52.32546000000001,conventional_hydroelectric
139,23,47.5340736,conventional_hydroelectric
110,23,50.0,conventional_steam_coal
41,23,7219.002,conventional_steam_coal
3,23,14050.987,conventional_steam_coal
36,23,0.0,conventional_steam_coal
85,23,0.0,conventional_steam_coal
28,23,74.364,geothermal
116,23,0.0,natural_gas_fired_combined_cycle
73,23,0.0,natural_gas_fired_combined_cycle
71,23,0.0,natural_gas_fired_combined_cycle
44,23,0.0,natural_gas_fired_combined_cycle
115,23,0.0,natural_gas_fired_combined_cycle
70,23,0.0,natural_gas_fired_combined_cycle
131,23,0.0,natural_gas_fired_combined_cycle
18,23,0.0,natural_gas_fired_combined_cycle
72,23,0.0,natural_gas_fired_combined_cycle
114,23,0.0,natural_gas_fired_combined_cycle
45,23,0.0,natural_gas_fired_combined_cycle
78,23,0.0,natural_gas_fired_combustion_turbine
75,23,0.0,natural_gas_fired_combustion_turbine
119,23,0.0,natural_gas_fired_combustion_turbine
117,23,0.0,natural_gas_fired_combustion_turbine
134,23,0.0,natural_gas_fired_combustion_turbine
103,23,0.0,natural_gas_fired_combustion_turbine
47,23,0.0,natural_gas_fired_combustion_turbine
8,23,0.0,natural_gas_fired_combustion_turbine
90,23,0.0,natural_gas_fired_combustion_turbine
60,23,0.0,natural_gas_fired_combustion_turbine
46,23,0.0,natural_gas_fired_combustion_turbine
37,23,0.0,natural_gas_fired_combustion_turbine
7,23,0.0,natural_gas_fired_combustion_turbine
133,23,0.0,natural_gas_fired_combustion_turbine
74,23,0.0,natural_gas_fired_combustion_turbine
20,23,0.0,natural_gas_fired_combustion_turbine
135,23,0.0,natural_gas_fired_combustion_turbine
142,23,0.0,natural_gas_fired_combustion_turbine
121,23,0.0,natural_gas_fired_combustion_turbine
91,23,0.0,natural_gas_fired_combustion_turbine
22,23,0.0,natural_gas_steam_turbine
123,23,0.0,natural_gas_steam_turbine
62,23,0.0,natural_gas_steam_turbine
49,23,0.0,natural_gas_steam_turbine
48,23,0.0,natural_gas_steam_turbine
21,23,0.0,natural_gas_steam_turbine
79,23,7405.999,nuclear
10,23,303.89703000000003,onshore_wind_turbine
23,23,4697.365199999999,onshore_wind_turbine
31,23,1224.38934,onshore_wind_turbine
38,23,1182.1932,onshore_wind_turbine
50,23,721.4948999999999,onshore_wind_turbine
63,23,83.91563984880001,onshore_wind_turbine
80,23,1714.5954,onshore_wind_turbine
94,23,1886.7114,onshore_wind_turbine
105,23,1114.9178398469999,onshore_wind_turbine
124,23,5949.988224338401,onshore_wind_turbine
136,23,2032.9687800000002,onshore_wind_turbine
144,23,4269.347459999999,onshore_wind_turbine
11,23,19.125,small_hydroelectric
24,23,62.577,small_hydroelectric
32,23,192.0,small_hydroelectric
39,23,52.9,small_hydroelectric
51,23,25.641,small_hydroelectric
64,23,6.128,small_hydroelectric
81,23,241.672,small_hydroelectric
95,23,418.922,small_hydroelectric
106,23,31.614,small_hydroelectric
125,23,100.697,small_hydroelectric
137,23,36.822,small_hydroelectric
145,23,33.21,small_hydroelectric
12,23,0.0,solar_photovoltaic
25,23,0.0,solar_photovoltaic
33,23,0.0,solar_photovoltaic
52,23,0.0,solar_photovoltaic
65,23,0.0,solar_photovoltaic
82,23,0.0,solar_photovoltaic
96,23,0.0,solar_photovoltaic
107,23,0.0,solar_photovoltaic
126,23,0.0,solar_photovoltaic
138,23,0.0,solar_photovoltaic
26,24,11.235,biomass
13,24,15.682,biomass
108,24,137.081,biomass
40,24,5.952,biomass
97,24,178.173,biomass
1,24,16.294,biomass
66,24,228.795,biomass
2,24,862.4549975999998,conventional_hydroelectric
14,24,128.7025344,conventional_hydroelectric
27,24,857.6617176000001,conventional_hydroelectric
35,24,833.4544592,conventional_hydroelectric
54,24,666.0481608000001,conventional_hydroelectric
67,24,1425.5510466674878,conventional_hydroelectric
84,24,15377.7412554,conventional_hydroelectric
109,24,107.76396152340001,conventional_hydroelectric
128,24,52.32546000000001,conventional_hydroelectric
139,24,47.5340736,conventional_hydroelectric
110,24,50.0,conventional_steam_coal
41,24,7219.002,conventional_steam_coal
3,24,11374.118998861099,conventional_steam_coal
36,24,0.0,conventional_steam_coal
85,24,0.0,conventional_steam_coal
28,24,74.364,geothermal
116,24,0.0,natural_gas_fired_combined_cycle
73,24,0.0,natural_gas_fired_combined_cycle
71,24,0.0,natural_gas_fired_combined_cycle
44,24,0.0,natural_gas_fired_combined_cycle
115,24,0.0,natural_gas_fired_combined_cycle
70,24,0.0,natural_gas_fired_combined_cycle
131,24,0.0,natural_gas_fired_combined_cycle
18,24,0.0,natural_gas_fired_combined_cycle
72,24,0.0,natural_gas_fired_combined_cycle
114,24,0.0,natural_gas_fired_combined_cycle
45,24,0.0,natural_gas_fired_combined_cycle
78,24,0.0,natural_gas_fired_combustion_turbine
75,24,0.0,natural_gas_fired_combustion_turbine
119,24,0.0,natural_gas_fired_combustion_turbine
117,24,0.0,natural_gas_fired_combustion_turbine
134,24,0.0,natural_gas_fired_combustion_turbine
103,24,0.0,natural_gas_fired_combustion_turbine
47,24,0.0,natural_gas_fired_combustion_turbine
8,24,0.0,natural_gas_fired_combustion_turbine
90,24,0.0,natural_gas_fired_combustion_turbine
60,24,0.0,natural_gas_fired_combustion_turbine
46,24,0.0,natural_gas_fired_combustion_turbine
37,24,0.0,natural_gas_fired_combustion_turbine
7,24,0.0,natural_gas_fired_combustion_turbine
133,24,0.0,natural_gas_fired_combustion_turbine
74,24,0.0,natural_gas_fired_combustion_turbine
20,24,0.0,natural_gas_fired_combustion_turbine
135,24,0.0,natural_gas_fired_combustion_turbine
142,24,0.0,natural_gas_fired_combustion_turbine
121,24,0.0,natural_gas_fired_combustion_turbine
91,24,0.0,natural_gas_fired_combustion_turbine
22,24,0.0,natural_gas_steam_turbine
123,24,0.0,natural_gas_steam_turbine
62,24,0.0,natural_gas_steam_turbine
49,24,0.0,natural_gas_steam_turbine
48,24,0.0,natural_gas_steam_turbine
21,24,0.0,natural_gas_steam_turbine
79,24,7405.999,nuclear
10,24,335.85369000000003,onshore_wind_turbine
23,24,3727.0662,onshore_wind_turbine
31,24,570.97458,onshore_wind_turbine
38,24,559.4481,onshore_wind_turbine
50,24,1010.6735399999999,onshore_wind_turbine
63,24,131.4520799352,onshore_wind_turbine
80,24,1747.25436,onshore_wind_turbine
94,24,2837.16,onshore_wind_turbine
105,24,1014.424740063,onshore_wind_turbine
124,24,5499.8574843498,onshore_wind_turbine
136,24,2030.6559600000003,onshore_wind_turbine
144,24,4012.5933899999995,onshore_wind_turbine
11,24,19.125,small_hydroelectric
24,24,62.577,small_hydroelectric
32,24,192.0,small_hydroelectric
39,24,52.9,small_hydroelectric
51,24,25.641,small_hydroelectric
64,24,6.128,small_hydroelectric
81,24,241.672,small_hydroelectric
95,24,418.922,small_hydroelectric
106,24,31.614,small_hydroelectric
125,24,100.697,small_hydroelectric
137,24,36.822,small_hydroelectric
145,24,33.21,small_hydroelectric
12,24,0.0,solar_photovoltaic
25,24,0.0,solar_photovoltaic
33,24,0.0,solar_photovoltaic
52,24,0.0,solar_photovoltaic
65,24,0.0,solar_photovoltaic
82,24,0.0,solar_photovoltaic
96,24,0.0,solar_photovoltaic
107,24,0.0,solar_photovoltaic
126,24,0.0,solar_photovoltaic
138,24,0.0,solar_photovoltaic
26,25,11.235,biomass
13,25,15.682,biomass
108,25,137.081,biomass
40,25,5.952,biomass
97,25,178.173,biomass
1,25,16.294,biomass
66,25,228.795,biomass
2,25,862.4549975999998,conventional_hydroelectric
14,25,128.7025344,conventional_hydroelectric
27,25,857.6617176000001,conventional_hydroelectric
35,25,833.4544592,conventional_hydroelectric
54,25,666.0481608000001,conventional_hydroelectric
67,25,1425.5510466674878,conventional_hydroelectric
84,25,15377.7412554,conventional_hydroelectric
109,25,107.76396152340001,conventional_hydroelectric
128,25,52.32546000000001,conventional_hydroelectric
139,25,47.5340736,conventional_hydroelectric
110,25,50.0,conventional_steam_coal
41,25,7219.002,conventional_steam_coal
3,25,7330.429907743101,conventional_steam_coal
36,25,0.0,conventional_steam_coal
85,25,0.0,conventional_steam_coal
28,25,74.364,geothermal
116,25,0.0,natural_gas_fired_combined_cycle
73,25,0.0,natural_gas_fired_combined_cycle
71,25,0.0,natural_gas_fired_combined_cycle
44,25,0.0,natural_gas_fired_combined_cycle
115,25,0.0,natural_gas_fired_combined_cycle
70,25,0.0,natural_gas_fired_combined_cycle
131,25,0.0,natural_gas_fired_combined_cycle
18,25,0.0,natural_gas_fired_combined_cycle
72,25,0.0,natural_gas_fired_combined_cycle
114,25,0.0,natural_gas_fired_combined_cycle
45,25,0.0,natural_gas_fired_combined_cycle
78,25,0.0,natural_gas_fired_combustion_turbine
75,25,0.0,natural_gas_fired_combustion_turbine
119,25,0.0,natural_gas_fired_combustion_turbine
117,25,0.0,natural_gas_fired_combustion_turbine
134,25,0.0,natural_gas_fired_combustion_turbine
103,25,0.0,natural_gas_fired_combustion_turbine
47,25,0.0,natural_gas_fired_combustion_turbine
8,25,0.0,natural_gas_fired_combustion_turbine
90,25,0.0,natural_gas_fired_combustion_turbine
60,25,0.0,natural_gas_fired_combustion_turbine
46,25,0.0,natural_gas_fired_combustion_turbine
37,25,0.0,natural_gas_fired_combustion_turbine
7,25,0.0,natural_gas_fired_combustion_turbine
133,25,0.0,natural_gas_fired_combustion_turbine
74,25,0.0,natural_gas_fired_combustion_turbine
20,25,0.0,natural_gas_fired_combustion_turbine
135,25,0.0,natural_gas_fired_combustion_turbine
142,25,0.0,natural_gas_fired_combustion_turbine
121,25,0.0,natural_gas_fired_combustion_turbine
91,25,0.0,natural_gas_fired_combustion_turbine
22,25,0.0,natural_gas_steam_turbine
123,25,0.0,natural_gas_steam_turbine
62,25,0.0,natural_gas_steam_turbine
49,25,0.0,natural_gas_steam_turbine
48,25,0.0,natural_gas_steam_turbine
21,25,0.0,natural_gas_steam_turbine
79,25,7405.999,nuclear
10,25,386.95347000000004,onshore_wind_turbine
23,25,2765.5518,onshore_wind_turbine
31,25,304.31622,onshore_wind_turbine
38,25,592.0704,onshore_wind_turbine
50,25,1217.10528,onshore_wind_turbine
63,25,147.4004400912,onshore_wind_turbine
80,25,2102.1218400000002,onshore_wind_turbine
94,25,4038.2243999999996,onshore_wind_turbine
105,25,976.747259565,onshore_wind_turbine
124,25,7164.057635809801,onshore_wind_turbine
136,25,1875.3115500000001,onshore_wind_turbine
144,25,3282.1883099999995,onshore_wind_turbine
11,25,19.125,small_hydroelectric
24,25,62.577,small_hydroelectric
32,25,192.0,small_hydroelectric
39,25,52.9,small_hydroelectric
51,25,25.641,small_hydroelectric
64,25,6.128,small_hydroelectric
81,25,241.672,small_hydroelectric
95,25,418.922,small_hydroelectric
106,25,31.614,small_hydroelectric
125,25,100.697,small_hydroelectric
137,25,36.822,small_hydroelectric
145,25,33.21,small_hydroelectric
12,25,0.0,solar_photovoltaic
25,25,0.0,solar_photovoltaic
33,25,0.0,solar_photovoltaic
52,25,0.0,solar_photovoltaic
65,25,0.0,solar_photovoltaic
82,25,0.0,solar_photovoltaic
96,25,0.0,solar_photovoltaic
107,25,0.0,solar_photovoltaic
126,25,0.0,solar_photovoltaic
138,25,0.0,solar_photovoltaic
26,26,11.235,biomass
13,26,15.682,biomass
108,26,137.081,biomass
40,26,5.952,biomass
97,26,178.173,biomass
1,26,16.294,biomass
66,26,228.795,biomass
2,26,862.4549975999998,conventional_hydroelectric
14,26,128.7025344,conventional_hydroelectric
27,26,857.6617176000001,conventional_hydroelectric
35,26,833.4544592,conventional_hydroelectric
54,26,666.0481608000001,conventional_hydroelectric
67,26,1425.5510466674878,conventional_hydroelectric
84,26,15377.7412554,conventional_hydroelectric
109,26,107.76396152340001,conventional_hydroelectric
128,26,52.32546000000001,conventional_hydroelectric
139,26,47.5340736,conventional_hydroelectric
110,26,50.0,conventional_steam_coal
41,26,7219.002,conventional_steam_coal
3,26,0.0,conventional_steam_coal
36,26,0.0,conventional_steam_coal
85,26,0.0,conventional_steam_coal
28,26,74.364,geothermal
116,26,0.0,natural_gas_fired_combined_cycle
73,26,0.0,natural_gas_fired_combined_cycle
71,26,0.0,natural_gas_fired_combined_cycle
44,26,0.0,natural_gas_fired_combined_cycle
115,26,0.0,natural_gas_fired_combined_cycle
70,26,0.0,natural_gas_fired_combined_cycle
131,26,0.0,natural_gas_fired_combined_cycle
18,26,0.0,natural_gas_fired_combined_cycle
72,26,0.0,natural_gas_fired_combined_cycle
114,26,0.0,natural_gas_fired_combined_cycle
45,26,0.0,natural_gas_fired_combined_cycle
78,26,0.0,natural_gas_fired_combustion_turbine
75,26,0.0,natural_gas_fired_combustion_turbine
119,26,0.0,natural_gas_fired_combustion_turbine
117,26,0.0,natural_gas_fired_combustion_turbine
134,26,0.0,natural_gas_fired_combustion_turbine
103,26,0.0,natural_gas_fired_combustion_turbine
47,26,0.0,natural_gas_fired_combustion_turbine
8,26,0.0,natural_gas_fired_combustion_turbine
90,26,0.0,natural_gas_fired_combustion_turbine
60,26,0.0,natural_gas_fired_combustion_turbine
46,26,0.0,natural_gas_fired_combustion_turbine
37,26,0.0,natural_gas_fired_combustion_turbine
7,26,0.0,natural_gas_fired_combustion_turbine
133,26,0.0,natural_gas_fired_combustion_turbine
74,26,0.0,natural_gas_fired_combustion_turbine
20,26,0.0,natural_gas_fired_combustion_turbine
135,26,0.0,natural_gas_fired_combustion_turbine
142,26,0.0,natural_gas_fired_combustion_turbine
121,26,0.0,natural_gas_fired_combustion_turbine
91,26,0.0,natural_gas_fired_combustion_turbine
22,26,0.0,natural_gas_steam_turbine
123,26,0.0,natural_gas_steam_turbine
62,26,0.0,natural_gas_steam_turbine
49,26,0.0,natural_gas_steam_turbine
48,26,0.0,natural_gas_steam_turbine
21,26,0.0,natural_gas_steam_turbine
79,26,7405.999,nuclear
10,26,386.56752000000006,onshore_wind_turbine
23,26,2244.8646000000003,onshore_wind_turbine
31,26,262.58724,onshore_wind_turbine
38,26,488.8476,onshore_wind_turbine
50,26,1196.4911399999999,onshore_wind_turbine
63,26,205.47024012960003,onshore_wind_turbine
80,26,1326.67068,onshore_wind_turbine
94,26,3710.3748,onshore_wind_turbine
105,26,1009.463879907,onshore_wind_turbine
124,26,7029.798516285601,onshore_wind_turbine
136,26,1987.48332,onshore_wind_turbine
144,26,2859.5173499999996,onshore_wind_turbine
11,26,19.125,small_hydroelectric
24,26,62.577,small_hydroelectric
32,26,192.0,small_hydroelectric
39,26,52.9,small_hydroelectric
51,26,25.641,small_hydroelectric
64,26,6.128,small_hydroelectric
81,26,241.672,small_hydroelectric
95,26,418.922,small_hydroelectric
106,26,31.614,small_hydroelectric
125,26,100.697,small_hydroelectric
137,26,36.822,small_hydroelectric
145,26,33.21,small_hydroelectric
12,26,0.0,solar_photovoltaic
25,26,0.0,solar_photovoltaic
33,26,0.0,solar_photovoltaic
52,26,0.0,solar_photovoltaic
65,26,0.0,solar_photovoltaic
82,26,0.0,solar_photovoltaic
96,26,0.0,solar_photovoltaic
107,26,0.0,solar_photovoltaic
126,26,0.0,solar_photovoltaic
138,26,0.0,solar_photovoltaic
26,27,11.235,biomass
13,27,15.682,biomass
108,27,137.081,biomass
40,27,5.952,biomass
97,27,178.173,biomass
1,27,16.294,biomass
66,27,228.795,biomass
2,27,862.4549975999998,conventional_hydroelectric
14,27,128.7025344,conventional_hydroelectric
27,27,857.6617176000001,conventional_hydroelectric
35,27,833.4544592,conventional_hydroelectric
54,27,666.0481608000001,conventional_hydroelectric
67,27,1425.5510466674878,conventional_hydroelectric
84,27,15377.7412554,conventional_hydroelectric
109,27,107.76396152340001,conventional_hydroelectric
128,27,52.32546000000001,conventional_hydroelectric
139,27,47.5340736,conventional_hydroelectric
110,27,50.0,conventional_steam_coal
41,27,7219.002,conventional_steam_coal
3,27,5417.307123352506,conventional_steam_coal
36,27,0.0,conventional_steam_coal
85,27,0.0,conventional_steam_coal
28,27,74.364,geothermal
116,27,0.0,natural_gas_fired_combined_cycle
73,27,0.0,natural_gas_fired_combined_cycle
71,27,0.0,natural_gas_fired_combined_cycle
44,27,0.0,natural_gas_fired_combined_cycle
115,27,0.0,natural_gas_fired_combined_cycle
70,27,0.0,natural_gas_fired_combined_cycle
131,27,0.0,natural_gas_fired_combined_cycle
18,27,0.0,natural_gas_fired_combined_cycle
72,27,0.0,natural_gas_fired_combined_cycle
114,27,0.0,natural_gas_fired_combined_cycle
45,27,0.0,natural_gas_fired_combined_cycle
78,27,0.0,natural_gas_fired_combustion_turbine
75,27,0.0,natural_gas_fired_combustion_turbine
119,27,0.0,natural_gas_fired_combustion_turbine
117,27,0.0,natural_gas_fired_combustion_turbine
134,27,0.0,natural_gas_fired_combustion_turbine
103,27,0.0,natural_gas_fired_combustion_turbine
47,27,0.0,natural_gas_fired_combustion_turbine
8,27,0.0,natural_gas_fired_combustion_turbine
90,27,0.0,natural_gas_fired_combustion_turbine
60,27,0.0,natural_gas_fired_combustion_turbine
46,27,0.0,natural_gas_fired_combustion_turbine
37,27,0.0,natural_gas_fired_combustion_turbine
7,27,0.0,natural_gas_fired_combustion_turbine
133,27,0.0,natural_gas_fired_combustion_turbine
74,27,0.0,natural_gas_fired_combustion_turbine
20,27,0.0,natural_gas_fired_combustion_turbine
135,27,0.0,natural_gas_fired_combustion_turbine
142,27,0.0,natural_gas_fired_combustion_turbine
121,27,0.0,natural_gas_fired_combustion_turbine
91,27,0.0,natural_gas_fired_combustion_turbine
22,27,0.0,natural_gas_steam_turbine
123,27,0.0,natural_gas_steam_turbine
62,27,0.0,natural_gas_steam_turbine
49,27,0.0,natural_gas_steam_turbine
48,27,0.0,natural_gas_steam_turbine
21,27,0.0,natural_gas_steam_turbine
79,27,7405.999,nuclear
10,27,396.98817,onshore_wind_turbine
23,27,1721.7816,onshore_wind_turbine
31,27,237.65162999999998,onshore_wind_turbine
38,27,528.7734,onshore_wind_turbine
50,27,1447.6352399999998,onshore_wind_turbine
63,27,214.07964014400002,onshore_wind_turbine
80,27,1656.44652,onshore_wind_turbine
94,27,4184.811000000001,onshore_wind_turbine
105,27,975.1503601349999,onshore_wind_turbine
124,27,7923.152489577601,onshore_wind_turbine
136,27,2008.2987000000003,onshore_wind_turbine
144,27,2994.8462099999997,onshore_wind_turbine
11,27,19.125,small_hydroelectric
24,27,62.577,small_hydroelectric
32,27,192.0,small_hydroelectric
39,27,52.9,small_hydroelectric
51,27,25.641,small_hydroelectric
64,27,6.128,small_hydroelectric
81,27,241.672,small_hydroelectric
95,27,418.922,small_hydroelectric
106,27,31.614,small_hydroelectric
125,27,100.697,small_hydroelectric
137,27,36.822,small_hydroelectric
145,27,33.21,small_hydroelectric
12,27,0.0,solar_photovoltaic
25,27,0.0,solar_photovoltaic
33,27,0.0,solar_photovoltaic
52,27,0.0,solar_photovoltaic
65,27,0.0,solar_photovoltaic
82,27,0.0,solar_photovoltaic
96,27,0.0,solar_photovoltaic
107,27,0.0,solar_photovoltaic
126,27,0.0,solar_photovoltaic
138,27,0.0,solar_photovoltaic
26,28,11.235,biomass
13,28,15.682,biomass
108,28,137.081,biomass
40,28,5.952,biomass
97,28,178.173,biomass
1,28,16.294,biomass
66,28,228.795,biomass
2,28,862.4549975999998,conventional_hydroelectric
14,28,128.7025344,conventional_hydroelectric
27,28,857.6617176000001,conventional_hydroelectric
35,28,833.4544592,conventional_hydroelectric
54,28,666.0481608000001,conventional_hydroelectric
67,28,1425.5510466674878,conventional_hydroelectric
84,28,15377.7412554,conventional_hydroelectric
109,28,107.76396152340001,conventional_hydroelectric
128,28,52.32546000000001,conventional_hydroelectric
139,28,47.5340736,conventional_hydroelectric
110,28,50.0,conventional_steam_coal
41,28,7219.002,conventional_steam_coal
3,28,0.0,conventional_steam_coal
36,28,0.0,conventional_steam_coal
85,28,0.0,conventional_steam_coal
28,28,74.364,geothermal
116,28,0.0,natural_gas_fired_combined_cycle
73,28,0.0,natural_gas_fired_combined_cycle
71,28,0.0,natural_gas_fired_combined_cycle
44,28,0.0,natural_gas_fired_combined_cycle
115,28,0.0,natural_gas_fired_combined_cycle
70,28,0.0,natural_gas_fired_combined_cycle
131,28,0.0,natural_gas_fired_combined_cycle
18,28,0.0,natural_gas_fired_combined_cycle
72,28,0.0,natural_gas_fired_combined_cycle
114,28,0.0,natural_gas_fired_combined_cycle
45,28,0.0,natural_gas_fired_combined_cycle
78,28,0.0,natural_gas_fired_combustion_turbine
75,28,0.0,natural_gas_fired_combustion_turbine
119,28,0.0,natural_gas_fired_combustion_turbine
117,28,0.0,natural_gas_fired_combustion_turbine
134,28,0.0,natural_gas_fired_combustion_turbine
103,28,0.0,natural_gas_fired_combustion_turbine
47,28,0.0,natural_gas_fired_combustion_turbine
8,28,0.0,natural_gas_fired_combustion_turbine
90,28,0.0,natural_gas_fired_combustion_turbine
60,28,0.0,natural_gas_fired_combustion_turbine
46,28,0.0,natural_gas_fired_combustion_turbine
37,28,0.0,natural_gas_fired_combustion_turbine
7,28,0.0,natural_gas_fired_combustion_turbine
133,28,0.0,natural_gas_fired_combustion_turbine
74,28,0.0,natural_gas_fired_combustion_turbine
20,28,0.0,natural_gas_fired_combustion_turbine
135,28,0.0,natural_gas_fired_combustion_turbine
142,28,0.0,natural_gas_fired_combustion_turbine
121,28,0.0,natural_gas_fired_combustion_turbine
91,28,0.0,natural_gas_fired_combustion_turbine
22,28,0.0,natural_gas_steam_turbine
123,28,0.0,natural_gas_steam_turbine
62,28,0.0,natural_gas_steam_turbine
49,28,0.0,natural_gas_steam_turbine
48,28,0.0,natural_gas_steam_turbine
21,28,0.0,natural_gas_steam_turbine
79,28,7405.999,nuclear
10,28,457.73670000000004,onshore_wind_turbine
23,28,1363.2102,onshore_wind_turbine
31,28,238.16052,onshore_wind_turbine
38,28,599.3739,onshore_wind_turbine
50,28,1709.5219199999997,onshore_wind_turbine
63,28,190.56996010080002,onshore_wind_turbine
80,28,1383.6247199999998,onshore_wind_turbine
94,28,4137.525000000001,onshore_wind_turbine
105,28,1088.66352042,onshore_wind_turbine
124,28,9727.0126220982,onshore_wind_turbine
136,28,1715.7269700000002,onshore_wind_turbine
144,28,2975.3810999999996,onshore_wind_turbine
11,28,19.125,small_hydroelectric
24,28,62.577,small_hydroelectric
32,28,192.0,small_hydroelectric
39,28,52.9,small_hydroelectric
51,28,25.641,small_hydroelectric
64,28,6.128,small_hydroelectric
81,28,241.672,small_hydroelectric
95,28,418.922,small_hydroelectric
106,28,31.614,small_hydroelectric
125,28,100.697,small_hydroelectric
137,28,36.822,small_hydroelectric
145,28,33.21,small_hydroelectric
12,28,0.0,solar_photovoltaic
25,28,0.0,solar_photovoltaic
33,28,0.0,solar_photovoltaic
52,28,0.0,solar_photovoltaic
65,28,0.0,solar_photovoltaic
82,28,0.0,solar_photovoltaic
96,28,0.0,solar_photovoltaic
107,28,0.0,solar_photovoltaic
126,28,0.0,solar_photovoltaic
138,28,0.0,solar_photovoltaic
26,29,11.235,biomass
13,29,15.682,biomass
108,29,137.081,biomass
40,29,5.952,biomass
97,29,178.173,biomass
1,29,16.294,biomass
66,29,228.795,biomass
2,29,862.4549975999998,conventional_hydroelectric
14,29,128.7025344,conventional_hydroelectric
27,29,857.6617176000001,conventional_hydroelectric
35,29,833.4544592,conventional_hydroelectric
54,29,666.0481608000001,conventional_hydroelectric
67,29,1425.5510466674878,conventional_hydroelectric
84,29,15377.7412554,conventional_hydroelectric
109,29,107.76396152340001,conventional_hydroelectric
128,29,52.32546000000001,conventional_hydroelectric
139,29,47.5340736,conventional_hydroelectric
110,29,50.0,conventional_steam_coal
41,29,7219.002,conventional_steam_coal
3,29,0.0,conventional_steam_coal
36,29,0.0,conventional_steam_coal
85,29,0.0,conventional_steam_coal
28,29,74.364,geothermal
116,29,0.0,natural_gas_fired_combined_cycle
73,29,0.0,natural_gas_fired_combined_cycle
71,29,0.0,natural_gas_fired_combined_cycle
44,29,0.0,natural_gas_fired_combined_cycle
115,29,0.0,natural_gas_fired_combined_cycle
70,29,0.0,natural_gas_fired_combined_cycle
131,29,0.0,natural_gas_fired_combined_cycle
18,29,0.0,natural_gas_fired_combined_cycle
72,29,0.0,natural_gas_fired_combined_cycle
114,29,0.0,natural_gas_fired_combined_cycle
45,29,0.0,natural_gas_fired_combined_cycle
78,29,0.0,natural_gas_fired_combustion_turbine
75,29,0.0,natural_gas_fired_combustion_turbine
119,29,0.0,natural_gas_fired_combustion_turbine
117,29,0.0,natural_gas_fired_combustion_turbine
134,29,0.0,natural_gas_fired_combustion_turbine
103,29,0.0,natural_gas_fired_combustion_turbine
47,29,0.0,natural_gas_fired_combustion_turbine
8,29,0.0,natural_gas_fired_combustion_turbine
90,29,0.0,natural_gas_fired_combustion_turbine
60,29,0.0,natural_gas_fired_combustion_turbine
46,29,0.0,natural_gas_fired_combustion_turbine
37,29,0.0,natural_gas_fired_combustion_turbine
7,29,0.0,natural_gas_fired_combustion_turbine
133,29,0.0,natural_gas_fired_combustion_turbine
74,29,0.0,natural_gas_fired_combustion_turbine
20,29,0.0,natural_gas_fired_combustion_turbine
135,29,0.0,natural_gas_fired_combustion_turbine
142,29,0.0,natural_gas_fired_combustion_turbine
121,29,0.0,natural_gas_fired_combustion_turbine
91,29,0.0,natural_gas_fired_combustion_turbine
22,29,0.0,natural_gas_steam_turbine
123,29,0.0,natural_gas_steam_turbine
62,29,0.0,natural_gas_steam_turbine
49,29,0.0,natural_gas_steam_turbine
48,29,0.0,natural_gas_steam_turbine
21,29,0.0,natural_gas_steam_turbine
79,29,7405.999,nuclear
10,29,453.1053,onshore_wind_turbine
23,29,1596.4014,onshore_wind_turbine
31,29,486.49884,onshore_wind_turbine
38,29,429.4458,onshore_wind_turbine
50,29,1933.95474,onshore_wind_turbine
63,29,255.21899999040002,onshore_wind_turbine
80,29,1454.9168399999999,onshore_wind_turbine
94,29,3357.306,onshore_wind_turbine
105,29,1070.75004057,onshore_wind_turbine
124,29,10698.659759601001,onshore_wind_turbine
136,29,1555.37145,onshore_wind_turbine
144,29,2837.2715099999996,onshore_wind_turbine
11,29,19.125,small_hydroelectric
24,29,62.577,small_hydroelectric
32,29,192.0,small_hydroelectric
39,29,52.9,small_hydroelectric
51,29,25.641,small_hydroelectric
64,29,6.128,small_hydroelectric
81,29,241.672,small_hydroelectric
95,29,418.922,small_hydroelectric
106,29,31.614,small_hydroelectric
125,29,100.697,small_hydroelectric
137,29,36.822,small_hydroelectric
145,29,33.21,small_hydroelectric
12,29,0.0,solar_photovoltaic
25,29,0.0,solar_photovoltaic
33,29,0.0,solar_photovoltaic
52,29,0.0,solar_photovoltaic
65,29,0.0,solar_photovoltaic
82,29,0.0,solar_photovoltaic
96,29,0.0,solar_photovoltaic
107,29,0.0,solar_photovoltaic
126,29,0.0,solar_photovoltaic
138,29,0.0,solar_photovoltaic
26,30,11.235,biomass
13,30,15.682,biomass
108,30,137.081,biomass
40,30,5.952,biomass
97,30,178.173,biomass
1,30,16.294,biomass
66,30,228.795,biomass
2,30,862.4549975999998,conventional_hydroelectric
14,30,128.7025344,conventional_hydroelectric
27,30,857.6617176000001,conventional_hydroelectric
35,30,833.4544592,conventional_hydroelectric
54,30,666.0481608000001,conventional_hydroelectric
67,30,1425.5510466674878,conventional_hydroelectric
84,30,15377.7412554,conventional_hydroelectric
109,30,107.76396152340001,conventional_hydroelectric
128,30,52.32546000000001,conventional_hydroelectric
139,30,47.5340736,conventional_hydroelectric
110,30,50.0,conventional_steam_coal
41,30,7219.002,conventional_steam_coal
3,30,7588.746126535307,conventional_steam_coal
36,30,0.0,conventional_steam_coal
85,30,0.0,conventional_steam_coal
28,30,74.364,geothermal
116,30,0.0,natural_gas_fired_combined_cycle
73,30,0.0,natural_gas_fired_combined_cycle
71,30,0.0,natural_gas_fired_combined_cycle
44,30,0.0,natural_gas_fired_combined_cycle
115,30,0.0,natural_gas_fired_combined_cycle
70,30,0.0,natural_gas_fired_combined_cycle
131,30,0.0,natural_gas_fired_combined_cycle
18,30,0.0,natural_gas_fired_combined_cycle
72,30,0.0,natural_gas_fired_combined_cycle
114,30,0.0,natural_gas_fired_combined_cycle
45,30,0.0,natural_gas_fired_combined_cycle
78,30,0.0,natural_gas_fired_combustion_turbine
75,30,0.0,natural_gas_fired_combustion_turbine
119,30,0.0,natural_gas_fired_combustion_turbine
117,30,0.0,natural_gas_fired_combustion_turbine
134,30,0.0,natural_gas_fired_combustion_turbine
103,30,0.0,natural_gas_fired_combustion_turbine
47,30,0.0,natural_gas_fired_combustion_turbine
8,30,0.0,natural_gas_fired_combustion_turbine
90,30,0.0,natural_gas_fired_combustion_turbine
60,30,0.0,natural_gas_fired_combustion_turbine
46,30,0.0,natural_gas_fired_combustion_turbine
37,30,0.0,natural_gas_fired_combustion_turbine
7,30,0.0,natural_gas_fired_combustion_turbine
133,30,0.0,natural_gas_fired_combustion_turbine
74,30,0.0,natural_gas_fired_combustion_turbine
20,30,0.0,natural_gas_fired_combustion_turbine
135,30,0.0,natural_gas_fired_combustion_turbine
142,30,0.0,natural_gas_fired_combustion_turbine
121,30,0.0,natural_gas_fired_combustion_turbine
91,30,0.0,natural_gas_fired_combustion_turbine
22,30,0.0,natural_gas_steam_turbine
123,30,0.0,natural_gas_steam_turbine
62,30,0.0,natural_gas_steam_turbine
49,30,0.0,natural_gas_steam_turbine
48,30,0.0,natural_gas_steam_turbine
21,30,0.0,natural_gas_steam_turbine
79,30,7405.999,nuclear
10,30,404.16684000000004,onshore_wind_turbine
23,30,1064.5338,onshore_wind_turbine
31,30,1812.66618,onshore_wind_turbine
38,30,213.7491,onshore_wind_turbine
50,30,2133.1279799999998,onshore_wind_turbine
63,30,267.40812015840004,onshore_wind_turbine
80,30,542.85564,onshore_wind_turbine
94,30,2808.7884,onshore_wind_turbine
105,30,1100.661120153,onshore_wind_turbine
124,30,10548.0662163624,onshore_wind_turbine
136,30,1786.26798,onshore_wind_turbine
144,30,2595.348,onshore_wind_turbine
11,30,19.125,small_hydroelectric
24,30,62.577,small_hydroelectric
32,30,192.0,small_hydroelectric
39,30,52.9,small_hydroelectric
51,30,25.641,small_hydroelectric
64,30,6.128,small_hydroelectric
81,30,241.672,small_hydroelectric
95,30,418.922,small_hydroelectric
106,30,31.614,small_hydroelectric
125,30,100.697,small_hydroelectric
137,30,36.822,small_hydroelectric
145,30,33.21,small_hydroelectric
12,30,0.0,solar_photovoltaic
25,30,0.0,solar_photovoltaic
33,30,0.0,solar_photovoltaic
52,30,0.0,solar_photovoltaic
65,30,0.0,solar_photovoltaic
82,30,0.0,solar_photovoltaic
96,30,0.0,solar_photovoltaic
107,30,0.0,solar_photovoltaic
126,30,0.0,solar_photovoltaic
138,30,0.0,solar_photovoltaic
26,31,11.235,biomass
13,31,15.682,biomass
108,31,137.081,biomass
40,31,5.952,biomass
97,31,178.173,biomass
1,31,16.294,biomass
66,31,228.795,biomass
2,31,862.4549975999998,conventional_hydroelectric
14,31,128.7025344,conventional_hydroelectric
27,31,857.6617176000001,conventional_hydroelectric
35,31,833.4544592,conventional_hydroelectric
54,31,666.0481608000001,conventional_hydroelectric
67,31,1425.5510466674878,conventional_hydroelectric
84,31,15377.7412554,conventional_hydroelectric
109,31,107.76396152340001,conventional_hydroelectric
128,31,52.32546000000001,conventional_hydroelectric
139,31,47.5340736,conventional_hydroelectric
110,31,50.0,conventional_steam_coal
41,31,7219.002,conventional_steam_coal
3,31,7764.9980258743035,conventional_steam_coal
36,31,0.0,conventional_steam_coal
85,31,0.0,conventional_steam_coal
28,31,74.364,geothermal
116,31,0.0,natural_gas_fired_combined_cycle
73,31,0.0,natural_gas_fired_combined_cycle
71,31,0.0,natural_gas_fired_combined_cycle
44,31,0.0,natural_gas_fired_combined_cycle
115,31,0.0,natural_gas_fired_combined_cycle
70,31,0.0,natural_gas_fired_combined_cycle
131,31,0.0,natural_gas_fired_combined_cycle
18,31,0.0,natural_gas_fired_combined_cycle
72,31,0.0,natural_gas_fired_combined_cycle
114,31,0.0,natural_gas_fired_combined_cycle
45,31,0.0,natural_gas_fired_combined_cycle
78,31,0.0,natural_gas_fired_combustion_turbine
75,31,0.0,natural_gas_fired_combustion_turbine
119,31,0.0,natural_gas_fired_combustion_turbine
117,31,0.0,natural_gas_fired_combustion_turbine
134,31,0.0,natural_gas_fired_combustion_turbine
103,31,0.0,natural_gas_fired_combustion_turbine
47,31,0.0,natural_gas_fired_combustion_turbine
8,31,0.0,natural_gas_fired_combustion_turbine
90,31,0.0,natural_gas_fired_combustion_turbine
60,31,0.0,natural_gas_fired_combustion_turbine
46,31,0.0,natural_gas_fired_combustion_turbine
37,31,0.0,natural_gas_fired_combustion_turbine
7,31,0.0,natural_gas_fired_combustion_turbine
133,31,0.0,natural_gas_fired_combustion_turbine
74,31,0.0,natural_gas_fired_combustion_turbine
20,31,0.0,natural_gas_fired_combustion_turbine
135,31,0.0,natural_gas_fired_combustion_turbine
142,31,0.0,natural_gas_fired_combustion_turbine
121,31,0.0,natural_gas_fired_combustion_turbine
91,31,0.0,natural_gas_fired_combustion_turbine
22,31,0.0,natural_gas_steam_turbine
123,31,0.0,natural_gas_steam_turbine
62,31,0.0,natural_gas_steam_turbine
49,31,0.0,natural_gas_steam_turbine
48,31,0.0,natural_gas_steam_turbine
21,31,0.0,natural_gas_steam_turbine
79,31,7405.999,nuclear
10,31,456.34728,onshore_wind_turbine
23,31,1142.7966000000001,onshore_wind_turbine
31,31,2091.0290099999997,onshore_wind_turbine
38,31,170.41500000000002,onshore_wind_turbine
50,31,2106.1263599999997,onshore_wind_turbine
63,31,265.52532012240005,onshore_wind_turbine
80,31,538.4745599999999,onshore_wind_turbine
94,31,3242.2434,onshore_wind_turbine
105,31,1063.385160453,onshore_wind_turbine
124,31,10056.2046615426,onshore_wind_turbine
136,31,1584.6671700000002,onshore_wind_turbine
144,31,2626.8629399999995,onshore_wind_turbine
11,31,19.125,small_hydroelectric
24,31,62.577,small_hydroelectric
32,31,192.0,small_hydroelectric
39,31,52.9,small_hydroelectric
51,31,25.641,small_hydroelectric
64,31,6.128,small_hydroelectric
81,31,241.672,small_hydroelectric
95,31,418.922,small_hydroelectric
106,31,31.614,small_hydroelectric
125,31,100.697,small_hydroelectric
137,31,36.822,small_hydroelectric
145,31,33.21,small_hydroelectric
12,31,662.8472999999999,solar_photovoltaic
25,31,229.48062,solar_photovoltaic
33,31,0.0,solar_photovoltaic
52,31,819.9369599999999,solar_photovoltaic
65,31,70.4419152168,solar_photovoltaic
82,31,0.0,solar_photovoltaic
96,31,0.0,solar_photovoltaic
107,31,0.0,solar_photovoltaic
126,31,0.0,solar_photovoltaic
138,31,269.66082,solar_photovoltaic
26,32,11.235,biomass
13,32,15.682,biomass
108,32,137.081,biomass
40,32,5.952,biomass
97,32,178.173,biomass
1,32,16.294,biomass
66,32,228.795,biomass
2,32,862.4549975999998,conventional_hydroelectric
14,32,128.7025344,conventional_hydroelectric
27,32,857.6617176000001,conventional_hydroelectric
35,32,833.4544592,conventional_hydroelectric
54,32,666.0481608000001,conventional_hydroelectric
67,32,1425.5510466674878,conventional_hydroelectric
84,32,15377.7412554,conventional_hydroelectric
109,32,107.76396152340001,conventional_hydroelectric
128,32,52.32546000000001,conventional_hydroelectric
139,32,47.5340736,conventional_hydroelectric
110,32,50.0,conventional_steam_coal
41,32,6326.831132652615,conventional_steam_coal
3,32,0.0,conventional_steam_coal
36,32,0.0,conventional_steam_coal
85,32,0.0,conventional_steam_coal
28,32,74.364,geothermal
116,32,0.0,natural_gas_fired_combined_cycle
73,32,0.0,natural_gas_fired_combined_cycle
71,32,0.0,natural_gas_fired_combined_cycle
44,32,0.0,natural_gas_fired_combined_cycle
115,32,0.0,natural_gas_fired_combined_cycle
70,32,0.0,natural_gas_fired_combined_cycle
131,32,0.0,natural_gas_fired_combined_cycle
18,32,0.0,natural_gas_fired_combined_cycle
72,32,0.0,natural_gas_fired_combined_cycle
114,32,0.0,natural_gas_fired_combined_cycle
45,32,0.0,natural_gas_fired_combined_cycle
78,32,0.0,natural_gas_fired_combustion_turbine
75,32,0.0,natural_gas_fired_combustion_turbine
119,32,0.0,natural_gas_fired_combustion_turbine
117,32,0.0,natural_gas_fired_combustion_turbine
134,32,0.0,natural_gas_fired_combustion_turbine
103,32,0.0,natural_gas_fired_combustion_turbine
47,32,0.0,natural_gas_fired_combustion_turbine
8,32,0.0,natural_gas_fired_combustion_turbine
90,32,0.0,natural_gas_fired_combustion_turbine
60,32,0.0,natural_gas_fired_combustion_turbine
46,32,0.0,natural_gas_fired_combustion_turbine
37,32,0.0,natural_gas_fired_combustion_turbine
7,32,0.0,natural_gas_fired_combustion_turbine
133,32,0.0,natural_gas_fired_combustion_turbine
74,32,0.0,natural_gas_fired_combustion_turbine
20,32,0.0,natural_gas_fired_combustion_turbine
135,32,0.0,natural_gas_fired_combustion_turbine
142,32,0.0,natural_gas_fired_combustion_turbine
121,32,0.0,natural_gas_fired_combustion_turbine
91,32,0.0,natural_gas_fired_combustion_turbine
22,32,0.0,natural_gas_steam_turbine
123,32,0.0,natural_gas_steam_turbine
62,32,0.0,natural_gas_steam_turbine
49,32,0.0,natural_gas_steam_turbine
48,32,0.0,natural_gas_steam_turbine
21,32,0.0,natural_gas_steam_turbine
79,32,5554.49925,nuclear
10,32,405.24750000000006,onshore_wind_turbine
23,32,1249.809,onshore_wind_turbine
31,32,1288.5094799999997,onshore_wind_turbine
38,32,363.95775,onshore_wind_turbine
50,32,1951.3751399999999,onshore_wind_turbine
63,32,286.1332799784,onshore_wind_turbine
80,32,426.95616,onshore_wind_turbine
94,32,2414.7384,onshore_wind_turbine
105,32,1018.34783946,onshore_wind_turbine
124,32,9607.887991409401,onshore_wind_turbine
136,32,1679.10732,onshore_wind_turbine
144,32,2067.9362099999994,onshore_wind_turbine
11,32,19.125,small_hydroelectric
24,32,62.577,small_hydroelectric
32,32,192.0,small_hydroelectric
39,32,52.9,small_hydroelectric
51,32,25.641,small_hydroelectric
64,32,6.128,small_hydroelectric
81,32,241.672,small_hydroelectric
95,32,418.922,small_hydroelectric
106,32,31.614,small_hydroelectric
125,32,100.697,small_hydroelectric
137,32,36.822,small_hydroelectric
145,32,33.21,small_hydroelectric
12,32,1981.88316,solar_photovoltaic
25,32,626.3075399999999,solar_photovoltaic
33,32,33.57525,solar_photovoltaic
52,32,1553.6738999999998,solar_photovoltaic
65,32,3262.4672971031996,solar_photovoltaic
82,32,1678.1129099999998,solar_photovoltaic
96,32,23.2989,solar_photovoltaic
107,32,2115.5938507575,solar_photovoltaic
126,32,5663.939101848,solar_photovoltaic
138,32,835.00923,solar_photovoltaic
26,33,11.235,biomass
13,33,15.682,biomass
108,33,137.081,biomass
40,33,5.952,biomass
97,33,178.173,biomass
1,33,16.294,biomass
66,33,228.795,biomass
2,33,862.4549975999998,conventional_hydroelectric
14,33,128.7025344,conventional_hydroelectric
27,33,857.6617176000001,conventional_hydroelectric
35,33,833.4544592,conventional_hydroelectric
54,33,666.0481608000001,conventional_hydroelectric
67,33,1425.5510466674878,conventional_hydroelectric
84,33,15377.7412554,conventional_hydroelectric
109,33,107.76396152340001,conventional_hydroelectric
128,33,52.32546000000001,conventional_hydroelectric
139,33,47.5340736,conventional_hydroelectric
110,33,28.499999999999996,conventional_steam_coal
41,33,2575.5714604985137,conventional_steam_coal
3,33,0.0,conventional_steam_coal
36,33,0.0,conventional_steam_coal
85,33,0.0,conventional_steam_coal
28,33,74.364,geothermal
116,33,0.0,natural_gas_fired_combined_cycle
73,33,0.0,natural_gas_fired_combined_cycle
71,33,0.0,natural_gas_fired_combined_cycle
44,33,0.0,natural_gas_fired_combined_cycle
115,33,0.0,natural_gas_fired_combined_cycle
70,33,0.0,natural_gas_fired_combined_cycle
131,33,0.0,natural_gas_fired_combined_cycle
18,33,0.0,natural_gas_fired_combined_cycle
72,33,0.0,natural_gas_fired_combined_cycle
114,33,0.0,natural_gas_fired_combined_cycle
45,33,0.0,natural_gas_fired_combined_cycle
78,33,0.0,natural_gas_fired_combustion_turbine
75,33,0.0,natural_gas_fired_combustion_turbine
119,33,0.0,natural_gas_fired_combustion_turbine
117,33,0.0,natural_gas_fired_combustion_turbine
134,33,0.0,natural_gas_fired_combustion_turbine
103,33,0.0,natural_gas_fired_combustion_turbine
47,33,0.0,natural_gas_fired_combustion_turbine
8,33,0.0,natural_gas_fired_combustion_turbine
90,33,0.0,natural_gas_fired_combustion_turbine
60,33,0.0,natural_gas_fired_combustion_turbine
46,33,0.0,natural_gas_fired_combustion_turbine
37,33,0.0,natural_gas_fired_combustion_turbine
7,33,0.0,natural_gas_fired_combustion_turbine
133,33,0.0,natural_gas_fired_combustion_turbine
74,33,0.0,natural_gas_fired_combustion_turbine
20,33,0.0,natural_gas_fired_combustion_turbine
135,33,0.0,natural_gas_fired_combustion_turbine
142,33,0.0,natural_gas_fired_combustion_turbine
121,33,0.0,natural_gas_fired_combustion_turbine
91,33,0.0,natural_gas_fired_combustion_turbine
22,33,0.0,natural_gas_steam_turbine
123,33,0.0,natural_gas_steam_turbine
62,33,0.0,natural_gas_steam_turbine
49,33,0.0,natural_gas_steam_turbine
48,33,0.0,natural_gas_steam_turbine
21,33,0.0,natural_gas_steam_turbine
79,33,3702.9995,nuclear
10,33,375.14340000000004,onshore_wind_turbine
23,33,574.1934,onshore_wind_turbine
31,33,1379.0919,onshore_wind_turbine
38,33,139.49685,onshore_wind_turbine
50,33,1831.46472,onshore_wind_turbine
63,33,276.33972006,onshore_wind_turbine
80,33,421.38024,onshore_wind_turbine
94,33,2863.9554,onshore_wind_turbine
105,33,298.177080516,onshore_wind_turbine
124,33,6155.813702867401,onshore_wind_turbine
136,33,1147.15872,onshore_wind_turbine
144,33,1481.2021799999998,onshore_wind_turbine
11,33,19.125,small_hydroelectric
24,33,62.577,small_hydroelectric
32,33,192.0,small_hydroelectric
39,33,52.9,small_hydroelectric
51,33,25.641,small_hydroelectric
64,33,6.128,small_hydroelectric
81,33,241.672,small_hydroelectric
95,33,418.922,small_hydroelectric
106,33,31.614,small_hydroelectric
125,33,100.697,small_hydroelectric
137,33,36.822,small_hydroelectric
145,33,33.21,small_hydroelectric
12,33,3271.8626999999997,solar_photovoltaic
25,33,893.5812,solar_photovoltaic
33,33,144.33585,solar_photovoltaic
52,33,2006.2980599999999,solar_photovoltaic
65,33,5615.801758007699,solar_photovoltaic
82,33,3739.17336,solar_photovoltaic
96,33,163.40715000000003,solar_photovoltaic
107,33,4690.8123568215005,solar_photovoltaic
126,33,9826.406274438,solar_photovoltaic
138,33,1176.0968999999998,solar_photovoltaic
26,34,0.0,biomass
13,34,0.0,biomass
108,34,0.0,biomass
40,34,0.0,biomass
97,34,0.0,biomass
1,34,0.0,biomass
66,34,0.0,biomass
2,34,862.4549975999998,conventional_hydroelectric
14,34,128.7025344,conventional_hydroelectric
27,34,857.6617176000001,conventional_hydroelectric
35,34,833.4544592,conventional_hydroelectric
54,34,666.0481608000001,conventional_hydroelectric
67,34,1425.5510466674878,conventional_hydroelectric
84,34,15377.7412554,conventional_hydroelectric
109,34,107.76396152340001,conventional_hydroelectric
128,34,52.32546000000001,conventional_hydroelectric
139,34,47.5340736,conventional_hydroelectric
110,34,0.0,conventional_steam_coal
41,34,0.0,conventional_steam_coal
3,34,0.0,conventional_steam_coal
36,34,0.0,conventional_steam_coal
85,34,0.0,conventional_steam_coal
28,34,74.364,geothermal
116,34,0.0,natural_gas_fired_combined_cycle
73,34,0.0,natural_gas_fired_combined_cycle
71,34,0.0,natural_gas_fired_combined_cycle
44,34,0.0,natural_gas_fired_combined_cycle
115,34,0.0,natural_gas_fired_combined_cycle
70,34,0.0,natural_gas_fired_combined_cycle
131,34,0.0,natural_gas_fired_combined_cycle
18,34,0.0,natural_gas_fired_combined_cycle
72,34,0.0,natural_gas_fired_combined_cycle
114,34,0.0,natural_gas_fired_combined_cycle
45,34,0.0,natural_gas_fired_combined_cycle
78,34,0.0,natural_gas_fired_combustion_turbine
75,34,0.0,natural_gas_fired_combustion_turbine
119,34,0.0,natural_gas_fired_combustion_turbine
117,34,0.0,natural_gas_fired_combustion_turbine
134,34,0.0,natural_gas_fired_combustion_turbine
103,34,0.0,natural_gas_fired_combustion_turbine
47,34,0.0,natural_gas_fired_combustion_turbine
8,34,0.0,natural_gas_fired_combustion_turbine
90,34,0.0,natural_gas_fired_combustion_turbine
60,34,0.0,natural_gas_fired_combustion_turbine
46,34,0.0,natural_gas_fired_combustion_turbine
37,34,0.0,natural_gas_fired_combustion_turbine
7,34,0.0,natural_gas_fired_combustion_turbine
133,34,0.0,natural_gas_fired_combustion_turbine
74,34,0.0,natural_gas_fired_combustion_turbine
20,34,0.0,natural_gas_fired_combustion_turbine
135,34,0.0,natural_gas_fired_combustion_turbine
142,34,0.0,natural_gas_fired_combustion_turbine
121,34,0.0,natural_gas_fired_combustion_turbine
91,34,0.0,natural_gas_fired_combustion_turbine
22,34,0.0,natural_gas_steam_turbine
123,34,0.0,natural_gas_steam_turbine
62,34,0.0,natural_gas_steam_turbine
49,34,0.0,natural_gas_steam_turbine
48,34,0.0,natural_gas_steam_turbine
21,34,0.0,natural_gas_steam_turbine
79,34,1851.49975,nuclear
10,34,347.81814,onshore_wind_turbine
23,34,191.66400000000002,onshore_wind_turbine
31,34,2811.61725,onshore_wind_turbine
38,34,118.8036,onshore_wind_turbine
50,34,2017.2823199999996,onshore_wind_turbine
63,34,277.96596001200004,onshore_wind_turbine
80,34,211.48667999999998,onshore_wind_turbine
94,34,4143.8298,onshore_wind_turbine
105,34,207.32927966100002,onshore_wind_turbine
124,34,3954.3277221096,onshore_wind_turbine
136,34,1385.76465,onshore_wind_turbine
144,34,1675.8532799999996,onshore_wind_turbine
11,34,19.125,small_hydroelectric
24,34,62.577,small_hydroelectric
32,34,192.0,small_hydroelectric
39,34,52.9,small_hydroelectric
51,34,25.641,small_hydroelectric
64,34,6.128,small_hydroelectric
81,34,241.672,small_hydroelectric
95,34,418.922,small_hydroelectric
106,34,31.614,small_hydroelectric
125,34,100.697,small_hydroelectric
137,34,36.822,small_hydroelectric
145,34,33.21,small_hydroelectric
12,34,4062.43674,solar_photovoltaic
25,34,982.77918,solar_photovoltaic
33,34,253.21020000000001,solar_photovoltaic
52,34,2226.68574,solar_photovoltaic
65,34,6994.931372238899,solar_photovoltaic
82,34,4892.1966299999995,solar_photovoltaic
96,34,281.28699,solar_photovoltaic
107,34,6434.0948739915,solar_photovoltaic
126,34,12722.242673216999,solar_photovoltaic
138,34,1371.9825899999998,solar_photovoltaic
26,35,0.0,biomass
13,35,0.0,biomass
108,35,0.0,biomass
40,35,0.0,biomass
97,35,0.0,biomass
1,35,0.0,biomass
66,35,0.0,biomass
2,35,862.4549975999998,conventional_hydroelectric
14,35,128.7025344,conventional_hydroelectric
27,35,857.6617176000001,conventional_hydroelectric
35,35,833.4544592,conventional_hydroelectric
54,35,666.0481608000001,conventional_hydroelectric
67,35,1425.5510466674878,conventional_hydroelectric
84,35,15377.7412554,conventional_hydroelectric
109,35,107.76396152340001,conventional_hydroelectric
128,35,52.32546000000001,conventional_hydroelectric
139,35,47.5340736,conventional_hydroelectric
110,35,0.0,conventional_steam_coal
41,35,0.0,conventional_steam_coal
3,35,0.0,conventional_steam_coal
36,35,0.0,conventional_steam_coal
85,35,0.0,conventional_steam_coal
28,35,74.364,geothermal
116,35,0.0,natural_gas_fired_combined_cycle
73,35,0.0,natural_gas_fired_combined_cycle
71,35,0.0,natural_gas_fired_combined_cycle
44,35,0.0,natural_gas_fired_combined_cycle
115,35,0.0,natural_gas_fired_combined_cycle
70,35,0.0,natural_gas_fired_combined_cycle
131,35,0.0,natural_gas_fired_combined_cycle
18,35,0.0,natural_gas_fired_combined_cycle
72,35,0.0,natural_gas_fired_combined_cycle
114,35,0.0,natural_gas_fired_combined_cycle
45,35,0.0,natural_gas_fired_combined_cycle
78,35,0.0,natural_gas_fired_combustion_turbine
75,35,0.0,natural_gas_fired_combustion_turbine
119,35,0.0,natural_gas_fired_combustion_turbine
117,35,0.0,natural_gas_fired_combustion_turbine
134,35,0.0,natural_gas_fired_combustion_turbine
103,35,0.0,natural_gas_fired_combustion_turbine
47,35,0.0,natural_gas_fired_combustion_turbine
8,35,0.0,natural_gas_fired_combustion_turbine
90,35,0.0,natural_gas_fired_combustion_turbine
60,35,0.0,natural_gas_fired_combustion_turbine
46,35,0.0,natural_gas_fired_combustion_turbine
37,35,0.0,natural_gas_fired_combustion_turbine
7,35,0.0,natural_gas_fired_combustion_turbine
133,35,0.0,natural_gas_fired_combustion_turbine
74,35,0.0,natural_gas_fired_combustion_turbine
20,35,0.0,natural_gas_fired_combustion_turbine
135,35,0.0,natural_gas_fired_combustion_turbine
142,35,0.0,natural_gas_fired_combustion_turbine
121,35,0.0,natural_gas_fired_combustion_turbine
91,35,0.0,natural_gas_fired_combustion_turbine
22,35,0.0,natural_gas_steam_turbine
123,35,0.0,natural_gas_steam_turbine
62,35,0.0,natural_gas_steam_turbine
49,35,0.0,natural_gas_steam_turbine
48,35,0.0,natural_gas_steam_turbine
21,35,0.0,natural_gas_steam_turbine
79,35,0.0,nuclear
10,35,208.49019000000004,onshore_wind_turbine
23,35,65.4852,onshore_wind_turbine
31,35,1828.9506599999997,onshore_wind_turbine
38,35,246.8583,onshore_wind_turbine
50,35,1960.9563599999997,onshore_wind_turbine
63,35,279.5481600936,onshore_wind_turbine
80,35,108.33215999999999,onshore_wind_turbine
94,35,2279.1852,onshore_wind_turbine
105,35,235.92191994,onshore_wind_turbine
124,35,3303.4124675904,onshore_wind_turbine
136,35,2058.02433,onshore_wind_turbine
144,35,1830.6472499999998,onshore_wind_turbine
11,35,19.125,small_hydroelectric
24,35,62.577,small_hydroelectric
32,35,192.0,small_hydroelectric
39,35,52.9,small_hydroelectric
51,35,25.641,small_hydroelectric
64,35,6.128,small_hydroelectric
81,35,241.672,small_hydroelectric
95,35,418.922,small_hydroelectric
106,35,31.614,small_hydroelectric
125,35,100.697,small_hydroelectric
137,35,36.822,small_hydroelectric
145,35,33.21,small_hydroelectric
12,35,4218.61446,solar_photovoltaic
25,35,1119.2184599999998,solar_photovoltaic
33,35,411.73064999999997,solar_photovoltaic
52,35,2331.54762,solar_photovoltaic
65,35,7642.4046264744,solar_photovoltaic
82,35,5356.248779999999,solar_photovoltaic
96,35,351.18369,solar_photovoltaic
107,35,7109.4960864915,solar_photovoltaic
126,35,14097.293272029,solar_photovoltaic
138,35,1398.5964299999998,solar_photovoltaic
26,36,0.0,biomass
13,36,0.0,biomass
108,36,0.0,biomass
40,36,0.0,biomass
97,36,0.0,biomass
1,36,0.0,biomass
66,36,0.0,biomass
2,36,862.4549975999998,conventional_hydroelectric
14,36,128.7025344,conventional_hydroelectric
27,36,857.6617176000001,conventional_hydroelectric
35,36,833.4544592,conventional_hydroelectric
54,36,666.0481608000001,conventional_hydroelectric
67,36,1425.5510466674878,conventional_hydroelectric
84,36,15377.7412554,conventional_hydroelectric
109,36,107.76396152340001,conventional_hydroelectric
128,36,52.32546000000001,conventional_hydroelectric
139,36,47.5340736,conventional_hydroelectric
110,36,0.0,conventional_steam_coal
41,36,0.0,conventional_steam_coal
3,36,0.0,conventional_steam_coal
36,36,0.0,conventional_steam_coal
85,36,0.0,conventional_steam_coal
28,36,74.364,geothermal
116,36,0.0,natural_gas_fired_combined_cycle
73,36,0.0,natural_gas_fired_combined_cycle
71,36,0.0,natural_gas_fired_combined_cycle
44,36,0.0,natural_gas_fired_combined_cycle
115,36,0.0,natural_gas_fired_combined_cycle
70,36,0.0,natural_gas_fired_combined_cycle
131,36,0.0,natural_gas_fired_combined_cycle
18,36,0.0,natural_gas_fired_combined_cycle
72,36,0.0,natural_gas_fired_combined_cycle
114,36,0.0,natural_gas_fired_combined_cycle
45,36,0.0,natural_gas_fired_combined_cycle
78,36,0.0,natural_gas_fired_combustion_turbine
75,36,0.0,natural_gas_fired_combustion_turbine
119,36,0.0,natural_gas_fired_combustion_turbine
117,36,0.0,natural_gas_fired_combustion_turbine
134,36,0.0,natural_gas_fired_combustion_turbine
103,36,0.0,natural_gas_fired_combustion_turbine
47,36,0.0,natural_gas_fired_combustion_turbine
8,36,0.0,natural_gas_fired_combustion_turbine
90,36,0.0,natural_gas_fired_combustion_turbine
60,36,0.0,natural_gas_fired_combustion_turbine
46,36,0.0,natural_gas_fired_combustion_turbine
37,36,0.0,natural_gas_fired_combustion_turbine
7,36,0.0,natural_gas_fired_combustion_turbine
133,36,0.0,natural_gas_fired_combustion_turbine
74,36,0.0,natural_gas_fired_combustion_turbine
20,36,0.0,natural_gas_fired_combustion_turbine
135,36,0.0,natural_gas_fired_combustion_turbine
142,36,0.0,natural_gas_fired_combustion_turbine
121,36,0.0,natural_gas_fired_combustion_turbine
91,36,0.0,natural_gas_fired_combustion_turbine
22,36,0.0,natural_gas_steam_turbine
123,36,0.0,natural_gas_steam_turbine
62,36,0.0,natural_gas_steam_turbine
49,36,0.0,natural_gas_steam_turbine
48,36,0.0,natural_gas_steam_turbine
21,36,0.0,natural_gas_steam_turbine
79,36,0.0,nuclear
10,36,249.16932,onshore_wind_turbine
23,36,294.6834,onshore_wind_turbine
31,36,3062.50002,onshore_wind_turbine
38,36,834.0597,onshore_wind_turbine
50,36,1990.2806999999998,onshore_wind_turbine
63,36,249.02099988720002,onshore_wind_turbine
80,36,389.91612,onshore_wind_turbine
94,36,8134.7682,onshore_wind_turbine
105,36,280.602540603,onshore_wind_turbine
124,36,5756.250633731401,onshore_wind_turbine
136,36,1949.3217900000002,onshore_wind_turbine
144,36,1483.0559999999998,onshore_wind_turbine
11,36,19.125,small_hydroelectric
24,36,62.577,small_hydroelectric
32,36,192.0,small_hydroelectric
39,36,52.9,small_hydroelectric
51,36,25.641,small_hydroelectric
64,36,6.128,small_hydroelectric
81,36,241.672,small_hydroelectric
95,36,418.922,small_hydroelectric
106,36,31.614,small_hydroelectric
125,36,100.697,small_hydroelectric
137,36,36.822,small_hydroelectric
145,36,33.21,small_hydroelectric
12,36,4386.29364,solar_photovoltaic
25,36,1195.2849599999997,solar_photovoltaic
33,36,415.1259,solar_photovoltaic
52,36,2362.0582799999997,solar_photovoltaic
65,36,7755.454558912199,solar_photovoltaic
82,36,5534.34447,solar_photovoltaic
96,36,379.77207,solar_photovoltaic
107,36,7297.132945328999,solar_photovoltaic
126,36,14579.820727179,solar_photovoltaic
138,36,1260.2436,solar_photovoltaic
26,37,0.0,biomass
13,37,0.0,biomass
108,37,0.0,biomass
40,37,0.0,biomass
97,37,0.0,biomass
1,37,0.0,biomass
66,37,0.0,biomass
2,37,862.4549975999998,conventional_hydroelectric
14,37,128.7025344,conventional_hydroelectric
27,37,857.6617176000001,conventional_hydroelectric
35,37,833.4544592,conventional_hydroelectric
54,37,666.0481608000001,conventional_hydroelectric
67,37,1425.5510466674878,conventional_hydroelectric
84,37,15377.7412554,conventional_hydroelectric
109,37,107.76396152340001,conventional_hydroelectric
128,37,52.32546000000001,conventional_hydroelectric
139,37,47.5340736,conventional_hydroelectric
110,37,0.0,conventional_steam_coal
41,37,0.0,conventional_steam_coal
3,37,0.0,conventional_steam_coal
36,37,0.0,conventional_steam_coal
85,37,0.0,conventional_steam_coal
28,37,74.364,geothermal
116,37,0.0,natural_gas_fired_combined_cycle
73,37,0.0,natural_gas_fired_combined_cycle
71,37,0.0,natural_gas_fired_combined_cycle
44,37,0.0,natural_gas_fired_combined_cycle
115,37,0.0,natural_gas_fired_combined_cycle
70,37,0.0,natural_gas_fired_combined_cycle
131,37,0.0,natural_gas_fired_combined_cycle
18,37,0.0,natural_gas_fired_combined_cycle
72,37,0.0,natural_gas_fired_combined_cycle
114,37,0.0,natural_gas_fired_combined_cycle
45,37,0.0,natural_gas_fired_combined_cycle
78,37,0.0,natural_gas_fired_combustion_turbine
75,37,0.0,natural_gas_fired_combustion_turbine
119,37,0.0,natural_gas_fired_combustion_turbine
117,37,0.0,natural_gas_fired_combustion_turbine
134,37,0.0,natural_gas_fired_combustion_turbine
103,37,0.0,natural_gas_fired_combustion_turbine
47,37,0.0,natural_gas_fired_combustion_turbine
8,37,0.0,natural_gas_fired_combustion_turbine
90,37,0.0,natural_gas_fired_combustion_turbine
60,37,0.0,natural_gas_fired_combustion_turbine
46,37,0.0,natural_gas_fired_combustion_turbine
37,37,0.0,natural_gas_fired_combustion_turbine
7,37,0.0,natural_gas_fired_combustion_turbine
133,37,0.0,natural_gas_fired_combustion_turbine
74,37,0.0,natural_gas_fired_combustion_turbine
20,37,0.0,natural_gas_fired_combustion_turbine
135,37,0.0,natural_gas_fired_combustion_turbine
142,37,0.0,natural_gas_fired_combustion_turbine
121,37,0.0,natural_gas_fired_combustion_turbine
91,37,0.0,natural_gas_fired_combustion_turbine
22,37,0.0,natural_gas_steam_turbine
123,37,0.0,natural_gas_steam_turbine
62,37,0.0,natural_gas_steam_turbine
49,37,0.0,natural_gas_steam_turbine
48,37,0.0,natural_gas_steam_turbine
21,37,0.0,natural_gas_steam_turbine
79,37,0.0,nuclear
10,37,382.0905,onshore_wind_turbine
23,37,856.0992,onshore_wind_turbine
31,37,3152.57355,onshore_wind_turbine
38,37,1115.24445,onshore_wind_turbine
50,37,2062.8657,onshore_wind_turbine
63,37,279.1706399856,onshore_wind_turbine
80,37,830.4137999999999,onshore_wind_turbine
94,37,12920.1114,onshore_wind_turbine
105,37,341.675520039,onshore_wind_turbine
124,37,5470.4372065662,onshore_wind_turbine
136,37,1822.8876300000002,onshore_wind_turbine
144,37,2111.50098,onshore_wind_turbine
11,37,19.125,small_hydroelectric
24,37,62.577,small_hydroelectric
32,37,192.0,small_hydroelectric
39,37,52.9,small_hydroelectric
51,37,25.641,small_hydroelectric
64,37,6.128,small_hydroelectric
81,37,241.672,small_hydroelectric
95,37,418.922,small_hydroelectric
106,37,31.614,small_hydroelectric
125,37,100.697,small_hydroelectric
137,37,36.822,small_hydroelectric
145,37,33.21,small_hydroelectric
12,37,4442.59026,solar_photovoltaic
25,37,1099.04082,solar_photovoltaic
33,37,458.20784999999995,solar_photovoltaic
52,37,2337.4720199999997,solar_photovoltaic
65,37,7331.121720874499,solar_photovoltaic
82,37,5592.87357,solar_photovoltaic
96,37,377.94594,solar_photovoltaic
107,37,7315.117739772,solar_photovoltaic
126,37,14672.653049802,solar_photovoltaic
138,37,1320.3204299999998,solar_photovoltaic
26,38,0.0,biomass
13,38,0.0,biomass
108,38,0.0,biomass
40,38,0.0,biomass
97,38,0.0,biomass
1,38,0.0,biomass
66,38,0.0,biomass
2,38,862.4549975999998,conventional_hydroelectric
14,38,128.7025344,conventional_hydroelectric
27,38,857.6617176000001,conventional_hydroelectric
35,38,833.4544592,conventional_hydroelectric
54,38,666.0481608000001,conventional_hydroelectric
67,38,1425.5510466674878,conventional_hydroelectric
84,38,15377.7412554,conventional_hydroelectric
109,38,107.76396152340001,conventional_hydroelectric
128,38,52.32546000000001,conventional_hydroelectric
139,38,47.5340736,conventional_hydroelectric
110,38,0.0,conventional_steam_coal
41,38,0.0,conventional_steam_coal
3,38,0.0,conventional_steam_coal
36,38,0.0,conventional_steam_coal
85,38,0.0,conventional_steam_coal
28,38,74.364,geothermal
116,38,0.0,natural_gas_fired_combined_cycle
73,38,0.0,natural_gas_fired_combined_cycle
71,38,0.0,natural_gas_fired_combined_cycle
44,38,0.0,natural_gas_fired_combined_cycle
115,38,0.0,natural_gas_fired_combined_cycle
70,38,0.0,natural_gas_fired_combined_cycle
131,38,0.0,natural_gas_fired_combined_cycle
18,38,0.0,natural_gas_fired_combined_cycle
72,38,0.0,natural_gas_fired_combined_cycle
114,38,0.0,natural_gas_fired_combined_cycle
45,38,0.0,natural_gas_fired_combined_cycle
78,38,0.0,natural_gas_fired_combustion_turbine
75,38,0.0,natural_gas_fired_combustion_turbine
119,38,0.0,natural_gas_fired_combustion_turbine
117,38,0.0,natural_gas_fired_combustion_turbine
134,38,0.0,natural_gas_fired_combustion_turbine
103,38,0.0,natural_gas_fired_combustion_turbine
47,38,0.0,natural_gas_fired_combustion_turbine
8,38,0.0,natural_gas_fired_combustion_turbine
90,38,0.0,natural_gas_fired_combustion_turbine
60,38,0.0,natural_gas_fired_combustion_turbine
46,38,0.0,natural_gas_fired_combustion_turbine
37,38,0.0,natural_gas_fired_combustion_turbine
7,38,0.0,natural_gas_fired_combustion_turbine
133,38,0.0,natural_gas_fired_combustion_turbine
74,38,0.0,natural_gas_fired_combustion_turbine
20,38,0.0,natural_gas_fired_combustion_turbine
135,38,0.0,natural_gas_fired_combustion_turbine
142,38,0.0,natural_gas_fired_combustion_turbine
121,38,0.0,natural_gas_fired_combustion_turbine
91,38,0.0,natural_gas_fired_combustion_turbine
22,38,0.0,natural_gas_steam_turbine
123,38,0.0,natural_gas_steam_turbine
62,38,0.0,natural_gas_steam_turbine
49,38,0.0,natural_gas_steam_turbine
48,38,0.0,natural_gas_steam_turbine
21,38,0.0,natural_gas_steam_turbine
79,38,0.0,nuclear
10,38,439.13391,onshore_wind_turbine
23,38,1226.6496,onshore_wind_turbine
31,38,3119.4957,onshore_wind_turbine
38,38,1152.73575,onshore_wind_turbine
50,38,2181.0340799999994,onshore_wind_turbine
63,38,265.8205200936,onshore_wind_turbine
80,38,886.96956,onshore_wind_turbine
94,38,12303.8172,onshore_wind_turbine
105,38,281.487359412,onshore_wind_turbine
124,38,4866.762146261401,onshore_wind_turbine
136,38,2176.7490900000003,onshore_wind_turbine
144,38,2058.6671099999994,onshore_wind_turbine
11,38,19.125,small_hydroelectric
24,38,62.577,small_hydroelectric
32,38,192.0,small_hydroelectric
39,38,52.9,small_hydroelectric
51,38,25.641,small_hydroelectric
64,38,6.128,small_hydroelectric
81,38,241.672,small_hydroelectric
95,38,418.922,small_hydroelectric
106,38,31.614,small_hydroelectric
125,38,100.697,small_hydroelectric
137,38,36.822,small_hydroelectric
145,38,33.21,small_hydroelectric
12,38,4566.0796199999995,solar_photovoltaic
25,38,1107.5282399999999,solar_photovoltaic
33,38,443.94780000000003,solar_photovoltaic
52,38,2157.07404,solar_photovoltaic
65,38,7384.6612475325,solar_photovoltaic
82,38,5437.353389999999,solar_photovoltaic
96,38,370.8933,solar_photovoltaic
107,38,7367.0088027765005,solar_photovoltaic
126,38,14856.761163985499,solar_photovoltaic
138,38,1199.38401,solar_photovoltaic
26,39,0.0,biomass
13,39,0.0,biomass
108,39,0.0,biomass
40,39,0.0,biomass
97,39,0.0,biomass
1,39,0.0,biomass
66,39,0.0,biomass
2,39,633.1668335999998,conventional_hydroelectric
14,39,89.65900239999999,conventional_hydroelectric
27,39,740.5410816000001,conventional_hydroelectric
35,39,626.1523311999999,conventional_hydroelectric
54,39,579.7778778000002,conventional_hydroelectric
67,39,821.8084656674878,conventional_hydroelectric
84,39,12966.3440814,conventional_hydroelectric
109,39,0.0,conventional_hydroelectric
128,39,39.726060000000004,conventional_hydroelectric
139,39,28.2037056,conventional_hydroelectric
110,39,0.0,conventional_steam_coal
41,39,0.0,conventional_steam_coal
3,39,0.0,conventional_steam_coal
36,39,0.0,conventional_steam_coal
85,39,0.0,conventional_steam_coal
28,39,0.0,geothermal
116,39,0.0,natural_gas_fired_combined_cycle
73,39,0.0,natural_gas_fired_combined_cycle
71,39,0.0,natural_gas_fired_combined_cycle
44,39,0.0,natural_gas_fired_combined_cycle
115,39,0.0,natural_gas_fired_combined_cycle
70,39,0.0,natural_gas_fired_combined_cycle
131,39,0.0,natural_gas_fired_combined_cycle
18,39,0.0,natural_gas_fired_combined_cycle
72,39,0.0,natural_gas_fired_combined_cycle
114,39,0.0,natural_gas_fired_combined_cycle
45,39,0.0,natural_gas_fired_combined_cycle
78,39,0.0,natural_gas_fired_combustion_turbine
75,39,0.0,natural_gas_fired_combustion_turbine
119,39,0.0,natural_gas_fired_combustion_turbine
117,39,0.0,natural_gas_fired_combustion_turbine
134,39,0.0,natural_gas_fired_combustion_turbine
103,39,0.0,natural_gas_fired_combustion_turbine
47,39,0.0,natural_gas_fired_combustion_turbine
8,39,0.0,natural_gas_fired_combustion_turbine
90,39,0.0,natural_gas_fired_combustion_turbine
60,39,0.0,natural_gas_fired_combustion_turbine
46,39,0.0,natural_gas_fired_combustion_turbine
37,39,0.0,natural_gas_fired_combustion_turbine
7,39,0.0,natural_gas_fired_combustion_turbine
133,39,0.0,natural_gas_fired_combustion_turbine
74,39,0.0,natural_gas_fired_combustion_turbine
20,39,0.0,natural_gas_fired_combustion_turbine
135,39,0.0,natural_gas_fired_combustion_turbine
142,39,0.0,natural_gas_fired_combustion_turbine
121,39,0.0,natural_gas_fired_combustion_turbine
91,39,0.0,natural_gas_fired_combustion_turbine
22,39,0.0,natural_gas_steam_turbine
123,39,0.0,natural_gas_steam_turbine
62,39,0.0,natural_gas_steam_turbine
49,39,0.0,natural_gas_steam_turbine
48,39,0.0,natural_gas_steam_turbine
21,39,0.0,natural_gas_steam_turbine
79,39,0.0,nuclear
10,39,367.65597,onshore_wind_turbine
23,39,586.1724,onshore_wind_turbine
31,39,3537.29439,onshore_wind_turbine
38,39,1858.0104,onshore_wind_turbine
50,39,2231.8435799999997,onshore_wind_turbine
63,39,211.44324004320003,onshore_wind_turbine
80,39,1102.8373199999999,onshore_wind_turbine
94,39,12874.4016,onshore_wind_turbine
105,39,193.29425986500001,onshore_wind_turbine
124,39,7367.731983407401,onshore_wind_turbine
136,39,2498.61654,onshore_wind_turbine
144,39,2173.6039499999997,onshore_wind_turbine
11,39,19.125,small_hydroelectric
24,39,62.577,small_hydroelectric
32,39,192.0,small_hydroelectric
39,39,52.9,small_hydroelectric
51,39,25.641,small_hydroelectric
64,39,0.0,small_hydroelectric
81,39,236.091141804681,small_hydroelectric
95,39,418.922,small_hydroelectric
106,39,0.0,small_hydroelectric
125,39,0.0,small_hydroelectric
137,39,0.0,small_hydroelectric
145,39,0.0,small_hydroelectric
12,39,4305.17808,solar_photovoltaic
25,39,899.3462399999999,solar_photovoltaic
33,39,299.31015,solar_photovoltaic
52,39,2016.6657599999999,solar_photovoltaic
65,39,0.0,solar_photovoltaic
82,39,5213.27055,solar_photovoltaic
96,39,0.0,solar_photovoltaic
107,39,0.0,solar_photovoltaic
126,39,14168.3145865755,solar_photovoltaic
138,39,0.0,solar_photovoltaic
26,40,0.0,biomass
13,40,0.0,biomass
108,40,0.0,biomass
40,40,0.0,biomass
97,40,0.0,biomass
1,40,0.0,biomass
66,40,0.0,biomass
2,40,862.4549975999998,conventional_hydroelectric
14,40,128.7025344,conventional_hydroelectric
27,40,857.6617176000001,conventional_hydroelectric
35,40,833.4544592,conventional_hydroelectric
54,40,666.0481608000001,conventional_hydroelectric
67,40,1425.5510466674878,conventional_hydroelectric
84,40,15377.7412554,conventional_hydroelectric
109,40,107.76396152340001,conventional_hydroelectric
128,40,52.32546000000001,conventional_hydroelectric
139,40,47.5340736,conventional_hydroelectric
110,40,0.0,conventional_steam_coal
41,40,0.0,conventional_steam_coal
3,40,0.0,conventional_steam_coal
36,40,0.0,conventional_steam_coal
85,40,0.0,conventional_steam_coal
28,40,74.364,geothermal
116,40,0.0,natural_gas_fired_combined_cycle
73,40,0.0,natural_gas_fired_combined_cycle
71,40,0.0,natural_gas_fired_combined_cycle
44,40,0.0,natural_gas_fired_combined_cycle
115,40,0.0,natural_gas_fired_combined_cycle
70,40,0.0,natural_gas_fired_combined_cycle
131,40,0.0,natural_gas_fired_combined_cycle
18,40,0.0,natural_gas_fired_combined_cycle
72,40,0.0,natural_gas_fired_combined_cycle
114,40,0.0,natural_gas_fired_combined_cycle
45,40,0.0,natural_gas_fired_combined_cycle
78,40,0.0,natural_gas_fired_combustion_turbine
75,40,0.0,natural_gas_fired_combustion_turbine
119,40,0.0,natural_gas_fired_combustion_turbine
117,40,0.0,natural_gas_fired_combustion_turbine
134,40,0.0,natural_gas_fired_combustion_turbine
103,40,0.0,natural_gas_fired_combustion_turbine
47,40,0.0,natural_gas_fired_combustion_turbine
8,40,0.0,natural_gas_fired_combustion_turbine
90,40,0.0,natural_gas_fired_combustion_turbine
60,40,0.0,natural_gas_fired_combustion_turbine
46,40,0.0,natural_gas_fired_combustion_turbine
37,40,0.0,natural_gas_fired_combustion_turbine
7,40,0.0,natural_gas_fired_combustion_turbine
133,40,0.0,natural_gas_fired_combustion_turbine
74,40,0.0,natural_gas_fired_combustion_turbine
20,40,0.0,natural_gas_fired_combustion_turbine
135,40,0.0,natural_gas_fired_combustion_turbine
142,40,0.0,natural_gas_fired_combustion_turbine
121,40,0.0,natural_gas_fired_combustion_turbine
91,40,0.0,natural_gas_fired_combustion_turbine
22,40,0.0,natural_gas_steam_turbine
123,40,0.0,natural_gas_steam_turbine
62,40,0.0,natural_gas_steam_turbine
49,40,0.0,natural_gas_steam_turbine
48,40,0.0,natural_gas_steam_turbine
21,40,0.0,natural_gas_steam_turbine
79,40,0.0,nuclear
10,40,460.20678000000004,onshore_wind_turbine
23,40,1391.1612,onshore_wind_turbine
31,40,3936.7730399999996,onshore_wind_turbine
38,40,1883.57265,onshore_wind_turbine
50,40,2179.0016999999993,onshore_wind_turbine
63,40,243.36840008880003,onshore_wind_turbine
80,40,892.94376,onshore_wind_turbine
94,40,14693.3364,onshore_wind_turbine
105,40,258.602519952,onshore_wind_turbine
124,40,7312.3055937294,onshore_wind_turbine
136,40,2433.08664,onshore_wind_turbine
144,40,2652.8164199999997,onshore_wind_turbine
11,40,19.125,small_hydroelectric
24,40,62.577,small_hydroelectric
32,40,192.0,small_hydroelectric
39,40,52.9,small_hydroelectric
51,40,25.641,small_hydroelectric
64,40,6.128,small_hydroelectric
81,40,241.672,small_hydroelectric
95,40,418.922,small_hydroelectric
106,40,31.614,small_hydroelectric
125,40,100.697,small_hydroelectric
137,40,36.822,small_hydroelectric
145,40,33.21,small_hydroelectric
12,40,3808.7992799999997,solar_photovoltaic
25,40,777.79998,solar_photovoltaic
33,40,282.0321,solar_photovoltaic
52,40,1507.7598,solar_photovoltaic
65,40,6627.0890680535995,solar_photovoltaic
82,40,4404.73284,solar_photovoltaic
96,40,353.51358000000005,solar_photovoltaic
107,40,6357.04692159,solar_photovoltaic
126,40,13067.2200859155,solar_photovoltaic
138,40,1157.89773,solar_photovoltaic
26,41,0.0,biomass
13,41,0.0,biomass
108,41,0.0,biomass
40,41,0.0,biomass
97,41,0.0,biomass
1,41,0.0,biomass
66,41,0.0,biomass
2,41,862.4549975999998,conventional_hydroelectric
14,41,128.7025344,conventional_hydroelectric
27,41,857.6617176000001,conventional_hydroelectric
35,41,833.4544592,conventional_hydroelectric
54,41,666.0481608000001,conventional_hydroelectric
67,41,1425.5510466674878,conventional_hydroelectric
84,41,15377.7412554,conventional_hydroelectric
109,41,107.76396152340001,conventional_hydroelectric
128,41,52.32546000000001,conventional_hydroelectric
139,41,47.5340736,conventional_hydroelectric
110,41,0.0,conventional_steam_coal
41,41,0.0,conventional_steam_coal
3,41,0.0,conventional_steam_coal
36,41,0.0,conventional_steam_coal
85,41,0.0,conventional_steam_coal
28,41,74.364,geothermal
116,41,0.0,natural_gas_fired_combined_cycle
73,41,0.0,natural_gas_fired_combined_cycle
71,41,0.0,natural_gas_fired_combined_cycle
44,41,0.0,natural_gas_fired_combined_cycle
115,41,0.0,natural_gas_fired_combined_cycle
70,41,0.0,natural_gas_fired_combined_cycle
131,41,0.0,natural_gas_fired_combined_cycle
18,41,0.0,natural_gas_fired_combined_cycle
72,41,0.0,natural_gas_fired_combined_cycle
114,41,0.0,natural_gas_fired_combined_cycle
45,41,0.0,natural_gas_fired_combined_cycle
78,41,0.0,natural_gas_fired_combustion_turbine
75,41,0.0,natural_gas_fired_combustion_turbine
119,41,0.0,natural_gas_fired_combustion_turbine
117,41,0.0,natural_gas_fired_combustion_turbine
134,41,0.0,natural_gas_fired_combustion_turbine
103,41,0.0,natural_gas_fired_combustion_turbine
47,41,0.0,natural_gas_fired_combustion_turbine
8,41,0.0,natural_gas_fired_combustion_turbine
90,41,0.0,natural_gas_fired_combustion_turbine
60,41,0.0,natural_gas_fired_combustion_turbine
46,41,0.0,natural_gas_fired_combustion_turbine
37,41,0.0,natural_gas_fired_combustion_turbine
7,41,0.0,natural_gas_fired_combustion_turbine
133,41,0.0,natural_gas_fired_combustion_turbine
74,41,0.0,natural_gas_fired_combustion_turbine
20,41,0.0,natural_gas_fired_combustion_turbine
135,41,0.0,natural_gas_fired_combustion_turbine
142,41,0.0,natural_gas_fired_combustion_turbine
121,41,0.0,natural_gas_fired_combustion_turbine
91,41,0.0,natural_gas_fired_combustion_turbine
22,41,0.0,natural_gas_steam_turbine
123,41,0.0,natural_gas_steam_turbine
62,41,0.0,natural_gas_steam_turbine
49,41,0.0,natural_gas_steam_turbine
48,41,0.0,natural_gas_steam_turbine
21,41,0.0,natural_gas_steam_turbine
79,41,1851.49975,nuclear
10,41,515.6292000000001,onshore_wind_turbine
23,41,2848.6062,onshore_wind_turbine
31,41,3253.3337699999997,onshore_wind_turbine
38,41,1846.3247999999999,onshore_wind_turbine
50,41,2141.8381799999997,onshore_wind_turbine
63,41,244.40519986560003,onshore_wind_turbine
80,41,821.2533599999999,onshore_wind_turbine
94,41,14190.5286,onshore_wind_turbine
105,41,256.30764012,onshore_wind_turbine
124,41,7674.731434260001,onshore_wind_turbine
136,41,2375.65161,onshore_wind_turbine
144,41,2337.6670199999994,onshore_wind_turbine
11,41,19.125,small_hydroelectric
24,41,62.577,small_hydroelectric
32,41,192.0,small_hydroelectric
39,41,52.9,small_hydroelectric
51,41,25.641,small_hydroelectric
64,41,6.128,small_hydroelectric
81,41,241.672,small_hydroelectric
95,41,418.922,small_hydroelectric
106,41,31.614,small_hydroelectric
125,41,100.697,small_hydroelectric
137,41,36.822,small_hydroelectric
145,41,33.21,small_hydroelectric
12,41,2848.73004,solar_photovoltaic
25,41,569.9382599999999,solar_photovoltaic
33,41,176.2512,solar_photovoltaic
52,41,989.3748,solar_photovoltaic
65,41,4845.8837080686,solar_photovoltaic
82,41,3673.1190899999997,solar_photovoltaic
96,41,299.42235,solar_photovoltaic
107,41,4879.2667452015,solar_photovoltaic
126,41,10431.7890638535,solar_photovoltaic
138,41,795.0884699999999,solar_photovoltaic
26,42,11.235,biomass
13,42,15.682,biomass
108,42,137.081,biomass
40,42,5.952,biomass
97,42,178.173,biomass
1,42,16.294,biomass
66,42,228.795,biomass
2,42,862.4549975999998,conventional_hydroelectric
14,42,128.7025344,conventional_hydroelectric
27,42,857.6617176000001,conventional_hydroelectric
35,42,833.4544592,conventional_hydroelectric
54,42,666.0481608000001,conventional_hydroelectric
67,42,1425.5510466674878,conventional_hydroelectric
84,42,15377.7412554,conventional_hydroelectric
109,42,107.76396152340001,conventional_hydroelectric
128,42,52.32546000000001,conventional_hydroelectric
139,42,47.5340736,conventional_hydroelectric
110,42,28.499999999999996,conventional_steam_coal
41,42,2930.3607391667915,conventional_steam_coal
3,42,0.0,conventional_steam_coal
36,42,0.0,conventional_steam_coal
85,42,0.0,conventional_steam_coal
28,42,74.364,geothermal
116,42,0.0,natural_gas_fired_combined_cycle
73,42,0.0,natural_gas_fired_combined_cycle
71,42,0.0,natural_gas_fired_combined_cycle
44,42,0.0,natural_gas_fired_combined_cycle
115,42,0.0,natural_gas_fired_combined_cycle
70,42,0.0,natural_gas_fired_combined_cycle
131,42,0.0,natural_gas_fired_combined_cycle
18,42,0.0,natural_gas_fired_combined_cycle
72,42,0.0,natural_gas_fired_combined_cycle
114,42,0.0,natural_gas_fired_combined_cycle
45,42,0.0,natural_gas_fired_combined_cycle
78,42,0.0,natural_gas_fired_combustion_turbine
75,42,0.0,natural_gas_fired_combustion_turbine
119,42,0.0,natural_gas_fired_combustion_turbine
117,42,0.0,natural_gas_fired_combustion_turbine
134,42,0.0,natural_gas_fired_combustion_turbine
103,42,0.0,natural_gas_fired_combustion_turbine
47,42,0.0,natural_gas_fired_combustion_turbine
8,42,0.0,natural_gas_fired_combustion_turbine
90,42,0.0,natural_gas_fired_combustion_turbine
60,42,0.0,natural_gas_fired_combustion_turbine
46,42,0.0,natural_gas_fired_combustion_turbine
37,42,0.0,natural_gas_fired_combustion_turbine
7,42,0.0,natural_gas_fired_combustion_turbine
133,42,0.0,natural_gas_fired_combustion_turbine
74,42,0.0,natural_gas_fired_combustion_turbine
20,42,0.0,natural_gas_fired_combustion_turbine
135,42,0.0,natural_gas_fired_combustion_turbine
142,42,0.0,natural_gas_fired_combustion_turbine
121,42,0.0,natural_gas_fired_combustion_turbine
91,42,0.0,natural_gas_fired_combustion_turbine
22,42,0.0,natural_gas_steam_turbine
123,42,0.0,natural_gas_steam_turbine
62,42,0.0,natural_gas_steam_turbine
49,42,0.0,natural_gas_steam_turbine
48,42,0.0,natural_gas_steam_turbine
21,42,0.0,natural_gas_steam_turbine
79,42,3702.9995,nuclear
10,42,532.3022400000001,onshore_wind_turbine
23,42,3065.8254,onshore_wind_turbine
31,42,3659.4279899999997,onshore_wind_turbine
38,42,1918.8729,onshore_wind_turbine
50,42,2044.2839399999996,onshore_wind_turbine
63,42,141.83172000960002,onshore_wind_turbine
80,42,659.9499599999999,onshore_wind_turbine
94,42,14121.1758,onshore_wind_turbine
105,42,249.56387964899997,onshore_wind_turbine
124,42,6737.301864559201,onshore_wind_turbine
136,42,1703.7774000000002,onshore_wind_turbine
144,42,2756.6303399999997,onshore_wind_turbine
11,42,19.125,small_hydroelectric
24,42,62.577,small_hydroelectric
32,42,192.0,small_hydroelectric
39,42,52.9,small_hydroelectric
51,42,25.641,small_hydroelectric
64,42,6.128,small_hydroelectric
81,42,241.672,small_hydroelectric
95,42,418.922,small_hydroelectric
106,42,31.614,small_hydroelectric
125,42,100.697,small_hydroelectric
137,42,36.822,small_hydroelectric
145,42,33.21,small_hydroelectric
12,42,1279.68876,solar_photovoltaic
25,42,3.3629399999999996,solar_photovoltaic
33,42,77.93985,solar_photovoltaic
52,42,62.2062,solar_photovoltaic
65,42,2391.4551632655,solar_photovoltaic
82,42,2463.2389799999996,solar_photovoltaic
96,42,170.01900000000003,solar_photovoltaic
107,42,2558.0563838370003,solar_photovoltaic
126,42,6232.626772722,solar_photovoltaic
138,42,150.6813,solar_photovoltaic
26,43,11.235,biomass
13,43,15.682,biomass
108,43,137.081,biomass
40,43,5.952,biomass
97,43,178.173,biomass
1,43,16.294,biomass
66,43,228.795,biomass
2,43,862.4549975999998,conventional_hydroelectric
14,43,128.7025344,conventional_hydroelectric
27,43,857.6617176000001,conventional_hydroelectric
35,43,833.4544592,conventional_hydroelectric
54,43,666.0481608000001,conventional_hydroelectric
67,43,1425.5510466674878,conventional_hydroelectric
84,43,15377.7412554,conventional_hydroelectric
109,43,107.76396152340001,conventional_hydroelectric
128,43,52.32546000000001,conventional_hydroelectric
139,43,47.5340736,conventional_hydroelectric
110,43,50.0,conventional_steam_coal
41,43,7219.002,conventional_steam_coal
3,43,8009.062589999999,conventional_steam_coal
36,43,1350.1595699999998,conventional_steam_coal
85,43,0.0,conventional_steam_coal
28,43,74.364,geothermal
116,43,0.0,natural_gas_fired_combined_cycle
73,43,0.0,natural_gas_fired_combined_cycle
71,43,0.0,natural_gas_fired_combined_cycle
44,43,0.0,natural_gas_fired_combined_cycle
115,43,0.0,natural_gas_fired_combined_cycle
70,43,0.0,natural_gas_fired_combined_cycle
131,43,0.0,natural_gas_fired_combined_cycle
18,43,0.0,natural_gas_fired_combined_cycle
72,43,0.0,natural_gas_fired_combined_cycle
114,43,0.0,natural_gas_fired_combined_cycle
45,43,0.0,natural_gas_fired_combined_cycle
78,43,0.0,natural_gas_fired_combustion_turbine
75,43,0.0,natural_gas_fired_combustion_turbine
119,43,0.0,natural_gas_fired_combustion_turbine
117,43,0.0,natural_gas_fired_combustion_turbine
134,43,0.0,natural_gas_fired_combustion_turbine
103,43,0.0,natural_gas_fired_combustion_turbine
47,43,0.0,natural_gas_fired_combustion_turbine
8,43,0.0,natural_gas_fired_combustion_turbine
90,43,0.0,natural_gas_fired_combustion_turbine
60,43,0.0,natural_gas_fired_combustion_turbine
46,43,0.0,natural_gas_fired_combustion_turbine
37,43,0.0,natural_gas_fired_combustion_turbine
7,43,0.0,natural_gas_fired_combustion_turbine
133,43,0.0,natural_gas_fired_combustion_turbine
74,43,0.0,natural_gas_fired_combustion_turbine
20,43,0.0,natural_gas_fired_combustion_turbine
135,43,0.0,natural_gas_fired_combustion_turbine
142,43,0.0,natural_gas_fired_combustion_turbine
121,43,0.0,natural_gas_fired_combustion_turbine
91,43,0.0,natural_gas_fired_combustion_turbine
22,43,0.0,natural_gas_steam_turbine
123,43,0.0,natural_gas_steam_turbine
62,43,0.0,natural_gas_steam_turbine
49,43,0.0,natural_gas_steam_turbine
48,43,0.0,natural_gas_steam_turbine
21,43,0.0,natural_gas_steam_turbine
79,43,5554.49925,nuclear
10,43,491.00559000000004,onshore_wind_turbine
23,43,4139.9424,onshore_wind_turbine
31,43,3527.62548,onshore_wind_turbine
38,43,1963.1808,onshore_wind_turbine
50,43,1559.4161399999998,onshore_wind_turbine
63,43,188.04395991600003,onshore_wind_turbine
80,43,1228.29552,onshore_wind_turbine
94,43,6372.5766,onshore_wind_turbine
105,43,476.180699778,onshore_wind_turbine
124,43,5838.940467525001,onshore_wind_turbine
136,43,1586.97999,onshore_wind_turbine
144,43,3471.2779499999992,onshore_wind_turbine
11,43,19.125,small_hydroelectric
24,43,62.577,small_hydroelectric
32,43,192.0,small_hydroelectric
39,43,52.9,small_hydroelectric
51,43,25.641,small_hydroelectric
64,43,6.128,small_hydroelectric
81,43,241.672,small_hydroelectric
95,43,418.922,small_hydroelectric
106,43,31.614,small_hydroelectric
125,43,100.697,small_hydroelectric
137,43,36.822,small_hydroelectric
145,43,33.21,small_hydroelectric
12,43,0.0,solar_photovoltaic
25,43,0.0,solar_photovoltaic
33,43,0.0,solar_photovoltaic
52,43,0.0,solar_photovoltaic
65,43,0.0,solar_photovoltaic
82,43,5.016779999999999,solar_photovoltaic
96,43,0.0,solar_photovoltaic
107,43,0.0,solar_photovoltaic
126,43,0.0,solar_photovoltaic
138,43,0.0,solar_photovoltaic
26,44,11.235,biomass
13,44,15.682,biomass
108,44,137.081,biomass
40,44,5.952,biomass
97,44,178.173,biomass
1,44,16.294,biomass
66,44,228.795,biomass
2,44,862.4549975999998,conventional_hydroelectric
14,44,128.7025344,conventional_hydroelectric
27,44,857.6617176000001,conventional_hydroelectric
35,44,833.4544592,conventional_hydroelectric
54,44,666.0481608000001,conventional_hydroelectric
67,44,1425.5510466674878,conventional_hydroelectric
84,44,15377.7412554,conventional_hydroelectric
109,44,107.76396152340001,conventional_hydroelectric
128,44,52.32546000000001,conventional_hydroelectric
139,44,47.5340736,conventional_hydroelectric
110,44,50.0,conventional_steam_coal
41,44,7219.002,conventional_steam_coal
3,44,14050.987,conventional_steam_coal
36,44,2368.701,conventional_steam_coal
85,44,0.0,conventional_steam_coal
28,44,74.364,geothermal
116,44,0.0,natural_gas_fired_combined_cycle
73,44,0.0,natural_gas_fired_combined_cycle
71,44,0.0,natural_gas_fired_combined_cycle
44,44,0.0,natural_gas_fired_combined_cycle
115,44,0.0,natural_gas_fired_combined_cycle
70,44,0.0,natural_gas_fired_combined_cycle
131,44,0.0,natural_gas_fired_combined_cycle
18,44,0.0,natural_gas_fired_combined_cycle
72,44,0.0,natural_gas_fired_combined_cycle
114,44,0.0,natural_gas_fired_combined_cycle
45,44,0.0,natural_gas_fired_combined_cycle
78,44,0.0,natural_gas_fired_combustion_turbine
75,44,0.0,natural_gas_fired_combustion_turbine
119,44,0.0,natural_gas_fired_combustion_turbine
117,44,0.0,natural_gas_fired_combustion_turbine
134,44,0.0,natural_gas_fired_combustion_turbine
103,44,0.0,natural_gas_fired_combustion_turbine
47,44,0.0,natural_gas_fired_combustion_turbine
8,44,0.0,natural_gas_fired_combustion_turbine
90,44,0.0,natural_gas_fired_combustion_turbine
60,44,0.0,natural_gas_fired_combustion_turbine
46,44,0.0,natural_gas_fired_combustion_turbine
37,44,0.0,natural_gas_fired_combustion_turbine
7,44,0.0,natural_gas_fired_combustion_turbine
133,44,0.0,natural_gas_fired_combustion_turbine
74,44,0.0,natural_gas_fired_combustion_turbine
20,44,0.0,natural_gas_fired_combustion_turbine
135,44,0.0,natural_gas_fired_combustion_turbine
142,44,0.0,natural_gas_fired_combustion_turbine
121,44,0.0,natural_gas_fired_combustion_turbine
91,44,0.0,natural_gas_fired_combustion_turbine
22,44,0.0,natural_gas_steam_turbine
123,44,0.0,natural_gas_steam_turbine
62,44,0.0,natural_gas_steam_turbine
49,44,0.0,natural_gas_steam_turbine
48,44,0.0,natural_gas_steam_turbine
21,44,0.0,natural_gas_steam_turbine
79,44,7405.999,nuclear
10,44,449.86332000000004,onshore_wind_turbine
23,44,4565.5962,onshore_wind_turbine
31,44,3178.01805,onshore_wind_turbine
38,44,1976.3271,onshore_wind_turbine
50,44,1854.6919199999998,onshore_wind_turbine
63,44,110.62392006000002,onshore_wind_turbine
80,44,1078.5422399999998,onshore_wind_turbine
94,44,3719.832,onshore_wind_turbine
105,44,667.290960189,onshore_wind_turbine
124,44,7747.985790540601,onshore_wind_turbine
136,44,1721.5090200000002,onshore_wind_turbine
144,44,3346.1450999999993,onshore_wind_turbine
11,44,19.125,small_hydroelectric
24,44,62.577,small_hydroelectric
32,44,192.0,small_hydroelectric
39,44,52.9,small_hydroelectric
51,44,25.641,small_hydroelectric
64,44,6.128,small_hydroelectric
81,44,241.672,small_hydroelectric
95,44,418.922,small_hydroelectric
106,44,31.614,small_hydroelectric
125,44,100.697,small_hydroelectric
137,44,36.822,small_hydroelectric
145,44,33.21,small_hydroelectric
12,44,0.0,solar_photovoltaic
25,44,0.0,solar_photovoltaic
33,44,0.0,solar_photovoltaic
52,44,0.0,solar_photovoltaic
65,44,0.0,solar_photovoltaic
82,44,0.0,solar_photovoltaic
96,44,0.0,solar_photovoltaic
107,44,0.0,solar_photovoltaic
126,44,0.0,solar_photovoltaic
138,44,0.0,solar_photovoltaic
26,45,11.235,biomass
13,45,15.682,biomass
108,45,137.081,biomass
40,45,5.952,biomass
97,45,178.173,biomass
1,45,16.294,biomass
66,45,228.795,biomass
2,45,862.4549975999998,conventional_hydroelectric
14,45,128.7025344,conventional_hydroelectric
27,45,857.6617176000001,conventional_hydroelectric
35,45,833.4544592,conventional_hydroelectric
54,45,666.0481608000001,conventional_hydroelectric
67,45,1425.5510466674878,conventional_hydroelectric
84,45,15377.7412554,conventional_hydroelectric
109,45,107.76396152340001,conventional_hydroelectric
128,45,52.32546000000001,conventional_hydroelectric
139,45,47.5340736,conventional_hydroelectric
110,45,50.0,conventional_steam_coal
41,45,7219.002,conventional_steam_coal
3,45,14050.987,conventional_steam_coal
36,45,2368.701,conventional_steam_coal
85,45,0.0,conventional_steam_coal
28,45,74.364,geothermal
116,45,0.0,natural_gas_fired_combined_cycle
73,45,0.0,natural_gas_fired_combined_cycle
71,45,0.0,natural_gas_fired_combined_cycle
44,45,0.0,natural_gas_fired_combined_cycle
115,45,0.0,natural_gas_fired_combined_cycle
70,45,0.0,natural_gas_fired_combined_cycle
131,45,0.0,natural_gas_fired_combined_cycle
18,45,0.0,natural_gas_fired_combined_cycle
72,45,0.0,natural_gas_fired_combined_cycle
114,45,0.0,natural_gas_fired_combined_cycle
45,45,0.0,natural_gas_fired_combined_cycle
78,45,0.0,natural_gas_fired_combustion_turbine
75,45,0.0,natural_gas_fired_combustion_turbine
119,45,0.0,natural_gas_fired_combustion_turbine
117,45,0.0,natural_gas_fired_combustion_turbine
134,45,0.0,natural_gas_fired_combustion_turbine
103,45,0.0,natural_gas_fired_combustion_turbine
47,45,0.0,natural_gas_fired_combustion_turbine
8,45,0.0,natural_gas_fired_combustion_turbine
90,45,0.0,natural_gas_fired_combustion_turbine
60,45,0.0,natural_gas_fired_combustion_turbine
46,45,0.0,natural_gas_fired_combustion_turbine
37,45,0.0,natural_gas_fired_combustion_turbine
7,45,0.0,natural_gas_fired_combustion_turbine
133,45,0.0,natural_gas_fired_combustion_turbine
74,45,0.0,natural_gas_fired_combustion_turbine
20,45,0.0,natural_gas_fired_combustion_turbine
135,45,0.0,natural_gas_fired_combustion_turbine
142,45,0.0,natural_gas_fired_combustion_turbine
121,45,0.0,natural_gas_fired_combustion_turbine
91,45,0.0,natural_gas_fired_combustion_turbine
22,45,0.0,natural_gas_steam_turbine
123,45,0.0,natural_gas_steam_turbine
62,45,0.0,natural_gas_steam_turbine
49,45,0.0,natural_gas_steam_turbine
48,45,0.0,natural_gas_steam_turbine
21,45,0.0,natural_gas_steam_turbine
79,45,7405.999,nuclear
10,45,495.6369900000001,onshore_wind_turbine
23,45,3828.4883999999997,onshore_wind_turbine
31,45,3244.6826399999995,onshore_wind_turbine
38,45,1944.43515,onshore_wind_turbine
50,45,1754.5246199999997,onshore_wind_turbine
63,45,59.6020798824,onshore_wind_turbine
80,45,935.55972,onshore_wind_turbine
94,45,2507.7342,onshore_wind_turbine
105,45,928.0467593459999,onshore_wind_turbine
124,45,7126.5476115306,onshore_wind_turbine
136,45,1864.5183900000002,onshore_wind_turbine
144,45,4192.413929999999,onshore_wind_turbine
11,45,19.125,small_hydroelectric
24,45,62.577,small_hydroelectric
32,45,192.0,small_hydroelectric
39,45,52.9,small_hydroelectric
51,45,25.641,small_hydroelectric
64,45,6.128,small_hydroelectric
81,45,241.672,small_hydroelectric
95,45,418.922,small_hydroelectric
106,45,31.614,small_hydroelectric
125,45,100.697,small_hydroelectric
137,45,36.822,small_hydroelectric
145,45,33.21,small_hydroelectric
12,45,0.0,solar_photovoltaic
25,45,0.0,solar_photovoltaic
33,45,0.0,solar_photovoltaic
52,45,0.0,solar_photovoltaic
65,45,0.0,solar_photovoltaic
82,45,0.0,solar_photovoltaic
96,45,0.0,solar_photovoltaic
107,45,0.0,solar_photovoltaic
126,45,0.0,solar_photovoltaic
138,45,0.0,solar_photovoltaic
26,46,11.235,biomass
13,46,15.682,biomass
108,46,137.081,biomass
40,46,5.952,biomass
97,46,178.173,biomass
1,46,16.294,biomass
66,46,228.795,biomass
2,46,862.4549975999998,conventional_hydroelectric
14,46,128.7025344,conventional_hydroelectric
27,46,857.6617176000001,conventional_hydroelectric
35,46,833.4544592,conventional_hydroelectric
54,46,666.0481608000001,conventional_hydroelectric
67,46,1425.5510466674878,conventional_hydroelectric
84,46,15377.7412554,conventional_hydroelectric
109,46,107.76396152340001,conventional_hydroelectric
128,46,52.32546000000001,conventional_hydroelectric
139,46,47.5340736,conventional_hydroelectric
110,46,50.0,conventional_steam_coal
41,46,7219.002,conventional_steam_coal
3,46,13999.251558915115,conventional_steam_coal
36,46,1268.6571633436047,conventional_steam_coal
85,46,0.0,conventional_steam_coal
28,46,74.364,geothermal
116,46,0.0,natural_gas_fired_combined_cycle
73,46,0.0,natural_gas_fired_combined_cycle
71,46,0.0,natural_gas_fired_combined_cycle
44,46,0.0,natural_gas_fired_combined_cycle
115,46,0.0,natural_gas_fired_combined_cycle
70,46,0.0,natural_gas_fired_combined_cycle
131,46,0.0,natural_gas_fired_combined_cycle
18,46,0.0,natural_gas_fired_combined_cycle
72,46,0.0,natural_gas_fired_combined_cycle
114,46,0.0,natural_gas_fired_combined_cycle
45,46,0.0,natural_gas_fired_combined_cycle
78,46,0.0,natural_gas_fired_combustion_turbine
75,46,0.0,natural_gas_fired_combustion_turbine
119,46,0.0,natural_gas_fired_combustion_turbine
117,46,0.0,natural_gas_fired_combustion_turbine
134,46,0.0,natural_gas_fired_combustion_turbine
103,46,0.0,natural_gas_fired_combustion_turbine
47,46,0.0,natural_gas_fired_combustion_turbine
8,46,0.0,natural_gas_fired_combustion_turbine
90,46,0.0,natural_gas_fired_combustion_turbine
60,46,0.0,natural_gas_fired_combustion_turbine
46,46,0.0,natural_gas_fired_combustion_turbine
37,46,0.0,natural_gas_fired_combustion_turbine
7,46,0.0,natural_gas_fired_combustion_turbine
133,46,0.0,natural_gas_fired_combustion_turbine
74,46,0.0,natural_gas_fired_combustion_turbine
20,46,0.0,natural_gas_fired_combustion_turbine
135,46,0.0,natural_gas_fired_combustion_turbine
142,46,0.0,natural_gas_fired_combustion_turbine
121,46,0.0,natural_gas_fired_combustion_turbine
91,46,0.0,natural_gas_fired_combustion_turbine
22,46,0.0,natural_gas_steam_turbine
123,46,0.0,natural_gas_steam_turbine
62,46,0.0,natural_gas_steam_turbine
49,46,0.0,natural_gas_steam_turbine
48,46,0.0,natural_gas_steam_turbine
21,46,0.0,natural_gas_steam_turbine
79,46,7405.999,nuclear
10,46,517.9449000000001,onshore_wind_turbine
23,46,4398.6888,onshore_wind_turbine
31,46,3614.13678,onshore_wind_turbine
38,46,1687.83885,onshore_wind_turbine
50,46,1734.7814999999998,onshore_wind_turbine
63,46,27.7462799472,onshore_wind_turbine
80,46,706.9469999999999,onshore_wind_turbine
94,46,2384.7906,onshore_wind_turbine
105,46,1009.3461602489999,onshore_wind_turbine
124,46,7544.886870754201,onshore_wind_turbine
136,46,1785.1115700000003,onshore_wind_turbine
144,46,6126.875099999999,onshore_wind_turbine
11,46,19.125,small_hydroelectric
24,46,62.577,small_hydroelectric
32,46,192.0,small_hydroelectric
39,46,52.9,small_hydroelectric
51,46,25.641,small_hydroelectric
64,46,6.128,small_hydroelectric
81,46,241.672,small_hydroelectric
95,46,418.922,small_hydroelectric
106,46,31.614,small_hydroelectric
125,46,100.697,small_hydroelectric
137,46,36.822,small_hydroelectric
145,46,33.21,small_hydroelectric
12,46,0.0,solar_photovoltaic
25,46,0.0,solar_photovoltaic
33,46,0.0,solar_photovoltaic
52,46,0.0,solar_photovoltaic
65,46,0.0,solar_photovoltaic
82,46,0.0,solar_photovoltaic
96,46,0.0,solar_photovoltaic
107,46,0.0,solar_photovoltaic
126,46,0.0,solar_photovoltaic
138,46,0.0,solar_photovoltaic
26,47,11.235,biomass
13,47,15.682,biomass
108,47,137.081,biomass
40,47,5.952,biomass
97,47,178.173,biomass
1,47,16.294,biomass
66,47,228.795,biomass
2,47,862.4549975999998,conventional_hydroelectric
14,47,128.7025344,conventional_hydroelectric
27,47,857.6617176000001,conventional_hydroelectric
35,47,833.4544592,conventional_hydroelectric
54,47,666.0481608000001,conventional_hydroelectric
67,47,1425.5510466674878,conventional_hydroelectric
84,47,15377.7412554,conventional_hydroelectric
109,47,107.76396152340001,conventional_hydroelectric
128,47,52.32546000000001,conventional_hydroelectric
139,47,47.5340736,conventional_hydroelectric
110,47,50.0,conventional_steam_coal
41,47,7219.002,conventional_steam_coal
3,47,5990.188968915116,conventional_steam_coal
36,47,0.0,conventional_steam_coal
85,47,0.0,conventional_steam_coal
28,47,74.364,geothermal
116,47,0.0,natural_gas_fired_combined_cycle
73,47,0.0,natural_gas_fired_combined_cycle
71,47,0.0,natural_gas_fired_combined_cycle
44,47,0.0,natural_gas_fired_combined_cycle
115,47,0.0,natural_gas_fired_combined_cycle
70,47,0.0,natural_gas_fired_combined_cycle
131,47,0.0,natural_gas_fired_combined_cycle
18,47,0.0,natural_gas_fired_combined_cycle
72,47,0.0,natural_gas_fired_combined_cycle
114,47,0.0,natural_gas_fired_combined_cycle
45,47,0.0,natural_gas_fired_combined_cycle
78,47,0.0,natural_gas_fired_combustion_turbine
75,47,0.0,natural_gas_fired_combustion_turbine
119,47,0.0,natural_gas_fired_combustion_turbine
117,47,0.0,natural_gas_fired_combustion_turbine
134,47,0.0,natural_gas_fired_combustion_turbine
103,47,0.0,natural_gas_fired_combustion_turbine
47,47,0.0,natural_gas_fired_combustion_turbine
8,47,0.0,natural_gas_fired_combustion_turbine
90,47,0.0,natural_gas_fired_combustion_turbine
60,47,0.0,natural_gas_fired_combustion_turbine
46,47,0.0,natural_gas_fired_combustion_turbine
37,47,0.0,natural_gas_fired_combustion_turbine
7,47,0.0,natural_gas_fired_combustion_turbine
133,47,0.0,natural_gas_fired_combustion_turbine
74,47,0.0,natural_gas_fired_combustion_turbine
20,47,0.0,natural_gas_fired_combustion_turbine
135,47,0.0,natural_gas_fired_combustion_turbine
142,47,0.0,natural_gas_fired_combustion_turbine
121,47,0.0,natural_gas_fired_combustion_turbine
91,47,0.0,natural_gas_fired_combustion_turbine
22,47,0.0,natural_gas_steam_turbine
123,47,0.0,natural_gas_steam_turbine
62,47,0.0,natural_gas_steam_turbine
49,47,0.0,natural_gas_steam_turbine
48,47,0.0,natural_gas_steam_turbine
21,47,0.0,natural_gas_steam_turbine
79,47,7405.999,nuclear
10,47,499.72806,onshore_wind_turbine
23,47,4389.9042,onshore_wind_turbine
31,47,3685.89027,onshore_wind_turbine
38,47,1412.9838,onshore_wind_turbine
50,47,1758.58938,onshore_wind_turbine
63,47,38.0083200168,onshore_wind_turbine
80,47,401.06795999999997,onshore_wind_turbine
94,47,3618.9552,onshore_wind_turbine
105,47,1017.891000189,onshore_wind_turbine
124,47,9823.7747940882,onshore_wind_turbine
136,47,1917.32778,onshore_wind_turbine
144,47,6224.200649999999,onshore_wind_turbine
11,47,19.125,small_hydroelectric
24,47,62.577,small_hydroelectric
32,47,192.0,small_hydroelectric
39,47,52.9,small_hydroelectric
51,47,25.641,small_hydroelectric
64,47,6.128,small_hydroelectric
81,47,241.672,small_hydroelectric
95,47,418.922,small_hydroelectric
106,47,31.614,small_hydroelectric
125,47,100.697,small_hydroelectric
137,47,36.822,small_hydroelectric
145,47,33.21,small_hydroelectric
12,47,0.0,solar_photovoltaic
25,47,0.0,solar_photovoltaic
33,47,0.0,solar_photovoltaic
52,47,0.0,solar_photovoltaic
65,47,0.0,solar_photovoltaic
82,47,0.0,solar_photovoltaic
96,47,0.0,solar_photovoltaic
107,47,0.0,solar_photovoltaic
126,47,0.0,solar_photovoltaic
138,47,0.0,solar_photovoltaic
26,48,11.235,biomass
13,48,15.682,biomass
108,48,137.081,biomass
40,48,5.952,biomass
97,48,178.173,biomass
1,48,16.294,biomass
66,48,228.795,biomass
2,48,862.4549975999998,conventional_hydroelectric
14,48,128.7025344,conventional_hydroelectric
27,48,857.6617176000001,conventional_hydroelectric
35,48,833.4544592,conventional_hydroelectric
54,48,666.0481608000001,conventional_hydroelectric
67,48,1425.5510466674878,conventional_hydroelectric
84,48,15377.7412554,conventional_hydroelectric
109,48,107.76396152340001,conventional_hydroelectric
128,48,52.32546000000001,conventional_hydroelectric
139,48,47.5340736,conventional_hydroelectric
110,48,50.0,conventional_steam_coal
41,48,6587.4592126091175,conventional_steam_coal
3,48,0.0,conventional_steam_coal
36,48,0.0,conventional_steam_coal
85,48,0.0,conventional_steam_coal
28,48,74.364,geothermal
116,48,0.0,natural_gas_fired_combined_cycle
73,48,0.0,natural_gas_fired_combined_cycle
71,48,0.0,natural_gas_fired_combined_cycle
44,48,0.0,natural_gas_fired_combined_cycle
115,48,0.0,natural_gas_fired_combined_cycle
70,48,0.0,natural_gas_fired_combined_cycle
131,48,0.0,natural_gas_fired_combined_cycle
18,48,0.0,natural_gas_fired_combined_cycle
72,48,0.0,natural_gas_fired_combined_cycle
114,48,0.0,natural_gas_fired_combined_cycle
45,48,0.0,natural_gas_fired_combined_cycle
78,48,0.0,natural_gas_fired_combustion_turbine
75,48,0.0,natural_gas_fired_combustion_turbine
119,48,0.0,natural_gas_fired_combustion_turbine
117,48,0.0,natural_gas_fired_combustion_turbine
134,48,0.0,natural_gas_fired_combustion_turbine
103,48,0.0,natural_gas_fired_combustion_turbine
47,48,0.0,natural_gas_fired_combustion_turbine
8,48,0.0,natural_gas_fired_combustion_turbine
90,48,0.0,natural_gas_fired_combustion_turbine
60,48,0.0,natural_gas_fired_combustion_turbine
46,48,0.0,natural_gas_fired_combustion_turbine
37,48,0.0,natural_gas_fired_combustion_turbine
7,48,0.0,natural_gas_fired_combustion_turbine
133,48,0.0,natural_gas_fired_combustion_turbine
74,48,0.0,natural_gas_fired_combustion_turbine
20,48,0.0,natural_gas_fired_combustion_turbine
135,48,0.0,natural_gas_fired_combustion_turbine
142,48,0.0,natural_gas_fired_combustion_turbine
121,48,0.0,natural_gas_fired_combustion_turbine
91,48,0.0,natural_gas_fired_combustion_turbine
22,48,0.0,natural_gas_steam_turbine
123,48,0.0,natural_gas_steam_turbine
62,48,0.0,natural_gas_steam_turbine
49,48,0.0,natural_gas_steam_turbine
48,48,0.0,natural_gas_steam_turbine
21,48,0.0,natural_gas_steam_turbine
79,48,7405.999,nuclear
10,48,479.50428000000005,onshore_wind_turbine
23,48,4933.7508,onshore_wind_turbine
31,48,2998.3798799999995,onshore_wind_turbine
38,48,1350.41715,onshore_wind_turbine
50,48,1992.8937599999997,onshore_wind_turbine
63,48,47.310360033600006,onshore_wind_turbine
80,48,665.5258799999999,onshore_wind_turbine
94,48,5482.0235999999995,onshore_wind_turbine
105,48,1004.1588605160001,onshore_wind_turbine
124,48,9667.522350050402,onshore_wind_turbine
136,48,2145.5260200000002,onshore_wind_turbine
144,48,5925.735629999999,onshore_wind_turbine
11,48,19.125,small_hydroelectric
24,48,62.577,small_hydroelectric
32,48,192.0,small_hydroelectric
39,48,52.9,small_hydroelectric
51,48,25.641,small_hydroelectric
64,48,6.128,small_hydroelectric
81,48,241.672,small_hydroelectric
95,48,418.922,small_hydroelectric
106,48,31.614,small_hydroelectric
125,48,100.697,small_hydroelectric
137,48,36.822,small_hydroelectric
145,48,33.21,small_hydroelectric
12,48,0.0,solar_photovoltaic
25,48,0.0,solar_photovoltaic
33,48,0.0,solar_photovoltaic
52,48,0.0,solar_photovoltaic
65,48,0.0,solar_photovoltaic
82,48,0.0,solar_photovoltaic
96,48,0.0,solar_photovoltaic
107,48,0.0,solar_photovoltaic
126,48,0.0,solar_photovoltaic
138,48,0.0,solar_photovoltaic
26,49,11.235,biomass
13,49,15.682,biomass
108,49,137.081,biomass
40,49,5.952,biomass
97,49,178.173,biomass
1,49,16.294,biomass
66,49,228.795,biomass
2,49,862.4549975999998,conventional_hydroelectric
14,49,128.7025344,conventional_hydroelectric
27,49,857.6617176000001,conventional_hydroelectric
35,49,833.4544592,conventional_hydroelectric
54,49,666.0481608000001,conventional_hydroelectric
67,49,1425.5510466674878,conventional_hydroelectric
84,49,15377.7412554,conventional_hydroelectric
109,49,107.76396152340001,conventional_hydroelectric
128,49,52.32546000000001,conventional_hydroelectric
139,49,47.5340736,conventional_hydroelectric
110,49,50.0,conventional_steam_coal
41,49,5505.841347407109,conventional_steam_coal
3,49,0.0,conventional_steam_coal
36,49,0.0,conventional_steam_coal
85,49,0.0,conventional_steam_coal
28,49,74.364,geothermal
116,49,0.0,natural_gas_fired_combined_cycle
73,49,0.0,natural_gas_fired_combined_cycle
71,49,0.0,natural_gas_fired_combined_cycle
44,49,0.0,natural_gas_fired_combined_cycle
115,49,0.0,natural_gas_fired_combined_cycle
70,49,0.0,natural_gas_fired_combined_cycle
131,49,0.0,natural_gas_fired_combined_cycle
18,49,0.0,natural_gas_fired_combined_cycle
72,49,0.0,natural_gas_fired_combined_cycle
114,49,0.0,natural_gas_fired_combined_cycle
45,49,0.0,natural_gas_fired_combined_cycle
78,49,0.0,natural_gas_fired_combustion_turbine
75,49,0.0,natural_gas_fired_combustion_turbine
119,49,0.0,natural_gas_fired_combustion_turbine
117,49,0.0,natural_gas_fired_combustion_turbine
134,49,0.0,natural_gas_fired_combustion_turbine
103,49,0.0,natural_gas_fired_combustion_turbine
47,49,0.0,natural_gas_fired_combustion_turbine
8,49,0.0,natural_gas_fired_combustion_turbine
90,49,0.0,natural_gas_fired_combustion_turbine
60,49,0.0,natural_gas_fired_combustion_turbine
46,49,0.0,natural_gas_fired_combustion_turbine
37,49,0.0,natural_gas_fired_combustion_turbine
7,49,0.0,natural_gas_fired_combustion_turbine
133,49,0.0,natural_gas_fired_combustion_turbine
74,49,0.0,natural_gas_fired_combustion_turbine
20,49,0.0,natural_gas_fired_combustion_turbine
135,49,0.0,natural_gas_fired_combustion_turbine
142,49,0.0,natural_gas_fired_combustion_turbine
121,49,0.0,natural_gas_fired_combustion_turbine
91,49,0.0,natural_gas_fired_combustion_turbine
22,49,0.0,natural_gas_steam_turbine
123,49,0.0,natural_gas_steam_turbine
62,49,0.0,natural_gas_steam_turbine
49,49,0.0,natural_gas_steam_turbine
48,49,0.0,natural_gas_steam_turbine
21,49,0.0,natural_gas_steam_turbine
79,49,7405.999,nuclear
10,49,507.2926800000001,onshore_wind_turbine
23,49,5812.2108,onshore_wind_turbine
31,49,2745.4615499999995,onshore_wind_turbine
38,49,1291.9891499999999,onshore_wind_turbine
50,49,2023.3794599999997,onshore_wind_turbine
63,49,45.371040151200006,onshore_wind_turbine
80,49,866.2589999999999,onshore_wind_turbine
94,49,5921.783399999999,onshore_wind_turbine
105,49,998.4296405790001,onshore_wind_turbine
124,49,7267.7503550718,onshore_wind_turbine
136,49,1830.2115600000002,onshore_wind_turbine
144,49,5845.094459999999,onshore_wind_turbine
11,49,19.125,small_hydroelectric
24,49,62.577,small_hydroelectric
32,49,192.0,small_hydroelectric
39,49,52.9,small_hydroelectric
51,49,25.641,small_hydroelectric
64,49,6.128,small_hydroelectric
81,49,241.672,small_hydroelectric
95,49,418.922,small_hydroelectric
106,49,31.614,small_hydroelectric
125,49,100.697,small_hydroelectric
137,49,36.822,small_hydroelectric
145,49,33.21,small_hydroelectric
12,49,0.0,solar_photovoltaic
25,49,0.0,solar_photovoltaic
33,49,0.0,solar_photovoltaic
52,49,0.0,solar_photovoltaic
65,49,0.0,solar_photovoltaic
82,49,0.0,solar_photovoltaic
96,49,0.0,solar_photovoltaic
107,49,0.0,solar_photovoltaic
126,49,0.0,solar_photovoltaic
138,49,0.0,solar_photovoltaic
26,50,11.235,biomass
13,50,15.682,biomass
108,50,137.081,biomass
40,50,5.952,biomass
97,50,178.173,biomass
1,50,16.294,biomass
66,50,228.795,biomass
2,50,862.4549975999998,conventional_hydroelectric
14,50,128.7025344,conventional_hydroelectric
27,50,857.6617176000001,conventional_hydroelectric
35,50,833.4544592,conventional_hydroelectric
54,50,666.0481608000001,conventional_hydroelectric
67,50,1425.5510466674878,conventional_hydroelectric
84,50,15377.7412554,conventional_hydroelectric
109,50,107.76396152340001,conventional_hydroelectric
128,50,52.32546000000001,conventional_hydroelectric
139,50,47.5340736,conventional_hydroelectric
110,50,50.0,conventional_steam_coal
41,50,5436.154815472924,conventional_steam_coal
3,50,0.0,conventional_steam_coal
36,50,0.0,conventional_steam_coal
85,50,0.0,conventional_steam_coal
28,50,74.364,geothermal
116,50,0.0,natural_gas_fired_combined_cycle
73,50,0.0,natural_gas_fired_combined_cycle
71,50,0.0,natural_gas_fired_combined_cycle
44,50,0.0,natural_gas_fired_combined_cycle
115,50,0.0,natural_gas_fired_combined_cycle
70,50,0.0,natural_gas_fired_combined_cycle
131,50,0.0,natural_gas_fired_combined_cycle
18,50,0.0,natural_gas_fired_combined_cycle
72,50,0.0,natural_gas_fired_combined_cycle
114,50,0.0,natural_gas_fired_combined_cycle
45,50,0.0,natural_gas_fired_combined_cycle
78,50,0.0,natural_gas_fired_combustion_turbine
75,50,0.0,natural_gas_fired_combustion_turbine
119,50,0.0,natural_gas_fired_combustion_turbine
117,50,0.0,natural_gas_fired_combustion_turbine
134,50,0.0,natural_gas_fired_combustion_turbine
103,50,0.0,natural_gas_fired_combustion_turbine
47,50,0.0,natural_gas_fired_combustion_turbine
8,50,0.0,natural_gas_fired_combustion_turbine
90,50,0.0,natural_gas_fired_combustion_turbine
60,50,0.0,natural_gas_fired_combustion_turbine
46,50,0.0,natural_gas_fired_combustion_turbine
37,50,0.0,natural_gas_fired_combustion_turbine
7,50,0.0,natural_gas_fired_combustion_turbine
133,50,0.0,natural_gas_fired_combustion_turbine
74,50,0.0,natural_gas_fired_combustion_turbine
20,50,0.0,natural_gas_fired_combustion_turbine
135,50,0.0,natural_gas_fired_combustion_turbine
142,50,0.0,natural_gas_fired_combustion_turbine
121,50,0.0,natural_gas_fired_combustion_turbine
91,50,0.0,natural_gas_fired_combustion_turbine
22,50,0.0,natural_gas_steam_turbine
123,50,0.0,natural_gas_steam_turbine
62,50,0.0,natural_gas_steam_turbine
49,50,0.0,natural_gas_steam_turbine
48,50,0.0,natural_gas_steam_turbine
21,50,0.0,natural_gas_steam_turbine
79,50,7405.999,nuclear
10,50,469.9327200000001,onshore_wind_turbine
23,50,5983.909799999999,onshore_wind_turbine
31,50,2488.9809899999996,onshore_wind_turbine
38,50,1575.1215,onshore_wind_turbine
50,50,1819.8511199999998,onshore_wind_turbine
63,50,42.370919973599996,onshore_wind_turbine
80,50,435.71831999999995,onshore_wind_turbine
94,50,5459.9568,onshore_wind_turbine
105,50,992.832899814,onshore_wind_turbine
124,50,6620.9280579486,onshore_wind_turbine
136,50,2290.07727,onshore_wind_turbine
144,50,5884.95159,onshore_wind_turbine
11,50,19.125,small_hydroelectric
24,50,62.577,small_hydroelectric
32,50,192.0,small_hydroelectric
39,50,52.9,small_hydroelectric
51,50,25.641,small_hydroelectric
64,50,6.128,small_hydroelectric
81,50,241.672,small_hydroelectric
95,50,418.922,small_hydroelectric
106,50,31.614,small_hydroelectric
125,50,100.697,small_hydroelectric
137,50,36.822,small_hydroelectric
145,50,33.21,small_hydroelectric
12,50,0.0,solar_photovoltaic
25,50,0.0,solar_photovoltaic
33,50,0.0,solar_photovoltaic
52,50,0.0,solar_photovoltaic
65,50,0.0,solar_photovoltaic
82,50,0.0,solar_photovoltaic
96,50,0.0,solar_photovoltaic
107,50,0.0,solar_photovoltaic
126,50,0.0,solar_photovoltaic
138,50,0.0,solar_photovoltaic
26,51,11.235,biomass
13,51,15.682,biomass
108,51,137.081,biomass
40,51,5.952,biomass
97,51,178.173,biomass
1,51,16.294,biomass
66,51,228.795,biomass
2,51,862.4549975999998,conventional_hydroelectric
14,51,128.7025344,conventional_hydroelectric
27,51,857.6617176000001,conventional_hydroelectric
35,51,833.4544592,conventional_hydroelectric
54,51,666.0481608000001,conventional_hydroelectric
67,51,1425.5510466674878,conventional_hydroelectric
84,51,15377.7412554,conventional_hydroelectric
109,51,107.76396152340001,conventional_hydroelectric
128,51,52.32546000000001,conventional_hydroelectric
139,51,47.5340736,conventional_hydroelectric
110,51,50.0,conventional_steam_coal
41,51,6074.174704181709,conventional_steam_coal
3,51,0.0,conventional_steam_coal
36,51,0.0,conventional_steam_coal
85,51,0.0,conventional_steam_coal
28,51,74.364,geothermal
116,51,0.0,natural_gas_fired_combined_cycle
73,51,0.0,natural_gas_fired_combined_cycle
71,51,0.0,natural_gas_fired_combined_cycle
44,51,0.0,natural_gas_fired_combined_cycle
115,51,0.0,natural_gas_fired_combined_cycle
70,51,0.0,natural_gas_fired_combined_cycle
131,51,0.0,natural_gas_fired_combined_cycle
18,51,0.0,natural_gas_fired_combined_cycle
72,51,0.0,natural_gas_fired_combined_cycle
114,51,0.0,natural_gas_fired_combined_cycle
45,51,0.0,natural_gas_fired_combined_cycle
78,51,0.0,natural_gas_fired_combustion_turbine
75,51,0.0,natural_gas_fired_combustion_turbine
119,51,0.0,natural_gas_fired_combustion_turbine
117,51,0.0,natural_gas_fired_combustion_turbine
134,51,0.0,natural_gas_fired_combustion_turbine
103,51,0.0,natural_gas_fired_combustion_turbine
47,51,0.0,natural_gas_fired_combustion_turbine
8,51,0.0,natural_gas_fired_combustion_turbine
90,51,0.0,natural_gas_fired_combustion_turbine
60,51,0.0,natural_gas_fired_combustion_turbine
46,51,0.0,natural_gas_fired_combustion_turbine
37,51,0.0,natural_gas_fired_combustion_turbine
7,51,0.0,natural_gas_fired_combustion_turbine
133,51,0.0,natural_gas_fired_combustion_turbine
74,51,0.0,natural_gas_fired_combustion_turbine
20,51,0.0,natural_gas_fired_combustion_turbine
135,51,0.0,natural_gas_fired_combustion_turbine
142,51,0.0,natural_gas_fired_combustion_turbine
121,51,0.0,natural_gas_fired_combustion_turbine
91,51,0.0,natural_gas_fired_combustion_turbine
22,51,0.0,natural_gas_steam_turbine
123,51,0.0,natural_gas_steam_turbine
62,51,0.0,natural_gas_steam_turbine
49,51,0.0,natural_gas_steam_turbine
48,51,0.0,natural_gas_steam_turbine
21,51,0.0,natural_gas_steam_turbine
79,51,7405.999,nuclear
10,51,428.94483,onshore_wind_turbine
23,51,5821.794,onshore_wind_turbine
31,51,1724.6282099999999,onshore_wind_turbine
38,51,1808.8335,onshore_wind_turbine
50,51,1973.4409799999996,onshore_wind_turbine
63,51,49.906560000000006,onshore_wind_turbine
80,51,284.37192,onshore_wind_turbine
94,51,4361.3454,onshore_wind_turbine
105,51,1039.55946066,onshore_wind_turbine
124,51,7060.947718367402,onshore_wind_turbine
136,51,1808.2397700000001,onshore_wind_turbine
144,51,6627.406499999998,onshore_wind_turbine
11,51,19.125,small_hydroelectric
24,51,62.577,small_hydroelectric
32,51,192.0,small_hydroelectric
39,51,52.9,small_hydroelectric
51,51,25.641,small_hydroelectric
64,51,6.128,small_hydroelectric
81,51,241.672,small_hydroelectric
95,51,418.922,small_hydroelectric
106,51,31.614,small_hydroelectric
125,51,100.697,small_hydroelectric
137,51,36.822,small_hydroelectric
145,51,33.21,small_hydroelectric
12,51,0.0,solar_photovoltaic
25,51,0.0,solar_photovoltaic
33,51,0.0,solar_photovoltaic
52,51,0.0,solar_photovoltaic
65,51,0.0,solar_photovoltaic
82,51,0.0,solar_photovoltaic
96,51,0.0,solar_photovoltaic
107,51,0.0,solar_photovoltaic
126,51,0.0,solar_photovoltaic
138,51,0.0,solar_photovoltaic
26,52,11.235,biomass
13,52,15.682,biomass
108,52,137.081,biomass
40,52,5.952,biomass
97,52,178.173,biomass
1,52,16.294,biomass
66,52,228.795,biomass
2,52,862.4549975999998,conventional_hydroelectric
14,52,128.7025344,conventional_hydroelectric
27,52,857.6617176000001,conventional_hydroelectric
35,52,833.4544592,conventional_hydroelectric
54,52,666.0481608000001,conventional_hydroelectric
67,52,1425.5510466674878,conventional_hydroelectric
84,52,15377.7412554,conventional_hydroelectric
109,52,107.76396152340001,conventional_hydroelectric
128,52,52.32546000000001,conventional_hydroelectric
139,52,47.5340736,conventional_hydroelectric
110,52,50.0,conventional_steam_coal
41,52,7219.002,conventional_steam_coal
3,52,3079.7957480719137,conventional_steam_coal
36,52,0.0,conventional_steam_coal
85,52,0.0,conventional_steam_coal
28,52,74.364,geothermal
116,52,0.0,natural_gas_fired_combined_cycle
73,52,0.0,natural_gas_fired_combined_cycle
71,52,0.0,natural_gas_fired_combined_cycle
44,52,0.0,natural_gas_fired_combined_cycle
115,52,0.0,natural_gas_fired_combined_cycle
70,52,0.0,natural_gas_fired_combined_cycle
131,52,0.0,natural_gas_fired_combined_cycle
18,52,0.0,natural_gas_fired_combined_cycle
72,52,0.0,natural_gas_fired_combined_cycle
114,52,0.0,natural_gas_fired_combined_cycle
45,52,0.0,natural_gas_fired_combined_cycle
78,52,0.0,natural_gas_fired_combustion_turbine
75,52,0.0,natural_gas_fired_combustion_turbine
119,52,0.0,natural_gas_fired_combustion_turbine
117,52,0.0,natural_gas_fired_combustion_turbine
134,52,0.0,natural_gas_fired_combustion_turbine
103,52,0.0,natural_gas_fired_combustion_turbine
47,52,0.0,natural_gas_fired_combustion_turbine
8,52,0.0,natural_gas_fired_combustion_turbine
90,52,0.0,natural_gas_fired_combustion_turbine
60,52,0.0,natural_gas_fired_combustion_turbine
46,52,0.0,natural_gas_fired_combustion_turbine
37,52,0.0,natural_gas_fired_combustion_turbine
7,52,0.0,natural_gas_fired_combustion_turbine
133,52,0.0,natural_gas_fired_combustion_turbine
74,52,0.0,natural_gas_fired_combustion_turbine
20,52,0.0,natural_gas_fired_combustion_turbine
135,52,0.0,natural_gas_fired_combustion_turbine
142,52,0.0,natural_gas_fired_combustion_turbine
121,52,0.0,natural_gas_fired_combustion_turbine
91,52,0.0,natural_gas_fired_combustion_turbine
22,52,0.0,natural_gas_steam_turbine
123,52,0.0,natural_gas_steam_turbine
62,52,0.0,natural_gas_steam_turbine
49,52,0.0,natural_gas_steam_turbine
48,52,0.0,natural_gas_steam_turbine
21,52,0.0,natural_gas_steam_turbine
79,52,7405.999,nuclear
10,52,394.2093300000001,onshore_wind_turbine
23,52,5326.662,onshore_wind_turbine
31,52,1918.00641,onshore_wind_turbine
38,52,1700.01135,onshore_wind_turbine
50,52,1919.1473999999998,onshore_wind_turbine
63,52,106.62011991359999,onshore_wind_turbine
80,52,259.67855999999995,onshore_wind_turbine
94,52,3166.5858,onshore_wind_turbine
105,52,1090.182059379,onshore_wind_turbine
124,52,5803.705745844601,onshore_wind_turbine
136,52,1756.97226,onshore_wind_turbine
144,52,6668.19054,onshore_wind_turbine
11,52,19.125,small_hydroelectric
24,52,62.577,small_hydroelectric
32,52,192.0,small_hydroelectric
39,52,52.9,small_hydroelectric
51,52,25.641,small_hydroelectric
64,52,6.128,small_hydroelectric
81,52,241.672,small_hydroelectric
95,52,418.922,small_hydroelectric
106,52,31.614,small_hydroelectric
125,52,100.697,small_hydroelectric
137,52,36.822,small_hydroelectric
145,52,33.21,small_hydroelectric
12,52,0.0,solar_photovoltaic
25,52,0.0,solar_photovoltaic
33,52,0.0,solar_photovoltaic
52,52,0.0,solar_photovoltaic
65,52,0.0,solar_photovoltaic
82,52,0.0,solar_photovoltaic
96,52,0.0,solar_photovoltaic
107,52,0.0,solar_photovoltaic
126,52,0.0,solar_photovoltaic
138,52,0.0,solar_photovoltaic
26,53,11.235,biomass
13,53,15.682,biomass
108,53,137.081,biomass
40,53,5.952,biomass
97,53,178.173,biomass
1,53,16.294,biomass
66,53,228.795,biomass
2,53,862.4549975999998,conventional_hydroelectric
14,53,128.7025344,conventional_hydroelectric
27,53,857.6617176000001,conventional_hydroelectric
35,53,833.4544592,conventional_hydroelectric
54,53,666.0481608000001,conventional_hydroelectric
67,53,1425.5510466674878,conventional_hydroelectric
84,53,15377.7412554,conventional_hydroelectric
109,53,107.76396152340001,conventional_hydroelectric
128,53,52.32546000000001,conventional_hydroelectric
139,53,47.5340736,conventional_hydroelectric
110,53,50.0,conventional_steam_coal
41,53,7219.002,conventional_steam_coal
3,53,10466.968633387301,conventional_steam_coal
36,53,0.0,conventional_steam_coal
85,53,0.0,conventional_steam_coal
28,53,74.364,geothermal
116,53,0.0,natural_gas_fired_combined_cycle
73,53,0.0,natural_gas_fired_combined_cycle
71,53,0.0,natural_gas_fired_combined_cycle
44,53,0.0,natural_gas_fired_combined_cycle
115,53,0.0,natural_gas_fired_combined_cycle
70,53,0.0,natural_gas_fired_combined_cycle
131,53,0.0,natural_gas_fired_combined_cycle
18,53,0.0,natural_gas_fired_combined_cycle
72,53,0.0,natural_gas_fired_combined_cycle
114,53,0.0,natural_gas_fired_combined_cycle
45,53,0.0,natural_gas_fired_combined_cycle
78,53,0.0,natural_gas_fired_combustion_turbine
75,53,0.0,natural_gas_fired_combustion_turbine
119,53,0.0,natural_gas_fired_combustion_turbine
117,53,0.0,natural_gas_fired_combustion_turbine
134,53,0.0,natural_gas_fired_combustion_turbine
103,53,0.0,natural_gas_fired_combustion_turbine
47,53,0.0,natural_gas_fired_combustion_turbine
8,53,0.0,natural_gas_fired_combustion_turbine
90,53,0.0,natural_gas_fired_combustion_turbine
60,53,0.0,natural_gas_fired_combustion_turbine
46,53,0.0,natural_gas_fired_combustion_turbine
37,53,0.0,natural_gas_fired_combustion_turbine
7,53,0.0,natural_gas_fired_combustion_turbine
133,53,0.0,natural_gas_fired_combustion_turbine
74,53,0.0,natural_gas_fired_combustion_turbine
20,53,0.0,natural_gas_fired_combustion_turbine
135,53,0.0,natural_gas_fired_combustion_turbine
142,53,0.0,natural_gas_fired_combustion_turbine
121,53,0.0,natural_gas_fired_combustion_turbine
91,53,0.0,natural_gas_fired_combustion_turbine
22,53,0.0,natural_gas_steam_turbine
123,53,0.0,natural_gas_steam_turbine
62,53,0.0,natural_gas_steam_turbine
49,53,0.0,natural_gas_steam_turbine
48,53,0.0,natural_gas_steam_turbine
21,53,0.0,natural_gas_steam_turbine
79,53,7405.999,nuclear
10,53,358.00722,onshore_wind_turbine
23,53,3766.1976,onshore_wind_turbine
31,53,1810.1217299999998,onshore_wind_turbine
38,53,1491.8616,onshore_wind_turbine
50,53,1751.3308799999998,onshore_wind_turbine
63,53,94.957320132,onshore_wind_turbine
80,53,115.5012,onshore_wind_turbine
94,53,2378.4858,onshore_wind_turbine
105,53,1065.433020561,onshore_wind_turbine
124,53,5424.4532091288,onshore_wind_turbine
136,53,1453.9928400000001,onshore_wind_turbine
144,53,7242.874739999998,onshore_wind_turbine
11,53,19.125,small_hydroelectric
24,53,62.577,small_hydroelectric
32,53,192.0,small_hydroelectric
39,53,52.9,small_hydroelectric
51,53,25.641,small_hydroelectric
64,53,6.128,small_hydroelectric
81,53,241.672,small_hydroelectric
95,53,418.922,small_hydroelectric
106,53,31.614,small_hydroelectric
125,53,100.697,small_hydroelectric
137,53,36.822,small_hydroelectric
145,53,33.21,small_hydroelectric
12,53,0.0,solar_photovoltaic
25,53,0.0,solar_photovoltaic
33,53,0.0,solar_photovoltaic
52,53,0.0,solar_photovoltaic
65,53,0.0,solar_photovoltaic
82,53,0.0,solar_photovoltaic
96,53,0.0,solar_photovoltaic
107,53,0.0,solar_photovoltaic
126,53,0.0,solar_photovoltaic
138,53,0.0,solar_photovoltaic
26,54,11.235,biomass
13,54,15.682,biomass
108,54,137.081,biomass
40,54,5.952,biomass
97,54,178.173,biomass
1,54,16.294,biomass
66,54,228.795,biomass
2,54,862.4549975999998,conventional_hydroelectric
14,54,128.7025344,conventional_hydroelectric
27,54,857.6617176000001,conventional_hydroelectric
35,54,833.4544592,conventional_hydroelectric
54,54,666.0481608000001,conventional_hydroelectric
67,54,1425.5510466674878,conventional_hydroelectric
84,54,15377.7412554,conventional_hydroelectric
109,54,107.76396152340001,conventional_hydroelectric
128,54,52.32546000000001,conventional_hydroelectric
139,54,47.5340736,conventional_hydroelectric
110,54,50.0,conventional_steam_coal
41,54,7219.002,conventional_steam_coal
3,54,14050.987,conventional_steam_coal
36,54,1350.1595699999998,conventional_steam_coal
85,54,0.0,conventional_steam_coal
28,54,74.364,geothermal
116,54,0.0,natural_gas_fired_combined_cycle
73,54,0.0,natural_gas_fired_combined_cycle
71,54,0.0,natural_gas_fired_combined_cycle
44,54,0.0,natural_gas_fired_combined_cycle
115,54,0.0,natural_gas_fired_combined_cycle
70,54,0.0,natural_gas_fired_combined_cycle
131,54,0.0,natural_gas_fired_combined_cycle
18,54,0.0,natural_gas_fired_combined_cycle
72,54,0.0,natural_gas_fired_combined_cycle
114,54,0.0,natural_gas_fired_combined_cycle
45,54,0.0,natural_gas_fired_combined_cycle
78,54,0.0,natural_gas_fired_combustion_turbine
75,54,0.0,natural_gas_fired_combustion_turbine
119,54,0.0,natural_gas_fired_combustion_turbine
117,54,0.0,natural_gas_fired_combustion_turbine
134,54,0.0,natural_gas_fired_combustion_turbine
103,54,0.0,natural_gas_fired_combustion_turbine
47,54,0.0,natural_gas_fired_combustion_turbine
8,54,0.0,natural_gas_fired_combustion_turbine
90,54,0.0,natural_gas_fired_combustion_turbine
60,54,0.0,natural_gas_fired_combustion_turbine
46,54,0.0,natural_gas_fired_combustion_turbine
37,54,0.0,natural_gas_fired_combustion_turbine
7,54,0.0,natural_gas_fired_combustion_turbine
133,54,0.0,natural_gas_fired_combustion_turbine
74,54,0.0,natural_gas_fired_combustion_turbine
20,54,0.0,natural_gas_fired_combustion_turbine
135,54,0.0,natural_gas_fired_combustion_turbine
142,54,0.0,natural_gas_fired_combustion_turbine
121,54,0.0,natural_gas_fired_combustion_turbine
91,54,0.0,natural_gas_fired_combustion_turbine
22,54,0.0,natural_gas_steam_turbine
123,54,0.0,natural_gas_steam_turbine
62,54,0.0,natural_gas_steam_turbine
49,54,0.0,natural_gas_steam_turbine
48,54,0.0,natural_gas_steam_turbine
21,54,0.0,natural_gas_steam_turbine
79,54,7405.999,nuclear
10,54,334.30989000000005,onshore_wind_turbine
23,54,2032.4370000000001,onshore_wind_turbine
31,54,2574.9833999999996,onshore_wind_turbine
38,54,1416.879,onshore_wind_turbine
50,54,1830.0130199999996,onshore_wind_turbine
63,54,73.28603996640001,onshore_wind_turbine
80,54,97.5786,onshore_wind_turbine
94,54,3207.567,onshore_wind_turbine
105,54,1040.810040396,onshore_wind_turbine
124,54,6481.807374609601,onshore_wind_turbine
136,54,1308.28518,onshore_wind_turbine
144,54,7326.296639999999,onshore_wind_turbine
11,54,19.125,small_hydroelectric
24,54,62.577,small_hydroelectric
32,54,192.0,small_hydroelectric
39,54,52.9,small_hydroelectric
51,54,25.641,small_hydroelectric
64,54,6.128,small_hydroelectric
81,54,241.672,small_hydroelectric
95,54,418.922,small_hydroelectric
106,54,31.614,small_hydroelectric
125,54,100.697,small_hydroelectric
137,54,36.822,small_hydroelectric
145,54,33.21,small_hydroelectric
12,54,0.0,solar_photovoltaic
25,54,0.0,solar_photovoltaic
33,54,0.0,solar_photovoltaic
52,54,0.0,solar_photovoltaic
65,54,0.0,solar_photovoltaic
82,54,0.0,solar_photovoltaic
96,54,0.0,solar_photovoltaic
107,54,0.0,solar_photovoltaic
126,54,0.0,solar_photovoltaic
138,54,0.0,solar_photovoltaic
26,55,11.235,biomass
13,55,15.682,biomass
108,55,137.081,biomass
40,55,5.952,biomass
97,55,178.173,biomass
1,55,16.294,biomass
66,55,228.795,biomass
2,55,862.4549975999998,conventional_hydroelectric
14,55,128.7025344,conventional_hydroelectric
27,55,857.6617176000001,conventional_hydroelectric
35,55,833.4544592,conventional_hydroelectric
54,55,666.0481608000001,conventional_hydroelectric
67,55,1425.5510466674878,conventional_hydroelectric
84,55,15377.7412554,conventional_hydroelectric
109,55,107.76396152340001,conventional_hydroelectric
128,55,52.32546000000001,conventional_hydroelectric
139,55,47.5340736,conventional_hydroelectric
110,55,50.0,conventional_steam_coal
41,55,7219.002,conventional_steam_coal
3,55,14050.987,conventional_steam_coal
36,55,1730.3142406313905,conventional_steam_coal
85,55,0.0,conventional_steam_coal
28,55,74.364,geothermal
116,55,0.0,natural_gas_fired_combined_cycle
73,55,0.0,natural_gas_fired_combined_cycle
71,55,0.0,natural_gas_fired_combined_cycle
44,55,0.0,natural_gas_fired_combined_cycle
115,55,0.0,natural_gas_fired_combined_cycle
70,55,0.0,natural_gas_fired_combined_cycle
131,55,0.0,natural_gas_fired_combined_cycle
18,55,0.0,natural_gas_fired_combined_cycle
72,55,0.0,natural_gas_fired_combined_cycle
114,55,0.0,natural_gas_fired_combined_cycle
45,55,0.0,natural_gas_fired_combined_cycle
78,55,0.0,natural_gas_fired_combustion_turbine
75,55,0.0,natural_gas_fired_combustion_turbine
119,55,0.0,natural_gas_fired_combustion_turbine
117,55,0.0,natural_gas_fired_combustion_turbine
134,55,0.0,natural_gas_fired_combustion_turbine
103,55,0.0,natural_gas_fired_combustion_turbine
47,55,0.0,natural_gas_fired_combustion_turbine
8,55,0.0,natural_gas_fired_combustion_turbine
90,55,0.0,natural_gas_fired_combustion_turbine
60,55,0.0,natural_gas_fired_combustion_turbine
46,55,0.0,natural_gas_fired_combustion_turbine
37,55,0.0,natural_gas_fired_combustion_turbine
7,55,0.0,natural_gas_fired_combustion_turbine
133,55,0.0,natural_gas_fired_combustion_turbine
74,55,0.0,natural_gas_fired_combustion_turbine
20,55,0.0,natural_gas_fired_combustion_turbine
135,55,0.0,natural_gas_fired_combustion_turbine
142,55,0.0,natural_gas_fired_combustion_turbine
121,55,0.0,natural_gas_fired_combustion_turbine
91,55,0.0,natural_gas_fired_combustion_turbine
22,55,0.0,natural_gas_steam_turbine
123,55,0.0,natural_gas_steam_turbine
62,55,0.0,natural_gas_steam_turbine
49,55,0.0,natural_gas_steam_turbine
48,55,0.0,natural_gas_steam_turbine
21,55,0.0,natural_gas_steam_turbine
79,55,7405.999,nuclear
10,55,338.16939,onshore_wind_turbine
23,55,2596.2486,onshore_wind_turbine
31,55,2185.68255,onshore_wind_turbine
38,55,1276.8952499999998,onshore_wind_turbine
50,55,1764.6865199999997,onshore_wind_turbine
63,55,78.573240012,onshore_wind_turbine
80,55,84.03708,onshore_wind_turbine
94,55,2953.7988,onshore_wind_turbine
105,55,1060.494840153,onshore_wind_turbine
124,55,7023.9098347506015,onshore_wind_turbine
136,55,1275.9057000000003,onshore_wind_turbine
144,55,6910.114049999999,onshore_wind_turbine
11,55,19.125,small_hydroelectric
24,55,62.577,small_hydroelectric
32,55,192.0,small_hydroelectric
39,55,52.9,small_hydroelectric
51,55,25.641,small_hydroelectric
64,55,6.128,small_hydroelectric
81,55,241.672,small_hydroelectric
95,55,418.922,small_hydroelectric
106,55,31.614,small_hydroelectric
125,55,100.697,small_hydroelectric
137,55,36.822,small_hydroelectric
145,55,33.21,small_hydroelectric
12,55,752.4376199999999,solar_photovoltaic
25,55,324.60378,solar_photovoltaic
33,55,0.0,solar_photovoltaic
52,55,787.0565399999999,solar_photovoltaic
65,55,57.72324430799999,solar_photovoltaic
82,55,0.0,solar_photovoltaic
96,55,0.0,solar_photovoltaic
107,55,78.37703699549999,solar_photovoltaic
126,55,0.0,solar_photovoltaic
138,55,202.93052999999998,solar_photovoltaic
26,56,11.235,biomass
13,56,15.682,biomass
108,56,137.081,biomass
40,56,5.952,biomass
97,56,178.173,biomass
1,56,16.294,biomass
66,56,228.795,biomass
2,56,862.4549975999998,conventional_hydroelectric
14,56,128.7025344,conventional_hydroelectric
27,56,857.6617176000001,conventional_hydroelectric
35,56,833.4544592,conventional_hydroelectric
54,56,666.0481608000001,conventional_hydroelectric
67,56,1425.5510466674878,conventional_hydroelectric
84,56,15377.7412554,conventional_hydroelectric
109,56,107.76396152340001,conventional_hydroelectric
128,56,52.32546000000001,conventional_hydroelectric
139,56,47.5340736,conventional_hydroelectric
110,56,50.0,conventional_steam_coal
41,56,7219.002,conventional_steam_coal
3,56,11066.362248745905,conventional_steam_coal
36,56,380.1546706313907,conventional_steam_coal
85,56,0.0,conventional_steam_coal
28,56,74.364,geothermal
116,56,0.0,natural_gas_fired_combined_cycle
73,56,0.0,natural_gas_fired_combined_cycle
71,56,0.0,natural_gas_fired_combined_cycle
44,56,0.0,natural_gas_fired_combined_cycle
115,56,0.0,natural_gas_fired_combined_cycle
70,56,0.0,natural_gas_fired_combined_cycle
131,56,0.0,natural_gas_fired_combined_cycle
18,56,0.0,natural_gas_fired_combined_cycle
72,56,0.0,natural_gas_fired_combined_cycle
114,56,0.0,natural_gas_fired_combined_cycle
45,56,0.0,natural_gas_fired_combined_cycle
78,56,0.0,natural_gas_fired_combustion_turbine
75,56,0.0,natural_gas_fired_combustion_turbine
119,56,0.0,natural_gas_fired_combustion_turbine
117,56,0.0,natural_gas_fired_combustion_turbine
134,56,0.0,natural_gas_fired_combustion_turbine
103,56,0.0,natural_gas_fired_combustion_turbine
47,56,0.0,natural_gas_fired_combustion_turbine
8,56,0.0,natural_gas_fired_combustion_turbine
90,56,0.0,natural_gas_fired_combustion_turbine
60,56,0.0,natural_gas_fired_combustion_turbine
46,56,0.0,natural_gas_fired_combustion_turbine
37,56,0.0,natural_gas_fired_combustion_turbine
7,56,0.0,natural_gas_fired_combustion_turbine
133,56,0.0,natural_gas_fired_combustion_turbine
74,56,0.0,natural_gas_fired_combustion_turbine
20,56,0.0,natural_gas_fired_combustion_turbine
135,56,0.0,natural_gas_fired_combustion_turbine
142,56,0.0,natural_gas_fired_combustion_turbine
121,56,0.0,natural_gas_fired_combustion_turbine
91,56,0.0,natural_gas_fired_combustion_turbine
22,56,0.0,natural_gas_steam_turbine
123,56,0.0,natural_gas_steam_turbine
62,56,0.0,natural_gas_steam_turbine
49,56,0.0,natural_gas_steam_turbine
48,56,0.0,natural_gas_steam_turbine
21,56,0.0,natural_gas_steam_turbine
79,56,7405.999,nuclear
10,56,291.54663,onshore_wind_turbine
23,56,2498.0208000000002,onshore_wind_turbine
31,56,3070.1333699999996,onshore_wind_turbine
38,56,1400.8113,onshore_wind_turbine
50,56,997.0275599999999,onshore_wind_turbine
63,56,104.81964001440001,onshore_wind_turbine
80,56,61.335119999999996,onshore_wind_turbine
94,56,3002.661,onshore_wind_turbine
105,56,559.5916197060001,onshore_wind_turbine
124,56,6445.511191211401,onshore_wind_turbine
136,56,1120.94676,onshore_wind_turbine
144,56,6141.705659999999,onshore_wind_turbine
11,56,19.125,small_hydroelectric
24,56,62.577,small_hydroelectric
32,56,192.0,small_hydroelectric
39,56,52.9,small_hydroelectric
51,56,25.641,small_hydroelectric
64,56,6.128,small_hydroelectric
81,56,241.672,small_hydroelectric
95,56,418.922,small_hydroelectric
106,56,31.614,small_hydroelectric
125,56,100.697,small_hydroelectric
137,56,36.822,small_hydroelectric
145,56,33.21,small_hydroelectric
12,56,2322.0842399999997,solar_photovoltaic
25,56,588.5144999999999,solar_photovoltaic
33,56,107.74260000000001,solar_photovoltaic
52,56,1513.9804199999999,solar_photovoltaic
65,56,1719.559893603,solar_photovoltaic
82,56,1904.7041399999998,solar_photovoltaic
96,56,10.20114,solar_photovoltaic
107,56,3140.445570204,solar_photovoltaic
126,56,5132.361279093,solar_photovoltaic
138,56,799.19796,solar_photovoltaic
26,57,11.235,biomass
13,57,15.682,biomass
108,57,137.081,biomass
40,57,5.952,biomass
97,57,178.173,biomass
1,57,16.294,biomass
66,57,228.795,biomass
2,57,862.4549975999998,conventional_hydroelectric
14,57,128.7025344,conventional_hydroelectric
27,57,857.6617176000001,conventional_hydroelectric
35,57,833.4544592,conventional_hydroelectric
54,57,666.0481608000001,conventional_hydroelectric
67,57,1425.5510466674878,conventional_hydroelectric
84,57,15377.7412554,conventional_hydroelectric
109,57,107.76396152340001,conventional_hydroelectric
128,57,52.32546000000001,conventional_hydroelectric
139,57,47.5340736,conventional_hydroelectric
110,57,50.0,conventional_steam_coal
41,57,7219.002,conventional_steam_coal
3,57,3057.299658745907,conventional_steam_coal
36,57,0.0,conventional_steam_coal
85,57,0.0,conventional_steam_coal
28,57,74.364,geothermal
116,57,0.0,natural_gas_fired_combined_cycle
73,57,0.0,natural_gas_fired_combined_cycle
71,57,0.0,natural_gas_fired_combined_cycle
44,57,0.0,natural_gas_fired_combined_cycle
115,57,0.0,natural_gas_fired_combined_cycle
70,57,0.0,natural_gas_fired_combined_cycle
131,57,0.0,natural_gas_fired_combined_cycle
18,57,0.0,natural_gas_fired_combined_cycle
72,57,0.0,natural_gas_fired_combined_cycle
114,57,0.0,natural_gas_fired_combined_cycle
45,57,0.0,natural_gas_fired_combined_cycle
78,57,0.0,natural_gas_fired_combustion_turbine
75,57,0.0,natural_gas_fired_combustion_turbine
119,57,0.0,natural_gas_fired_combustion_turbine
117,57,0.0,natural_gas_fired_combustion_turbine
134,57,0.0,natural_gas_fired_combustion_turbine
103,57,0.0,natural_gas_fired_combustion_turbine
47,57,0.0,natural_gas_fired_combustion_turbine
8,57,0.0,natural_gas_fired_combustion_turbine
90,57,0.0,natural_gas_fired_combustion_turbine
60,57,0.0,natural_gas_fired_combustion_turbine
46,57,0.0,natural_gas_fired_combustion_turbine
37,57,0.0,natural_gas_fired_combustion_turbine
7,57,0.0,natural_gas_fired_combustion_turbine
133,57,0.0,natural_gas_fired_combustion_turbine
74,57,0.0,natural_gas_fired_combustion_turbine
20,57,0.0,natural_gas_fired_combustion_turbine
135,57,0.0,natural_gas_fired_combustion_turbine
142,57,0.0,natural_gas_fired_combustion_turbine
121,57,0.0,natural_gas_fired_combustion_turbine
91,57,0.0,natural_gas_fired_combustion_turbine
22,57,0.0,natural_gas_steam_turbine
123,57,0.0,natural_gas_steam_turbine
62,57,0.0,natural_gas_steam_turbine
49,57,0.0,natural_gas_steam_turbine
48,57,0.0,natural_gas_steam_turbine
21,57,0.0,natural_gas_steam_turbine
79,57,7405.999,nuclear
10,57,200.46243,onshore_wind_turbine
23,57,1554.0756,onshore_wind_turbine
31,57,2841.64176,onshore_wind_turbine
38,57,1761.36075,onshore_wind_turbine
50,57,661.9752,onshore_wind_turbine
63,57,170.1867599088,onshore_wind_turbine
80,57,9.16044,onshore_wind_turbine
94,57,3153.9762,onshore_wind_turbine
105,57,75.52721956500001,onshore_wind_turbine
124,57,3604.3467582606,onshore_wind_turbine
136,57,853.04511,onshore_wind_turbine
144,57,6499.49292,onshore_wind_turbine
11,57,19.125,small_hydroelectric
24,57,62.577,small_hydroelectric
32,57,192.0,small_hydroelectric
39,57,52.9,small_hydroelectric
51,57,25.641,small_hydroelectric
64,57,6.128,small_hydroelectric
81,57,241.672,small_hydroelectric
95,57,418.922,small_hydroelectric
106,57,31.614,small_hydroelectric
125,57,100.697,small_hydroelectric
137,57,36.822,small_hydroelectric
145,57,33.21,small_hydroelectric
12,57,3471.6249,solar_photovoltaic
25,57,843.4573799999998,solar_photovoltaic
33,57,204.39405,solar_photovoltaic
52,57,1917.7282799999998,solar_photovoltaic
65,57,3816.0518659068,solar_photovoltaic
82,57,4117.10412,solar_photovoltaic
96,57,102.64110000000001,solar_photovoltaic
107,57,5307.308434345499,solar_photovoltaic
126,57,9192.7394364765,solar_photovoltaic
138,57,1195.07883,solar_photovoltaic
26,58,11.235,biomass
13,58,15.682,biomass
108,58,137.081,biomass
40,58,5.952,biomass
97,58,178.173,biomass
1,58,16.294,biomass
66,58,228.795,biomass
2,58,862.4549975999998,conventional_hydroelectric
14,58,128.7025344,conventional_hydroelectric
27,58,857.6617176000001,conventional_hydroelectric
35,58,833.4544592,conventional_hydroelectric
54,58,666.0481608000001,conventional_hydroelectric
67,58,1425.5510466674878,conventional_hydroelectric
84,58,15377.7412554,conventional_hydroelectric
109,58,107.76396152340001,conventional_hydroelectric
128,58,52.32546000000001,conventional_hydroelectric
139,58,47.5340736,conventional_hydroelectric
110,58,50.0,conventional_steam_coal
41,58,1612.4547513490297,conventional_steam_coal
3,58,0.0,conventional_steam_coal
36,58,0.0,conventional_steam_coal
85,58,0.0,conventional_steam_coal
28,58,74.364,geothermal
116,58,0.0,natural_gas_fired_combined_cycle
73,58,0.0,natural_gas_fired_combined_cycle
71,58,0.0,natural_gas_fired_combined_cycle
44,58,0.0,natural_gas_fired_combined_cycle
115,58,0.0,natural_gas_fired_combined_cycle
70,58,0.0,natural_gas_fired_combined_cycle
131,58,0.0,natural_gas_fired_combined_cycle
18,58,0.0,natural_gas_fired_combined_cycle
72,58,0.0,natural_gas_fired_combined_cycle
114,58,0.0,natural_gas_fired_combined_cycle
45,58,0.0,natural_gas_fired_combined_cycle
78,58,0.0,natural_gas_fired_combustion_turbine
75,58,0.0,natural_gas_fired_combustion_turbine
119,58,0.0,natural_gas_fired_combustion_turbine
117,58,0.0,natural_gas_fired_combustion_turbine
134,58,0.0,natural_gas_fired_combustion_turbine
103,58,0.0,natural_gas_fired_combustion_turbine
47,58,0.0,natural_gas_fired_combustion_turbine
8,58,0.0,natural_gas_fired_combustion_turbine
90,58,0.0,natural_gas_fired_combustion_turbine
60,58,0.0,natural_gas_fired_combustion_turbine
46,58,0.0,natural_gas_fired_combustion_turbine
37,58,0.0,natural_gas_fired_combustion_turbine
7,58,0.0,natural_gas_fired_combustion_turbine
133,58,0.0,natural_gas_fired_combustion_turbine
74,58,0.0,natural_gas_fired_combustion_turbine
20,58,0.0,natural_gas_fired_combustion_turbine
135,58,0.0,natural_gas_fired_combustion_turbine
142,58,0.0,natural_gas_fired_combustion_turbine
121,58,0.0,natural_gas_fired_combustion_turbine
91,58,0.0,natural_gas_fired_combustion_turbine
22,58,0.0,natural_gas_steam_turbine
123,58,0.0,natural_gas_steam_turbine
62,58,0.0,natural_gas_steam_turbine
49,58,0.0,natural_gas_steam_turbine
48,58,0.0,natural_gas_steam_turbine
21,58,0.0,natural_gas_steam_turbine
79,58,7405.999,nuclear
10,58,208.72176000000002,onshore_wind_turbine
23,58,1253.802,onshore_wind_turbine
31,58,2990.23764,onshore_wind_turbine
38,58,1401.7851,onshore_wind_turbine
50,58,192.78575999999998,onshore_wind_turbine
63,58,208.9516800552,onshore_wind_turbine
80,58,1.5931199999999999,onshore_wind_turbine
94,58,4232.097000000001,onshore_wind_turbine
105,58,9.726719688,onshore_wind_turbine
124,58,2171.1328781538004,onshore_wind_turbine
136,58,848.41947,onshore_wind_turbine
144,58,6987.974489999999,onshore_wind_turbine
11,58,19.125,small_hydroelectric
24,58,62.577,small_hydroelectric
32,58,192.0,small_hydroelectric
39,58,52.9,small_hydroelectric
51,58,25.641,small_hydroelectric
64,58,6.128,small_hydroelectric
81,58,241.672,small_hydroelectric
95,58,418.922,small_hydroelectric
106,58,31.614,small_hydroelectric
125,58,100.697,small_hydroelectric
137,58,36.822,small_hydroelectric
145,58,33.21,small_hydroelectric
12,58,4208.92902,solar_photovoltaic
25,58,1090.5534,solar_photovoltaic
33,58,256.3791,solar_photovoltaic
52,58,2220.46512,solar_photovoltaic
65,58,6049.892009387099,solar_photovoltaic
82,58,5328.656489999999,solar_photovoltaic
96,58,228.58110000000002,solar_photovoltaic
107,58,6620.705191036501,solar_photovoltaic
126,58,12305.8248835395,solar_photovoltaic
138,58,1338.9109799999999,solar_photovoltaic
26,59,11.235,biomass
13,59,15.682,biomass
108,59,137.081,biomass
40,59,5.952,biomass
97,59,178.173,biomass
1,59,16.294,biomass
66,59,228.795,biomass
2,59,862.4549975999998,conventional_hydroelectric
14,59,128.7025344,conventional_hydroelectric
27,59,857.6617176000001,conventional_hydroelectric
35,59,833.4544592,conventional_hydroelectric
54,59,666.0481608000001,conventional_hydroelectric
67,59,1425.5510466674878,conventional_hydroelectric
84,59,15377.7412554,conventional_hydroelectric
109,59,107.76396152340001,conventional_hydroelectric
128,59,52.32546000000001,conventional_hydroelectric
139,59,47.5340736,conventional_hydroelectric
110,59,50.0,conventional_steam_coal
41,59,2614.146886058552,conventional_steam_coal
3,59,0.0,conventional_steam_coal
36,59,0.0,conventional_steam_coal
85,59,0.0,conventional_steam_coal
28,59,74.364,geothermal
116,59,0.0,natural_gas_fired_combined_cycle
73,59,0.0,natural_gas_fired_combined_cycle
71,59,0.0,natural_gas_fired_combined_cycle
44,59,0.0,natural_gas_fired_combined_cycle
115,59,0.0,natural_gas_fired_combined_cycle
70,59,0.0,natural_gas_fired_combined_cycle
131,59,0.0,natural_gas_fired_combined_cycle
18,59,0.0,natural_gas_fired_combined_cycle
72,59,0.0,natural_gas_fired_combined_cycle
114,59,0.0,natural_gas_fired_combined_cycle
45,59,0.0,natural_gas_fired_combined_cycle
78,59,0.0,natural_gas_fired_combustion_turbine
75,59,0.0,natural_gas_fired_combustion_turbine
119,59,0.0,natural_gas_fired_combustion_turbine
117,59,0.0,natural_gas_fired_combustion_turbine
134,59,0.0,natural_gas_fired_combustion_turbine
103,59,0.0,natural_gas_fired_combustion_turbine
47,59,0.0,natural_gas_fired_combustion_turbine
8,59,0.0,natural_gas_fired_combustion_turbine
90,59,0.0,natural_gas_fired_combustion_turbine
60,59,0.0,natural_gas_fired_combustion_turbine
46,59,0.0,natural_gas_fired_combustion_turbine
37,59,0.0,natural_gas_fired_combustion_turbine
7,59,0.0,natural_gas_fired_combustion_turbine
133,59,0.0,natural_gas_fired_combustion_turbine
74,59,0.0,natural_gas_fired_combustion_turbine
20,59,0.0,natural_gas_fired_combustion_turbine
135,59,0.0,natural_gas_fired_combustion_turbine
142,59,0.0,natural_gas_fired_combustion_turbine
121,59,0.0,natural_gas_fired_combustion_turbine
91,59,0.0,natural_gas_fired_combustion_turbine
22,59,0.0,natural_gas_steam_turbine
123,59,0.0,natural_gas_steam_turbine
62,59,0.0,natural_gas_steam_turbine
49,59,0.0,natural_gas_steam_turbine
48,59,0.0,natural_gas_steam_turbine
21,59,0.0,natural_gas_steam_turbine
79,59,7405.999,nuclear
10,59,184.09815,onshore_wind_turbine
23,59,834.5369999999999,onshore_wind_turbine
31,59,2645.21022,onshore_wind_turbine
38,59,802.4112,onshore_wind_turbine
50,59,189.59201999999996,onshore_wind_turbine
63,59,220.3634401656,onshore_wind_turbine
80,59,2.38968,onshore_wind_turbine
94,59,4747.5144,onshore_wind_turbine
105,59,44.880000165,onshore_wind_turbine
124,59,1707.4498461702,onshore_wind_turbine
136,59,1211.14674,onshore_wind_turbine
144,59,6657.994529999999,onshore_wind_turbine
11,59,19.125,small_hydroelectric
24,59,62.577,small_hydroelectric
32,59,192.0,small_hydroelectric
39,59,52.9,small_hydroelectric
51,59,25.641,small_hydroelectric
64,59,6.128,small_hydroelectric
81,59,241.672,small_hydroelectric
95,59,418.922,small_hydroelectric
106,59,31.614,small_hydroelectric
125,59,100.697,small_hydroelectric
137,59,36.822,small_hydroelectric
145,59,33.21,small_hydroelectric
12,59,4477.69998,solar_photovoltaic
25,59,1090.71354,solar_photovoltaic
33,59,278.5614,solar_photovoltaic
52,59,2160.9249,solar_photovoltaic
65,59,6628.6716875166,solar_photovoltaic
82,59,5954.081729999999,solar_photovoltaic
96,59,277.25691000000006,solar_photovoltaic
107,59,7188.731434722001,solar_photovoltaic
126,59,13734.8353891185,solar_photovoltaic
138,59,1444.7792699999998,solar_photovoltaic
26,60,11.235,biomass
13,60,15.682,biomass
108,60,137.081,biomass
40,60,5.952,biomass
97,60,178.173,biomass
1,60,16.294,biomass
66,60,228.795,biomass
2,60,862.4549975999998,conventional_hydroelectric
14,60,128.7025344,conventional_hydroelectric
27,60,857.6617176000001,conventional_hydroelectric
35,60,833.4544592,conventional_hydroelectric
54,60,666.0481608000001,conventional_hydroelectric
67,60,1425.5510466674878,conventional_hydroelectric
84,60,15377.7412554,conventional_hydroelectric
109,60,107.76396152340001,conventional_hydroelectric
128,60,52.32546000000001,conventional_hydroelectric
139,60,47.5340736,conventional_hydroelectric
110,60,50.0,conventional_steam_coal
41,60,0.0,conventional_steam_coal
3,60,0.0,conventional_steam_coal
36,60,0.0,conventional_steam_coal
85,60,0.0,conventional_steam_coal
28,60,74.364,geothermal
116,60,0.0,natural_gas_fired_combined_cycle
73,60,0.0,natural_gas_fired_combined_cycle
71,60,0.0,natural_gas_fired_combined_cycle
44,60,0.0,natural_gas_fired_combined_cycle
115,60,0.0,natural_gas_fired_combined_cycle
70,60,0.0,natural_gas_fired_combined_cycle
131,60,0.0,natural_gas_fired_combined_cycle
18,60,0.0,natural_gas_fired_combined_cycle
72,60,0.0,natural_gas_fired_combined_cycle
114,60,0.0,natural_gas_fired_combined_cycle
45,60,0.0,natural_gas_fired_combined_cycle
78,60,0.0,natural_gas_fired_combustion_turbine
75,60,0.0,natural_gas_fired_combustion_turbine
119,60,0.0,natural_gas_fired_combustion_turbine
117,60,0.0,natural_gas_fired_combustion_turbine
134,60,0.0,natural_gas_fired_combustion_turbine
103,60,0.0,natural_gas_fired_combustion_turbine
47,60,0.0,natural_gas_fired_combustion_turbine
8,60,0.0,natural_gas_fired_combustion_turbine
90,60,0.0,natural_gas_fired_combustion_turbine
60,60,0.0,natural_gas_fired_combustion_turbine
46,60,0.0,natural_gas_fired_combustion_turbine
37,60,0.0,natural_gas_fired_combustion_turbine
7,60,0.0,natural_gas_fired_combustion_turbine
133,60,0.0,natural_gas_fired_combustion_turbine
74,60,0.0,natural_gas_fired_combustion_turbine
20,60,0.0,natural_gas_fired_combustion_turbine
135,60,0.0,natural_gas_fired_combustion_turbine
142,60,0.0,natural_gas_fired_combustion_turbine
121,60,0.0,natural_gas_fired_combustion_turbine
91,60,0.0,natural_gas_fired_combustion_turbine
22,60,0.0,natural_gas_steam_turbine
123,60,0.0,natural_gas_steam_turbine
62,60,0.0,natural_gas_steam_turbine
49,60,0.0,natural_gas_steam_turbine
48,60,0.0,natural_gas_steam_turbine
21,60,0.0,natural_gas_steam_turbine
79,60,7405.999,nuclear
10,60,134.54217000000003,onshore_wind_turbine
23,60,357.7728,onshore_wind_turbine
31,60,3454.8542099999995,onshore_wind_turbine
38,60,931.9265999999999,onshore_wind_turbine
50,60,245.62763999999996,onshore_wind_turbine
63,60,259.2306000384,onshore_wind_turbine
80,60,3.5845199999999995,onshore_wind_turbine
94,60,7564.1838,onshore_wind_turbine
105,60,104.037659523,onshore_wind_turbine
124,60,2924.7894645156002,onshore_wind_turbine
136,60,1533.39966,onshore_wind_turbine
144,60,4230.417239999999,onshore_wind_turbine
11,60,19.125,small_hydroelectric
24,60,62.577,small_hydroelectric
32,60,192.0,small_hydroelectric
39,60,52.9,small_hydroelectric
51,60,25.641,small_hydroelectric
64,60,6.128,small_hydroelectric
81,60,241.672,small_hydroelectric
95,60,418.922,small_hydroelectric
106,60,31.614,small_hydroelectric
125,60,100.697,small_hydroelectric
137,60,36.822,small_hydroelectric
145,60,33.21,small_hydroelectric
12,60,4522.49514,solar_photovoltaic
25,60,1072.4575799999998,solar_photovoltaic
33,60,264.75405,solar_photovoltaic
52,60,2213.3558399999997,solar_photovoltaic
65,60,6712.4664004139995,solar_photovoltaic
82,60,6064.450889999999,solar_photovoltaic
96,60,270.70803,solar_photovoltaic
107,60,7295.8056008835,solar_photovoltaic
126,60,12008.6004874665,solar_photovoltaic
138,60,1453.78101,solar_photovoltaic
26,61,11.235,biomass
13,61,15.682,biomass
108,61,137.081,biomass
40,61,5.952,biomass
97,61,178.173,biomass
1,61,16.294,biomass
66,61,228.795,biomass
2,61,862.4549975999998,conventional_hydroelectric
14,61,128.7025344,conventional_hydroelectric
27,61,857.6617176000001,conventional_hydroelectric
35,61,833.4544592,conventional_hydroelectric
54,61,666.0481608000001,conventional_hydroelectric
67,61,1425.5510466674878,conventional_hydroelectric
84,61,15377.7412554,conventional_hydroelectric
109,61,107.76396152340001,conventional_hydroelectric
128,61,52.32546000000001,conventional_hydroelectric
139,61,47.5340736,conventional_hydroelectric
110,61,50.0,conventional_steam_coal
41,61,0.0,conventional_steam_coal
3,61,0.0,conventional_steam_coal
36,61,0.0,conventional_steam_coal
85,61,0.0,conventional_steam_coal
28,61,74.364,geothermal
116,61,0.0,natural_gas_fired_combined_cycle
73,61,0.0,natural_gas_fired_combined_cycle
71,61,0.0,natural_gas_fired_combined_cycle
44,61,0.0,natural_gas_fired_combined_cycle
115,61,0.0,natural_gas_fired_combined_cycle
70,61,0.0,natural_gas_fired_combined_cycle
131,61,0.0,natural_gas_fired_combined_cycle
18,61,0.0,natural_gas_fired_combined_cycle
72,61,0.0,natural_gas_fired_combined_cycle
114,61,0.0,natural_gas_fired_combined_cycle
45,61,0.0,natural_gas_fired_combined_cycle
78,61,0.0,natural_gas_fired_combustion_turbine
75,61,0.0,natural_gas_fired_combustion_turbine
119,61,0.0,natural_gas_fired_combustion_turbine
117,61,0.0,natural_gas_fired_combustion_turbine
134,61,0.0,natural_gas_fired_combustion_turbine
103,61,0.0,natural_gas_fired_combustion_turbine
47,61,0.0,natural_gas_fired_combustion_turbine
8,61,0.0,natural_gas_fired_combustion_turbine
90,61,0.0,natural_gas_fired_combustion_turbine
60,61,0.0,natural_gas_fired_combustion_turbine
46,61,0.0,natural_gas_fired_combustion_turbine
37,61,0.0,natural_gas_fired_combustion_turbine
7,61,0.0,natural_gas_fired_combustion_turbine
133,61,0.0,natural_gas_fired_combustion_turbine
74,61,0.0,natural_gas_fired_combustion_turbine
20,61,0.0,natural_gas_fired_combustion_turbine
135,61,0.0,natural_gas_fired_combustion_turbine
142,61,0.0,natural_gas_fired_combustion_turbine
121,61,0.0,natural_gas_fired_combustion_turbine
91,61,0.0,natural_gas_fired_combustion_turbine
22,61,0.0,natural_gas_steam_turbine
123,61,0.0,natural_gas_steam_turbine
62,61,0.0,natural_gas_steam_turbine
49,61,0.0,natural_gas_steam_turbine
48,61,0.0,natural_gas_steam_turbine
21,61,0.0,natural_gas_steam_turbine
79,61,7405.999,nuclear
10,61,75.72339000000001,onshore_wind_turbine
23,61,127.776,onshore_wind_turbine
31,61,3351.5495399999995,onshore_wind_turbine
38,61,939.717,onshore_wind_turbine
50,61,206.72207999999998,onshore_wind_turbine
63,61,284.0580000816,onshore_wind_turbine
80,61,7.169039999999999,onshore_wind_turbine
94,61,11882.9718,onshore_wind_turbine
105,61,145.669139343,onshore_wind_turbine
124,61,2378.7916780584,onshore_wind_turbine
136,61,1558.0697400000001,onshore_wind_turbine
144,61,4515.905519999999,onshore_wind_turbine
11,61,19.125,small_hydroelectric
24,61,62.577,small_hydroelectric
32,61,192.0,small_hydroelectric
39,61,52.9,small_hydroelectric
51,61,25.641,small_hydroelectric
64,61,6.128,small_hydroelectric
81,61,241.672,small_hydroelectric
95,61,418.922,small_hydroelectric
106,61,31.614,small_hydroelectric
125,61,100.697,small_hydroelectric
137,61,36.822,small_hydroelectric
145,61,33.21,small_hydroelectric
12,61,4553.36748,solar_photovoltaic
25,61,1209.37728,solar_photovoltaic
33,61,260.98154999999997,solar_photovoltaic
52,61,2198.5448399999996,solar_photovoltaic
65,61,6477.109020919799,solar_photovoltaic
82,61,6004.249529999999,solar_photovoltaic
96,61,286.82835000000006,solar_photovoltaic
107,61,7266.270604797,solar_photovoltaic
126,61,12425.118573318,solar_photovoltaic
138,61,1471.9801799999998,solar_photovoltaic
26,62,11.235,biomass
13,62,15.682,biomass
108,62,137.081,biomass
40,62,5.952,biomass
97,62,178.173,biomass
1,62,16.294,biomass
66,62,228.795,biomass
2,62,862.4549975999998,conventional_hydroelectric
14,62,128.7025344,conventional_hydroelectric
27,62,857.6617176000001,conventional_hydroelectric
35,62,833.4544592,conventional_hydroelectric
54,62,666.0481608000001,conventional_hydroelectric
67,62,1425.5510466674878,conventional_hydroelectric
84,62,15377.7412554,conventional_hydroelectric
109,62,107.76396152340001,conventional_hydroelectric
128,62,52.32546000000001,conventional_hydroelectric
139,62,47.5340736,conventional_hydroelectric
110,62,50.0,conventional_steam_coal
41,62,0.0,conventional_steam_coal
3,62,0.0,conventional_steam_coal
36,62,0.0,conventional_steam_coal
85,62,0.0,conventional_steam_coal
28,62,74.364,geothermal
116,62,0.0,natural_gas_fired_combined_cycle
73,62,0.0,natural_gas_fired_combined_cycle
71,62,0.0,natural_gas_fired_combined_cycle
44,62,0.0,natural_gas_fired_combined_cycle
115,62,0.0,natural_gas_fired_combined_cycle
70,62,0.0,natural_gas_fired_combined_cycle
131,62,0.0,natural_gas_fired_combined_cycle
18,62,0.0,natural_gas_fired_combined_cycle
72,62,0.0,natural_gas_fired_combined_cycle
114,62,0.0,natural_gas_fired_combined_cycle
45,62,0.0,natural_gas_fired_combined_cycle
78,62,0.0,natural_gas_fired_combustion_turbine
75,62,0.0,natural_gas_fired_combustion_turbine
119,62,0.0,natural_gas_fired_combustion_turbine
117,62,0.0,natural_gas_fired_combustion_turbine
134,62,0.0,natural_gas_fired_combustion_turbine
103,62,0.0,natural_gas_fired_combustion_turbine
47,62,0.0,natural_gas_fired_combustion_turbine
8,62,0.0,natural_gas_fired_combustion_turbine
90,62,0.0,natural_gas_fired_combustion_turbine
60,62,0.0,natural_gas_fired_combustion_turbine
46,62,0.0,natural_gas_fired_combustion_turbine
37,62,0.0,natural_gas_fired_combustion_turbine
7,62,0.0,natural_gas_fired_combustion_turbine
133,62,0.0,natural_gas_fired_combustion_turbine
74,62,0.0,natural_gas_fired_combustion_turbine
20,62,0.0,natural_gas_fired_combustion_turbine
135,62,0.0,natural_gas_fired_combustion_turbine
142,62,0.0,natural_gas_fired_combustion_turbine
121,62,0.0,natural_gas_fired_combustion_turbine
91,62,0.0,natural_gas_fired_combustion_turbine
22,62,0.0,natural_gas_steam_turbine
123,62,0.0,natural_gas_steam_turbine
62,62,0.0,natural_gas_steam_turbine
49,62,0.0,natural_gas_steam_turbine
48,62,0.0,natural_gas_steam_turbine
21,62,0.0,natural_gas_steam_turbine
79,62,7405.999,nuclear
10,62,126.28284000000001,onshore_wind_turbine
23,62,178.8864,onshore_wind_turbine
31,62,3295.5716399999997,onshore_wind_turbine
38,62,1038.0708,onshore_wind_turbine
50,62,218.91635999999997,onshore_wind_turbine
63,62,285.9893999664,onshore_wind_turbine
80,62,7.965599999999999,onshore_wind_turbine
94,62,5264.508000000001,onshore_wind_turbine
105,62,166.822980219,onshore_wind_turbine
124,62,1332.789058557,onshore_wind_turbine
136,62,1802.45772,onshore_wind_turbine
144,62,4527.028439999999,onshore_wind_turbine
11,62,19.125,small_hydroelectric
24,62,62.577,small_hydroelectric
32,62,192.0,small_hydroelectric
39,62,52.9,small_hydroelectric
51,62,25.641,small_hydroelectric
64,62,6.128,small_hydroelectric
81,62,241.672,small_hydroelectric
95,62,418.922,small_hydroelectric
106,62,31.614,small_hydroelectric
125,62,100.697,small_hydroelectric
137,62,36.822,small_hydroelectric
145,62,33.21,small_hydroelectric
12,62,4510.3883399999995,solar_photovoltaic
25,62,1198.6479,solar_photovoltaic
33,62,231.02790000000002,solar_photovoltaic
52,62,1998.5963399999998,solar_photovoltaic
65,62,6199.920568604699,solar_photovoltaic
82,62,5559.42837,solar_photovoltaic
96,62,263.71836,solar_photovoltaic
107,62,7248.459183585,solar_photovoltaic
126,62,12834.849788128498,solar_photovoltaic
138,62,1444.9749599999998,solar_photovoltaic
26,63,11.235,biomass
13,63,15.682,biomass
108,63,137.081,biomass
40,63,5.952,biomass
97,63,178.173,biomass
1,63,16.294,biomass
66,63,228.795,biomass
2,63,862.4549975999998,conventional_hydroelectric
14,63,128.7025344,conventional_hydroelectric
27,63,857.6617176000001,conventional_hydroelectric
35,63,833.4544592,conventional_hydroelectric
54,63,666.0481608000001,conventional_hydroelectric
67,63,1425.5510466674878,conventional_hydroelectric
84,63,15377.7412554,conventional_hydroelectric
109,63,107.76396152340001,conventional_hydroelectric
128,63,52.32546000000001,conventional_hydroelectric
139,63,47.5340736,conventional_hydroelectric
110,63,50.0,conventional_steam_coal
41,63,770.88216520741,conventional_steam_coal
3,63,0.0,conventional_steam_coal
36,63,0.0,conventional_steam_coal
85,63,0.0,conventional_steam_coal
28,63,74.364,geothermal
116,63,0.0,natural_gas_fired_combined_cycle
73,63,0.0,natural_gas_fired_combined_cycle
71,63,0.0,natural_gas_fired_combined_cycle
44,63,0.0,natural_gas_fired_combined_cycle
115,63,0.0,natural_gas_fired_combined_cycle
70,63,0.0,natural_gas_fired_combined_cycle
131,63,0.0,natural_gas_fired_combined_cycle
18,63,0.0,natural_gas_fired_combined_cycle
72,63,0.0,natural_gas_fired_combined_cycle
114,63,0.0,natural_gas_fired_combined_cycle
45,63,0.0,natural_gas_fired_combined_cycle
78,63,0.0,natural_gas_fired_combustion_turbine
75,63,0.0,natural_gas_fired_combustion_turbine
119,63,0.0,natural_gas_fired_combustion_turbine
117,63,0.0,natural_gas_fired_combustion_turbine
134,63,0.0,natural_gas_fired_combustion_turbine
103,63,0.0,natural_gas_fired_combustion_turbine
47,63,0.0,natural_gas_fired_combustion_turbine
8,63,0.0,natural_gas_fired_combustion_turbine
90,63,0.0,natural_gas_fired_combustion_turbine
60,63,0.0,natural_gas_fired_combustion_turbine
46,63,0.0,natural_gas_fired_combustion_turbine
37,63,0.0,natural_gas_fired_combustion_turbine
7,63,0.0,natural_gas_fired_combustion_turbine
133,63,0.0,natural_gas_fired_combustion_turbine
74,63,0.0,natural_gas_fired_combustion_turbine
20,63,0.0,natural_gas_fired_combustion_turbine
135,63,0.0,natural_gas_fired_combustion_turbine
142,63,0.0,natural_gas_fired_combustion_turbine
121,63,0.0,natural_gas_fired_combustion_turbine
91,63,0.0,natural_gas_fired_combustion_turbine
22,63,0.0,natural_gas_steam_turbine
123,63,0.0,natural_gas_steam_turbine
62,63,0.0,natural_gas_steam_turbine
49,63,0.0,natural_gas_steam_turbine
48,63,0.0,natural_gas_steam_turbine
21,63,0.0,natural_gas_steam_turbine
79,63,7405.999,nuclear
10,63,277.18929,onshore_wind_turbine
23,63,413.6748,onshore_wind_turbine
31,63,3432.9719399999994,onshore_wind_turbine
38,63,1270.0786500000002,onshore_wind_turbine
50,63,303.11496,onshore_wind_turbine
63,63,280.048799952,onshore_wind_turbine
80,63,172.05696,onshore_wind_turbine
94,63,2589.6966,onshore_wind_turbine
105,63,163.89755934299998,onshore_wind_turbine
124,63,940.5036891888,onshore_wind_turbine
136,63,2253.8430900000003,onshore_wind_turbine
144,63,4521.466979999999,onshore_wind_turbine
11,63,19.125,small_hydroelectric
24,63,62.577,small_hydroelectric
32,63,192.0,small_hydroelectric
39,63,52.9,small_hydroelectric
51,63,25.641,small_hydroelectric
64,63,6.128,small_hydroelectric
81,63,241.672,small_hydroelectric
95,63,418.922,small_hydroelectric
106,63,31.614,small_hydroelectric
125,63,100.697,small_hydroelectric
137,63,36.822,small_hydroelectric
145,63,33.21,small_hydroelectric
12,63,4360.26402,solar_photovoltaic
25,63,1063.9701599999999,solar_photovoltaic
33,63,216.8433,solar_photovoltaic
52,63,1880.9969999999998,solar_photovoltaic
65,63,6140.0109906744,solar_photovoltaic
82,63,5430.664349999999,solar_photovoltaic
96,63,248.16477000000003,solar_photovoltaic
107,63,7089.1931420445,solar_photovoltaic
126,63,13825.039646799001,solar_photovoltaic
138,63,1408.5766199999998,solar_photovoltaic
26,64,11.235,biomass
13,64,15.682,biomass
108,64,137.081,biomass
40,64,5.952,biomass
97,64,178.173,biomass
1,64,16.294,biomass
66,64,228.795,biomass
2,64,862.4549975999998,conventional_hydroelectric
14,64,128.7025344,conventional_hydroelectric
27,64,857.6617176000001,conventional_hydroelectric
35,64,833.4544592,conventional_hydroelectric
54,64,666.0481608000001,conventional_hydroelectric
67,64,1425.5510466674878,conventional_hydroelectric
84,64,15377.7412554,conventional_hydroelectric
109,64,107.76396152340001,conventional_hydroelectric
128,64,52.32546000000001,conventional_hydroelectric
139,64,47.5340736,conventional_hydroelectric
110,64,50.0,conventional_steam_coal
41,64,3618.071319373604,conventional_steam_coal
3,64,0.0,conventional_steam_coal
36,64,0.0,conventional_steam_coal
85,64,0.0,conventional_steam_coal
28,64,74.364,geothermal
116,64,0.0,natural_gas_fired_combined_cycle
73,64,0.0,natural_gas_fired_combined_cycle
71,64,0.0,natural_gas_fired_combined_cycle
44,64,0.0,natural_gas_fired_combined_cycle
115,64,0.0,natural_gas_fired_combined_cycle
70,64,0.0,natural_gas_fired_combined_cycle
131,64,0.0,natural_gas_fired_combined_cycle
18,64,0.0,natural_gas_fired_combined_cycle
72,64,0.0,natural_gas_fired_combined_cycle
114,64,0.0,natural_gas_fired_combined_cycle
45,64,0.0,natural_gas_fired_combined_cycle
78,64,0.0,natural_gas_fired_combustion_turbine
75,64,0.0,natural_gas_fired_combustion_turbine
119,64,0.0,natural_gas_fired_combustion_turbine
117,64,0.0,natural_gas_fired_combustion_turbine
134,64,0.0,natural_gas_fired_combustion_turbine
103,64,0.0,natural_gas_fired_combustion_turbine
47,64,0.0,natural_gas_fired_combustion_turbine
8,64,0.0,natural_gas_fired_combustion_turbine
90,64,0.0,natural_gas_fired_combustion_turbine
60,64,0.0,natural_gas_fired_combustion_turbine
46,64,0.0,natural_gas_fired_combustion_turbine
37,64,0.0,natural_gas_fired_combustion_turbine
7,64,0.0,natural_gas_fired_combustion_turbine
133,64,0.0,natural_gas_fired_combustion_turbine
74,64,0.0,natural_gas_fired_combustion_turbine
20,64,0.0,natural_gas_fired_combustion_turbine
135,64,0.0,natural_gas_fired_combustion_turbine
142,64,0.0,natural_gas_fired_combustion_turbine
121,64,0.0,natural_gas_fired_combustion_turbine
91,64,0.0,natural_gas_fired_combustion_turbine
22,64,0.0,natural_gas_steam_turbine
123,64,0.0,natural_gas_steam_turbine
62,64,0.0,natural_gas_steam_turbine
49,64,0.0,natural_gas_steam_turbine
48,64,0.0,natural_gas_steam_turbine
21,64,0.0,natural_gas_steam_turbine
79,64,7405.999,nuclear
10,64,131.99490000000003,onshore_wind_turbine
23,64,499.9236,onshore_wind_turbine
31,64,3458.4164399999995,onshore_wind_turbine
38,64,1512.3114,onshore_wind_turbine
50,64,552.80736,onshore_wind_turbine
63,64,274.9543199592,onshore_wind_turbine
80,64,529.7124,onshore_wind_turbine
94,64,3382.5252,onshore_wind_turbine
105,64,227.81081931299997,onshore_wind_turbine
124,64,1688.3923210770001,onshore_wind_turbine
136,64,2154.39183,onshore_wind_turbine
144,64,4117.334219999999,onshore_wind_turbine
11,64,19.125,small_hydroelectric
24,64,62.577,small_hydroelectric
32,64,192.0,small_hydroelectric
39,64,52.9,small_hydroelectric
51,64,25.641,small_hydroelectric
64,64,6.128,small_hydroelectric
81,64,241.672,small_hydroelectric
95,64,418.922,small_hydroelectric
106,64,31.614,small_hydroelectric
125,64,100.697,small_hydroelectric
137,64,36.822,small_hydroelectric
145,64,33.21,small_hydroelectric
12,64,3865.7012399999994,solar_photovoltaic
25,64,785.00628,solar_photovoltaic
33,64,165.2355,solar_photovoltaic
52,64,1482.5810999999997,solar_photovoltaic
65,64,4494.5132979453,solar_photovoltaic
82,64,5105.40978,solar_photovoltaic
96,64,210.00495000000004,solar_photovoltaic
107,64,6335.84996856,solar_photovoltaic
126,64,13126.717776981,solar_photovoltaic
138,64,1220.12715,solar_photovoltaic
26,65,11.235,biomass
13,65,15.682,biomass
108,65,137.081,biomass
40,65,5.952,biomass
97,65,178.173,biomass
1,65,16.294,biomass
66,65,228.795,biomass
2,65,862.4549975999998,conventional_hydroelectric
14,65,128.7025344,conventional_hydroelectric
27,65,857.6617176000001,conventional_hydroelectric
35,65,833.4544592,conventional_hydroelectric
54,65,666.0481608000001,conventional_hydroelectric
67,65,1425.5510466674878,conventional_hydroelectric
84,65,15377.7412554,conventional_hydroelectric
109,65,107.76396152340001,conventional_hydroelectric
128,65,52.32546000000001,conventional_hydroelectric
139,65,47.5340736,conventional_hydroelectric
110,65,50.0,conventional_steam_coal
41,65,7219.002,conventional_steam_coal
3,65,3512.464619695618,conventional_steam_coal
36,65,0.0,conventional_steam_coal
85,65,0.0,conventional_steam_coal
28,65,74.364,geothermal
116,65,0.0,natural_gas_fired_combined_cycle
73,65,0.0,natural_gas_fired_combined_cycle
71,65,0.0,natural_gas_fired_combined_cycle
44,65,0.0,natural_gas_fired_combined_cycle
115,65,0.0,natural_gas_fired_combined_cycle
70,65,0.0,natural_gas_fired_combined_cycle
131,65,0.0,natural_gas_fired_combined_cycle
18,65,0.0,natural_gas_fired_combined_cycle
72,65,0.0,natural_gas_fired_combined_cycle
114,65,0.0,natural_gas_fired_combined_cycle
45,65,0.0,natural_gas_fired_combined_cycle
78,65,0.0,natural_gas_fired_combustion_turbine
75,65,0.0,natural_gas_fired_combustion_turbine
119,65,0.0,natural_gas_fired_combustion_turbine
117,65,0.0,natural_gas_fired_combustion_turbine
134,65,0.0,natural_gas_fired_combustion_turbine
103,65,0.0,natural_gas_fired_combustion_turbine
47,65,0.0,natural_gas_fired_combustion_turbine
8,65,0.0,natural_gas_fired_combustion_turbine
90,65,0.0,natural_gas_fired_combustion_turbine
60,65,0.0,natural_gas_fired_combustion_turbine
46,65,0.0,natural_gas_fired_combustion_turbine
37,65,0.0,natural_gas_fired_combustion_turbine
7,65,0.0,natural_gas_fired_combustion_turbine
133,65,0.0,natural_gas_fired_combustion_turbine
74,65,0.0,natural_gas_fired_combustion_turbine
20,65,0.0,natural_gas_fired_combustion_turbine
135,65,0.0,natural_gas_fired_combustion_turbine
142,65,0.0,natural_gas_fired_combustion_turbine
121,65,0.0,natural_gas_fired_combustion_turbine
91,65,0.0,natural_gas_fired_combustion_turbine
22,65,0.0,natural_gas_steam_turbine
123,65,0.0,natural_gas_steam_turbine
62,65,0.0,natural_gas_steam_turbine
49,65,0.0,natural_gas_steam_turbine
48,65,0.0,natural_gas_steam_turbine
21,65,0.0,natural_gas_steam_turbine
79,65,7405.999,nuclear
10,65,165.88131,onshore_wind_turbine
23,65,1418.3136,onshore_wind_turbine
31,65,3331.7028299999997,onshore_wind_turbine
38,65,1093.0905,onshore_wind_turbine
50,65,914.8613399999998,onshore_wind_turbine
63,65,274.9520401368,onshore_wind_turbine
80,65,1415.8854,onshore_wind_turbine
94,65,4553.641799999999,onshore_wind_turbine
105,65,112.627019988,onshore_wind_turbine
124,65,1582.2333021924,onshore_wind_turbine
136,65,2347.89777,onshore_wind_turbine
144,65,2924.4010499999995,onshore_wind_turbine
11,65,19.125,small_hydroelectric
24,65,62.577,small_hydroelectric
32,65,192.0,small_hydroelectric
39,65,52.9,small_hydroelectric
51,65,25.641,small_hydroelectric
64,65,6.128,small_hydroelectric
81,65,241.672,small_hydroelectric
95,65,418.922,small_hydroelectric
106,65,31.614,small_hydroelectric
125,65,100.697,small_hydroelectric
137,65,36.822,small_hydroelectric
145,65,33.21,small_hydroelectric
12,65,2886.8664599999997,solar_photovoltaic
25,65,456.39899999999994,solar_photovoltaic
33,65,104.72460000000001,solar_photovoltaic
52,65,989.3748,solar_photovoltaic
65,65,3246.3903650283,solar_photovoltaic
82,65,4191.519689999999,solar_photovoltaic
96,65,126.50673,solar_photovoltaic
107,65,4925.935048989,solar_photovoltaic
126,65,10565.336377179,solar_photovoltaic
138,65,917.9817899999999,solar_photovoltaic
26,66,11.235,biomass
13,66,15.682,biomass
108,66,137.081,biomass
40,66,5.952,biomass
97,66,178.173,biomass
1,66,16.294,biomass
66,66,228.795,biomass
2,66,862.4549975999998,conventional_hydroelectric
14,66,128.7025344,conventional_hydroelectric
27,66,857.6617176000001,conventional_hydroelectric
35,66,833.4544592,conventional_hydroelectric
54,66,666.0481608000001,conventional_hydroelectric
67,66,1425.5510466674878,conventional_hydroelectric
84,66,15377.7412554,conventional_hydroelectric
109,66,107.76396152340001,conventional_hydroelectric
128,66,52.32546000000001,conventional_hydroelectric
139,66,47.5340736,conventional_hydroelectric
110,66,50.0,conventional_steam_coal
41,66,7219.002,conventional_steam_coal
3,66,11521.527209695616,conventional_steam_coal
36,66,1350.1595699999998,conventional_steam_coal
85,66,0.0,conventional_steam_coal
28,66,74.364,geothermal
116,66,0.0,natural_gas_fired_combined_cycle
73,66,0.0,natural_gas_fired_combined_cycle
71,66,0.0,natural_gas_fired_combined_cycle
44,66,0.0,natural_gas_fired_combined_cycle
115,66,0.0,natural_gas_fired_combined_cycle
70,66,0.0,natural_gas_fired_combined_cycle
131,66,0.0,natural_gas_fired_combined_cycle
18,66,0.0,natural_gas_fired_combined_cycle
72,66,0.0,natural_gas_fired_combined_cycle
114,66,0.0,natural_gas_fired_combined_cycle
45,66,0.0,natural_gas_fired_combined_cycle
78,66,0.0,natural_gas_fired_combustion_turbine
75,66,0.0,natural_gas_fired_combustion_turbine
119,66,0.0,natural_gas_fired_combustion_turbine
117,66,0.0,natural_gas_fired_combustion_turbine
134,66,0.0,natural_gas_fired_combustion_turbine
103,66,0.0,natural_gas_fired_combustion_turbine
47,66,0.0,natural_gas_fired_combustion_turbine
8,66,0.0,natural_gas_fired_combustion_turbine
90,66,0.0,natural_gas_fired_combustion_turbine
60,66,0.0,natural_gas_fired_combustion_turbine
46,66,0.0,natural_gas_fired_combustion_turbine
37,66,0.0,natural_gas_fired_combustion_turbine
7,66,0.0,natural_gas_fired_combustion_turbine
133,66,0.0,natural_gas_fired_combustion_turbine
74,66,0.0,natural_gas_fired_combustion_turbine
20,66,0.0,natural_gas_fired_combustion_turbine
135,66,0.0,natural_gas_fired_combustion_turbine
142,66,0.0,natural_gas_fired_combustion_turbine
121,66,0.0,natural_gas_fired_combustion_turbine
91,66,0.0,natural_gas_fired_combustion_turbine
22,66,0.0,natural_gas_steam_turbine
123,66,0.0,natural_gas_steam_turbine
62,66,0.0,natural_gas_steam_turbine
49,66,0.0,natural_gas_steam_turbine
48,66,0.0,natural_gas_steam_turbine
21,66,0.0,natural_gas_steam_turbine
79,66,7405.999,nuclear
10,66,282.82416000000006,onshore_wind_turbine
23,66,1696.2264,onshore_wind_turbine
31,66,3339.33618,onshore_wind_turbine
38,66,799.24635,onshore_wind_turbine
50,66,988.0270199999999,onshore_wind_turbine
63,66,271.8808798392,onshore_wind_turbine
80,66,1123.54788,onshore_wind_turbine
94,66,4282.5354,onshore_wind_turbine
105,66,71.77662072,onshore_wind_turbine
124,66,3378.835586082,onshore_wind_turbine
136,66,2297.78667,onshore_wind_turbine
144,66,1477.4945399999997,onshore_wind_turbine
11,66,19.125,small_hydroelectric
24,66,62.577,small_hydroelectric
32,66,192.0,small_hydroelectric
39,66,52.9,small_hydroelectric
51,66,25.641,small_hydroelectric
64,66,6.128,small_hydroelectric
81,66,241.672,small_hydroelectric
95,66,418.922,small_hydroelectric
106,66,31.614,small_hydroelectric
125,66,100.697,small_hydroelectric
137,66,36.822,small_hydroelectric
145,66,33.21,small_hydroelectric
12,66,1325.08926,solar_photovoltaic
25,66,3.2028,solar_photovoltaic
33,66,23.766750000000002,solar_photovoltaic
52,66,78.49829999999999,solar_photovoltaic
65,66,1490.7633555999,solar_photovoltaic
82,66,2398.85697,solar_photovoltaic
96,66,58.81398,solar_photovoltaic
107,66,2602.1940256304997,solar_photovoltaic
126,66,5770.0506642825,solar_photovoltaic
138,66,260.85477,solar_photovoltaic
26,67,11.235,biomass
13,67,15.682,biomass
108,67,137.081,biomass
40,67,5.952,biomass
97,67,178.173,biomass
1,67,16.294,biomass
66,67,228.795,biomass
2,67,862.4549975999998,conventional_hydroelectric
14,67,128.7025344,conventional_hydroelectric
27,67,857.6617176000001,conventional_hydroelectric
35,67,833.4544592,conventional_hydroelectric
54,67,666.0481608000001,conventional_hydroelectric
67,67,1425.5510466674878,conventional_hydroelectric
84,67,15377.7412554,conventional_hydroelectric
109,67,107.76396152340001,conventional_hydroelectric
128,67,52.32546000000001,conventional_hydroelectric
139,67,47.5340736,conventional_hydroelectric
110,67,50.0,conventional_steam_coal
41,67,7219.002,conventional_steam_coal
3,67,14050.987,conventional_steam_coal
36,67,2368.701,conventional_steam_coal
85,67,553.254398621722,conventional_steam_coal
28,67,74.364,geothermal
116,67,0.0,natural_gas_fired_combined_cycle
73,67,0.0,natural_gas_fired_combined_cycle
71,67,0.0,natural_gas_fired_combined_cycle
44,67,0.0,natural_gas_fired_combined_cycle
115,67,0.0,natural_gas_fired_combined_cycle
70,67,0.0,natural_gas_fired_combined_cycle
131,67,0.0,natural_gas_fired_combined_cycle
18,67,0.0,natural_gas_fired_combined_cycle
72,67,0.0,natural_gas_fired_combined_cycle
114,67,0.0,natural_gas_fired_combined_cycle
45,67,0.0,natural_gas_fired_combined_cycle
78,67,0.0,natural_gas_fired_combustion_turbine
75,67,0.0,natural_gas_fired_combustion_turbine
119,67,0.0,natural_gas_fired_combustion_turbine
117,67,0.0,natural_gas_fired_combustion_turbine
134,67,0.0,natural_gas_fired_combustion_turbine
103,67,0.0,natural_gas_fired_combustion_turbine
47,67,0.0,natural_gas_fired_combustion_turbine
8,67,0.0,natural_gas_fired_combustion_turbine
90,67,0.0,natural_gas_fired_combustion_turbine
60,67,0.0,natural_gas_fired_combustion_turbine
46,67,0.0,natural_gas_fired_combustion_turbine
37,67,0.0,natural_gas_fired_combustion_turbine
7,67,0.0,natural_gas_fired_combustion_turbine
133,67,0.0,natural_gas_fired_combustion_turbine
74,67,0.0,natural_gas_fired_combustion_turbine
20,67,0.0,natural_gas_fired_combustion_turbine
135,67,0.0,natural_gas_fired_combustion_turbine
142,67,0.0,natural_gas_fired_combustion_turbine
121,67,0.0,natural_gas_fired_combustion_turbine
91,67,0.0,natural_gas_fired_combustion_turbine
22,67,0.0,natural_gas_steam_turbine
123,67,0.0,natural_gas_steam_turbine
62,67,0.0,natural_gas_steam_turbine
49,67,0.0,natural_gas_steam_turbine
48,67,0.0,natural_gas_steam_turbine
21,67,0.0,natural_gas_steam_turbine
79,67,7405.999,nuclear
10,67,249.32370000000003,onshore_wind_turbine
23,67,2662.5323999999996,onshore_wind_turbine
31,67,3395.3140799999996,onshore_wind_turbine
38,67,623.47545,onshore_wind_turbine
50,67,928.5073199999998,onshore_wind_turbine
63,67,271.2329999496,onshore_wind_turbine
80,67,860.6830799999999,onshore_wind_turbine
94,67,4189.5396,onshore_wind_turbine
105,67,62.89086006,onshore_wind_turbine
124,67,2173.1879045778,onshore_wind_turbine
136,67,2243.82087,onshore_wind_turbine
144,67,1083.5577899999998,onshore_wind_turbine
11,67,19.125,small_hydroelectric
24,67,62.577,small_hydroelectric
32,67,192.0,small_hydroelectric
39,67,52.9,small_hydroelectric
51,67,25.641,small_hydroelectric
64,67,6.128,small_hydroelectric
81,67,241.672,small_hydroelectric
95,67,418.922,small_hydroelectric
106,67,31.614,small_hydroelectric
125,67,100.697,small_hydroelectric
137,67,36.822,small_hydroelectric
145,67,33.21,small_hydroelectric
12,67,0.0,solar_photovoltaic
25,67,0.0,solar_photovoltaic
33,67,0.0,solar_photovoltaic
52,67,0.0,solar_photovoltaic
65,67,0.0,solar_photovoltaic
82,67,0.0,solar_photovoltaic
96,67,0.0,solar_photovoltaic
107,67,0.0,solar_photovoltaic
126,67,0.0,solar_photovoltaic
138,67,0.0,solar_photovoltaic
26,68,11.235,biomass
13,68,15.682,biomass
108,68,137.081,biomass
40,68,5.952,biomass
97,68,178.173,biomass
1,68,16.294,biomass
66,68,228.795,biomass
2,68,862.4549975999998,conventional_hydroelectric
14,68,128.7025344,conventional_hydroelectric
27,68,857.6617176000001,conventional_hydroelectric
35,68,833.4544592,conventional_hydroelectric
54,68,666.0481608000001,conventional_hydroelectric
67,68,1425.5510466674878,conventional_hydroelectric
84,68,15377.7412554,conventional_hydroelectric
109,68,107.76396152340001,conventional_hydroelectric
128,68,52.32546000000001,conventional_hydroelectric
139,68,47.5340736,conventional_hydroelectric
110,68,50.0,conventional_steam_coal
41,68,7219.002,conventional_steam_coal
3,68,14050.987,conventional_steam_coal
36,68,2368.701,conventional_steam_coal
85,68,0.0,conventional_steam_coal
28,68,74.364,geothermal
116,68,0.0,natural_gas_fired_combined_cycle
73,68,0.0,natural_gas_fired_combined_cycle
71,68,0.0,natural_gas_fired_combined_cycle
44,68,0.0,natural_gas_fired_combined_cycle
115,68,0.0,natural_gas_fired_combined_cycle
70,68,0.0,natural_gas_fired_combined_cycle
131,68,0.0,natural_gas_fired_combined_cycle
18,68,0.0,natural_gas_fired_combined_cycle
72,68,0.0,natural_gas_fired_combined_cycle
114,68,0.0,natural_gas_fired_combined_cycle
45,68,0.0,natural_gas_fired_combined_cycle
78,68,0.0,natural_gas_fired_combustion_turbine
75,68,0.0,natural_gas_fired_combustion_turbine
119,68,0.0,natural_gas_fired_combustion_turbine
117,68,0.0,natural_gas_fired_combustion_turbine
134,68,0.0,natural_gas_fired_combustion_turbine
103,68,0.0,natural_gas_fired_combustion_turbine
47,68,0.0,natural_gas_fired_combustion_turbine
8,68,0.0,natural_gas_fired_combustion_turbine
90,68,0.0,natural_gas_fired_combustion_turbine
60,68,0.0,natural_gas_fired_combustion_turbine
46,68,0.0,natural_gas_fired_combustion_turbine
37,68,0.0,natural_gas_fired_combustion_turbine
7,68,0.0,natural_gas_fired_combustion_turbine
133,68,0.0,natural_gas_fired_combustion_turbine
74,68,0.0,natural_gas_fired_combustion_turbine
20,68,0.0,natural_gas_fired_combustion_turbine
135,68,0.0,natural_gas_fired_combustion_turbine
142,68,0.0,natural_gas_fired_combustion_turbine
121,68,0.0,natural_gas_fired_combustion_turbine
91,68,0.0,natural_gas_fired_combustion_turbine
22,68,0.0,natural_gas_steam_turbine
123,68,0.0,natural_gas_steam_turbine
62,68,0.0,natural_gas_steam_turbine
49,68,0.0,natural_gas_steam_turbine
48,68,0.0,natural_gas_steam_turbine
21,68,0.0,natural_gas_steam_turbine
79,68,7405.999,nuclear
10,68,300.34629,onshore_wind_turbine
23,68,3676.7544,onshore_wind_turbine
31,68,3695.5591799999997,onshore_wind_turbine
38,68,738.6273,onshore_wind_turbine
50,68,513.61146,onshore_wind_turbine
63,68,276.2932799376,onshore_wind_turbine
80,68,550.02468,onshore_wind_turbine
94,68,8445.279600000002,onshore_wind_turbine
105,68,52.876799325,onshore_wind_turbine
124,68,3670.983720228,onshore_wind_turbine
136,68,1931.2047000000002,onshore_wind_turbine
144,68,1606.3350299999997,onshore_wind_turbine
11,68,19.125,small_hydroelectric
24,68,62.577,small_hydroelectric
32,68,192.0,small_hydroelectric
39,68,52.9,small_hydroelectric
51,68,25.641,small_hydroelectric
64,68,6.128,small_hydroelectric
81,68,241.672,small_hydroelectric
95,68,418.922,small_hydroelectric
106,68,31.614,small_hydroelectric
125,68,100.697,small_hydroelectric
137,68,36.822,small_hydroelectric
145,68,33.21,small_hydroelectric
12,68,0.0,solar_photovoltaic
25,68,0.0,solar_photovoltaic
33,68,0.0,solar_photovoltaic
52,68,0.0,solar_photovoltaic
65,68,0.0,solar_photovoltaic
82,68,0.0,solar_photovoltaic
96,68,0.0,solar_photovoltaic
107,68,0.0,solar_photovoltaic
126,68,0.0,solar_photovoltaic
138,68,0.0,solar_photovoltaic
26,69,11.235,biomass
13,69,15.682,biomass
108,69,137.081,biomass
40,69,5.952,biomass
97,69,178.173,biomass
1,69,16.294,biomass
66,69,228.795,biomass
2,69,862.4549975999998,conventional_hydroelectric
14,69,128.7025344,conventional_hydroelectric
27,69,857.6617176000001,conventional_hydroelectric
35,69,833.4544592,conventional_hydroelectric
54,69,666.0481608000001,conventional_hydroelectric
67,69,1425.5510466674878,conventional_hydroelectric
84,69,15377.7412554,conventional_hydroelectric
109,69,107.76396152340001,conventional_hydroelectric
128,69,52.32546000000001,conventional_hydroelectric
139,69,47.5340736,conventional_hydroelectric
110,69,50.0,conventional_steam_coal
41,69,7219.002,conventional_steam_coal
3,69,14050.987,conventional_steam_coal
36,69,2368.701,conventional_steam_coal
85,69,0.0,conventional_steam_coal
28,69,74.364,geothermal
116,69,0.0,natural_gas_fired_combined_cycle
73,69,0.0,natural_gas_fired_combined_cycle
71,69,0.0,natural_gas_fired_combined_cycle
44,69,0.0,natural_gas_fired_combined_cycle
115,69,0.0,natural_gas_fired_combined_cycle
70,69,0.0,natural_gas_fired_combined_cycle
131,69,0.0,natural_gas_fired_combined_cycle
18,69,0.0,natural_gas_fired_combined_cycle
72,69,0.0,natural_gas_fired_combined_cycle
114,69,0.0,natural_gas_fired_combined_cycle
45,69,0.0,natural_gas_fired_combined_cycle
78,69,0.0,natural_gas_fired_combustion_turbine
75,69,0.0,natural_gas_fired_combustion_turbine
119,69,0.0,natural_gas_fired_combustion_turbine
117,69,0.0,natural_gas_fired_combustion_turbine
134,69,0.0,natural_gas_fired_combustion_turbine
103,69,0.0,natural_gas_fired_combustion_turbine
47,69,0.0,natural_gas_fired_combustion_turbine
8,69,0.0,natural_gas_fired_combustion_turbine
90,69,0.0,natural_gas_fired_combustion_turbine
60,69,0.0,natural_gas_fired_combustion_turbine
46,69,0.0,natural_gas_fired_combustion_turbine
37,69,0.0,natural_gas_fired_combustion_turbine
7,69,0.0,natural_gas_fired_combustion_turbine
133,69,0.0,natural_gas_fired_combustion_turbine
74,69,0.0,natural_gas_fired_combustion_turbine
20,69,0.0,natural_gas_fired_combustion_turbine
135,69,0.0,natural_gas_fired_combustion_turbine
142,69,0.0,natural_gas_fired_combustion_turbine
121,69,0.0,natural_gas_fired_combustion_turbine
91,69,0.0,natural_gas_fired_combustion_turbine
22,69,0.0,natural_gas_steam_turbine
123,69,0.0,natural_gas_steam_turbine
62,69,0.0,natural_gas_steam_turbine
49,69,0.0,natural_gas_steam_turbine
48,69,0.0,natural_gas_steam_turbine
21,69,0.0,natural_gas_steam_turbine
79,69,7405.999,nuclear
10,69,340.40790000000004,onshore_wind_turbine
23,69,4071.2628000000004,onshore_wind_turbine
31,69,3744.9215099999997,onshore_wind_turbine
38,69,948.4812000000001,onshore_wind_turbine
50,69,811.2099599999998,onshore_wind_turbine
63,69,274.0408801248,onshore_wind_turbine
80,69,956.27028,onshore_wind_turbine
94,69,6413.5578,onshore_wind_turbine
105,69,379.198560321,onshore_wind_turbine
124,69,6376.950506097601,onshore_wind_turbine
136,69,1577.72871,onshore_wind_turbine
144,69,2044.7634599999997,onshore_wind_turbine
11,69,19.125,small_hydroelectric
24,69,62.577,small_hydroelectric
32,69,192.0,small_hydroelectric
39,69,52.9,small_hydroelectric
51,69,25.641,small_hydroelectric
64,69,6.128,small_hydroelectric
81,69,241.672,small_hydroelectric
95,69,418.922,small_hydroelectric
106,69,31.614,small_hydroelectric
125,69,100.697,small_hydroelectric
137,69,36.822,small_hydroelectric
145,69,33.21,small_hydroelectric
12,69,0.0,solar_photovoltaic
25,69,0.0,solar_photovoltaic
33,69,0.0,solar_photovoltaic
52,69,0.0,solar_photovoltaic
65,69,0.0,solar_photovoltaic
82,69,0.0,solar_photovoltaic
96,69,0.0,solar_photovoltaic
107,69,0.0,solar_photovoltaic
126,69,0.0,solar_photovoltaic
138,69,0.0,solar_photovoltaic
26,70,11.235,biomass
13,70,15.682,biomass
108,70,137.081,biomass
40,70,5.952,biomass
97,70,178.173,biomass
1,70,16.294,biomass
66,70,228.795,biomass
2,70,862.4549975999998,conventional_hydroelectric
14,70,128.7025344,conventional_hydroelectric
27,70,857.6617176000001,conventional_hydroelectric
35,70,833.4544592,conventional_hydroelectric
54,70,666.0481608000001,conventional_hydroelectric
67,70,1425.5510466674878,conventional_hydroelectric
84,70,15377.7412554,conventional_hydroelectric
109,70,107.76396152340001,conventional_hydroelectric
128,70,52.32546000000001,conventional_hydroelectric
139,70,47.5340736,conventional_hydroelectric
110,70,50.0,conventional_steam_coal
41,70,7219.002,conventional_steam_coal
3,70,14050.987,conventional_steam_coal
36,70,1767.5258591361976,conventional_steam_coal
85,70,0.0,conventional_steam_coal
28,70,74.364,geothermal
116,70,0.0,natural_gas_fired_combined_cycle
73,70,0.0,natural_gas_fired_combined_cycle
71,70,0.0,natural_gas_fired_combined_cycle
44,70,0.0,natural_gas_fired_combined_cycle
115,70,0.0,natural_gas_fired_combined_cycle
70,70,0.0,natural_gas_fired_combined_cycle
131,70,0.0,natural_gas_fired_combined_cycle
18,70,0.0,natural_gas_fired_combined_cycle
72,70,0.0,natural_gas_fired_combined_cycle
114,70,0.0,natural_gas_fired_combined_cycle
45,70,0.0,natural_gas_fired_combined_cycle
78,70,0.0,natural_gas_fired_combustion_turbine
75,70,0.0,natural_gas_fired_combustion_turbine
119,70,0.0,natural_gas_fired_combustion_turbine
117,70,0.0,natural_gas_fired_combustion_turbine
134,70,0.0,natural_gas_fired_combustion_turbine
103,70,0.0,natural_gas_fired_combustion_turbine
47,70,0.0,natural_gas_fired_combustion_turbine
8,70,0.0,natural_gas_fired_combustion_turbine
90,70,0.0,natural_gas_fired_combustion_turbine
60,70,0.0,natural_gas_fired_combustion_turbine
46,70,0.0,natural_gas_fired_combustion_turbine
37,70,0.0,natural_gas_fired_combustion_turbine
7,70,0.0,natural_gas_fired_combustion_turbine
133,70,0.0,natural_gas_fired_combustion_turbine
74,70,0.0,natural_gas_fired_combustion_turbine
20,70,0.0,natural_gas_fired_combustion_turbine
135,70,0.0,natural_gas_fired_combustion_turbine
142,70,0.0,natural_gas_fired_combustion_turbine
121,70,0.0,natural_gas_fired_combustion_turbine
91,70,0.0,natural_gas_fired_combustion_turbine
22,70,0.0,natural_gas_steam_turbine
123,70,0.0,natural_gas_steam_turbine
62,70,0.0,natural_gas_steam_turbine
49,70,0.0,natural_gas_steam_turbine
48,70,0.0,natural_gas_steam_turbine
21,70,0.0,natural_gas_steam_turbine
79,70,7405.999,nuclear
10,70,340.56228000000004,onshore_wind_turbine
23,70,4219.0037999999995,onshore_wind_turbine
31,70,3927.10413,onshore_wind_turbine
38,70,845.2584,onshore_wind_turbine
50,70,1409.02002,onshore_wind_turbine
63,70,273.8906400288,onshore_wind_turbine
80,70,771.86664,onshore_wind_turbine
94,70,5042.263800000001,onshore_wind_turbine
105,70,543.986279487,onshore_wind_turbine
124,70,7321.857511683001,onshore_wind_turbine
136,70,1688.3586,onshore_wind_turbine
144,70,2410.8929099999996,onshore_wind_turbine
11,70,19.125,small_hydroelectric
24,70,62.577,small_hydroelectric
32,70,192.0,small_hydroelectric
39,70,52.9,small_hydroelectric
51,70,25.641,small_hydroelectric
64,70,6.128,small_hydroelectric
81,70,241.672,small_hydroelectric
95,70,418.922,small_hydroelectric
106,70,31.614,small_hydroelectric
125,70,100.697,small_hydroelectric
137,70,36.822,small_hydroelectric
145,70,33.21,small_hydroelectric
12,70,0.0,solar_photovoltaic
25,70,0.0,solar_photovoltaic
33,70,0.0,solar_photovoltaic
52,70,0.0,solar_photovoltaic
65,70,0.0,solar_photovoltaic
82,70,0.0,solar_photovoltaic
96,70,0.0,solar_photovoltaic
107,70,0.0,solar_photovoltaic
126,70,0.0,solar_photovoltaic
138,70,0.0,solar_photovoltaic
26,71,11.235,biomass
13,71,15.682,biomass
108,71,137.081,biomass
40,71,5.952,biomass
97,71,178.173,biomass
1,71,16.294,biomass
66,71,228.795,biomass
2,71,862.4549975999998,conventional_hydroelectric
14,71,128.7025344,conventional_hydroelectric
27,71,857.6617176000001,conventional_hydroelectric
35,71,833.4544592,conventional_hydroelectric
54,71,666.0481608000001,conventional_hydroelectric
67,71,1425.5510466674878,conventional_hydroelectric
84,71,15377.7412554,conventional_hydroelectric
109,71,107.76396152340001,conventional_hydroelectric
128,71,52.32546000000001,conventional_hydroelectric
139,71,47.5340736,conventional_hydroelectric
110,71,50.0,conventional_steam_coal
41,71,7219.002,conventional_steam_coal
3,71,12851.92919975851,conventional_steam_coal
36,71,417.3662891361978,conventional_steam_coal
85,71,0.0,conventional_steam_coal
28,71,74.364,geothermal
116,71,0.0,natural_gas_fired_combined_cycle
73,71,0.0,natural_gas_fired_combined_cycle
71,71,0.0,natural_gas_fired_combined_cycle
44,71,0.0,natural_gas_fired_combined_cycle
115,71,0.0,natural_gas_fired_combined_cycle
70,71,0.0,natural_gas_fired_combined_cycle
131,71,0.0,natural_gas_fired_combined_cycle
18,71,0.0,natural_gas_fired_combined_cycle
72,71,0.0,natural_gas_fired_combined_cycle
114,71,0.0,natural_gas_fired_combined_cycle
45,71,0.0,natural_gas_fired_combined_cycle
78,71,0.0,natural_gas_fired_combustion_turbine
75,71,0.0,natural_gas_fired_combustion_turbine
119,71,0.0,natural_gas_fired_combustion_turbine
117,71,0.0,natural_gas_fired_combustion_turbine
134,71,0.0,natural_gas_fired_combustion_turbine
103,71,0.0,natural_gas_fired_combustion_turbine
47,71,0.0,natural_gas_fired_combustion_turbine
8,71,0.0,natural_gas_fired_combustion_turbine
90,71,0.0,natural_gas_fired_combustion_turbine
60,71,0.0,natural_gas_fired_combustion_turbine
46,71,0.0,natural_gas_fired_combustion_turbine
37,71,0.0,natural_gas_fired_combustion_turbine
7,71,0.0,natural_gas_fired_combustion_turbine
133,71,0.0,natural_gas_fired_combustion_turbine
74,71,0.0,natural_gas_fired_combustion_turbine
20,71,0.0,natural_gas_fired_combustion_turbine
135,71,0.0,natural_gas_fired_combustion_turbine
142,71,0.0,natural_gas_fired_combustion_turbine
121,71,0.0,natural_gas_fired_combustion_turbine
91,71,0.0,natural_gas_fired_combustion_turbine
22,71,0.0,natural_gas_steam_turbine
123,71,0.0,natural_gas_steam_turbine
62,71,0.0,natural_gas_steam_turbine
49,71,0.0,natural_gas_steam_turbine
48,71,0.0,natural_gas_steam_turbine
21,71,0.0,natural_gas_steam_turbine
79,71,7405.999,nuclear
10,71,338.55534000000006,onshore_wind_turbine
23,71,4823.544,onshore_wind_turbine
31,71,3690.4702799999995,onshore_wind_turbine
38,71,1135.69425,onshore_wind_turbine
50,71,1444.7318399999997,onshore_wind_turbine
63,71,278.10767996400006,onshore_wind_turbine
80,71,781.82364,onshore_wind_turbine
94,71,5426.8566,onshore_wind_turbine
105,71,383.25852066600004,onshore_wind_turbine
124,71,8323.367303684401,onshore_wind_turbine
136,71,1667.92869,onshore_wind_turbine
144,71,2353.42449,onshore_wind_turbine
11,71,19.125,small_hydroelectric
24,71,62.577,small_hydroelectric
32,71,192.0,small_hydroelectric
39,71,52.9,small_hydroelectric
51,71,25.641,small_hydroelectric
64,71,6.128,small_hydroelectric
81,71,241.672,small_hydroelectric
95,71,418.922,small_hydroelectric
106,71,31.614,small_hydroelectric
125,71,100.697,small_hydroelectric
137,71,36.822,small_hydroelectric
145,71,33.21,small_hydroelectric
12,71,0.0,solar_photovoltaic
25,71,0.0,solar_photovoltaic
33,71,0.0,solar_photovoltaic
52,71,0.0,solar_photovoltaic
65,71,0.0,solar_photovoltaic
82,71,0.0,solar_photovoltaic
96,71,0.0,solar_photovoltaic
107,71,0.0,solar_photovoltaic
126,71,0.0,solar_photovoltaic
138,71,0.0,solar_photovoltaic
26,72,11.235,biomass
13,72,15.682,biomass
108,72,137.081,biomass
40,72,5.952,biomass
97,72,178.173,biomass
1,72,16.294,biomass
66,72,228.795,biomass
2,72,862.4549975999998,conventional_hydroelectric
14,72,128.7025344,conventional_hydroelectric
27,72,857.6617176000001,conventional_hydroelectric
35,72,833.4544592,conventional_hydroelectric
54,72,666.0481608000001,conventional_hydroelectric
67,72,1425.5510466674878,conventional_hydroelectric
84,72,15377.7412554,conventional_hydroelectric
109,72,107.76396152340001,conventional_hydroelectric
128,72,52.32546000000001,conventional_hydroelectric
139,72,47.5340736,conventional_hydroelectric
110,72,50.0,conventional_steam_coal
41,72,7219.002,conventional_steam_coal
3,72,4842.86660975851,conventional_steam_coal
36,72,0.0,conventional_steam_coal
85,72,0.0,conventional_steam_coal
28,72,74.364,geothermal
116,72,0.0,natural_gas_fired_combined_cycle
73,72,0.0,natural_gas_fired_combined_cycle
71,72,0.0,natural_gas_fired_combined_cycle
44,72,0.0,natural_gas_fired_combined_cycle
115,72,0.0,natural_gas_fired_combined_cycle
70,72,0.0,natural_gas_fired_combined_cycle
131,72,0.0,natural_gas_fired_combined_cycle
18,72,0.0,natural_gas_fired_combined_cycle
72,72,0.0,natural_gas_fired_combined_cycle
114,72,0.0,natural_gas_fired_combined_cycle
45,72,0.0,natural_gas_fired_combined_cycle
78,72,0.0,natural_gas_fired_combustion_turbine
75,72,0.0,natural_gas_fired_combustion_turbine
119,72,0.0,natural_gas_fired_combustion_turbine
117,72,0.0,natural_gas_fired_combustion_turbine
134,72,0.0,natural_gas_fired_combustion_turbine
103,72,0.0,natural_gas_fired_combustion_turbine
47,72,0.0,natural_gas_fired_combustion_turbine
8,72,0.0,natural_gas_fired_combustion_turbine
90,72,0.0,natural_gas_fired_combustion_turbine
60,72,0.0,natural_gas_fired_combustion_turbine
46,72,0.0,natural_gas_fired_combustion_turbine
37,72,0.0,natural_gas_fired_combustion_turbine
7,72,0.0,natural_gas_fired_combustion_turbine
133,72,0.0,natural_gas_fired_combustion_turbine
74,72,0.0,natural_gas_fired_combustion_turbine
20,72,0.0,natural_gas_fired_combustion_turbine
135,72,0.0,natural_gas_fired_combustion_turbine
142,72,0.0,natural_gas_fired_combustion_turbine
121,72,0.0,natural_gas_fired_combustion_turbine
91,72,0.0,natural_gas_fired_combustion_turbine
22,72,0.0,natural_gas_steam_turbine
123,72,0.0,natural_gas_steam_turbine
62,72,0.0,natural_gas_steam_turbine
49,72,0.0,natural_gas_steam_turbine
48,72,0.0,natural_gas_steam_turbine
21,72,0.0,natural_gas_steam_turbine
79,72,7405.999,nuclear
10,72,454.03158,onshore_wind_turbine
23,72,4139.9424,onshore_wind_turbine
31,72,3666.04356,onshore_wind_turbine
38,72,1132.5294,onshore_wind_turbine
50,72,1358.2105199999999,onshore_wind_turbine
63,72,281.7841200984,onshore_wind_turbine
80,72,916.44228,onshore_wind_turbine
94,72,8177.325600000001,onshore_wind_turbine
105,72,431.24028065999994,onshore_wind_turbine
124,72,8688.9580226922,onshore_wind_turbine
136,72,1931.97564,onshore_wind_turbine
144,72,2568.4676099999997,onshore_wind_turbine
11,72,19.125,small_hydroelectric
24,72,62.577,small_hydroelectric
32,72,192.0,small_hydroelectric
39,72,52.9,small_hydroelectric
51,72,25.641,small_hydroelectric
64,72,6.128,small_hydroelectric
81,72,241.672,small_hydroelectric
95,72,418.922,small_hydroelectric
106,72,31.614,small_hydroelectric
125,72,100.697,small_hydroelectric
137,72,36.822,small_hydroelectric
145,72,33.21,small_hydroelectric
12,72,0.0,solar_photovoltaic
25,72,0.0,solar_photovoltaic
33,72,0.0,solar_photovoltaic
52,72,0.0,solar_photovoltaic
65,72,0.0,solar_photovoltaic
82,72,0.0,solar_photovoltaic
96,72,0.0,solar_photovoltaic
107,72,0.0,solar_photovoltaic
126,72,0.0,solar_photovoltaic
138,72,0.0,solar_photovoltaic
26,73,11.235,biomass
13,73,15.682,biomass
108,73,137.081,biomass
40,73,5.952,biomass
97,73,178.173,biomass
1,73,16.294,biomass
66,73,228.795,biomass
2,73,862.4549975999998,conventional_hydroelectric
14,73,128.7025344,conventional_hydroelectric
27,73,857.6617176000001,conventional_hydroelectric
35,73,833.4544592,conventional_hydroelectric
54,73,666.0481608000001,conventional_hydroelectric
67,73,1425.5510466674878,conventional_hydroelectric
84,73,15377.7412554,conventional_hydroelectric
109,73,107.76396152340001,conventional_hydroelectric
128,73,52.32546000000001,conventional_hydroelectric
139,73,47.5340736,conventional_hydroelectric
110,73,50.0,conventional_steam_coal
41,73,4089.4925271571096,conventional_steam_coal
3,73,0.0,conventional_steam_coal
36,73,0.0,conventional_steam_coal
85,73,0.0,conventional_steam_coal
28,73,74.364,geothermal
116,73,0.0,natural_gas_fired_combined_cycle
73,73,0.0,natural_gas_fired_combined_cycle
71,73,0.0,natural_gas_fired_combined_cycle
44,73,0.0,natural_gas_fired_combined_cycle
115,73,0.0,natural_gas_fired_combined_cycle
70,73,0.0,natural_gas_fired_combined_cycle
131,73,0.0,natural_gas_fired_combined_cycle
18,73,0.0,natural_gas_fired_combined_cycle
72,73,0.0,natural_gas_fired_combined_cycle
114,73,0.0,natural_gas_fired_combined_cycle
45,73,0.0,natural_gas_fired_combined_cycle
78,73,0.0,natural_gas_fired_combustion_turbine
75,73,0.0,natural_gas_fired_combustion_turbine
119,73,0.0,natural_gas_fired_combustion_turbine
117,73,0.0,natural_gas_fired_combustion_turbine
134,73,0.0,natural_gas_fired_combustion_turbine
103,73,0.0,natural_gas_fired_combustion_turbine
47,73,0.0,natural_gas_fired_combustion_turbine
8,73,0.0,natural_gas_fired_combustion_turbine
90,73,0.0,natural_gas_fired_combustion_turbine
60,73,0.0,natural_gas_fired_combustion_turbine
46,73,0.0,natural_gas_fired_combustion_turbine
37,73,0.0,natural_gas_fired_combustion_turbine
7,73,0.0,natural_gas_fired_combustion_turbine
133,73,0.0,natural_gas_fired_combustion_turbine
74,73,0.0,natural_gas_fired_combustion_turbine
20,73,0.0,natural_gas_fired_combustion_turbine
135,73,0.0,natural_gas_fired_combustion_turbine
142,73,0.0,natural_gas_fired_combustion_turbine
121,73,0.0,natural_gas_fired_combustion_turbine
91,73,0.0,natural_gas_fired_combustion_turbine
22,73,0.0,natural_gas_steam_turbine
123,73,0.0,natural_gas_steam_turbine
62,73,0.0,natural_gas_steam_turbine
49,73,0.0,natural_gas_steam_turbine
48,73,0.0,natural_gas_steam_turbine
21,73,0.0,natural_gas_steam_turbine
79,73,7405.999,nuclear
10,73,526.20423,onshore_wind_turbine
23,73,4908.9942,onshore_wind_turbine
31,73,3689.4524999999994,onshore_wind_turbine
38,73,1312.92585,onshore_wind_turbine
50,73,1467.95904,onshore_wind_turbine
63,73,276.973439964,onshore_wind_turbine
80,73,1178.9088,onshore_wind_turbine
94,73,9816.5736,onshore_wind_turbine
105,73,698.4653402790001,onshore_wind_turbine
124,73,9321.498115809,onshore_wind_turbine
136,73,2645.48061,onshore_wind_turbine
144,73,2900.3013899999996,onshore_wind_turbine
11,73,19.125,small_hydroelectric
24,73,62.577,small_hydroelectric
32,73,192.0,small_hydroelectric
39,73,52.9,small_hydroelectric
51,73,25.641,small_hydroelectric
64,73,6.128,small_hydroelectric
81,73,241.672,small_hydroelectric
95,73,418.922,small_hydroelectric
106,73,31.614,small_hydroelectric
125,73,100.697,small_hydroelectric
137,73,36.822,small_hydroelectric
145,73,33.21,small_hydroelectric
12,73,0.0,solar_photovoltaic
25,73,0.0,solar_photovoltaic
33,73,0.0,solar_photovoltaic
52,73,0.0,solar_photovoltaic
65,73,0.0,solar_photovoltaic
82,73,0.0,solar_photovoltaic
96,73,0.0,solar_photovoltaic
107,73,0.0,solar_photovoltaic
126,73,0.0,solar_photovoltaic
138,73,0.0,solar_photovoltaic
26,74,11.235,biomass
13,74,15.682,biomass
108,74,137.081,biomass
40,74,5.952,biomass
97,74,178.173,biomass
1,74,16.294,biomass
66,74,228.795,biomass
2,74,862.4549975999998,conventional_hydroelectric
14,74,128.7025344,conventional_hydroelectric
27,74,857.6617176000001,conventional_hydroelectric
35,74,833.4544592,conventional_hydroelectric
54,74,666.0481608000001,conventional_hydroelectric
67,74,1425.5510466674878,conventional_hydroelectric
84,74,15377.7412554,conventional_hydroelectric
109,74,107.76396152340001,conventional_hydroelectric
128,74,52.32546000000001,conventional_hydroelectric
139,74,47.5340736,conventional_hydroelectric
110,74,50.0,conventional_steam_coal
41,74,0.0,conventional_steam_coal
3,74,0.0,conventional_steam_coal
36,74,0.0,conventional_steam_coal
85,74,0.0,conventional_steam_coal
28,74,74.364,geothermal
116,74,0.0,natural_gas_fired_combined_cycle
73,74,0.0,natural_gas_fired_combined_cycle
71,74,0.0,natural_gas_fired_combined_cycle
44,74,0.0,natural_gas_fired_combined_cycle
115,74,0.0,natural_gas_fired_combined_cycle
70,74,0.0,natural_gas_fired_combined_cycle
131,74,0.0,natural_gas_fired_combined_cycle
18,74,0.0,natural_gas_fired_combined_cycle
72,74,0.0,natural_gas_fired_combined_cycle
114,74,0.0,natural_gas_fired_combined_cycle
45,74,0.0,natural_gas_fired_combined_cycle
78,74,0.0,natural_gas_fired_combustion_turbine
75,74,0.0,natural_gas_fired_combustion_turbine
119,74,0.0,natural_gas_fired_combustion_turbine
117,74,0.0,natural_gas_fired_combustion_turbine
134,74,0.0,natural_gas_fired_combustion_turbine
103,74,0.0,natural_gas_fired_combustion_turbine
47,74,0.0,natural_gas_fired_combustion_turbine
8,74,0.0,natural_gas_fired_combustion_turbine
90,74,0.0,natural_gas_fired_combustion_turbine
60,74,0.0,natural_gas_fired_combustion_turbine
46,74,0.0,natural_gas_fired_combustion_turbine
37,74,0.0,natural_gas_fired_combustion_turbine
7,74,0.0,natural_gas_fired_combustion_turbine
133,74,0.0,natural_gas_fired_combustion_turbine
74,74,0.0,natural_gas_fired_combustion_turbine
20,74,0.0,natural_gas_fired_combustion_turbine
135,74,0.0,natural_gas_fired_combustion_turbine
142,74,0.0,natural_gas_fired_combustion_turbine
121,74,0.0,natural_gas_fired_combustion_turbine
91,74,0.0,natural_gas_fired_combustion_turbine
22,74,0.0,natural_gas_steam_turbine
123,74,0.0,natural_gas_steam_turbine
62,74,0.0,natural_gas_steam_turbine
49,74,0.0,natural_gas_steam_turbine
48,74,0.0,natural_gas_steam_turbine
21,74,0.0,natural_gas_steam_turbine
79,74,7405.999,nuclear
10,74,464.45223000000004,onshore_wind_turbine
23,74,6084.5334,onshore_wind_turbine
31,74,3627.8768099999998,onshore_wind_turbine
38,74,1323.63765,onshore_wind_turbine
50,74,1703.1344399999998,onshore_wind_turbine
63,74,273.9010800408,onshore_wind_turbine
80,74,1013.6225999999999,onshore_wind_turbine
94,74,11110.6338,onshore_wind_turbine
105,74,939.980579895,onshore_wind_turbine
124,74,9823.569840031201,onshore_wind_turbine
136,74,2803.52331,onshore_wind_turbine
144,74,3363.7563899999996,onshore_wind_turbine
11,74,19.125,small_hydroelectric
24,74,62.577,small_hydroelectric
32,74,192.0,small_hydroelectric
39,74,52.9,small_hydroelectric
51,74,25.641,small_hydroelectric
64,74,6.128,small_hydroelectric
81,74,241.672,small_hydroelectric
95,74,418.922,small_hydroelectric
106,74,31.614,small_hydroelectric
125,74,100.697,small_hydroelectric
137,74,36.822,small_hydroelectric
145,74,33.21,small_hydroelectric
12,74,0.0,solar_photovoltaic
25,74,0.0,solar_photovoltaic
33,74,0.0,solar_photovoltaic
52,74,0.0,solar_photovoltaic
65,74,0.0,solar_photovoltaic
82,74,0.0,solar_photovoltaic
96,74,0.0,solar_photovoltaic
107,74,0.0,solar_photovoltaic
126,74,0.0,solar_photovoltaic
138,74,0.0,solar_photovoltaic
26,75,11.235,biomass
13,75,15.682,biomass
108,75,137.081,biomass
40,75,5.952,biomass
97,75,178.173,biomass
1,75,16.294,biomass
66,75,228.795,biomass
2,75,862.4549975999998,conventional_hydroelectric
14,75,128.7025344,conventional_hydroelectric
27,75,857.6617176000001,conventional_hydroelectric
35,75,833.4544592,conventional_hydroelectric
54,75,666.0481608000001,conventional_hydroelectric
67,75,1425.5510466674878,conventional_hydroelectric
84,75,15377.7412554,conventional_hydroelectric
109,75,107.76396152340001,conventional_hydroelectric
128,75,52.32546000000001,conventional_hydroelectric
139,75,47.5340736,conventional_hydroelectric
110,75,50.0,conventional_steam_coal
41,75,0.0,conventional_steam_coal
3,75,0.0,conventional_steam_coal
36,75,0.0,conventional_steam_coal
85,75,0.0,conventional_steam_coal
28,75,74.364,geothermal
116,75,0.0,natural_gas_fired_combined_cycle
73,75,0.0,natural_gas_fired_combined_cycle
71,75,0.0,natural_gas_fired_combined_cycle
44,75,0.0,natural_gas_fired_combined_cycle
115,75,0.0,natural_gas_fired_combined_cycle
70,75,0.0,natural_gas_fired_combined_cycle
131,75,0.0,natural_gas_fired_combined_cycle
18,75,0.0,natural_gas_fired_combined_cycle
72,75,0.0,natural_gas_fired_combined_cycle
114,75,0.0,natural_gas_fired_combined_cycle
45,75,0.0,natural_gas_fired_combined_cycle
78,75,0.0,natural_gas_fired_combustion_turbine
75,75,0.0,natural_gas_fired_combustion_turbine
119,75,0.0,natural_gas_fired_combustion_turbine
117,75,0.0,natural_gas_fired_combustion_turbine
134,75,0.0,natural_gas_fired_combustion_turbine
103,75,0.0,natural_gas_fired_combustion_turbine
47,75,0.0,natural_gas_fired_combustion_turbine
8,75,0.0,natural_gas_fired_combustion_turbine
90,75,0.0,natural_gas_fired_combustion_turbine
60,75,0.0,natural_gas_fired_combustion_turbine
46,75,0.0,natural_gas_fired_combustion_turbine
37,75,0.0,natural_gas_fired_combustion_turbine
7,75,0.0,natural_gas_fired_combustion_turbine
133,75,0.0,natural_gas_fired_combustion_turbine
74,75,0.0,natural_gas_fired_combustion_turbine
20,75,0.0,natural_gas_fired_combustion_turbine
135,75,0.0,natural_gas_fired_combustion_turbine
142,75,0.0,natural_gas_fired_combustion_turbine
121,75,0.0,natural_gas_fired_combustion_turbine
91,75,0.0,natural_gas_fired_combustion_turbine
22,75,0.0,natural_gas_steam_turbine
123,75,0.0,natural_gas_steam_turbine
62,75,0.0,natural_gas_steam_turbine
49,75,0.0,natural_gas_steam_turbine
48,75,0.0,natural_gas_steam_turbine
21,75,0.0,natural_gas_steam_turbine
79,75,7405.999,nuclear
10,75,438.20763000000005,onshore_wind_turbine
23,75,5526.312,onshore_wind_turbine
31,75,3499.6365299999998,onshore_wind_turbine
38,75,1536.41295,onshore_wind_turbine
50,75,1548.9638999999997,onshore_wind_turbine
63,75,279.30708005040003,onshore_wind_turbine
80,75,1011.23292,onshore_wind_turbine
94,75,14367.063,onshore_wind_turbine
105,75,992.550359304,onshore_wind_turbine
124,75,9105.8730011238,onshore_wind_turbine
136,75,2665.13958,onshore_wind_turbine
144,75,3137.59035,onshore_wind_turbine
11,75,19.125,small_hydroelectric
24,75,62.577,small_hydroelectric
32,75,192.0,small_hydroelectric
39,75,52.9,small_hydroelectric
51,75,25.641,small_hydroelectric
64,75,6.128,small_hydroelectric
81,75,241.672,small_hydroelectric
95,75,418.922,small_hydroelectric
106,75,31.614,small_hydroelectric
125,75,100.697,small_hydroelectric
137,75,36.822,small_hydroelectric
145,75,33.21,small_hydroelectric
12,75,0.0,solar_photovoltaic
25,75,0.0,solar_photovoltaic
33,75,0.0,solar_photovoltaic
52,75,0.0,solar_photovoltaic
65,75,0.0,solar_photovoltaic
82,75,0.0,solar_photovoltaic
96,75,0.0,solar_photovoltaic
107,75,0.0,solar_photovoltaic
126,75,0.0,solar_photovoltaic
138,75,0.0,solar_photovoltaic
26,76,11.235,biomass
13,76,15.682,biomass
108,76,137.081,biomass
40,76,5.952,biomass
97,76,178.173,biomass
1,76,16.294,biomass
66,76,228.795,biomass
2,76,862.4549975999998,conventional_hydroelectric
14,76,128.7025344,conventional_hydroelectric
27,76,857.6617176000001,conventional_hydroelectric
35,76,833.4544592,conventional_hydroelectric
54,76,666.0481608000001,conventional_hydroelectric
67,76,1425.5510466674878,conventional_hydroelectric
84,76,15377.7412554,conventional_hydroelectric
109,76,107.76396152340001,conventional_hydroelectric
128,76,52.32546000000001,conventional_hydroelectric
139,76,47.5340736,conventional_hydroelectric
110,76,50.0,conventional_steam_coal
41,76,246.7193084206947,conventional_steam_coal
3,76,0.0,conventional_steam_coal
36,76,0.0,conventional_steam_coal
85,76,0.0,conventional_steam_coal
28,76,74.364,geothermal
116,76,0.0,natural_gas_fired_combined_cycle
73,76,0.0,natural_gas_fired_combined_cycle
71,76,0.0,natural_gas_fired_combined_cycle
44,76,0.0,natural_gas_fired_combined_cycle
115,76,0.0,natural_gas_fired_combined_cycle
70,76,0.0,natural_gas_fired_combined_cycle
131,76,0.0,natural_gas_fired_combined_cycle
18,76,0.0,natural_gas_fired_combined_cycle
72,76,0.0,natural_gas_fired_combined_cycle
114,76,0.0,natural_gas_fired_combined_cycle
45,76,0.0,natural_gas_fired_combined_cycle
78,76,0.0,natural_gas_fired_combustion_turbine
75,76,0.0,natural_gas_fired_combustion_turbine
119,76,0.0,natural_gas_fired_combustion_turbine
117,76,0.0,natural_gas_fired_combustion_turbine
134,76,0.0,natural_gas_fired_combustion_turbine
103,76,0.0,natural_gas_fired_combustion_turbine
47,76,0.0,natural_gas_fired_combustion_turbine
8,76,0.0,natural_gas_fired_combustion_turbine
90,76,0.0,natural_gas_fired_combustion_turbine
60,76,0.0,natural_gas_fired_combustion_turbine
46,76,0.0,natural_gas_fired_combustion_turbine
37,76,0.0,natural_gas_fired_combustion_turbine
7,76,0.0,natural_gas_fired_combustion_turbine
133,76,0.0,natural_gas_fired_combustion_turbine
74,76,0.0,natural_gas_fired_combustion_turbine
20,76,0.0,natural_gas_fired_combustion_turbine
135,76,0.0,natural_gas_fired_combustion_turbine
142,76,0.0,natural_gas_fired_combustion_turbine
121,76,0.0,natural_gas_fired_combustion_turbine
91,76,0.0,natural_gas_fired_combustion_turbine
22,76,0.0,natural_gas_steam_turbine
123,76,0.0,natural_gas_steam_turbine
62,76,0.0,natural_gas_steam_turbine
49,76,0.0,natural_gas_steam_turbine
48,76,0.0,natural_gas_steam_turbine
21,76,0.0,natural_gas_steam_turbine
79,76,7405.999,nuclear
10,76,430.17987000000005,onshore_wind_turbine
23,76,4548.027,onshore_wind_turbine
31,76,3379.53849,onshore_wind_turbine
38,76,1586.07675,onshore_wind_turbine
50,76,1130.58396,onshore_wind_turbine
63,76,276.4024798944,onshore_wind_turbine
80,76,423.37164,onshore_wind_turbine
94,76,13788.597600000001,onshore_wind_turbine
105,76,1010.129940288,onshore_wind_turbine
124,76,8930.463444606,onshore_wind_turbine
136,76,2676.70368,onshore_wind_turbine
144,76,3754.9124099999995,onshore_wind_turbine
11,76,19.125,small_hydroelectric
24,76,62.577,small_hydroelectric
32,76,192.0,small_hydroelectric
39,76,52.9,small_hydroelectric
51,76,25.641,small_hydroelectric
64,76,6.128,small_hydroelectric
81,76,241.672,small_hydroelectric
95,76,418.922,small_hydroelectric
106,76,31.614,small_hydroelectric
125,76,100.697,small_hydroelectric
137,76,36.822,small_hydroelectric
145,76,33.21,small_hydroelectric
12,76,0.0,solar_photovoltaic
25,76,0.0,solar_photovoltaic
33,76,0.0,solar_photovoltaic
52,76,0.0,solar_photovoltaic
65,76,0.0,solar_photovoltaic
82,76,0.0,solar_photovoltaic
96,76,0.0,solar_photovoltaic
107,76,0.0,solar_photovoltaic
126,76,0.0,solar_photovoltaic
138,76,0.0,solar_photovoltaic
26,77,11.235,biomass
13,77,15.682,biomass
108,77,137.081,biomass
40,77,5.952,biomass
97,77,178.173,biomass
1,77,16.294,biomass
66,77,228.795,biomass
2,77,862.4549975999998,conventional_hydroelectric
14,77,128.7025344,conventional_hydroelectric
27,77,857.6617176000001,conventional_hydroelectric
35,77,833.4544592,conventional_hydroelectric
54,77,666.0481608000001,conventional_hydroelectric
67,77,1425.5510466674878,conventional_hydroelectric
84,77,15377.7412554,conventional_hydroelectric
109,77,107.76396152340001,conventional_hydroelectric
128,77,52.32546000000001,conventional_hydroelectric
139,77,47.5340736,conventional_hydroelectric
110,77,50.0,conventional_steam_coal
41,77,5622.706027176322,conventional_steam_coal
3,77,0.0,conventional_steam_coal
36,77,0.0,conventional_steam_coal
85,77,0.0,conventional_steam_coal
28,77,74.364,geothermal
116,77,0.0,natural_gas_fired_combined_cycle
73,77,0.0,natural_gas_fired_combined_cycle
71,77,0.0,natural_gas_fired_combined_cycle
44,77,0.0,natural_gas_fired_combined_cycle
115,77,0.0,natural_gas_fired_combined_cycle
70,77,0.0,natural_gas_fired_combined_cycle
131,77,0.0,natural_gas_fired_combined_cycle
18,77,0.0,natural_gas_fired_combined_cycle
72,77,0.0,natural_gas_fired_combined_cycle
114,77,0.0,natural_gas_fired_combined_cycle
45,77,0.0,natural_gas_fired_combined_cycle
78,77,0.0,natural_gas_fired_combustion_turbine
75,77,0.0,natural_gas_fired_combustion_turbine
119,77,0.0,natural_gas_fired_combustion_turbine
117,77,0.0,natural_gas_fired_combustion_turbine
134,77,0.0,natural_gas_fired_combustion_turbine
103,77,0.0,natural_gas_fired_combustion_turbine
47,77,0.0,natural_gas_fired_combustion_turbine
8,77,0.0,natural_gas_fired_combustion_turbine
90,77,0.0,natural_gas_fired_combustion_turbine
60,77,0.0,natural_gas_fired_combustion_turbine
46,77,0.0,natural_gas_fired_combustion_turbine
37,77,0.0,natural_gas_fired_combustion_turbine
7,77,0.0,natural_gas_fired_combustion_turbine
133,77,0.0,natural_gas_fired_combustion_turbine
74,77,0.0,natural_gas_fired_combustion_turbine
20,77,0.0,natural_gas_fired_combustion_turbine
135,77,0.0,natural_gas_fired_combustion_turbine
142,77,0.0,natural_gas_fired_combustion_turbine
121,77,0.0,natural_gas_fired_combustion_turbine
91,77,0.0,natural_gas_fired_combustion_turbine
22,77,0.0,natural_gas_steam_turbine
123,77,0.0,natural_gas_steam_turbine
62,77,0.0,natural_gas_steam_turbine
49,77,0.0,natural_gas_steam_turbine
48,77,0.0,natural_gas_steam_turbine
21,77,0.0,natural_gas_steam_turbine
79,77,7405.999,nuclear
10,77,426.24318000000005,onshore_wind_turbine
23,77,2870.967,onshore_wind_turbine
31,77,3791.7393899999997,onshore_wind_turbine
38,77,1215.3024,onshore_wind_turbine
50,77,853.0189199999999,onshore_wind_turbine
63,77,274.0366801008,onshore_wind_turbine
80,77,425.76131999999996,onshore_wind_turbine
94,77,12415.7274,onshore_wind_turbine
105,77,1018.4457599819999,onshore_wind_turbine
124,77,9798.535795950002,onshore_wind_turbine
136,77,2823.1822800000004,onshore_wind_turbine
144,77,4724.46027,onshore_wind_turbine
11,77,19.125,small_hydroelectric
24,77,62.577,small_hydroelectric
32,77,192.0,small_hydroelectric
39,77,52.9,small_hydroelectric
51,77,25.641,small_hydroelectric
64,77,6.128,small_hydroelectric
81,77,241.672,small_hydroelectric
95,77,418.922,small_hydroelectric
106,77,31.614,small_hydroelectric
125,77,100.697,small_hydroelectric
137,77,36.822,small_hydroelectric
145,77,33.21,small_hydroelectric
12,77,0.0,solar_photovoltaic
25,77,0.0,solar_photovoltaic
33,77,0.0,solar_photovoltaic
52,77,0.0,solar_photovoltaic
65,77,0.0,solar_photovoltaic
82,77,0.0,solar_photovoltaic
96,77,0.0,solar_photovoltaic
107,77,0.0,solar_photovoltaic
126,77,0.0,solar_photovoltaic
138,77,0.0,solar_photovoltaic
26,78,11.235,biomass
13,78,15.682,biomass
108,78,137.081,biomass
40,78,5.952,biomass
97,78,178.173,biomass
1,78,16.294,biomass
66,78,228.795,biomass
2,78,862.4549975999998,conventional_hydroelectric
14,78,128.7025344,conventional_hydroelectric
27,78,857.6617176000001,conventional_hydroelectric
35,78,833.4544592,conventional_hydroelectric
54,78,666.0481608000001,conventional_hydroelectric
67,78,1425.5510466674878,conventional_hydroelectric
84,78,15377.7412554,conventional_hydroelectric
109,78,107.76396152340001,conventional_hydroelectric
128,78,52.32546000000001,conventional_hydroelectric
139,78,47.5340736,conventional_hydroelectric
110,78,50.0,conventional_steam_coal
41,78,7219.002,conventional_steam_coal
3,78,7100.367351772113,conventional_steam_coal
36,78,0.0,conventional_steam_coal
85,78,0.0,conventional_steam_coal
28,78,74.364,geothermal
116,78,0.0,natural_gas_fired_combined_cycle
73,78,0.0,natural_gas_fired_combined_cycle
71,78,0.0,natural_gas_fired_combined_cycle
44,78,0.0,natural_gas_fired_combined_cycle
115,78,0.0,natural_gas_fired_combined_cycle
70,78,0.0,natural_gas_fired_combined_cycle
131,78,0.0,natural_gas_fired_combined_cycle
18,78,0.0,natural_gas_fired_combined_cycle
72,78,0.0,natural_gas_fired_combined_cycle
114,78,0.0,natural_gas_fired_combined_cycle
45,78,0.0,natural_gas_fired_combined_cycle
78,78,0.0,natural_gas_fired_combustion_turbine
75,78,0.0,natural_gas_fired_combustion_turbine
119,78,0.0,natural_gas_fired_combustion_turbine
117,78,0.0,natural_gas_fired_combustion_turbine
134,78,0.0,natural_gas_fired_combustion_turbine
103,78,0.0,natural_gas_fired_combustion_turbine
47,78,0.0,natural_gas_fired_combustion_turbine
8,78,0.0,natural_gas_fired_combustion_turbine
90,78,0.0,natural_gas_fired_combustion_turbine
60,78,0.0,natural_gas_fired_combustion_turbine
46,78,0.0,natural_gas_fired_combustion_turbine
37,78,0.0,natural_gas_fired_combustion_turbine
7,78,0.0,natural_gas_fired_combustion_turbine
133,78,0.0,natural_gas_fired_combustion_turbine
74,78,0.0,natural_gas_fired_combustion_turbine
20,78,0.0,natural_gas_fired_combustion_turbine
135,78,0.0,natural_gas_fired_combustion_turbine
142,78,0.0,natural_gas_fired_combustion_turbine
121,78,0.0,natural_gas_fired_combustion_turbine
91,78,0.0,natural_gas_fired_combustion_turbine
22,78,0.0,natural_gas_steam_turbine
123,78,0.0,natural_gas_steam_turbine
62,78,0.0,natural_gas_steam_turbine
49,78,0.0,natural_gas_steam_turbine
48,78,0.0,natural_gas_steam_turbine
21,78,0.0,natural_gas_steam_turbine
79,78,7405.999,nuclear
10,78,434.50251000000003,onshore_wind_turbine
23,78,3655.9908,onshore_wind_turbine
31,78,3530.6788199999996,onshore_wind_turbine
38,78,1120.11345,onshore_wind_turbine
50,78,853.3092599999999,onshore_wind_turbine
63,78,275.74031992320005,onshore_wind_turbine
80,78,826.0327199999999,onshore_wind_turbine
94,78,9107.283599999999,onshore_wind_turbine
105,78,1020.3170406029999,onshore_wind_turbine
124,78,9468.690990910802,onshore_wind_turbine
136,78,2786.5626300000004,onshore_wind_turbine
144,78,5595.75567,onshore_wind_turbine
11,78,19.125,small_hydroelectric
24,78,62.577,small_hydroelectric
32,78,192.0,small_hydroelectric
39,78,52.9,small_hydroelectric
51,78,25.641,small_hydroelectric
64,78,6.128,small_hydroelectric
81,78,241.672,small_hydroelectric
95,78,418.922,small_hydroelectric
106,78,31.614,small_hydroelectric
125,78,100.697,small_hydroelectric
137,78,36.822,small_hydroelectric
145,78,33.21,small_hydroelectric
12,78,0.0,solar_photovoltaic
25,78,0.0,solar_photovoltaic
33,78,0.0,solar_photovoltaic
52,78,0.0,solar_photovoltaic
65,78,0.0,solar_photovoltaic
82,78,0.0,solar_photovoltaic
96,78,0.0,solar_photovoltaic
107,78,0.0,solar_photovoltaic
126,78,0.0,solar_photovoltaic
138,78,0.0,solar_photovoltaic
26,79,11.235,biomass
13,79,15.682,biomass
108,79,137.081,biomass
40,79,5.952,biomass
97,79,178.173,biomass
1,79,16.294,biomass
66,79,228.795,biomass
2,79,862.4549975999998,conventional_hydroelectric
14,79,128.7025344,conventional_hydroelectric
27,79,857.6617176000001,conventional_hydroelectric
35,79,833.4544592,conventional_hydroelectric
54,79,666.0481608000001,conventional_hydroelectric
67,79,1425.5510466674878,conventional_hydroelectric
84,79,15377.7412554,conventional_hydroelectric
109,79,107.76396152340001,conventional_hydroelectric
128,79,52.32546000000001,conventional_hydroelectric
139,79,47.5340736,conventional_hydroelectric
110,79,50.0,conventional_steam_coal
41,79,7219.002,conventional_steam_coal
3,79,10835.23248293594,conventional_steam_coal
36,79,0.0,conventional_steam_coal
85,79,0.0,conventional_steam_coal
28,79,74.364,geothermal
116,79,0.0,natural_gas_fired_combined_cycle
73,79,0.0,natural_gas_fired_combined_cycle
71,79,0.0,natural_gas_fired_combined_cycle
44,79,0.0,natural_gas_fired_combined_cycle
115,79,0.0,natural_gas_fired_combined_cycle
70,79,0.0,natural_gas_fired_combined_cycle
131,79,0.0,natural_gas_fired_combined_cycle
18,79,0.0,natural_gas_fired_combined_cycle
72,79,0.0,natural_gas_fired_combined_cycle
114,79,0.0,natural_gas_fired_combined_cycle
45,79,0.0,natural_gas_fired_combined_cycle
78,79,0.0,natural_gas_fired_combustion_turbine
75,79,0.0,natural_gas_fired_combustion_turbine
119,79,0.0,natural_gas_fired_combustion_turbine
117,79,0.0,natural_gas_fired_combustion_turbine
134,79,0.0,natural_gas_fired_combustion_turbine
103,79,0.0,natural_gas_fired_combustion_turbine
47,79,0.0,natural_gas_fired_combustion_turbine
8,79,0.0,natural_gas_fired_combustion_turbine
90,79,0.0,natural_gas_fired_combustion_turbine
60,79,0.0,natural_gas_fired_combustion_turbine
46,79,0.0,natural_gas_fired_combustion_turbine
37,79,0.0,natural_gas_fired_combustion_turbine
7,79,0.0,natural_gas_fired_combustion_turbine
133,79,0.0,natural_gas_fired_combustion_turbine
74,79,0.0,natural_gas_fired_combustion_turbine
20,79,0.0,natural_gas_fired_combustion_turbine
135,79,0.0,natural_gas_fired_combustion_turbine
142,79,0.0,natural_gas_fired_combustion_turbine
121,79,0.0,natural_gas_fired_combustion_turbine
91,79,0.0,natural_gas_fired_combustion_turbine
22,79,0.0,natural_gas_steam_turbine
123,79,0.0,natural_gas_steam_turbine
62,79,0.0,natural_gas_steam_turbine
49,79,0.0,natural_gas_steam_turbine
48,79,0.0,natural_gas_steam_turbine
21,79,0.0,natural_gas_steam_turbine
79,79,7405.999,nuclear
10,79,442.68465000000003,onshore_wind_turbine
23,79,4118.3802000000005,onshore_wind_turbine
31,79,3653.32131,onshore_wind_turbine
38,79,1349.44335,onshore_wind_turbine
50,79,584.4544199999999,onshore_wind_turbine
63,79,270.55212001440003,onshore_wind_turbine
80,79,782.22192,onshore_wind_turbine
94,79,6358.3908,onshore_wind_turbine
105,79,1015.612379586,onshore_wind_turbine
124,79,9476.6881540518,onshore_wind_turbine
136,79,2758.4233200000003,onshore_wind_turbine
144,79,5672.689199999999,onshore_wind_turbine
11,79,19.125,small_hydroelectric
24,79,62.577,small_hydroelectric
32,79,192.0,small_hydroelectric
39,79,52.9,small_hydroelectric
51,79,25.641,small_hydroelectric
64,79,6.128,small_hydroelectric
81,79,241.672,small_hydroelectric
95,79,418.922,small_hydroelectric
106,79,31.614,small_hydroelectric
125,79,100.697,small_hydroelectric
137,79,36.822,small_hydroelectric
145,79,33.21,small_hydroelectric
12,79,830.5264799999999,solar_photovoltaic
25,79,298.50095999999996,solar_photovoltaic
33,79,0.0,solar_photovoltaic
52,79,737.88402,solar_photovoltaic
65,79,141.862196244,solar_photovoltaic
82,79,0.0,solar_photovoltaic
96,79,0.0,solar_photovoltaic
107,79,264.98903586,solar_photovoltaic
126,79,0.0,solar_photovoltaic
138,79,177.29513999999998,solar_photovoltaic
26,80,11.235,biomass
13,80,15.682,biomass
108,80,137.081,biomass
40,80,5.952,biomass
97,80,178.173,biomass
1,80,16.294,biomass
66,80,228.795,biomass
2,80,862.4549975999998,conventional_hydroelectric
14,80,128.7025344,conventional_hydroelectric
27,80,857.6617176000001,conventional_hydroelectric
35,80,833.4544592,conventional_hydroelectric
54,80,666.0481608000001,conventional_hydroelectric
67,80,1425.5510466674878,conventional_hydroelectric
84,80,15377.7412554,conventional_hydroelectric
109,80,107.76396152340001,conventional_hydroelectric
128,80,52.32546000000001,conventional_hydroelectric
139,80,47.5340736,conventional_hydroelectric
110,80,50.0,conventional_steam_coal
41,80,7219.002,conventional_steam_coal
3,80,2826.1698929359427,conventional_steam_coal
36,80,0.0,conventional_steam_coal
85,80,0.0,conventional_steam_coal
28,80,74.364,geothermal
116,80,0.0,natural_gas_fired_combined_cycle
73,80,0.0,natural_gas_fired_combined_cycle
71,80,0.0,natural_gas_fired_combined_cycle
44,80,0.0,natural_gas_fired_combined_cycle
115,80,0.0,natural_gas_fired_combined_cycle
70,80,0.0,natural_gas_fired_combined_cycle
131,80,0.0,natural_gas_fired_combined_cycle
18,80,0.0,natural_gas_fired_combined_cycle
72,80,0.0,natural_gas_fired_combined_cycle
114,80,0.0,natural_gas_fired_combined_cycle
45,80,0.0,natural_gas_fired_combined_cycle
78,80,0.0,natural_gas_fired_combustion_turbine
75,80,0.0,natural_gas_fired_combustion_turbine
119,80,0.0,natural_gas_fired_combustion_turbine
117,80,0.0,natural_gas_fired_combustion_turbine
134,80,0.0,natural_gas_fired_combustion_turbine
103,80,0.0,natural_gas_fired_combustion_turbine
47,80,0.0,natural_gas_fired_combustion_turbine
8,80,0.0,natural_gas_fired_combustion_turbine
90,80,0.0,natural_gas_fired_combustion_turbine
60,80,0.0,natural_gas_fired_combustion_turbine
46,80,0.0,natural_gas_fired_combustion_turbine
37,80,0.0,natural_gas_fired_combustion_turbine
7,80,0.0,natural_gas_fired_combustion_turbine
133,80,0.0,natural_gas_fired_combustion_turbine
74,80,0.0,natural_gas_fired_combustion_turbine
20,80,0.0,natural_gas_fired_combustion_turbine
135,80,0.0,natural_gas_fired_combustion_turbine
142,80,0.0,natural_gas_fired_combustion_turbine
121,80,0.0,natural_gas_fired_combustion_turbine
91,80,0.0,natural_gas_fired_combustion_turbine
22,80,0.0,natural_gas_steam_turbine
123,80,0.0,natural_gas_steam_turbine
62,80,0.0,natural_gas_steam_turbine
49,80,0.0,natural_gas_steam_turbine
48,80,0.0,natural_gas_steam_turbine
21,80,0.0,natural_gas_steam_turbine
79,80,7405.999,nuclear
10,80,365.95779000000005,onshore_wind_turbine
23,80,2614.6164000000003,onshore_wind_turbine
31,80,3832.4505899999995,onshore_wind_turbine
38,80,1307.0830500000002,onshore_wind_turbine
50,80,370.1835,onshore_wind_turbine
63,80,274.87451983680006,onshore_wind_turbine
80,80,1744.86468,onshore_wind_turbine
94,80,4905.1344,onshore_wind_turbine
105,80,970.9030803150001,onshore_wind_turbine
124,80,8914.0249810326,onshore_wind_turbine
136,80,2576.4814800000004,onshore_wind_turbine
144,80,4225.78269,onshore_wind_turbine
11,80,19.125,small_hydroelectric
24,80,62.577,small_hydroelectric
32,80,192.0,small_hydroelectric
39,80,52.9,small_hydroelectric
51,80,25.641,small_hydroelectric
64,80,6.128,small_hydroelectric
81,80,241.672,small_hydroelectric
95,80,418.922,small_hydroelectric
106,80,31.614,small_hydroelectric
125,80,100.697,small_hydroelectric
137,80,36.822,small_hydroelectric
145,80,33.21,small_hydroelectric
12,80,2394.72504,solar_photovoltaic
25,80,623.90544,solar_photovoltaic
33,80,47.15625,solar_photovoltaic
52,80,1545.0835199999997,solar_photovoltaic
65,80,3049.7268307674,solar_photovoltaic
82,80,1529.2817699999998,solar_photovoltaic
96,80,75.68994,solar_photovoltaic
107,80,3403.4427290430003,solar_photovoltaic
126,80,5624.237678961,solar_photovoltaic
138,80,652.6261499999999,solar_photovoltaic
26,81,11.235,biomass
13,81,15.682,biomass
108,81,137.081,biomass
40,81,5.952,biomass
97,81,178.173,biomass
1,81,16.294,biomass
66,81,228.795,biomass
2,81,862.4549975999998,conventional_hydroelectric
14,81,128.7025344,conventional_hydroelectric
27,81,857.6617176000001,conventional_hydroelectric
35,81,833.4544592,conventional_hydroelectric
54,81,666.0481608000001,conventional_hydroelectric
67,81,1425.5510466674878,conventional_hydroelectric
84,81,15377.7412554,conventional_hydroelectric
109,81,107.76396152340001,conventional_hydroelectric
128,81,52.32546000000001,conventional_hydroelectric
139,81,47.5340736,conventional_hydroelectric
110,81,50.0,conventional_steam_coal
41,81,3860.947121863335,conventional_steam_coal
3,81,0.0,conventional_steam_coal
36,81,0.0,conventional_steam_coal
85,81,0.0,conventional_steam_coal
28,81,74.364,geothermal
116,81,0.0,natural_gas_fired_combined_cycle
73,81,0.0,natural_gas_fired_combined_cycle
71,81,0.0,natural_gas_fired_combined_cycle
44,81,0.0,natural_gas_fired_combined_cycle
115,81,0.0,natural_gas_fired_combined_cycle
70,81,0.0,natural_gas_fired_combined_cycle
131,81,0.0,natural_gas_fired_combined_cycle
18,81,0.0,natural_gas_fired_combined_cycle
72,81,0.0,natural_gas_fired_combined_cycle
114,81,0.0,natural_gas_fired_combined_cycle
45,81,0.0,natural_gas_fired_combined_cycle
78,81,0.0,natural_gas_fired_combustion_turbine
75,81,0.0,natural_gas_fired_combustion_turbine
119,81,0.0,natural_gas_fired_combustion_turbine
117,81,0.0,natural_gas_fired_combustion_turbine
134,81,0.0,natural_gas_fired_combustion_turbine
103,81,0.0,natural_gas_fired_combustion_turbine
47,81,0.0,natural_gas_fired_combustion_turbine
8,81,0.0,natural_gas_fired_combustion_turbine
90,81,0.0,natural_gas_fired_combustion_turbine
60,81,0.0,natural_gas_fired_combustion_turbine
46,81,0.0,natural_gas_fired_combustion_turbine
37,81,0.0,natural_gas_fired_combustion_turbine
7,81,0.0,natural_gas_fired_combustion_turbine
133,81,0.0,natural_gas_fired_combustion_turbine
74,81,0.0,natural_gas_fired_combustion_turbine
20,81,0.0,natural_gas_fired_combustion_turbine
135,81,0.0,natural_gas_fired_combustion_turbine
142,81,0.0,natural_gas_fired_combustion_turbine
121,81,0.0,natural_gas_fired_combustion_turbine
91,81,0.0,natural_gas_fired_combustion_turbine
22,81,0.0,natural_gas_steam_turbine
123,81,0.0,natural_gas_steam_turbine
62,81,0.0,natural_gas_steam_turbine
49,81,0.0,natural_gas_steam_turbine
48,81,0.0,natural_gas_steam_turbine
21,81,0.0,natural_gas_steam_turbine
79,81,7405.999,nuclear
10,81,241.37313,onshore_wind_turbine
23,81,1472.6184,onshore_wind_turbine
31,81,3721.0036799999993,onshore_wind_turbine
38,81,1571.95665,onshore_wind_turbine
50,81,142.55693999999997,onshore_wind_turbine
63,81,270.2773200168,onshore_wind_turbine
80,81,1503.10872,onshore_wind_turbine
94,81,3611.0742,onshore_wind_turbine
105,81,832.180919346,onshore_wind_turbine
124,81,7682.699637195,onshore_wind_turbine
136,81,2667.06693,onshore_wind_turbine
144,81,3198.7664099999997,onshore_wind_turbine
11,81,19.125,small_hydroelectric
24,81,62.577,small_hydroelectric
32,81,192.0,small_hydroelectric
39,81,52.9,small_hydroelectric
51,81,25.641,small_hydroelectric
64,81,6.128,small_hydroelectric
81,81,241.672,small_hydroelectric
95,81,418.922,small_hydroelectric
106,81,31.614,small_hydroelectric
125,81,100.697,small_hydroelectric
137,81,36.822,small_hydroelectric
145,81,33.21,small_hydroelectric
12,81,3572.1113399999995,solar_photovoltaic
25,81,821.6783399999999,solar_photovoltaic
33,81,125.8506,solar_photovoltaic
52,81,2016.6657599999999,solar_photovoltaic
65,81,5326.1097868275,solar_photovoltaic
82,81,3251.70957,solar_photovoltaic
96,81,242.24559000000002,solar_photovoltaic
107,81,5405.235543942,solar_photovoltaic
126,81,10159.8042640185,solar_photovoltaic
138,81,1114.65024,solar_photovoltaic
26,82,11.235,biomass
13,82,15.682,biomass
108,82,137.081,biomass
40,82,5.952,biomass
97,82,178.173,biomass
1,82,16.294,biomass
66,82,228.795,biomass
2,82,862.4549975999998,conventional_hydroelectric
14,82,128.7025344,conventional_hydroelectric
27,82,857.6617176000001,conventional_hydroelectric
35,82,833.4544592,conventional_hydroelectric
54,82,666.0481608000001,conventional_hydroelectric
67,82,1425.5510466674878,conventional_hydroelectric
84,82,15377.7412554,conventional_hydroelectric
109,82,107.76396152340001,conventional_hydroelectric
128,82,52.32546000000001,conventional_hydroelectric
139,82,47.5340736,conventional_hydroelectric
110,82,21.500000000000004,conventional_steam_coal
41,82,0.0,conventional_steam_coal
3,82,0.0,conventional_steam_coal
36,82,0.0,conventional_steam_coal
85,82,0.0,conventional_steam_coal
28,82,74.364,geothermal
116,82,0.0,natural_gas_fired_combined_cycle
73,82,0.0,natural_gas_fired_combined_cycle
71,82,0.0,natural_gas_fired_combined_cycle
44,82,0.0,natural_gas_fired_combined_cycle
115,82,0.0,natural_gas_fired_combined_cycle
70,82,0.0,natural_gas_fired_combined_cycle
131,82,0.0,natural_gas_fired_combined_cycle
18,82,0.0,natural_gas_fired_combined_cycle
72,82,0.0,natural_gas_fired_combined_cycle
114,82,0.0,natural_gas_fired_combined_cycle
45,82,0.0,natural_gas_fired_combined_cycle
78,82,0.0,natural_gas_fired_combustion_turbine
75,82,0.0,natural_gas_fired_combustion_turbine
119,82,0.0,natural_gas_fired_combustion_turbine
117,82,0.0,natural_gas_fired_combustion_turbine
134,82,0.0,natural_gas_fired_combustion_turbine
103,82,0.0,natural_gas_fired_combustion_turbine
47,82,0.0,natural_gas_fired_combustion_turbine
8,82,0.0,natural_gas_fired_combustion_turbine
90,82,0.0,natural_gas_fired_combustion_turbine
60,82,0.0,natural_gas_fired_combustion_turbine
46,82,0.0,natural_gas_fired_combustion_turbine
37,82,0.0,natural_gas_fired_combustion_turbine
7,82,0.0,natural_gas_fired_combustion_turbine
133,82,0.0,natural_gas_fired_combustion_turbine
74,82,0.0,natural_gas_fired_combustion_turbine
20,82,0.0,natural_gas_fired_combustion_turbine
135,82,0.0,natural_gas_fired_combustion_turbine
142,82,0.0,natural_gas_fired_combustion_turbine
121,82,0.0,natural_gas_fired_combustion_turbine
91,82,0.0,natural_gas_fired_combustion_turbine
22,82,0.0,natural_gas_steam_turbine
123,82,0.0,natural_gas_steam_turbine
62,82,0.0,natural_gas_steam_turbine
49,82,0.0,natural_gas_steam_turbine
48,82,0.0,natural_gas_steam_turbine
21,82,0.0,natural_gas_steam_turbine
79,82,7405.999,nuclear
10,82,263.29509,onshore_wind_turbine
23,82,748.2882000000001,onshore_wind_turbine
31,82,3366.3073499999996,onshore_wind_turbine
38,82,1374.5187,onshore_wind_turbine
50,82,391.66865999999993,onshore_wind_turbine
63,82,268.395960132,onshore_wind_turbine
80,82,1772.74428,onshore_wind_turbine
94,82,4020.8862,onshore_wind_turbine
105,82,102.870420471,onshore_wind_turbine
124,82,4707.9056056032005,onshore_wind_turbine
136,82,2870.2096200000005,onshore_wind_turbine
144,82,3625.1450099999993,onshore_wind_turbine
11,82,19.125,small_hydroelectric
24,82,62.577,small_hydroelectric
32,82,192.0,small_hydroelectric
39,82,52.9,small_hydroelectric
51,82,25.641,small_hydroelectric
64,82,6.128,small_hydroelectric
81,82,241.672,small_hydroelectric
95,82,418.922,small_hydroelectric
106,82,31.614,small_hydroelectric
125,82,100.697,small_hydroelectric
137,82,36.822,small_hydroelectric
145,82,33.21,small_hydroelectric
12,82,4280.35914,solar_photovoltaic
25,82,1135.71288,solar_photovoltaic
33,82,188.77589999999998,solar_photovoltaic
52,82,2178.40188,solar_photovoltaic
65,82,6919.4438406447,solar_photovoltaic
82,82,4342.859219999999,solar_photovoltaic
96,82,344.82372000000004,solar_photovoltaic
107,82,6623.3989798005,solar_photovoltaic
126,82,12879.2933135895,solar_photovoltaic
138,82,1308.5790299999999,solar_photovoltaic
26,83,11.235,biomass
13,83,15.682,biomass
108,83,137.081,biomass
40,83,5.952,biomass
97,83,178.173,biomass
1,83,16.294,biomass
66,83,228.795,biomass
2,83,862.4549975999998,conventional_hydroelectric
14,83,128.7025344,conventional_hydroelectric
27,83,857.6617176000001,conventional_hydroelectric
35,83,833.4544592,conventional_hydroelectric
54,83,666.0481608000001,conventional_hydroelectric
67,83,1425.5510466674878,conventional_hydroelectric
84,83,15377.7412554,conventional_hydroelectric
109,83,107.76396152340001,conventional_hydroelectric
128,83,52.32546000000001,conventional_hydroelectric
139,83,47.5340736,conventional_hydroelectric
110,83,0.0,conventional_steam_coal
41,83,0.0,conventional_steam_coal
3,83,0.0,conventional_steam_coal
36,83,0.0,conventional_steam_coal
85,83,0.0,conventional_steam_coal
28,83,74.364,geothermal
116,83,0.0,natural_gas_fired_combined_cycle
73,83,0.0,natural_gas_fired_combined_cycle
71,83,0.0,natural_gas_fired_combined_cycle
44,83,0.0,natural_gas_fired_combined_cycle
115,83,0.0,natural_gas_fired_combined_cycle
70,83,0.0,natural_gas_fired_combined_cycle
131,83,0.0,natural_gas_fired_combined_cycle
18,83,0.0,natural_gas_fired_combined_cycle
72,83,0.0,natural_gas_fired_combined_cycle
114,83,0.0,natural_gas_fired_combined_cycle
45,83,0.0,natural_gas_fired_combined_cycle
78,83,0.0,natural_gas_fired_combustion_turbine
75,83,0.0,natural_gas_fired_combustion_turbine
119,83,0.0,natural_gas_fired_combustion_turbine
117,83,0.0,natural_gas_fired_combustion_turbine
134,83,0.0,natural_gas_fired_combustion_turbine
103,83,0.0,natural_gas_fired_combustion_turbine
47,83,0.0,natural_gas_fired_combustion_turbine
8,83,0.0,natural_gas_fired_combustion_turbine
90,83,0.0,natural_gas_fired_combustion_turbine
60,83,0.0,natural_gas_fired_combustion_turbine
46,83,0.0,natural_gas_fired_combustion_turbine
37,83,0.0,natural_gas_fired_combustion_turbine
7,83,0.0,natural_gas_fired_combustion_turbine
133,83,0.0,natural_gas_fired_combustion_turbine
74,83,0.0,natural_gas_fired_combustion_turbine
20,83,0.0,natural_gas_fired_combustion_turbine
135,83,0.0,natural_gas_fired_combustion_turbine
142,83,0.0,natural_gas_fired_combustion_turbine
121,83,0.0,natural_gas_fired_combustion_turbine
91,83,0.0,natural_gas_fired_combustion_turbine
22,83,0.0,natural_gas_steam_turbine
123,83,0.0,natural_gas_steam_turbine
62,83,0.0,natural_gas_steam_turbine
49,83,0.0,natural_gas_steam_turbine
48,83,0.0,natural_gas_steam_turbine
21,83,0.0,natural_gas_steam_turbine
79,83,7238.119663750797,nuclear
10,83,249.09213000000003,onshore_wind_turbine
23,83,604.5402,onshore_wind_turbine
31,83,3543.90996,onshore_wind_turbine
38,83,1788.3837,onshore_wind_turbine
50,83,328.6648799999999,onshore_wind_turbine
63,83,273.9823199808,onshore_wind_turbine
80,83,1349.77092,onshore_wind_turbine
94,83,4831.053,onshore_wind_turbine
105,83,19.975680711,onshore_wind_turbine
124,83,3684.976832486401,onshore_wind_turbine
136,83,2812.3891200000003,onshore_wind_turbine
144,83,3199.6933199999994,onshore_wind_turbine
11,83,19.125,small_hydroelectric
24,83,62.577,small_hydroelectric
32,83,192.0,small_hydroelectric
39,83,52.9,small_hydroelectric
51,83,25.641,small_hydroelectric
64,83,6.128,small_hydroelectric
81,83,241.672,small_hydroelectric
95,83,418.922,small_hydroelectric
106,83,31.614,small_hydroelectric
125,83,100.697,small_hydroelectric
137,83,36.822,small_hydroelectric
145,83,33.21,small_hydroelectric
12,83,4536.41796,solar_photovoltaic
25,83,1143.0793199999998,solar_photovoltaic
33,83,235.8567,solar_photovoltaic
52,83,2335.39848,solar_photovoltaic
65,83,7745.6673041861995,solar_photovoltaic
82,83,4826.14236,solar_photovoltaic
96,83,404.14146000000005,solar_photovoltaic
107,83,7131.4153469715,solar_photovoltaic
126,83,14013.0995131275,solar_photovoltaic
138,83,1371.1998299999998,solar_photovoltaic
26,84,11.235,biomass
13,84,15.682,biomass
108,84,137.081,biomass
40,84,5.952,biomass
97,84,178.173,biomass
1,84,16.294,biomass
66,84,228.795,biomass
2,84,862.4549975999998,conventional_hydroelectric
14,84,128.7025344,conventional_hydroelectric
27,84,857.6617176000001,conventional_hydroelectric
35,84,833.4544592,conventional_hydroelectric
54,84,666.0481608000001,conventional_hydroelectric
67,84,1425.5510466674878,conventional_hydroelectric
84,84,15377.7412554,conventional_hydroelectric
109,84,107.76396152340001,conventional_hydroelectric
128,84,52.32546000000001,conventional_hydroelectric
139,84,47.5340736,conventional_hydroelectric
110,84,0.0,conventional_steam_coal
41,84,0.0,conventional_steam_coal
3,84,0.0,conventional_steam_coal
36,84,0.0,conventional_steam_coal
85,84,0.0,conventional_steam_coal
28,84,74.364,geothermal
116,84,0.0,natural_gas_fired_combined_cycle
73,84,0.0,natural_gas_fired_combined_cycle
71,84,0.0,natural_gas_fired_combined_cycle
44,84,0.0,natural_gas_fired_combined_cycle
115,84,0.0,natural_gas_fired_combined_cycle
70,84,0.0,natural_gas_fired_combined_cycle
131,84,0.0,natural_gas_fired_combined_cycle
18,84,0.0,natural_gas_fired_combined_cycle
72,84,0.0,natural_gas_fired_combined_cycle
114,84,0.0,natural_gas_fired_combined_cycle
45,84,0.0,natural_gas_fired_combined_cycle
78,84,0.0,natural_gas_fired_combustion_turbine
75,84,0.0,natural_gas_fired_combustion_turbine
119,84,0.0,natural_gas_fired_combustion_turbine
117,84,0.0,natural_gas_fired_combustion_turbine
134,84,0.0,natural_gas_fired_combustion_turbine
103,84,0.0,natural_gas_fired_combustion_turbine
47,84,0.0,natural_gas_fired_combustion_turbine
8,84,0.0,natural_gas_fired_combustion_turbine
90,84,0.0,natural_gas_fired_combustion_turbine
60,84,0.0,natural_gas_fired_combustion_turbine
46,84,0.0,natural_gas_fired_combustion_turbine
37,84,0.0,natural_gas_fired_combustion_turbine
7,84,0.0,natural_gas_fired_combustion_turbine
133,84,0.0,natural_gas_fired_combustion_turbine
74,84,0.0,natural_gas_fired_combustion_turbine
20,84,0.0,natural_gas_fired_combustion_turbine
135,84,0.0,natural_gas_fired_combustion_turbine
142,84,0.0,natural_gas_fired_combustion_turbine
121,84,0.0,natural_gas_fired_combustion_turbine
91,84,0.0,natural_gas_fired_combustion_turbine
22,84,0.0,natural_gas_steam_turbine
123,84,0.0,natural_gas_steam_turbine
62,84,0.0,natural_gas_steam_turbine
49,84,0.0,natural_gas_steam_turbine
48,84,0.0,natural_gas_steam_turbine
21,84,0.0,natural_gas_steam_turbine
79,84,5386.619913750797,nuclear
10,84,118.71822,onshore_wind_turbine
23,84,1118.0400000000002,onshore_wind_turbine
31,84,3415.66968,onshore_wind_turbine
38,84,1899.3969,onshore_wind_turbine
50,84,300.5018999999999,onshore_wind_turbine
63,84,229.68815997840002,onshore_wind_turbine
80,84,1362.1176,onshore_wind_turbine
94,84,9644.7678,onshore_wind_turbine
105,84,91.47498021899999,onshore_wind_turbine
124,84,4609.1999741502,onshore_wind_turbine
136,84,2890.6395300000004,onshore_wind_turbine
144,84,3918.0485699999995,onshore_wind_turbine
11,84,19.125,small_hydroelectric
24,84,62.577,small_hydroelectric
32,84,192.0,small_hydroelectric
39,84,52.9,small_hydroelectric
51,84,25.641,small_hydroelectric
64,84,6.128,small_hydroelectric
81,84,241.672,small_hydroelectric
95,84,418.922,small_hydroelectric
106,84,31.614,small_hydroelectric
125,84,100.697,small_hydroelectric
137,84,36.822,small_hydroelectric
145,84,33.21,small_hydroelectric
12,84,4632.66702,solar_photovoltaic
25,84,1021.53306,solar_photovoltaic
33,84,242.87355000000002,solar_photovoltaic
52,84,2369.16756,solar_photovoltaic
65,84,7992.402988774499,solar_photovoltaic
82,84,4917.280529999999,solar_photovoltaic
96,84,415.97982,solar_photovoltaic
107,84,7295.717222727,solar_photovoltaic
126,84,14438.779326684,solar_photovoltaic
138,84,1412.4904199999999,solar_photovoltaic
26,85,11.235,biomass
13,85,15.682,biomass
108,85,137.081,biomass
40,85,5.952,biomass
97,85,178.173,biomass
1,85,16.294,biomass
66,85,228.795,biomass
2,85,862.4549975999998,conventional_hydroelectric
14,85,128.7025344,conventional_hydroelectric
27,85,857.6617176000001,conventional_hydroelectric
35,85,833.4544592,conventional_hydroelectric
54,85,666.0481608000001,conventional_hydroelectric
67,85,1425.5510466674878,conventional_hydroelectric
84,85,15377.7412554,conventional_hydroelectric
109,85,107.76396152340001,conventional_hydroelectric
128,85,52.32546000000001,conventional_hydroelectric
139,85,47.5340736,conventional_hydroelectric
110,85,0.0,conventional_steam_coal
41,85,0.0,conventional_steam_coal
3,85,0.0,conventional_steam_coal
36,85,0.0,conventional_steam_coal
85,85,0.0,conventional_steam_coal
28,85,74.364,geothermal
116,85,0.0,natural_gas_fired_combined_cycle
73,85,0.0,natural_gas_fired_combined_cycle
71,85,0.0,natural_gas_fired_combined_cycle
44,85,0.0,natural_gas_fired_combined_cycle
115,85,0.0,natural_gas_fired_combined_cycle
70,85,0.0,natural_gas_fired_combined_cycle
131,85,0.0,natural_gas_fired_combined_cycle
18,85,0.0,natural_gas_fired_combined_cycle
72,85,0.0,natural_gas_fired_combined_cycle
114,85,0.0,natural_gas_fired_combined_cycle
45,85,0.0,natural_gas_fired_combined_cycle
78,85,0.0,natural_gas_fired_combustion_turbine
75,85,0.0,natural_gas_fired_combustion_turbine
119,85,0.0,natural_gas_fired_combustion_turbine
117,85,0.0,natural_gas_fired_combustion_turbine
134,85,0.0,natural_gas_fired_combustion_turbine
103,85,0.0,natural_gas_fired_combustion_turbine
47,85,0.0,natural_gas_fired_combustion_turbine
8,85,0.0,natural_gas_fired_combustion_turbine
90,85,0.0,natural_gas_fired_combustion_turbine
60,85,0.0,natural_gas_fired_combustion_turbine
46,85,0.0,natural_gas_fired_combustion_turbine
37,85,0.0,natural_gas_fired_combustion_turbine
7,85,0.0,natural_gas_fired_combustion_turbine
133,85,0.0,natural_gas_fired_combustion_turbine
74,85,0.0,natural_gas_fired_combustion_turbine
20,85,0.0,natural_gas_fired_combustion_turbine
135,85,0.0,natural_gas_fired_combustion_turbine
142,85,0.0,natural_gas_fired_combustion_turbine
121,85,0.0,natural_gas_fired_combustion_turbine
91,85,0.0,natural_gas_fired_combustion_turbine
22,85,0.0,natural_gas_steam_turbine
123,85,0.0,natural_gas_steam_turbine
62,85,0.0,natural_gas_steam_turbine
49,85,0.0,natural_gas_steam_turbine
48,85,0.0,natural_gas_steam_turbine
21,85,0.0,natural_gas_steam_turbine
79,85,3535.120163750797,nuclear
10,85,272.32632,onshore_wind_turbine
23,85,2442.9174,onshore_wind_turbine
31,85,3405.49188,onshore_wind_turbine
38,85,1946.38275,onshore_wind_turbine
50,85,1146.5526599999998,onshore_wind_turbine
63,85,140.562480096,onshore_wind_turbine
80,85,1130.31864,onshore_wind_turbine
94,85,11752.147200000001,onshore_wind_turbine
105,85,245.832600321,onshore_wind_turbine
124,85,6428.596108987801,onshore_wind_turbine
136,85,2411.5003200000006,onshore_wind_turbine
144,85,3710.4207299999994,onshore_wind_turbine
11,85,19.125,small_hydroelectric
24,85,62.577,small_hydroelectric
32,85,192.0,small_hydroelectric
39,85,52.9,small_hydroelectric
51,85,25.641,small_hydroelectric
64,85,6.128,small_hydroelectric
81,85,241.672,small_hydroelectric
95,85,418.922,small_hydroelectric
106,85,31.614,small_hydroelectric
125,85,100.697,small_hydroelectric
137,85,36.822,small_hydroelectric
145,85,33.21,small_hydroelectric
12,85,4593.92526,solar_photovoltaic
25,85,1004.2379399999999,solar_photovoltaic
33,85,238.27110000000002,solar_photovoltaic
52,85,2363.2431599999995,solar_photovoltaic
65,85,7881.309417717,solar_photovoltaic
82,85,4539.34977,solar_photovoltaic
96,85,383.4873,solar_photovoltaic
107,85,7324.3157661615005,solar_photovoltaic
126,85,14595.873427475999,solar_photovoltaic
138,85,1405.2498899999998,solar_photovoltaic
26,86,11.235,biomass
13,86,15.682,biomass
108,86,137.081,biomass
40,86,5.952,biomass
97,86,178.173,biomass
1,86,16.294,biomass
66,86,228.795,biomass
2,86,862.4549975999998,conventional_hydroelectric
14,86,128.7025344,conventional_hydroelectric
27,86,857.6617176000001,conventional_hydroelectric
35,86,833.4544592,conventional_hydroelectric
54,86,666.0481608000001,conventional_hydroelectric
67,86,1425.5510466674878,conventional_hydroelectric
84,86,15377.7412554,conventional_hydroelectric
109,86,107.76396152340001,conventional_hydroelectric
128,86,52.32546000000001,conventional_hydroelectric
139,86,47.5340736,conventional_hydroelectric
110,86,0.0,conventional_steam_coal
41,86,0.0,conventional_steam_coal
3,86,0.0,conventional_steam_coal
36,86,0.0,conventional_steam_coal
85,86,0.0,conventional_steam_coal
28,86,74.364,geothermal
116,86,0.0,natural_gas_fired_combined_cycle
73,86,0.0,natural_gas_fired_combined_cycle
71,86,0.0,natural_gas_fired_combined_cycle
44,86,0.0,natural_gas_fired_combined_cycle
115,86,0.0,natural_gas_fired_combined_cycle
70,86,0.0,natural_gas_fired_combined_cycle
131,86,0.0,natural_gas_fired_combined_cycle
18,86,0.0,natural_gas_fired_combined_cycle
72,86,0.0,natural_gas_fired_combined_cycle
114,86,0.0,natural_gas_fired_combined_cycle
45,86,0.0,natural_gas_fired_combined_cycle
78,86,0.0,natural_gas_fired_combustion_turbine
75,86,0.0,natural_gas_fired_combustion_turbine
119,86,0.0,natural_gas_fired_combustion_turbine
117,86,0.0,natural_gas_fired_combustion_turbine
134,86,0.0,natural_gas_fired_combustion_turbine
103,86,0.0,natural_gas_fired_combustion_turbine
47,86,0.0,natural_gas_fired_combustion_turbine
8,86,0.0,natural_gas_fired_combustion_turbine
90,86,0.0,natural_gas_fired_combustion_turbine
60,86,0.0,natural_gas_fired_combustion_turbine
46,86,0.0,natural_gas_fired_combustion_turbine
37,86,0.0,natural_gas_fired_combustion_turbine
7,86,0.0,natural_gas_fired_combustion_turbine
133,86,0.0,natural_gas_fired_combustion_turbine
74,86,0.0,natural_gas_fired_combustion_turbine
20,86,0.0,natural_gas_fired_combustion_turbine
135,86,0.0,natural_gas_fired_combustion_turbine
142,86,0.0,natural_gas_fired_combustion_turbine
121,86,0.0,natural_gas_fired_combustion_turbine
91,86,0.0,natural_gas_fired_combustion_turbine
22,86,0.0,natural_gas_steam_turbine
123,86,0.0,natural_gas_steam_turbine
62,86,0.0,natural_gas_steam_turbine
49,86,0.0,natural_gas_steam_turbine
48,86,0.0,natural_gas_steam_turbine
21,86,0.0,natural_gas_steam_turbine
79,86,5386.619913750798,nuclear
10,86,316.94214000000005,onshore_wind_turbine
23,86,3259.0866,onshore_wind_turbine
31,86,3208.5514499999995,onshore_wind_turbine
38,86,1979.7354,onshore_wind_turbine
50,86,1841.0459399999997,onshore_wind_turbine
63,86,184.3964398992,onshore_wind_turbine
80,86,918.43368,onshore_wind_turbine
94,86,12998.9214,onshore_wind_turbine
105,86,290.10990052799997,onshore_wind_turbine
124,86,5931.3838563012005,onshore_wind_turbine
136,86,2529.4541400000003,onshore_wind_turbine
144,86,4923.745919999999,onshore_wind_turbine
11,86,19.125,small_hydroelectric
24,86,62.577,small_hydroelectric
32,86,192.0,small_hydroelectric
39,86,52.9,small_hydroelectric
51,86,25.641,small_hydroelectric
64,86,6.128,small_hydroelectric
81,86,241.672,small_hydroelectric
95,86,418.922,small_hydroelectric
106,86,31.614,small_hydroelectric
125,86,100.697,small_hydroelectric
137,86,36.822,small_hydroelectric
145,86,33.21,small_hydroelectric
12,86,4563.65826,solar_photovoltaic
25,86,1166.45976,solar_photovoltaic
33,86,238.04475,solar_photovoltaic
52,86,2340.43422,solar_photovoltaic
65,86,7746.542944125299,solar_photovoltaic
82,86,4163.09127,solar_photovoltaic
96,86,379.14237,solar_photovoltaic
107,86,7267.2376510095,solar_photovoltaic
126,86,14340.3995367735,solar_photovoltaic
138,86,1288.81434,solar_photovoltaic
26,87,11.235,biomass
13,87,15.682,biomass
108,87,137.081,biomass
40,87,5.952,biomass
97,87,178.173,biomass
1,87,16.294,biomass
66,87,228.795,biomass
2,87,862.4549975999998,conventional_hydroelectric
14,87,128.7025344,conventional_hydroelectric
27,87,857.6617176000001,conventional_hydroelectric
35,87,833.4544592,conventional_hydroelectric
54,87,666.0481608000001,conventional_hydroelectric
67,87,1425.5510466674878,conventional_hydroelectric
84,87,15377.7412554,conventional_hydroelectric
109,87,107.76396152340001,conventional_hydroelectric
128,87,52.32546000000001,conventional_hydroelectric
139,87,47.5340736,conventional_hydroelectric
110,87,0.0,conventional_steam_coal
41,87,0.0,conventional_steam_coal
3,87,0.0,conventional_steam_coal
36,87,0.0,conventional_steam_coal
85,87,0.0,conventional_steam_coal
28,87,74.364,geothermal
116,87,0.0,natural_gas_fired_combined_cycle
73,87,0.0,natural_gas_fired_combined_cycle
71,87,0.0,natural_gas_fired_combined_cycle
44,87,0.0,natural_gas_fired_combined_cycle
115,87,0.0,natural_gas_fired_combined_cycle
70,87,0.0,natural_gas_fired_combined_cycle
131,87,0.0,natural_gas_fired_combined_cycle
18,87,0.0,natural_gas_fired_combined_cycle
72,87,0.0,natural_gas_fired_combined_cycle
114,87,0.0,natural_gas_fired_combined_cycle
45,87,0.0,natural_gas_fired_combined_cycle
78,87,0.0,natural_gas_fired_combustion_turbine
75,87,0.0,natural_gas_fired_combustion_turbine
119,87,0.0,natural_gas_fired_combustion_turbine
117,87,0.0,natural_gas_fired_combustion_turbine
134,87,0.0,natural_gas_fired_combustion_turbine
103,87,0.0,natural_gas_fired_combustion_turbine
47,87,0.0,natural_gas_fired_combustion_turbine
8,87,0.0,natural_gas_fired_combustion_turbine
90,87,0.0,natural_gas_fired_combustion_turbine
60,87,0.0,natural_gas_fired_combustion_turbine
46,87,0.0,natural_gas_fired_combustion_turbine
37,87,0.0,natural_gas_fired_combustion_turbine
7,87,0.0,natural_gas_fired_combustion_turbine
133,87,0.0,natural_gas_fired_combustion_turbine
74,87,0.0,natural_gas_fired_combustion_turbine
20,87,0.0,natural_gas_fired_combustion_turbine
135,87,0.0,natural_gas_fired_combustion_turbine
142,87,0.0,natural_gas_fired_combustion_turbine
121,87,0.0,natural_gas_fired_combustion_turbine
91,87,0.0,natural_gas_fired_combustion_turbine
22,87,0.0,natural_gas_steam_turbine
123,87,0.0,natural_gas_steam_turbine
62,87,0.0,natural_gas_steam_turbine
49,87,0.0,natural_gas_steam_turbine
48,87,0.0,natural_gas_steam_turbine
21,87,0.0,natural_gas_steam_turbine
79,87,3535.120163750799,nuclear
10,87,347.20062,onshore_wind_turbine
23,87,3396.4458,onshore_wind_turbine
31,87,3784.10604,onshore_wind_turbine
38,87,1963.42425,onshore_wind_turbine
50,87,1689.7787999999996,onshore_wind_turbine
63,87,280.7690400168,onshore_wind_turbine
80,87,2158.6776,onshore_wind_turbine
94,87,11252.4918,onshore_wind_turbine
105,87,301.304460114,onshore_wind_turbine
124,87,5870.144311264201,onshore_wind_turbine
136,87,2719.8763200000003,onshore_wind_turbine
144,87,5319.536489999999,onshore_wind_turbine
11,87,19.125,small_hydroelectric
24,87,62.577,small_hydroelectric
32,87,192.0,small_hydroelectric
39,87,52.9,small_hydroelectric
51,87,25.641,small_hydroelectric
64,87,6.128,small_hydroelectric
81,87,241.672,small_hydroelectric
95,87,418.922,small_hydroelectric
106,87,31.614,small_hydroelectric
125,87,100.697,small_hydroelectric
137,87,36.822,small_hydroelectric
145,87,33.21,small_hydroelectric
12,87,4419.587339999999,solar_photovoltaic
25,87,1144.5205799999999,solar_photovoltaic
33,87,227.33085,solar_photovoltaic
52,87,2198.5448399999996,solar_photovoltaic
65,87,7606.1747423469,solar_photovoltaic
82,87,3694.8584699999997,solar_photovoltaic
96,87,319.00602000000003,solar_photovoltaic
107,87,7087.634639772001,solar_photovoltaic
126,87,13837.5763106175,solar_photovoltaic
138,87,1260.8306699999998,solar_photovoltaic
26,88,11.235,biomass
13,88,15.682,biomass
108,88,137.081,biomass
40,88,5.952,biomass
97,88,178.173,biomass
1,88,16.294,biomass
66,88,228.795,biomass
2,88,862.4549975999998,conventional_hydroelectric
14,88,128.7025344,conventional_hydroelectric
27,88,857.6617176000001,conventional_hydroelectric
35,88,833.4544592,conventional_hydroelectric
54,88,666.0481608000001,conventional_hydroelectric
67,88,1425.5510466674878,conventional_hydroelectric
84,88,15377.7412554,conventional_hydroelectric
109,88,107.76396152340001,conventional_hydroelectric
128,88,52.32546000000001,conventional_hydroelectric
139,88,47.5340736,conventional_hydroelectric
110,88,0.0,conventional_steam_coal
41,88,0.0,conventional_steam_coal
3,88,0.0,conventional_steam_coal
36,88,0.0,conventional_steam_coal
85,88,0.0,conventional_steam_coal
28,88,74.364,geothermal
116,88,0.0,natural_gas_fired_combined_cycle
73,88,0.0,natural_gas_fired_combined_cycle
71,88,0.0,natural_gas_fired_combined_cycle
44,88,0.0,natural_gas_fired_combined_cycle
115,88,0.0,natural_gas_fired_combined_cycle
70,88,0.0,natural_gas_fired_combined_cycle
131,88,0.0,natural_gas_fired_combined_cycle
18,88,0.0,natural_gas_fired_combined_cycle
72,88,0.0,natural_gas_fired_combined_cycle
114,88,0.0,natural_gas_fired_combined_cycle
45,88,0.0,natural_gas_fired_combined_cycle
78,88,0.0,natural_gas_fired_combustion_turbine
75,88,0.0,natural_gas_fired_combustion_turbine
119,88,0.0,natural_gas_fired_combustion_turbine
117,88,0.0,natural_gas_fired_combustion_turbine
134,88,0.0,natural_gas_fired_combustion_turbine
103,88,0.0,natural_gas_fired_combustion_turbine
47,88,0.0,natural_gas_fired_combustion_turbine
8,88,0.0,natural_gas_fired_combustion_turbine
90,88,0.0,natural_gas_fired_combustion_turbine
60,88,0.0,natural_gas_fired_combustion_turbine
46,88,0.0,natural_gas_fired_combustion_turbine
37,88,0.0,natural_gas_fired_combustion_turbine
7,88,0.0,natural_gas_fired_combustion_turbine
133,88,0.0,natural_gas_fired_combustion_turbine
74,88,0.0,natural_gas_fired_combustion_turbine
20,88,0.0,natural_gas_fired_combustion_turbine
135,88,0.0,natural_gas_fired_combustion_turbine
142,88,0.0,natural_gas_fired_combustion_turbine
121,88,0.0,natural_gas_fired_combustion_turbine
91,88,0.0,natural_gas_fired_combustion_turbine
22,88,0.0,natural_gas_steam_turbine
123,88,0.0,natural_gas_steam_turbine
62,88,0.0,natural_gas_steam_turbine
49,88,0.0,natural_gas_steam_turbine
48,88,0.0,natural_gas_steam_turbine
21,88,0.0,natural_gas_steam_turbine
79,88,5386.619913750799,nuclear
10,88,356.00028000000003,onshore_wind_turbine
23,88,3856.4393999999998,onshore_wind_turbine
31,88,3990.7153799999996,onshore_wind_turbine
38,88,1827.8226,onshore_wind_turbine
50,88,1423.24668,onshore_wind_turbine
63,88,285.6751200768,onshore_wind_turbine
80,88,1597.89936,onshore_wind_turbine
94,88,9085.2168,onshore_wind_turbine
105,88,331.514400294,onshore_wind_turbine
124,88,7340.370176653801,onshore_wind_turbine
136,88,2655.11736,onshore_wind_turbine
144,88,4628.061629999999,onshore_wind_turbine
11,88,19.125,small_hydroelectric
24,88,62.577,small_hydroelectric
32,88,192.0,small_hydroelectric
39,88,52.9,small_hydroelectric
51,88,25.641,small_hydroelectric
64,88,6.128,small_hydroelectric
81,88,241.672,small_hydroelectric
95,88,418.922,small_hydroelectric
106,88,31.614,small_hydroelectric
125,88,100.697,small_hydroelectric
137,88,36.822,small_hydroelectric
145,88,33.21,small_hydroelectric
12,88,3892.3361999999997,solar_photovoltaic
25,88,985.0211399999998,solar_photovoltaic
33,88,234.12135,solar_photovoltaic
52,88,1778.50488,solar_photovoltaic
65,88,6831.838051871399,solar_photovoltaic
82,88,3152.2101,solar_photovoltaic
96,88,264.85182,solar_photovoltaic
107,88,6363.8468678025,solar_photovoltaic
126,88,13044.6332142165,solar_photovoltaic
138,88,1145.96064,solar_photovoltaic
26,89,11.235,biomass
13,89,15.682,biomass
108,89,137.081,biomass
40,89,5.952,biomass
97,89,178.173,biomass
1,89,16.294,biomass
66,89,228.795,biomass
2,89,862.4549975999998,conventional_hydroelectric
14,89,128.7025344,conventional_hydroelectric
27,89,857.6617176000001,conventional_hydroelectric
35,89,833.4544592,conventional_hydroelectric
54,89,666.0481608000001,conventional_hydroelectric
67,89,1425.5510466674878,conventional_hydroelectric
84,89,15377.7412554,conventional_hydroelectric
109,89,107.76396152340001,conventional_hydroelectric
128,89,52.32546000000001,conventional_hydroelectric
139,89,47.5340736,conventional_hydroelectric
110,89,21.500000000000004,conventional_steam_coal
41,89,0.0,conventional_steam_coal
3,89,0.0,conventional_steam_coal
36,89,0.0,conventional_steam_coal
85,89,0.0,conventional_steam_coal
28,89,74.364,geothermal
116,89,0.0,natural_gas_fired_combined_cycle
73,89,0.0,natural_gas_fired_combined_cycle
71,89,0.0,natural_gas_fired_combined_cycle
44,89,0.0,natural_gas_fired_combined_cycle
115,89,0.0,natural_gas_fired_combined_cycle
70,89,0.0,natural_gas_fired_combined_cycle
131,89,0.0,natural_gas_fired_combined_cycle
18,89,0.0,natural_gas_fired_combined_cycle
72,89,0.0,natural_gas_fired_combined_cycle
114,89,0.0,natural_gas_fired_combined_cycle
45,89,0.0,natural_gas_fired_combined_cycle
78,89,0.0,natural_gas_fired_combustion_turbine
75,89,0.0,natural_gas_fired_combustion_turbine
119,89,0.0,natural_gas_fired_combustion_turbine
117,89,0.0,natural_gas_fired_combustion_turbine
134,89,0.0,natural_gas_fired_combustion_turbine
103,89,0.0,natural_gas_fired_combustion_turbine
47,89,0.0,natural_gas_fired_combustion_turbine
8,89,0.0,natural_gas_fired_combustion_turbine
90,89,0.0,natural_gas_fired_combustion_turbine
60,89,0.0,natural_gas_fired_combustion_turbine
46,89,0.0,natural_gas_fired_combustion_turbine
37,89,0.0,natural_gas_fired_combustion_turbine
7,89,0.0,natural_gas_fired_combustion_turbine
133,89,0.0,natural_gas_fired_combustion_turbine
74,89,0.0,natural_gas_fired_combustion_turbine
20,89,0.0,natural_gas_fired_combustion_turbine
135,89,0.0,natural_gas_fired_combustion_turbine
142,89,0.0,natural_gas_fired_combustion_turbine
121,89,0.0,natural_gas_fired_combustion_turbine
91,89,0.0,natural_gas_fired_combustion_turbine
22,89,0.0,natural_gas_steam_turbine
123,89,0.0,natural_gas_steam_turbine
62,89,0.0,natural_gas_steam_turbine
49,89,0.0,natural_gas_steam_turbine
48,89,0.0,natural_gas_steam_turbine
21,89,0.0,natural_gas_steam_turbine
79,89,7238.119663750799,nuclear
10,89,428.4045000000001,onshore_wind_turbine
23,89,2980.3752,onshore_wind_turbine
31,89,3545.9455199999998,onshore_wind_turbine
38,89,2051.55315,onshore_wind_turbine
50,89,1073.9676599999998,onshore_wind_turbine
63,89,281.5372801176,onshore_wind_turbine
80,89,1626.5755199999999,onshore_wind_turbine
94,89,11876.667,onshore_wind_turbine
105,89,287.19762063300004,onshore_wind_turbine
124,89,7336.835373007801,onshore_wind_turbine
136,89,2271.18924,onshore_wind_turbine
144,89,4035.7661399999993,onshore_wind_turbine
11,89,19.125,small_hydroelectric
24,89,62.577,small_hydroelectric
32,89,192.0,small_hydroelectric
39,89,52.9,small_hydroelectric
51,89,25.641,small_hydroelectric
64,89,6.128,small_hydroelectric
81,89,241.672,small_hydroelectric
95,89,418.922,small_hydroelectric
106,89,31.614,small_hydroelectric
125,89,100.697,small_hydroelectric
137,89,36.822,small_hydroelectric
145,89,33.21,small_hydroelectric
12,89,2929.8455999999996,solar_photovoltaic
25,89,636.39636,solar_photovoltaic
33,89,164.7828,solar_photovoltaic
52,89,1054.83942,solar_photovoltaic
65,89,5229.700768529099,solar_photovoltaic
82,89,2229.95871,solar_photovoltaic
96,89,193.3179,solar_photovoltaic
107,89,4906.911842802,solar_photovoltaic
126,89,10263.7116654375,solar_photovoltaic
138,89,875.51706,solar_photovoltaic
26,90,11.235,biomass
13,90,15.682,biomass
108,90,137.081,biomass
40,90,5.952,biomass
97,90,178.173,biomass
1,90,16.294,biomass
66,90,228.795,biomass
2,90,862.4549975999998,conventional_hydroelectric
14,90,128.7025344,conventional_hydroelectric
27,90,857.6617176000001,conventional_hydroelectric
35,90,833.4544592,conventional_hydroelectric
54,90,666.0481608000001,conventional_hydroelectric
67,90,1425.5510466674878,conventional_hydroelectric
84,90,15377.7412554,conventional_hydroelectric
109,90,107.76396152340001,conventional_hydroelectric
128,90,52.32546000000001,conventional_hydroelectric
139,90,47.5340736,conventional_hydroelectric
110,90,50.0,conventional_steam_coal
41,90,7219.002,conventional_steam_coal
3,90,5773.318572095241,conventional_steam_coal
36,90,0.0,conventional_steam_coal
85,90,0.0,conventional_steam_coal
28,90,74.364,geothermal
116,90,0.0,natural_gas_fired_combined_cycle
73,90,0.0,natural_gas_fired_combined_cycle
71,90,0.0,natural_gas_fired_combined_cycle
44,90,0.0,natural_gas_fired_combined_cycle
115,90,0.0,natural_gas_fired_combined_cycle
70,90,0.0,natural_gas_fired_combined_cycle
131,90,0.0,natural_gas_fired_combined_cycle
18,90,0.0,natural_gas_fired_combined_cycle
72,90,0.0,natural_gas_fired_combined_cycle
114,90,0.0,natural_gas_fired_combined_cycle
45,90,0.0,natural_gas_fired_combined_cycle
78,90,0.0,natural_gas_fired_combustion_turbine
75,90,0.0,natural_gas_fired_combustion_turbine
119,90,0.0,natural_gas_fired_combustion_turbine
117,90,0.0,natural_gas_fired_combustion_turbine
134,90,0.0,natural_gas_fired_combustion_turbine
103,90,0.0,natural_gas_fired_combustion_turbine
47,90,0.0,natural_gas_fired_combustion_turbine
8,90,0.0,natural_gas_fired_combustion_turbine
90,90,0.0,natural_gas_fired_combustion_turbine
60,90,0.0,natural_gas_fired_combustion_turbine
46,90,0.0,natural_gas_fired_combustion_turbine
37,90,0.0,natural_gas_fired_combustion_turbine
7,90,0.0,natural_gas_fired_combustion_turbine
133,90,0.0,natural_gas_fired_combustion_turbine
74,90,0.0,natural_gas_fired_combustion_turbine
20,90,0.0,natural_gas_fired_combustion_turbine
135,90,0.0,natural_gas_fired_combustion_turbine
142,90,0.0,natural_gas_fired_combustion_turbine
121,90,0.0,natural_gas_fired_combustion_turbine
91,90,0.0,natural_gas_fired_combustion_turbine
22,90,0.0,natural_gas_steam_turbine
123,90,0.0,natural_gas_steam_turbine
62,90,0.0,natural_gas_steam_turbine
49,90,0.0,natural_gas_steam_turbine
48,90,0.0,natural_gas_steam_turbine
21,90,0.0,natural_gas_steam_turbine
79,90,7405.999,nuclear
10,90,399.07230000000004,onshore_wind_turbine
23,90,3101.7624,onshore_wind_turbine
31,90,3744.9215099999997,onshore_wind_turbine
38,90,2090.01825,onshore_wind_turbine
50,90,516.22452,onshore_wind_turbine
63,90,277.91963998560004,onshore_wind_turbine
80,90,2066.27664,onshore_wind_turbine
94,90,7767.5136,onshore_wind_turbine
105,90,132.322559733,onshore_wind_turbine
124,90,7573.112431599,onshore_wind_turbine
136,90,2472.01911,onshore_wind_turbine
144,90,3379.513859999999,onshore_wind_turbine
11,90,19.125,small_hydroelectric
24,90,62.577,small_hydroelectric
32,90,192.0,small_hydroelectric
39,90,52.9,small_hydroelectric
51,90,25.641,small_hydroelectric
64,90,6.128,small_hydroelectric
81,90,241.672,small_hydroelectric
95,90,418.922,small_hydroelectric
106,90,31.614,small_hydroelectric
125,90,100.697,small_hydroelectric
137,90,36.822,small_hydroelectric
145,90,33.21,small_hydroelectric
12,90,1384.41258,solar_photovoltaic
25,90,38.11332,solar_photovoltaic
33,90,81.0333,solar_photovoltaic
52,90,154.03439999999998,solar_photovoltaic
65,90,2769.3050152743,solar_photovoltaic
82,90,1344.49704,solar_photovoltaic
96,90,74.93430000000001,solar_photovoltaic
107,90,2639.5215330795,solar_photovoltaic
126,90,5810.7071614424995,solar_photovoltaic
138,90,410.36193,solar_photovoltaic
26,91,11.235,biomass
13,91,15.682,biomass
108,91,137.081,biomass
40,91,5.952,biomass
97,91,178.173,biomass
1,91,16.294,biomass
66,91,228.795,biomass
2,91,862.4549975999998,conventional_hydroelectric
14,91,128.7025344,conventional_hydroelectric
27,91,857.6617176000001,conventional_hydroelectric
35,91,833.4544592,conventional_hydroelectric
54,91,666.0481608000001,conventional_hydroelectric
67,91,1425.5510466674878,conventional_hydroelectric
84,91,15377.7412554,conventional_hydroelectric
109,91,107.76396152340001,conventional_hydroelectric
128,91,52.32546000000001,conventional_hydroelectric
139,91,47.5340736,conventional_hydroelectric
110,91,50.0,conventional_steam_coal
41,91,7219.002,conventional_steam_coal
3,91,13782.38116209524,conventional_steam_coal
36,91,0.0,conventional_steam_coal
85,91,0.0,conventional_steam_coal
28,91,74.364,geothermal
116,91,0.0,natural_gas_fired_combined_cycle
73,91,0.0,natural_gas_fired_combined_cycle
71,91,0.0,natural_gas_fired_combined_cycle
44,91,0.0,natural_gas_fired_combined_cycle
115,91,0.0,natural_gas_fired_combined_cycle
70,91,0.0,natural_gas_fired_combined_cycle
131,91,0.0,natural_gas_fired_combined_cycle
18,91,0.0,natural_gas_fired_combined_cycle
72,91,0.0,natural_gas_fired_combined_cycle
114,91,0.0,natural_gas_fired_combined_cycle
45,91,0.0,natural_gas_fired_combined_cycle
78,91,0.0,natural_gas_fired_combustion_turbine
75,91,0.0,natural_gas_fired_combustion_turbine
119,91,0.0,natural_gas_fired_combustion_turbine
117,91,0.0,natural_gas_fired_combustion_turbine
134,91,0.0,natural_gas_fired_combustion_turbine
103,91,0.0,natural_gas_fired_combustion_turbine
47,91,0.0,natural_gas_fired_combustion_turbine
8,91,0.0,natural_gas_fired_combustion_turbine
90,91,0.0,natural_gas_fired_combustion_turbine
60,91,0.0,natural_gas_fired_combustion_turbine
46,91,0.0,natural_gas_fired_combustion_turbine
37,91,0.0,natural_gas_fired_combustion_turbine
7,91,0.0,natural_gas_fired_combustion_turbine
133,91,0.0,natural_gas_fired_combustion_turbine
74,91,0.0,natural_gas_fired_combustion_turbine
20,91,0.0,natural_gas_fired_combustion_turbine
135,91,0.0,natural_gas_fired_combustion_turbine
142,91,0.0,natural_gas_fired_combustion_turbine
121,91,0.0,natural_gas_fired_combustion_turbine
91,91,0.0,natural_gas_fired_combustion_turbine
22,91,0.0,natural_gas_steam_turbine
123,91,0.0,natural_gas_steam_turbine
62,91,0.0,natural_gas_steam_turbine
49,91,0.0,natural_gas_steam_turbine
48,91,0.0,natural_gas_steam_turbine
21,91,0.0,natural_gas_steam_turbine
79,91,7405.999,nuclear
10,91,384.94653000000005,onshore_wind_turbine
23,91,4547.2284,onshore_wind_turbine
31,91,3466.04979,onshore_wind_turbine
38,91,2112.1722,onshore_wind_turbine
50,91,366.40907999999996,onshore_wind_turbine
63,91,267.1121999448,onshore_wind_turbine
80,91,1057.4334,onshore_wind_turbine
94,91,2583.3918,onshore_wind_turbine
105,91,494.923200345,onshore_wind_turbine
124,91,6963.086729821201,onshore_wind_turbine
136,91,1980.9303300000001,onshore_wind_turbine
144,91,3041.1917099999996,onshore_wind_turbine
11,91,19.125,small_hydroelectric
24,91,62.577,small_hydroelectric
32,91,192.0,small_hydroelectric
39,91,52.9,small_hydroelectric
51,91,25.641,small_hydroelectric
64,91,6.128,small_hydroelectric
81,91,241.672,small_hydroelectric
95,91,418.922,small_hydroelectric
106,91,31.614,small_hydroelectric
125,91,100.697,small_hydroelectric
137,91,36.822,small_hydroelectric
145,91,33.21,small_hydroelectric
12,91,0.0,solar_photovoltaic
25,91,0.0,solar_photovoltaic
33,91,0.0,solar_photovoltaic
52,91,0.0,solar_photovoltaic
65,91,0.0,solar_photovoltaic
82,91,0.0,solar_photovoltaic
96,91,0.06297000000000001,solar_photovoltaic
107,91,0.0,solar_photovoltaic
126,91,0.0,solar_photovoltaic
138,91,0.0,solar_photovoltaic
26,92,11.235,biomass
13,92,15.682,biomass
108,92,137.081,biomass
40,92,5.952,biomass
97,92,178.173,biomass
1,92,16.294,biomass
66,92,228.795,biomass
2,92,862.4549975999998,conventional_hydroelectric
14,92,128.7025344,conventional_hydroelectric
27,92,857.6617176000001,conventional_hydroelectric
35,92,833.4544592,conventional_hydroelectric
54,92,666.0481608000001,conventional_hydroelectric
67,92,1425.5510466674878,conventional_hydroelectric
84,92,15377.7412554,conventional_hydroelectric
109,92,107.76396152340001,conventional_hydroelectric
128,92,52.32546000000001,conventional_hydroelectric
139,92,47.5340736,conventional_hydroelectric
110,92,50.0,conventional_steam_coal
41,92,7219.002,conventional_steam_coal
3,92,14050.987,conventional_steam_coal
36,92,0.0,conventional_steam_coal
85,92,0.0,conventional_steam_coal
28,92,74.364,geothermal
116,92,0.0,natural_gas_fired_combined_cycle
73,92,0.0,natural_gas_fired_combined_cycle
71,92,0.0,natural_gas_fired_combined_cycle
44,92,0.0,natural_gas_fired_combined_cycle
115,92,0.0,natural_gas_fired_combined_cycle
70,92,0.0,natural_gas_fired_combined_cycle
131,92,0.0,natural_gas_fired_combined_cycle
18,92,0.0,natural_gas_fired_combined_cycle
72,92,0.0,natural_gas_fired_combined_cycle
114,92,0.0,natural_gas_fired_combined_cycle
45,92,0.0,natural_gas_fired_combined_cycle
78,92,0.0,natural_gas_fired_combustion_turbine
75,92,0.0,natural_gas_fired_combustion_turbine
119,92,0.0,natural_gas_fired_combustion_turbine
117,92,0.0,natural_gas_fired_combustion_turbine
134,92,0.0,natural_gas_fired_combustion_turbine
103,92,0.0,natural_gas_fired_combustion_turbine
47,92,0.0,natural_gas_fired_combustion_turbine
8,92,0.0,natural_gas_fired_combustion_turbine
90,92,0.0,natural_gas_fired_combustion_turbine
60,92,0.0,natural_gas_fired_combustion_turbine
46,92,0.0,natural_gas_fired_combustion_turbine
37,92,0.0,natural_gas_fired_combustion_turbine
7,92,0.0,natural_gas_fired_combustion_turbine
133,92,0.0,natural_gas_fired_combustion_turbine
74,92,0.0,natural_gas_fired_combustion_turbine
20,92,0.0,natural_gas_fired_combustion_turbine
135,92,0.0,natural_gas_fired_combustion_turbine
142,92,0.0,natural_gas_fired_combustion_turbine
121,92,0.0,natural_gas_fired_combustion_turbine
91,92,0.0,natural_gas_fired_combustion_turbine
22,92,0.0,natural_gas_steam_turbine
123,92,0.0,natural_gas_steam_turbine
62,92,0.0,natural_gas_steam_turbine
49,92,0.0,natural_gas_steam_turbine
48,92,0.0,natural_gas_steam_turbine
21,92,0.0,natural_gas_steam_turbine
79,92,7405.999,nuclear
10,92,350.21103000000005,onshore_wind_turbine
23,92,5091.8736,onshore_wind_turbine
31,92,3635.0012699999997,onshore_wind_turbine
38,92,2069.5684499999998,onshore_wind_turbine
50,92,494.7393599999999,onshore_wind_turbine
63,92,240.496440024,onshore_wind_turbine
80,92,888.5626799999999,onshore_wind_turbine
94,92,1335.0414,onshore_wind_turbine
105,92,696.723239457,onshore_wind_turbine
124,92,7224.098789661601,onshore_wind_turbine
136,92,1831.7534400000002,onshore_wind_turbine
144,92,3057.8760899999997,onshore_wind_turbine
11,92,19.125,small_hydroelectric
24,92,62.577,small_hydroelectric
32,92,192.0,small_hydroelectric
39,92,52.9,small_hydroelectric
51,92,25.641,small_hydroelectric
64,92,6.128,small_hydroelectric
81,92,241.672,small_hydroelectric
95,92,418.922,small_hydroelectric
106,92,31.614,small_hydroelectric
125,92,100.697,small_hydroelectric
137,92,36.822,small_hydroelectric
145,92,33.21,small_hydroelectric
12,92,0.0,solar_photovoltaic
25,92,0.0,solar_photovoltaic
33,92,0.0,solar_photovoltaic
52,92,0.0,solar_photovoltaic
65,92,0.0,solar_photovoltaic
82,92,0.0,solar_photovoltaic
96,92,0.0,solar_photovoltaic
107,92,0.0,solar_photovoltaic
126,92,0.0,solar_photovoltaic
138,92,0.0,solar_photovoltaic
26,93,11.235,biomass
13,93,15.682,biomass
108,93,137.081,biomass
40,93,5.952,biomass
97,93,178.173,biomass
1,93,16.294,biomass
66,93,228.795,biomass
2,93,862.4549975999998,conventional_hydroelectric
14,93,128.7025344,conventional_hydroelectric
27,93,857.6617176000001,conventional_hydroelectric
35,93,833.4544592,conventional_hydroelectric
54,93,666.0481608000001,conventional_hydroelectric
67,93,1425.5510466674878,conventional_hydroelectric
84,93,15377.7412554,conventional_hydroelectric
109,93,107.76396152340001,conventional_hydroelectric
128,93,52.32546000000001,conventional_hydroelectric
139,93,47.5340736,conventional_hydroelectric
110,93,50.0,conventional_steam_coal
41,93,7219.002,conventional_steam_coal
3,93,9811.3468601997,conventional_steam_coal
36,93,0.0,conventional_steam_coal
85,93,0.0,conventional_steam_coal
28,93,74.364,geothermal
116,93,0.0,natural_gas_fired_combined_cycle
73,93,0.0,natural_gas_fired_combined_cycle
71,93,0.0,natural_gas_fired_combined_cycle
44,93,0.0,natural_gas_fired_combined_cycle
115,93,0.0,natural_gas_fired_combined_cycle
70,93,0.0,natural_gas_fired_combined_cycle
131,93,0.0,natural_gas_fired_combined_cycle
18,93,0.0,natural_gas_fired_combined_cycle
72,93,0.0,natural_gas_fired_combined_cycle
114,93,0.0,natural_gas_fired_combined_cycle
45,93,0.0,natural_gas_fired_combined_cycle
78,93,0.0,natural_gas_fired_combustion_turbine
75,93,0.0,natural_gas_fired_combustion_turbine
119,93,0.0,natural_gas_fired_combustion_turbine
117,93,0.0,natural_gas_fired_combustion_turbine
134,93,0.0,natural_gas_fired_combustion_turbine
103,93,0.0,natural_gas_fired_combustion_turbine
47,93,0.0,natural_gas_fired_combustion_turbine
8,93,0.0,natural_gas_fired_combustion_turbine
90,93,0.0,natural_gas_fired_combustion_turbine
60,93,0.0,natural_gas_fired_combustion_turbine
46,93,0.0,natural_gas_fired_combustion_turbine
37,93,0.0,natural_gas_fired_combustion_turbine
7,93,0.0,natural_gas_fired_combustion_turbine
133,93,0.0,natural_gas_fired_combustion_turbine
74,93,0.0,natural_gas_fired_combustion_turbine
20,93,0.0,natural_gas_fired_combustion_turbine
135,93,0.0,natural_gas_fired_combustion_turbine
142,93,0.0,natural_gas_fired_combustion_turbine
121,93,0.0,natural_gas_fired_combustion_turbine
91,93,0.0,natural_gas_fired_combustion_turbine
22,93,0.0,natural_gas_steam_turbine
123,93,0.0,natural_gas_steam_turbine
62,93,0.0,natural_gas_steam_turbine
49,93,0.0,natural_gas_steam_turbine
48,93,0.0,natural_gas_steam_turbine
21,93,0.0,natural_gas_steam_turbine
79,93,7405.999,nuclear
10,93,369.4313400000001,onshore_wind_turbine
23,93,5672.455800000001,onshore_wind_turbine
31,93,3794.7927299999997,onshore_wind_turbine
38,93,2056.9090499999998,onshore_wind_turbine
50,93,1265.30172,onshore_wind_turbine
63,93,207.05375993280003,onshore_wind_turbine
80,93,853.5140399999999,onshore_wind_turbine
94,93,748.695,onshore_wind_turbine
105,93,795.7712993580001,onshore_wind_turbine
124,93,7350.605963718601,onshore_wind_turbine
136,93,1625.9124600000002,onshore_wind_turbine
144,93,2957.7698099999993,onshore_wind_turbine
11,93,19.125,small_hydroelectric
24,93,62.577,small_hydroelectric
32,93,192.0,small_hydroelectric
39,93,52.9,small_hydroelectric
51,93,25.641,small_hydroelectric
64,93,6.128,small_hydroelectric
81,93,241.672,small_hydroelectric
95,93,418.922,small_hydroelectric
106,93,31.614,small_hydroelectric
125,93,100.697,small_hydroelectric
137,93,36.822,small_hydroelectric
145,93,33.21,small_hydroelectric
12,93,0.0,solar_photovoltaic
25,93,0.0,solar_photovoltaic
33,93,0.0,solar_photovoltaic
52,93,0.0,solar_photovoltaic
65,93,0.0,solar_photovoltaic
82,93,0.0,solar_photovoltaic
96,93,0.0,solar_photovoltaic
107,93,0.0,solar_photovoltaic
126,93,0.0,solar_photovoltaic
138,93,0.0,solar_photovoltaic
26,94,11.235,biomass
13,94,15.682,biomass
108,94,137.081,biomass
40,94,5.952,biomass
97,94,178.173,biomass
1,94,16.294,biomass
66,94,228.795,biomass
2,94,862.4549975999998,conventional_hydroelectric
14,94,128.7025344,conventional_hydroelectric
27,94,857.6617176000001,conventional_hydroelectric
35,94,833.4544592,conventional_hydroelectric
54,94,666.0481608000001,conventional_hydroelectric
67,94,1425.5510466674878,conventional_hydroelectric
84,94,15377.7412554,conventional_hydroelectric
109,94,107.76396152340001,conventional_hydroelectric
128,94,52.32546000000001,conventional_hydroelectric
139,94,47.5340736,conventional_hydroelectric
110,94,50.0,conventional_steam_coal
41,94,7219.002,conventional_steam_coal
3,94,10072.476835886018,conventional_steam_coal
36,94,0.0,conventional_steam_coal
85,94,0.0,conventional_steam_coal
28,94,74.364,geothermal
116,94,0.0,natural_gas_fired_combined_cycle
73,94,0.0,natural_gas_fired_combined_cycle
71,94,0.0,natural_gas_fired_combined_cycle
44,94,0.0,natural_gas_fired_combined_cycle
115,94,0.0,natural_gas_fired_combined_cycle
70,94,0.0,natural_gas_fired_combined_cycle
131,94,0.0,natural_gas_fired_combined_cycle
18,94,0.0,natural_gas_fired_combined_cycle
72,94,0.0,natural_gas_fired_combined_cycle
114,94,0.0,natural_gas_fired_combined_cycle
45,94,0.0,natural_gas_fired_combined_cycle
78,94,0.0,natural_gas_fired_combustion_turbine
75,94,0.0,natural_gas_fired_combustion_turbine
119,94,0.0,natural_gas_fired_combustion_turbine
117,94,0.0,natural_gas_fired_combustion_turbine
134,94,0.0,natural_gas_fired_combustion_turbine
103,94,0.0,natural_gas_fired_combustion_turbine
47,94,0.0,natural_gas_fired_combustion_turbine
8,94,0.0,natural_gas_fired_combustion_turbine
90,94,0.0,natural_gas_fired_combustion_turbine
60,94,0.0,natural_gas_fired_combustion_turbine
46,94,0.0,natural_gas_fired_combustion_turbine
37,94,0.0,natural_gas_fired_combustion_turbine
7,94,0.0,natural_gas_fired_combustion_turbine
133,94,0.0,natural_gas_fired_combustion_turbine
74,94,0.0,natural_gas_fired_combustion_turbine
20,94,0.0,natural_gas_fired_combustion_turbine
135,94,0.0,natural_gas_fired_combustion_turbine
142,94,0.0,natural_gas_fired_combustion_turbine
121,94,0.0,natural_gas_fired_combustion_turbine
91,94,0.0,natural_gas_fired_combustion_turbine
22,94,0.0,natural_gas_steam_turbine
123,94,0.0,natural_gas_steam_turbine
62,94,0.0,natural_gas_steam_turbine
49,94,0.0,natural_gas_steam_turbine
48,94,0.0,natural_gas_steam_turbine
21,94,0.0,natural_gas_steam_turbine
79,94,7405.999,nuclear
10,94,300.57786000000004,onshore_wind_turbine
23,94,5131.803599999999,onshore_wind_turbine
31,94,3603.95898,onshore_wind_turbine
38,94,2110.7115,onshore_wind_turbine
50,94,1365.4690199999998,onshore_wind_turbine
63,94,172.7139600528,onshore_wind_turbine
80,94,1018.80024,onshore_wind_turbine
94,94,534.3318,onshore_wind_turbine
105,94,826.005300183,onshore_wind_turbine
124,94,7540.490405296201,onshore_wind_turbine
136,94,1833.2953200000002,onshore_wind_turbine
144,94,2711.2117499999995,onshore_wind_turbine
11,94,19.125,small_hydroelectric
24,94,62.577,small_hydroelectric
32,94,192.0,small_hydroelectric
39,94,52.9,small_hydroelectric
51,94,25.641,small_hydroelectric
64,94,6.128,small_hydroelectric
81,94,241.672,small_hydroelectric
95,94,418.922,small_hydroelectric
106,94,31.614,small_hydroelectric
125,94,100.697,small_hydroelectric
137,94,36.822,small_hydroelectric
145,94,33.21,small_hydroelectric
12,94,0.0,solar_photovoltaic
25,94,0.0,solar_photovoltaic
33,94,0.0,solar_photovoltaic
52,94,0.0,solar_photovoltaic
65,94,0.0,solar_photovoltaic
82,94,0.0,solar_photovoltaic
96,94,0.0,solar_photovoltaic
107,94,0.0,solar_photovoltaic
126,94,0.0,solar_photovoltaic
138,94,0.0,solar_photovoltaic
26,95,11.235,biomass
13,95,15.682,biomass
108,95,137.081,biomass
40,95,5.952,biomass
97,95,178.173,biomass
1,95,16.294,biomass
66,95,228.795,biomass
2,95,862.4549975999998,conventional_hydroelectric
14,95,128.7025344,conventional_hydroelectric
27,95,857.6617176000001,conventional_hydroelectric
35,95,833.4544592,conventional_hydroelectric
54,95,666.0481608000001,conventional_hydroelectric
67,95,1425.5510466674878,conventional_hydroelectric
84,95,15377.7412554,conventional_hydroelectric
109,95,107.76396152340001,conventional_hydroelectric
128,95,52.32546000000001,conventional_hydroelectric
139,95,47.5340736,conventional_hydroelectric
110,95,50.0,conventional_steam_coal
41,95,7219.002,conventional_steam_coal
3,95,14050.987,conventional_steam_coal
36,95,0.0,conventional_steam_coal
85,95,0.0,conventional_steam_coal
28,95,74.364,geothermal
116,95,0.0,natural_gas_fired_combined_cycle
73,95,0.0,natural_gas_fired_combined_cycle
71,95,0.0,natural_gas_fired_combined_cycle
44,95,0.0,natural_gas_fired_combined_cycle
115,95,0.0,natural_gas_fired_combined_cycle
70,95,0.0,natural_gas_fired_combined_cycle
131,95,0.0,natural_gas_fired_combined_cycle
18,95,0.0,natural_gas_fired_combined_cycle
72,95,0.0,natural_gas_fired_combined_cycle
114,95,0.0,natural_gas_fired_combined_cycle
45,95,0.0,natural_gas_fired_combined_cycle
78,95,0.0,natural_gas_fired_combustion_turbine
75,95,0.0,natural_gas_fired_combustion_turbine
119,95,0.0,natural_gas_fired_combustion_turbine
117,95,0.0,natural_gas_fired_combustion_turbine
134,95,0.0,natural_gas_fired_combustion_turbine
103,95,0.0,natural_gas_fired_combustion_turbine
47,95,0.0,natural_gas_fired_combustion_turbine
8,95,0.0,natural_gas_fired_combustion_turbine
90,95,0.0,natural_gas_fired_combustion_turbine
60,95,0.0,natural_gas_fired_combustion_turbine
46,95,0.0,natural_gas_fired_combustion_turbine
37,95,0.0,natural_gas_fired_combustion_turbine
7,95,0.0,natural_gas_fired_combustion_turbine
133,95,0.0,natural_gas_fired_combustion_turbine
74,95,0.0,natural_gas_fired_combustion_turbine
20,95,0.0,natural_gas_fired_combustion_turbine
135,95,0.0,natural_gas_fired_combustion_turbine
142,95,0.0,natural_gas_fired_combustion_turbine
121,95,0.0,natural_gas_fired_combustion_turbine
91,95,0.0,natural_gas_fired_combustion_turbine
22,95,0.0,natural_gas_steam_turbine
123,95,0.0,natural_gas_steam_turbine
62,95,0.0,natural_gas_steam_turbine
49,95,0.0,natural_gas_steam_turbine
48,95,0.0,natural_gas_steam_turbine
21,95,0.0,natural_gas_steam_turbine
79,95,7405.999,nuclear
10,95,279.50499,onshore_wind_turbine
23,95,4879.446,onshore_wind_turbine
31,95,1954.1375999999998,onshore_wind_turbine
38,95,1348.4695499999998,onshore_wind_turbine
50,95,1510.6390199999998,onshore_wind_turbine
63,95,202.9657201152,onshore_wind_turbine
80,95,799.74624,onshore_wind_turbine
94,95,507.5364,onshore_wind_turbine
105,95,797.755739634,onshore_wind_turbine
124,95,8133.360540320401,onshore_wind_turbine
136,95,1773.9329400000001,onshore_wind_turbine
144,95,3217.3046099999997,onshore_wind_turbine
11,95,19.125,small_hydroelectric
24,95,62.577,small_hydroelectric
32,95,192.0,small_hydroelectric
39,95,52.9,small_hydroelectric
51,95,25.641,small_hydroelectric
64,95,6.128,small_hydroelectric
81,95,241.672,small_hydroelectric
95,95,418.922,small_hydroelectric
106,95,31.614,small_hydroelectric
125,95,100.697,small_hydroelectric
137,95,36.822,small_hydroelectric
145,95,33.21,small_hydroelectric
12,95,0.0,solar_photovoltaic
25,95,0.0,solar_photovoltaic
33,95,0.0,solar_photovoltaic
52,95,0.0,solar_photovoltaic
65,95,0.0,solar_photovoltaic
82,95,0.0,solar_photovoltaic
96,95,0.0,solar_photovoltaic
107,95,0.0,solar_photovoltaic
126,95,0.0,solar_photovoltaic
138,95,0.0,solar_photovoltaic
26,96,11.235,biomass
13,96,15.682,biomass
108,96,137.081,biomass
40,96,5.952,biomass
97,96,178.173,biomass
1,96,16.294,biomass
66,96,228.795,biomass
2,96,862.4549975999998,conventional_hydroelectric
14,96,128.7025344,conventional_hydroelectric
27,96,857.6617176000001,conventional_hydroelectric
35,96,833.4544592,conventional_hydroelectric
54,96,666.0481608000001,conventional_hydroelectric
67,96,1425.5510466674878,conventional_hydroelectric
84,96,15377.7412554,conventional_hydroelectric
109,96,107.76396152340001,conventional_hydroelectric
128,96,52.32546000000001,conventional_hydroelectric
139,96,47.5340736,conventional_hydroelectric
110,96,50.0,conventional_steam_coal
41,96,7219.002,conventional_steam_coal
3,96,12781.410163024322,conventional_steam_coal
36,96,0.0,conventional_steam_coal
85,96,0.0,conventional_steam_coal
28,96,74.364,geothermal
116,96,0.0,natural_gas_fired_combined_cycle
73,96,0.0,natural_gas_fired_combined_cycle
71,96,0.0,natural_gas_fired_combined_cycle
44,96,0.0,natural_gas_fired_combined_cycle
115,96,0.0,natural_gas_fired_combined_cycle
70,96,0.0,natural_gas_fired_combined_cycle
131,96,0.0,natural_gas_fired_combined_cycle
18,96,0.0,natural_gas_fired_combined_cycle
72,96,0.0,natural_gas_fired_combined_cycle
114,96,0.0,natural_gas_fired_combined_cycle
45,96,0.0,natural_gas_fired_combined_cycle
78,96,0.0,natural_gas_fired_combustion_turbine
75,96,0.0,natural_gas_fired_combustion_turbine
119,96,0.0,natural_gas_fired_combustion_turbine
117,96,0.0,natural_gas_fired_combustion_turbine
134,96,0.0,natural_gas_fired_combustion_turbine
103,96,0.0,natural_gas_fired_combustion_turbine
47,96,0.0,natural_gas_fired_combustion_turbine
8,96,0.0,natural_gas_fired_combustion_turbine
90,96,0.0,natural_gas_fired_combustion_turbine
60,96,0.0,natural_gas_fired_combustion_turbine
46,96,0.0,natural_gas_fired_combustion_turbine
37,96,0.0,natural_gas_fired_combustion_turbine
7,96,0.0,natural_gas_fired_combustion_turbine
133,96,0.0,natural_gas_fired_combustion_turbine
74,96,0.0,natural_gas_fired_combustion_turbine
20,96,0.0,natural_gas_fired_combustion_turbine
135,96,0.0,natural_gas_fired_combustion_turbine
142,96,0.0,natural_gas_fired_combustion_turbine
121,96,0.0,natural_gas_fired_combustion_turbine
91,96,0.0,natural_gas_fired_combustion_turbine
22,96,0.0,natural_gas_steam_turbine
123,96,0.0,natural_gas_steam_turbine
62,96,0.0,natural_gas_steam_turbine
49,96,0.0,natural_gas_steam_turbine
48,96,0.0,natural_gas_steam_turbine
21,96,0.0,natural_gas_steam_turbine
79,96,7405.999,nuclear
10,96,369.66291,onshore_wind_turbine
23,96,5326.662,onshore_wind_turbine
31,96,872.2374599999999,onshore_wind_turbine
38,96,1144.94535,onshore_wind_turbine
50,96,1845.69138,onshore_wind_turbine
63,96,247.84379988,onshore_wind_turbine
80,96,468.3772799999999,onshore_wind_turbine
94,96,584.7702,onshore_wind_turbine
105,96,772.93241928,onshore_wind_turbine
124,96,8526.809791024802,onshore_wind_turbine
136,96,1607.0244300000002,onshore_wind_turbine
144,96,5796.895139999999,onshore_wind_turbine
11,96,19.125,small_hydroelectric
24,96,62.577,small_hydroelectric
32,96,192.0,small_hydroelectric
39,96,52.9,small_hydroelectric
51,96,25.641,small_hydroelectric
64,96,6.128,small_hydroelectric
81,96,241.672,small_hydroelectric
95,96,418.922,small_hydroelectric
106,96,31.614,small_hydroelectric
125,96,100.697,small_hydroelectric
137,96,36.822,small_hydroelectric
145,96,33.21,small_hydroelectric
12,96,0.0,solar_photovoltaic
25,96,0.0,solar_photovoltaic
33,96,0.0,solar_photovoltaic
52,96,0.0,solar_photovoltaic
65,96,0.0,solar_photovoltaic
82,96,0.0,solar_photovoltaic
96,96,0.0,solar_photovoltaic
107,96,0.0,solar_photovoltaic
126,96,0.0,solar_photovoltaic
138,96,0.0,solar_photovoltaic
